-1 0 0.551910141611
-1 0.209439510239 0.55191014161
-1 0.418879020479 0.55191014161
-1 0.628318530718 0.55191014161
-1 0.837758040957 0.551910141611
-1 1.0471975512 0.551910141613
-1 1.25663706144 0.551910141613
-1 1.46607657168 0.551910141612
-1 1.67551608191 0.551910141611
-1 1.88495559215 0.55191014161
-1 2.09439510239 0.55191014161
-1 2.30383461263 0.551910141611
-1 2.51327412287 0.551910141612
-1 2.72271363311 0.551910141613
-1 2.93215314335 0.551910141612
-1 3.14159265359 0.551910141611
-1 3.35103216383 0.55191014161
-1 3.56047167407 0.55191014161
-1 3.76991118431 0.55191014161
-1 3.97935069455 0.551910141611
-1 4.18879020479 0.551910141613
-1 4.39822971503 0.551910141613
-1 4.60766922527 0.551910141612
-1 4.8171087355 0.551910141611
-1 5.02654824574 0.55191014161
-1 5.23598775598 0.55191014161
-1 5.44542726622 0.551910141611
-1 5.65486677646 0.551910141612
-1 5.8643062867 0.551910141613
-1 6.07374579694 0.551910141612

-0.933333333333 0 0.341137423651
-0.933333333333 0.209439510239 0.0530113711782
-0.933333333333 0.418879020479 0.0764485747321
-0.933333333333 0.628318530718 0.126423830814
-0.933333333333 0.837758040957 0.111766459166
-0.933333333333 1.0471975512 0.0596875939293
-0.933333333333 1.25663706144 0.073142272444
-0.933333333333 1.46607657168 0.244243387017
-0.933333333333 1.67551608191 0.452310836939
-0.933333333333 1.88495559215 0.393516583669
-0.933333333333 2.09439510239 0.127016194363
-0.933333333333 2.30383461263 0.144887818542
-0.933333333333 2.51327412287 0.310513202537
-0.933333333333 2.72271363311 0.40161608919
-0.933333333333 2.93215314335 2.06419946497
-0.933333333333 3.14159265359 6.20260930396
-0.933333333333 3.35103216383 10.165836705
-0.933333333333 3.56047167407 11.3885280523
-0.933333333333 3.76991118431 10.2574137827
-0.933333333333 3.97935069455 8.33458489228
-0.933333333333 4.18879020479 6.53273349408
-0.933333333333 4.39822971503 5.12125911497
-0.933333333333 4.60766922527 4.28716018331
-0.933333333333 4.8171087355 4.30048588293
-0.933333333333 5.02654824574 4.70062648806
-0.933333333333 5.23598775598 3.88315356604
-0.933333333333 5.44542726622 1.96322712026
-0.933333333333 5.65486677646 1.28482784968
-0.933333333333 5.8643062867 1.569384502
-0.933333333333 6.07374579694 1.09889186166

-0.866666666667 0 0.359460991209
-0.866666666667 0.209439510239 0.674762573175
-0.866666666667 0.418879020479 0.796240400858
-0.866666666667 0.628318530718 0.84275810822
-0.866666666667 0.837758040957 0.850493288839
-0.866666666667 1.0471975512 0.733430841814
-0.866666666667 1.25663706144 0.416405755889
-0.866666666667 1.46607657168 0.131374086267
-0.866666666667 1.67551608191 0.27753075453
-0.866666666667 1.88495559215 0.442281858381
-0.866666666667 2.09439510239 0.160007879838
-0.866666666667 2.30383461263 0.166009615343
-0.866666666667 2.51327412287 0.190805798642
-0.866666666667 2.72271363311 1.41186226903
-0.866666666667 2.93215314335 8.3736879887
-0.866666666667 3.14159265359 15.5522431728
-0.866666666667 3.35103216383 13.9520707593
-0.866666666667 3.56047167407 8.26979544986
-0.866666666667 3.76991118431 4.91626479107
-0.866666666667 3.97935069455 3.8667846554
-0.866666666667 4.18879020479 3.2612805571
-0.866666666667 4.39822971503 2.58190941709
-0.866666666667 4.60766922527 2.37229601763
-0.866666666667 4.8171087355 2.38026934995
-0.866666666667 5.02654824574 2.64914976445
-0.866666666667 5.23598775598 3.158597472
-0.866666666667 5.44542726622 2.06530033349
-0.866666666667 5.65486677646 1.72449708239
-0.866666666667 5.8643062867 1.67195496804
-0.866666666667 6.07374579694 0.502781632719

-0.8 0 0.764514999093
-0.8 0.209439510239 0.717351608117
-0.8 0.418879020479 0.57494715104
-0.8 0.628318530718 0.514331381171
-0.8 0.837758040957 0.577929316076
-0.8 1.0471975512 0.749319324461
-0.8 1.25663706144 0.745478080204
-0.8 1.46607657168 0.323008460938
-0.8 1.67551608191 0.168401523187
-0.8 1.88495559215 0.474971001905
-0.8 2.09439510239 0.156078063702
-0.8 2.30383461263 0.251951702404
-0.8 2.51327412287 0.405017678454
-0.8 2.72271363311 3.98781005009
-0.8 2.93215314335 14.2649252042
-0.8 3.14159265359 15.7263455961
-0.8 3.35103216383 6.83254032614
-0.8 3.56047167407 2.84034105292
-0.8 3.76991118431 3.9816711814
-0.8 3.97935069455 5.46242737447
-0.8 4.18879020479 5.59098767401
-0.8 4.39822971503 3.94963992326
-0.8 4.60766922527 2.33962686362
-0.8 4.8171087355 2.45443135089
-0.8 5.02654824574 2.01230030045
-0.8 5.23598775598 2.17478690051
-0.8 5.44542726622 1.98100090097
-0.8 5.65486677646 1.62465502669
-0.8 5.8643062867 1.42277144465
-0.8 6.07374579694 0.6233459999

-0.733333333333 0 0.722349587307
-0.733333333333 0.209439510239 0.447534625181
-0.733333333333 0.418879020479 0.253471475298
-0.733333333333 0.628318530718 0.103687709079
-0.733333333333 0.837758040957 0.104943093248
-0.733333333333 1.0471975512 0.330658506451
-0.733333333333 1.25663706144 0.651143365959
-0.733333333333 1.46607657168 0.497153053287
-0.733333333333 1.67551608191 0.103785082848
-0.733333333333 1.88495559215 0.482488169771
-0.733333333333 2.09439510239 0.147726627308
-0.733333333333 2.30383461263 0.390125435073
-0.733333333333 2.51327412287 0.843201328809
-0.733333333333 2.72271363311 6.85590799972
-0.733333333333 2.93215314335 16.7828977244
-0.733333333333 3.14159265359 10.8114474773
-0.733333333333 3.35103216383 2.05601615064
-0.733333333333 3.56047167407 2.67137957575
-0.733333333333 3.76991118431 4.35285591801
-0.733333333333 3.97935069455 5.0081125218
-0.733333333333 4.18879020479 5.62280655715
-0.733333333333 4.39822971503 4.97689100108
-0.733333333333 4.60766922527 2.83388069152
-0.733333333333 4.8171087355 2.73429912825
-0.733333333333 5.02654824574 2.35957278688
-0.733333333333 5.23598775598 1.80516555578
-0.733333333333 5.44542726622 2.03670062701
-0.733333333333 5.65486677646 1.38534396673
-0.733333333333 5.8643062867 1.3364641508
-0.733333333333 6.07374579694 0.85278012192

-0.666666666667 0 0.556257519078
-0.666666666667 0.209439510239 0.393485302916
-0.666666666667 0.418879020479 0.230665739857
-0.666666666667 0.628318530718 0.0484788186657
-0.666666666667 0.837758040957 0.0201197215563
-0.666666666667 1.0471975512 0.14056560911
-0.666666666667 1.25663706144 0.453943378129
-0.666666666667 1.46607657168 0.562286533838
-0.666666666667 1.67551608191 0.0922733519938
-0.666666666667 1.88495559215 0.45127287639
-0.666666666667 2.09439510239 0.144477421363
-0.666666666667 2.30383461263 0.563268291037
-0.666666666667 2.51327412287 1.3903024889
-0.666666666667 2.72271363311 9.3083006676
-0.666666666667 2.93215314335 16.5735834833
-0.666666666667 3.14159265359 5.93543625325
-0.666666666667 3.35103216383 0.914938680653
-0.666666666667 3.56047167407 2.69118577004
-0.666666666667 3.76991118431 2.38160292438
-0.666666666667 3.97935069455 2.24897146228
-0.666666666667 4.18879020479 3.43283298322
-0.666666666667 4.39822971503 4.10826265622
-0.666666666667 4.60766922527 2.7697398441
-0.666666666667 4.8171087355 2.70240055423
-0.666666666667 5.02654824574 2.62329040944
-0.666666666667 5.23598775598 1.71293434154
-0.666666666667 5.44542726622 2.16817650396
-0.666666666667 5.65486677646 1.20421210546
-0.666666666667 5.8643062867 1.3572530458
-0.666666666667 6.07374579694 0.925908483852

-0.6 0 0.470908611712
-0.6 0.209439510239 0.542652303701
-0.6 0.418879020479 0.307766152556
-0.6 0.628318530718 0.10921491741
-0.6 0.837758040957 0.104339411518
-0.6 1.0471975512 0.180532664472
-0.6 1.25663706144 0.365908461382
-0.6 1.46607657168 0.563289798338
-0.6 1.67551608191 0.116276309821
-0.6 1.88495559215 0.395626208105
-0.6 2.09439510239 0.148917793189
-0.6 2.30383461263 0.752921571249
-0.6 2.51327412287 1.96118623264
-0.6 2.72271363311 11.122623171
-0.6 2.93215314335 14.9772912583
-0.6 3.14159265359 2.73047713236
-0.6 3.35103216383 1.12739824606
-0.6 3.56047167407 1.83655794473
-0.6 3.76991118431 0.665025172564
-0.6 3.97935069455 1.10959380022
-0.6 4.18879020479 2.96699582761
-0.6 4.39822971503 3.89133147142
-0.6 4.60766922527 2.71909714664
-0.6 4.8171087355 2.70047734532
-0.6 5.02654824574 2.71657513752
-0.6 5.23598775598 1.64250981681
-0.6 5.44542726622 2.2803269546
-0.6 5.65486677646 1.10320120442
-0.6 5.8643062867 1.38470284901
-0.6 6.07374579694 0.907756590334

-0.533333333333 0 0.492080350183
-0.533333333333 0.209439510239 0.701906096149
-0.533333333333 0.418879020479 0.316852487801
-0.533333333333 0.628318530718 0.134396938148
-0.533333333333 0.837758040957 0.146977540258
-0.533333333333 1.0471975512 0.250663157545
-0.533333333333 1.25663706144 0.376776097686
-0.533333333333 1.46607657168 0.552054400904
-0.533333333333 1.67551608191 0.154532086994
-0.533333333333 1.88495559215 0.333761157294
-0.533333333333 2.09439510239 0.160763057126
-0.533333333333 2.30383461263 0.94316881038
-0.533333333333 2.51327412287 2.50064802002
-0.533333333333 2.72271363311 12.329824331
-0.533333333333 2.93215314335 12.9743065872
-0.533333333333 3.14159265359 1.04234631377
-0.533333333333 3.35103216383 1.42005618029
-0.533333333333 3.56047167407 0.941870772352
-0.533333333333 3.76991118431 0.224671674112
-0.533333333333 3.97935069455 1.60452701093
-0.533333333333 4.18879020479 4.16798814752
-0.533333333333 4.39822971503 4.95912938556
-0.533333333333 4.60766922527 3.05095081085
-0.533333333333 4.8171087355 2.85747964199
-0.533333333333 5.02654824574 2.80914321621
-0.533333333333 5.23598775598 1.54628036251
-0.533333333333 5.44542726622 2.34025745714
-0.533333333333 5.65486677646 1.05866044797
-0.533333333333 5.8643062867 1.38742065936
-0.533333333333 6.07374579694 0.868184044489

-0.466666666667 0 0.577063577051
-0.466666666667 0.209439510239 0.760626081166
-0.466666666667 0.418879020479 0.271404380429
-0.466666666667 0.628318530718 0.146501205838
-0.466666666667 0.837758040957 0.138795046028
-0.466666666667 1.0471975512 0.264237264985
-0.466666666667 1.25663706144 0.422320409789
-0.466666666667 1.46607657168 0.548145980256
-0.466666666667 1.67551608191 0.194386209767
-0.466666666667 1.88495559215 0.277232809387
-0.466666666667 2.09439510239 0.178392823911
-0.466666666667 2.30383461263 1.12180055614
-0.466666666667 2.51327412287 2.97637658843
-0.466666666667 2.72271363311 13.056311993
-0.466666666667 2.93215314335 11.0839238053
-0.466666666667 3.14159265359 0.319631206459
-0.466666666667 3.35103216383 1.51104465775
-0.466666666667 3.56047167407 0.429102596162
-0.466666666667 3.76991118431 0.478565212889
-0.466666666667 3.97935069455 2.37444890687
-0.466666666667 4.18879020479 5.50574901786
-0.466666666667 4.39822971503 6.41305614241
-0.466666666667 4.60766922527 3.59156685721
-0.466666666667 4.8171087355 3.07835437845
-0.466666666667 5.02654824574 2.97282965148
-0.466666666667 5.23598775598 1.44570174594
-0.466666666667 5.44542726622 2.35169537827
-0.466666666667 5.65486677646 1.04695531637
-0.466666666667 5.8643062867 1.37123749305
-0.466666666667 6.07374579694 0.829856720926

-0.4 0 0.677293076329
-0.4 0.209439510239 0.722822034642
-0.4 0.418879020479 0.23041586667
-0.4 0.628318530718 0.180647958924
-0.4 0.837758040957 0.128737866311
-0.4 1.0471975512 0.230761251125
-0.4 1.25663706144 0.463180058425
-0.4 1.46607657168 0.553136170304
-0.4 1.67551608191 0.230246947483
-0.4 1.88495559215 0.230685302936
-0.4 2.09439510239 0.199778012384
-0.4 2.30383461263 1.28016276438
-0.4 2.51327412287 3.37173643238
-0.4 2.72271363311 13.4425681774
-0.4 2.93215314335 9.51562807163
-0.4 3.14159265359 0.108834799718
-0.4 3.35103216383 1.45808167925
-0.4 3.56047167407 0.244193535389
-0.4 3.76991118431 0.815292061013
-0.4 3.97935069455 2.80265586502
-0.4 4.18879020479 6.2929690502
-0.4 4.39822971503 7.54484695857
-0.4 4.60766922527 4.10102500736
-0.4 4.8171087355 3.25740072756
-0.4 5.02654824574 3.19090919126
-0.4 5.23598775598 1.36277226625
-0.4 5.44542726622 2.32951535991
-0.4 5.65486677646 1.05201629365
-0.4 5.8643062867 1.34840634254
-0.4 6.07374579694 0.795905932093

-0.333333333333 0 0.761351501379
-0.333333333333 0.209439510239 0.637520574798
-0.333333333333 0.418879020479 0.217726099367
-0.333333333333 0.628318530718 0.232210707299
-0.333333333333 0.837758040957 0.139948211318
-0.333333333333 1.0471975512 0.182436864816
-0.333333333333 1.25663706144 0.487573477441
-0.333333333333 1.46607657168 0.564262118195
-0.333333333333 1.67551608191 0.259974653448
-0.333333333333 1.88495559215 0.194498839621
-0.333333333333 2.09439510239 0.223028928788
-0.333333333333 2.30383461263 1.412536105
-0.333333333333 2.51327412287 3.68002789327
-0.333333333333 2.72271363311 13.6092861671
-0.333333333333 2.93215314335 8.31748260841
-0.333333333333 3.14159265359 0.129675330268
-0.333333333333 3.35103216383 1.35270310059
-0.333333333333 3.56047167407 0.222490756145
-0.333333333333 3.76991118431 1.02920184608
-0.333333333333 3.97935069455 2.96048840768
-0.333333333333 4.18879020479 6.65223484093
-0.333333333333 4.39822971503 8.23102335078
-0.333333333333 4.60766922527 4.48462930456
-0.333333333333 4.8171087355 3.3547195894
-0.333333333333 5.02654824574 3.42211336312
-0.333333333333 5.23598775598 1.30620815286
-0.333333333333 5.44542726622 2.2885558298
-0.333333333333 5.65486677646 1.06418855807
-0.333333333333 5.8643062867 1.32672520739
-0.333333333333 6.07374579694 0.766916219271

-0.266666666667 0 0.816699989929
-0.266666666667 0.209439510239 0.546554617816
-0.266666666667 0.418879020479 0.226203200053
-0.266666666667 0.628318530718 0.280348697465
-0.266666666667 0.837758040957 0.167801914399
-0.266666666667 1.0471975512 0.140928276838
-0.266666666667 1.25663706144 0.49736163833
-0.266666666667 1.46607657168 0.578791540507
-0.266666666667 1.67551608191 0.282885284899
-0.266666666667 1.88495559215 0.167133923871
-0.266666666667 2.09439510239 0.246649816682
-0.266666666667 2.30383461263 1.51545125129
-0.266666666667 2.51327412287 3.90037355169
-0.266666666667 2.72271363311 13.6477986729
-0.266666666667 2.93215314335 7.47017195891
-0.266666666667 3.14159265359 0.231534477712
-0.266666666667 3.35103216383 1.25216419825
-0.266666666667 3.56047167407 0.252030017322
-0.266666666667 3.76991118431 1.14608232023
-0.266666666667 3.97935069455 3.06977185294
-0.266666666667 4.18879020479 6.87082621721
-0.266666666667 4.39822971503 8.61898177862
-0.266666666667 4.60766922527 4.7517855917
-0.266666666667 4.8171087355 3.38002901476
-0.266666666667 5.02654824574 3.63403143862
-0.266666666667 5.23598775598 1.27481516561
-0.266666666667 5.44542726622 2.24029511027
-0.266666666667 5.65486677646 1.07810588671
-0.266666666667 5.8643062867 1.30888688826
-0.266666666667 6.07374579694 0.744341231713

-0.2 0 0.843298251132
-0.2 0.209439510239 0.47097171939
-0.2 0.418879020479 0.241163296707
-0.2 0.628318530718 0.31100780018
-0.2 0.837758040957 0.198474896747
-0.2 1.0471975512 0.113741185258
-0.2 1.25663706144 0.498531110832
-0.2 1.46607657168 0.594295189765
-0.2 1.67551608191 0.29897578507
-0.2 1.88495559215 0.146519661289
-0.2 2.09439510239 0.269606238336
-0.2 2.30383461263 1.58710390126
-0.2 2.51327412287 4.03496587487
-0.2 2.72271363311 13.6209737676
-0.2 2.93215314335 6.93628395617
-0.2 3.14159265359 0.340491971307
-0.2 3.35103216383 1.18568278935
-0.2 3.56047167407 0.284273797113
-0.2 3.76991118431 1.23646477818
-0.2 3.97935069455 3.25363950764
-0.2 4.18879020479 7.10100515166
-0.2 4.39822971503 8.8593801101
-0.2 4.60766922527 4.93966570934
-0.2 4.8171087355 3.36100697388
-0.2 5.02654824574 3.81042685238
-0.2 5.23598775598 1.26284517763
-0.2 5.44542726622 2.19260258523
-0.2 5.65486677646 1.09104422196
-0.2 5.8643062867 1.29461054
-0.2 6.07374579694 0.729694406705

-0.133333333333 0 0.846710045368
-0.133333333333 0.209439510239 0.416323079526
-0.133333333333 0.418879020479 0.252539489742
-0.133333333333 0.628318530718 0.321197398377
-0.133333333333 0.837758040957 0.22037845205
-0.133333333333 1.0471975512 0.0997157242572
-0.133333333333 1.25663706144 0.496910920979
-0.133333333333 1.46607657168 0.608284117523
-0.133333333333 1.67551608191 0.308603830028
-0.133333333333 1.88495559215 0.130689896882
-0.133333333333 2.09439510239 0.291300568958
-0.133333333333 2.30383461263 1.62691564659
-0.133333333333 2.51327412287 4.08736078442
-0.133333333333 2.72271363311 13.567504332
-0.133333333333 2.93215314335 6.6828053926
-0.133333333333 3.14159265359 0.422342968339
-0.133333333333 3.35103216383 1.16993323335
-0.133333333333 3.56047167407 0.306107644316
-0.133333333333 3.76991118431 1.34383679735
-0.133333333333 3.97935069455 3.52686254086
-0.133333333333 4.18879020479 7.36659995589
-0.133333333333 4.39822971503 9.03256003336
-0.133333333333 4.60766922527 5.07655789047
-0.133333333333 4.8171087355 3.32405584887
-0.133333333333 5.02654824574 3.94762158958
-0.133333333333 5.23598775598 1.26362293851
-0.133333333333 5.44542726622 2.15042058251
-0.133333333333 5.65486677646 1.1018524415
-0.133333333333 5.8643062867 1.28264446426
-0.133333333333 6.07374579694 0.723691696999

-0.0666666666667 0 0.833580537311
-0.0666666666667 0.209439510239 0.380747337905
-0.0666666666667 0.418879020479 0.256336922086
-0.0666666666667 0.628318530718 0.31418578072
-0.0666666666667 0.837758040957 0.227009171819
-0.0666666666667 1.0471975512 0.0944650936285
-0.0666666666667 1.25663706144 0.496463668003
-0.0666666666667 1.46607657168 0.618129495437
-0.0666666666667 1.67551608191 0.312292089724
-0.0666666666667 1.88495559215 0.117988812615
-0.0666666666667 2.09439510239 0.311518200309
-0.0666666666667 2.30383461263 1.63523794469
-0.0666666666667 2.51327412287 4.06155307769
-0.0666666666667 2.72271363311 13.506400493
-0.0666666666667 2.93215314335 6.68970243722
-0.0666666666667 3.14159265359 0.461292382983
-0.0666666666667 3.35103216383 1.21954500841
-0.0666666666667 3.56047167407 0.319730531764
-0.0666666666667 3.76991118431 1.47997232507
-0.0666666666667 3.97935069455 3.85570369758
-0.0666666666667 4.18879020479 7.64575147483
-0.0666666666667 4.39822971503 9.16708505362
-0.0666666666667 4.60766922527 5.17600995374
-0.0666666666667 4.8171087355 3.28785104739
-0.0666666666667 5.02654824574 4.04876678219
-0.0666666666667 5.23598775598 1.27137456858
-0.0666666666667 5.44542726622 2.116567939
-0.0666666666667 5.65486677646 1.11032590529
-0.0666666666667 5.8643062867 1.27200014449
-0.0666666666667 6.07374579694 0.725994331219

6.12323399574e-17 0 0.809632248961
6.12323399574e-17 0.209439510239 0.360259609541
6.12323399574e-17 0.418879020479 0.252459007718
6.12323399574e-17 0.628318530718 0.294739467021
6.12323399574e-17 0.837758040957 0.216178368955
6.12323399574e-17 1.0471975512 0.0938424478795
6.12323399574e-17 1.25663706144 0.498422180002
6.12323399574e-17 1.46607657168 0.621316093813
6.12323399574e-17 1.67551608191 0.310588498491
6.12323399574e-17 1.88495559215 0.107079292497
6.12323399574e-17 2.09439510239 0.330374107132
6.12323399574e-17 2.30383461263 1.61317551544
6.12323399574e-17 2.51327412287 3.96164918097
6.12323399574e-17 2.72271363311 13.4405676046
6.12323399574e-17 2.93215314335 6.95148902734
6.12323399574e-17 3.14159265359 0.44981422722
6.12323399574e-17 3.35103216383 1.35199067444
6.12323399574e-17 3.56047167407 0.337233126087
6.12323399574e-17 3.76991118431 1.63972245923
6.12323399574e-17 3.97935069455 4.20564579774
6.12323399574e-17 4.18879020479 7.92236016127
6.12323399574e-17 4.39822971503 9.26802900899
6.12323399574e-17 4.60766922527 5.24209295306
6.12323399574e-17 4.8171087355 3.26366996413
6.12323399574e-17 5.02654824574 4.11924807739
6.12323399574e-17 5.23598775598 1.28192811149
6.12323399574e-17 5.44542726622 2.09240646814
6.12323399574e-17 5.65486677646 1.11689131589
6.12323399574e-17 5.8643062867 1.26252234383
6.12323399574e-17 6.07374579694 0.735215350239

0.0666666666667 0 0.779396048143
0.0666666666667 0.209439510239 0.351042299745
0.0666666666667 0.418879020479 0.24283112875
0.0666666666667 0.628318530718 0.267376623411
0.0666666666667 0.837758040957 0.18940011772
0.0666666666667 1.0471975512 0.0959820628145
0.0666666666667 1.25663706144 0.500446396531
0.0666666666667 1.46607657168 0.616099013255
0.0666666666667 1.67551608191 0.303969772261
0.0666666666667 1.88495559215 0.0968897060743
0.0666666666667 2.09439510239 0.348268812114
0.0666666666667 2.30383461263 1.5625028975
0.0666666666667 2.51327412287 3.79202305764
0.0666666666667 2.72271363311 13.3593830887
0.0666666666667 2.93215314335 7.47445065822
0.0666666666667 3.14159265359 0.387015198996
0.0666666666667 3.35103216383 1.58677858695
0.0666666666667 3.56047167407 0.386520576482
0.0666666666667 3.76991118431 1.81686584495
0.0666666666667 3.97935069455 4.5625375658
0.0666666666667 4.18879020479 8.19768565023
0.0666666666667 4.39822971503 9.33126054974
0.0666666666667 4.60766922527 5.27571467568
0.0666666666667 4.8171087355 3.25785239057
0.0666666666667 5.02654824574 4.16376109055
0.0666666666667 5.23598775598 1.29287294564
0.0666666666667 5.44542726622 2.07831816945
0.0666666666667 5.65486677646 1.12250830859
0.0666666666667 5.8643062867 1.25499649191
0.0666666666667 6.07374579694 0.748883098834

0.133333333333 0 0.746877136765
0.133333333333 0.209439510239 0.349909358942
0.133333333333 0.418879020479 0.230560316858
0.133333333333 0.628318530718 0.237258951722
0.133333333333 0.837758040957 0.153013331075
0.133333333333 1.0471975512 0.102475521947
0.133333333333 1.25663706144 0.495582017582
0.133333333333 1.46607657168 0.602814003673
0.133333333333 1.67551608191 0.292757444049
0.133333333333 1.88495559215 0.0865783033933
0.133333333333 2.09439510239 0.365842521554
0.133333333333 2.30383461263 1.48564606983
0.133333333333 2.51327412287 3.55789317446
0.133333333333 2.72271363311 13.2407993956
0.133333333333 2.93215314335 8.26938341504
0.133333333333 3.14159265359 0.285836797591
0.133333333333 3.35103216383 1.93636712811
0.133333333333 3.56047167407 0.524588846773
0.133333333333 3.76991118431 2.0193319282
0.133333333333 3.97935069455 4.93535986341
0.133333333333 4.18879020479 8.48139148242
0.133333333333 4.39822971503 9.34687221528
0.133333333333 4.60766922527 5.27950017095
0.133333333333 4.8171087355 3.27402311827
0.133333333333 5.02654824574 4.18468621828
0.133333333333 5.23598775598 1.30356478508
0.133333333333 5.44542726622 2.07400283653
0.133333333333 5.65486677646 1.12872859992
0.133333333333 5.8643062867 1.2509034326
0.133333333333 6.07374579694 0.763306185635

0.2 0 0.716508266652
0.2 0.209439510239 0.354048371863
0.2 0.418879020479 0.219430888153
0.2 0.628318530718 0.212203593549
0.2 0.837758040957 0.120465464732
0.2 1.0471975512 0.118023503618
0.2 1.25663706144 0.471727121599
0.2 1.46607657168 0.58604402209
0.2 1.67551608191 0.277002370626
0.2 1.88495559215 0.0755807250378
0.2 2.09439510239 0.383901322978
0.2 2.30383461263 1.3856993541
0.2 2.51327412287 3.26628812547
0.2 2.72271363311 13.0539829255
0.2 2.93215314335 9.33777313193
0.2 3.14159265359 0.19208851993
0.2 3.35103216383 2.38437369961
0.2 3.56047167407 0.850656724695
0.2 3.76991118431 2.28575825393
0.2 3.97935069455 5.34953640767
0.2 4.18879020479 8.77680123753
0.2 4.39822971503 9.29976483203
0.2 4.60766922527 5.26160344774
0.2 4.8171087355 3.31408800072
0.2 5.02654824574 4.18130646832
0.2 5.23598775598 1.31519790024
0.2 5.44542726622 2.0786248652
0.2 5.65486677646 1.1378681449
0.2 5.8643062867 1.25180548651
0.2 6.07374579694 0.773540451847

0.266666666667 0 0.693690057968
0.266666666667 0.209439510239 0.360986580258
0.266666666667 0.418879020479 0.212622340973
0.266666666667 0.628318530718 0.203331483196
0.266666666667 0.837758040957 0.112445291847
0.266666666667 1.0471975512 0.146306817504
0.266666666667 1.25663706144 0.414151715949
0.266666666667 1.46607657168 0.577141128934
0.266666666667 1.67551608191 0.25634216544
0.266666666667 1.88495559215 0.0638277116676
0.266666666667 2.09439510239 0.40326513781
0.266666666667 2.30383461263 1.26644158087
0.266666666667 2.51327412287 2.92734073849
0.266666666667 2.72271363311 12.764043619
0.266666666667 2.93215314335 10.6483559816
0.266666666667 3.14159265359 0.218724568689
0.266666666667 3.35103216383 2.85007875981
0.266666666667 3.56047167407 1.49955687866
0.266666666667 3.76991118431 2.69981154825
0.266666666667 3.97935069455 5.83560034637
0.266666666667 4.18879020479 9.06795124605
0.266666666667 4.39822971503 9.17427051406
0.266666666667 4.60766922527 5.23870228045
0.266666666667 4.8171087355 3.37753097288
0.266666666667 5.02654824574 4.14965348709
0.266666666667 5.23598775598 1.33106365503
0.266666666667 5.44542726622 2.0908267976
0.266666666667 5.65486677646 1.15324403998
0.266666666667 5.8643062867 1.25826485012
0.266666666667 6.07374579694 0.773925549154

0.333333333333 0 0.683910343539
0.333333333333 0.209439510239 0.369796969381
0.333333333333 0.418879020479 0.209945038151
0.333333333333 0.628318530718 0.22051477384
0.333333333333 0.837758040957 0.148626562519
0.333333333333 1.0471975512 0.180278578005
0.333333333333 1.25663706144 0.316113165782
0.333333333333 1.46607657168 0.594628680704
0.333333333333 1.67551608191 0.230026186961
0.333333333333 1.88495559215 0.0522590078257
0.333333333333 2.09439510239 0.424445720511
0.333333333333 2.30383461263 1.13230494116
0.333333333333 2.51327412287 2.55574797507
0.333333333333 2.72271363311 12.3409527277
0.333333333333 2.93215314335 12.1024725521
0.333333333333 3.14159265359 0.591664112543
0.333333333333 3.35103216383 3.15694902813
0.333333333333 3.56047167407 2.57842248863
0.333333333333 3.76991118431 3.38512383179
0.333333333333 3.97935069455 6.4159005293
0.333333333333 4.18879020479 9.31571442429
0.333333333333 4.39822971503 8.96810414146
0.333333333333 4.60766922527 5.23659340228
0.333333333333 4.8171087355 3.45868052214
0.333333333333 5.02654824574 4.08312889176
0.333333333333 5.23598775598 1.35704498194
0.333333333333 5.44542726622 2.10862033221
0.333333333333 5.65486677646 1.17939706569
0.333333333333 5.8643062867 1.26820508633
0.333333333333 6.07374579694 0.759887507343

0.4 0 0.689245724142
0.4 0.209439510239 0.384355015966
0.4 0.418879020479 0.205052127611
0.4 0.628318530718 0.25948126569
0.4 0.837758040957 0.226098342351
0.4 1.0471975512 0.192556420786
0.4 1.25663706144 0.201939041796
0.4 1.46607657168 0.656633143322
0.4 1.67551608191 0.197739149784
0.4 1.88495559215 0.0437596040295
0.4 2.09439510239 0.447000482654
0.4 2.30383461263 0.988230863779
0.4 2.51327412287 2.17193341849
0.4 2.72271363311 11.7748484087
0.4 2.93215314335 13.4947436504
0.4 3.14159265359 1.67779617088
0.4 3.35103216383 3.06982831896
0.4 3.56047167407 4.0154712627
0.4 3.76991118431 4.44774477117
0.4 3.97935069455 7.09228641988
0.4 4.18879020479 9.47488274797
0.4 4.39822971503 8.71646189526
0.4 4.60766922527 5.28379965428
0.4 4.8171087355 3.54198348116
0.4 5.02654824574 3.97448556032
0.4 5.23598775598 1.40231020464
0.4 5.44542726622 2.12914771625
0.4 5.65486677646 1.22214117558
0.4 5.8643062867 1.27483547171
0.4 6.07374579694 0.731643043835

0.466666666667 0 0.702143324057
0.466666666667 0.209439510239 0.417392722733
0.466666666667 0.418879020479 0.188823733955
0.466666666667 0.628318530718 0.286523040187
0.466666666667 0.837758040957 0.294650540207
0.466666666667 1.0471975512 0.147626193282
0.466666666667 1.25663706144 0.152296915719
0.466666666667 1.46607657168 0.757960900124
0.466666666667 1.67551608191 0.162514693576
0.466666666667 1.88495559215 0.0444299553584
0.466666666667 2.09439510239 0.468320919773
0.466666666667 2.30383461263 0.839335796817
0.466666666667 2.51327412287 1.80181826378
0.466666666667 2.72271363311 11.0980213889
0.466666666667 2.93215314335 14.4982573448
0.466666666667 3.14159265359 3.90981720842
0.466666666667 3.35103216383 2.52514162002
0.466666666667 3.56047167407 5.38585349135
0.466666666667 3.76991118431 5.84326013479
0.466666666667 3.97935069455 7.83908901785
0.466666666667 4.18879020479 9.54303692477
0.466666666667 4.39822971503 8.51299785678
0.466666666667 4.60766922527 5.3908318829
0.466666666667 4.8171087355 3.59674010213
0.466666666667 5.02654824574 3.8202139885
0.466666666667 5.23598775598 1.48001962942
0.466666666667 5.44542726622 2.14829671751
0.466666666667 5.65486677646 1.28813575425
0.466666666667 5.8643062867 1.26485564838
0.466666666667 6.07374579694 0.699414662672

0.533333333333 0 0.700867241333
0.533333333333 0.209439510239 0.488213323798
0.533333333333 0.418879020479 0.168278005336
0.533333333333 0.628318530718 0.248466425363
0.533333333333 0.837758040957 0.271560079277
0.533333333333 1.0471975512 0.0607591390029
0.533333333333 1.25663706144 0.283382746981
0.533333333333 1.46607657168 0.836574987141
0.533333333333 1.67551608191 0.137136034443
0.533333333333 1.88495559215 0.0642267761955
0.533333333333 2.09439510239 0.481582066913
0.533333333333 2.30383461263 0.690336651757
0.533333333333 2.51327412287 1.47290993875
0.533333333333 2.72271363311 10.4060033897
0.533333333333 2.93215314335 14.7475613684
0.533333333333 3.14159265359 7.45917129732
0.533333333333 3.35103216383 2.11033886801
0.533333333333 3.56047167407 6.01156071058
0.533333333333 3.76991118431 7.24060432052
0.533333333333 3.97935069455 8.60910327911
0.533333333333 4.18879020479 9.62346007681
0.533333333333 4.39822971503 8.48715470063
0.533333333333 4.60766922527 5.51041688602
0.533333333333 4.8171087355 3.5761253221
0.533333333333 5.02654824574 3.62862268641
0.533333333333 5.23598775598 1.60753659369
0.533333333333 5.44542726622 2.16014101812
0.533333333333 5.65486677646 1.38341863756
0.533333333333 5.8643062867 1.21889545718
0.533333333333 6.07374579694 0.686672398077

0.6 0 0.659642184011
0.6 0.209439510239 0.600632423417
0.6 0.418879020479 0.194904661663
0.6 0.628318530718 0.145899222547
0.6 0.837758040957 0.14739958766
0.6 1.0471975512 0.06222488622
0.6 1.25663706144 0.611783348816
0.6 1.46607657168 0.776252448434
0.6 1.67551608191 0.151779703355
0.6 1.88495559215 0.113693639437
0.6 2.09439510239 0.472941839003
0.6 2.30383461263 0.544895955421
0.6 2.51327412287 1.20278779615
0.6 2.72271363311 9.84803776702
0.6 2.93215314335 14.1330071777
0.6 3.14159265359 11.6022232532
0.6 3.35103216383 3.32734413796
0.6 3.56047167407 5.76313892793
0.6 3.76991118431 8.15061893801
0.6 3.97935069455 9.36412177012
0.6 4.18879020479 9.91209819889
0.6 4.39822971503 8.676762117
0.6 4.60766922527 5.49396551497
0.6 4.8171087355 3.43076069306
0.6 5.02654824574 3.43224520804
0.6 5.23598775598 1.8049912384
0.6 5.44542726622 2.15617763901
0.6 5.65486677646 1.50993474685
0.6 5.8643062867 1.11811361888
0.6 6.07374579694 0.722159169405

0.666666666667 0 0.588545614184
0.666666666667 0.209439510239 0.703700226187
0.666666666667 0.418879020479 0.3450270538
0.666666666667 0.628318530718 0.123330681139
0.666666666667 0.837758040957 0.103402195501
0.666666666667 1.0471975512 0.293494523805
0.666666666667 1.25663706144 0.880106768347
0.666666666667 1.46607657168 0.534417819064
0.666666666667 1.67551608191 0.246140486722
0.666666666667 1.88495559215 0.189901943727
0.666666666667 2.09439510239 0.420100974134
0.666666666667 2.30383461263 0.405771709802
0.666666666667 2.51327412287 0.976497521697
0.666666666667 2.72271363311 9.51246225676
0.666666666667 2.93215314335 13.2997825773
0.666666666667 3.14159265359 14.3918010459
0.666666666667 3.35103216383 7.34954969472
0.666666666667 3.56047167407 6.14144239844
0.666666666667 3.76991118431 8.62362875124
0.666666666667 3.97935069455 10.1382613228
0.666666666667 4.18879020479 10.4659163544
0.666666666667 4.39822971503 8.79269265032
0.666666666667 4.60766922527 5.10967670145
0.666666666667 4.8171087355 3.1512332719
0.666666666667 5.02654824574 3.30204174509
0.666666666667 5.23598775598 2.08980645042
0.666666666667 5.44542726622 2.12435616384
0.666666666667 5.65486677646 1.65854219476
0.666666666667 5.8643062867 0.962653792112
0.666666666667 6.07374579694 0.806981856935

0.733333333333 0 0.572542194995
0.733333333333 0.209439510239 0.711260435898
0.733333333333 0.418879020479 0.583895667663
0.733333333333 0.628318530718 0.34301586409
0.733333333333 0.837758040957 0.324954444028
0.733333333333 1.0471975512 0.58767038933
0.733333333333 1.25663706144 0.745225439986
0.733333333333 1.46607657168 0.350930058279
0.733333333333 1.67551608191 0.405610226631
0.733333333333 1.88495559215 0.248848310528
0.733333333333 2.09439510239 0.301214112209
0.733333333333 2.30383461263 0.278398924116
0.733333333333 2.51327412287 0.723984302597
0.733333333333 2.72271363311 9.10537246786
0.733333333333 2.93215314335 13.6713410033
0.733333333333 3.14159265359 14.4109652767
0.733333333333 3.35103216383 12.2329868928
0.733333333333 3.56047167407 9.06849931975
0.733333333333 3.76991118431 9.7722361451
0.733333333333 3.97935069455 10.9843120096
0.733333333333 4.18879020479 10.7525106045
0.733333333333 4.39822971503 8.13266129204
0.733333333333 4.60766922527 4.23790539976
0.733333333333 4.8171087355 2.84529958671
0.733333333333 5.02654824574 3.35206713727
0.733333333333 5.23598775598 2.4625376422
0.733333333333 5.44542726622 2.04797380189
0.733333333333 5.65486677646 1.79650642985
0.733333333333 5.8643062867 0.804794966999
0.733333333333 6.07374579694 0.858853556679

0.8 0 0.652144263982
0.8 0.209439510239 0.673095144345
0.8 0.418879020479 0.718520120381
0.8 0.628318530718 0.630958147183
0.8 0.837758040957 0.586848924667
0.8 1.0471975512 0.604819507233
0.8 1.25663706144 0.502533731772
0.8 1.46607657168 0.529751252326
0.8 1.67551608191 0.447635077429
0.8 1.88495559215 0.21021071553
0.8 2.09439510239 0.134564460599
0.8 2.30383461263 0.181702973511
0.8 2.51327412287 0.368240808688
0.8 2.72271363311 7.59632622959
0.8 2.93215314335 15.214205036
0.8 3.14159265359 14.2058359603
0.8 3.35103216383 14.0504322134
0.8 3.56047167407 12.5914440711
0.8 3.76991118431 11.6655180979
0.8 3.97935069455 11.2420798831
0.8 4.18879020479 9.61582995864
0.8 4.39822971503 6.29560801662
0.8 4.60766922527 3.24262267575
0.8 4.8171087355 2.80998394174
0.8 5.02654824574 3.70300880088
0.8 5.23598775598 2.87538693944
0.8 5.44542726622 1.90471762331
0.8 5.65486677646 1.84823460467
0.8 5.8643062867 0.777965868815
0.8 6.07374579694 0.718789022031

0.866666666667 0 0.501232509082
0.866666666667 0.209439510239 0.636588685024
0.866666666667 0.418879020479 0.740743599659
0.866666666667 0.628318530718 0.76729323688
0.866666666667 0.837758040957 0.734561834674
0.866666666667 1.0471975512 0.689104969876
0.866666666667 1.25663706144 0.663180260693
0.866666666667 1.46607657168 0.54502023792
0.866666666667 1.67551608191 0.185522330858
0.866666666667 1.88495559215 0.124152527875
0.866666666667 2.09439510239 0.0352738820152
0.866666666667 2.30383461263 0.159554108462
0.866666666667 2.51327412287 0.0742870952198
0.866666666667 2.72271363311 4.10963887746
0.866666666667 2.93215314335 12.897085633
0.866666666667 3.14159265359 15.4680032873
0.866666666667 3.35103216383 14.332474866
0.866666666667 3.56047167407 13.1349596612
0.866666666667 3.76991118431 11.6567664559
0.866666666667 3.97935069455 9.74398753913
0.866666666667 4.18879020479 7.21078573708
0.866666666667 4.39822971503 4.52736035347
0.866666666667 4.60766922527 3.02608406082
0.866666666667 4.8171087355 3.44531759526
0.866666666667 5.02654824574 4.32666013099
0.866666666667 5.23598775598 3.16745067044
0.866666666667 5.44542726622 1.66657681752
0.866666666667 5.65486677646 1.67507112047
0.866666666667 5.8643062867 1.02600777355
0.866666666667 6.07374579694 0.463464286672

0.933333333333 0 0.351422800569
0.933333333333 0.209439510239 0.146237312017
0.933333333333 0.418879020479 0.164661533186
0.933333333333 0.628318530718 0.232278706378
0.933333333333 0.837758040957 0.250222992295
0.933333333333 1.0471975512 0.197290000969
0.933333333333 1.25663706144 0.113131737779
0.933333333333 1.46607657168 0.106717205712
0.933333333333 1.67551608191 0.235962331622
0.933333333333 1.88495559215 0.249600345575
0.933333333333 2.09439510239 0.0982626286495
0.933333333333 2.30383461263 0.264431784533
0.933333333333 2.51327412287 0.386161442659
0.933333333333 2.72271363311 1.06048260769
0.933333333333 2.93215314335 4.13287171016
0.933333333333 3.14159265359 8.03107677389
0.933333333333 3.35103216383 10.0916916533
0.933333333333 3.56047167407 10.1036063238
0.933333333333 3.76991118431 8.91866455537
0.933333333333 3.97935069455 7.17598815098
0.933333333333 4.18879020479 5.39425411252
0.933333333333 4.39822971503 4.1760782239
0.933333333333 4.60766922527 4.01528724416
0.933333333333 4.8171087355 4.62041422446
0.933333333333 5.02654824574 4.56000752299
0.933333333333 5.23598775598 2.93056032756
0.933333333333 5.44542726622 1.30134081495
0.933333333333 5.65486677646 1.10112707711
0.933333333333 5.8643062867 1.25297375131
0.933333333333 6.07374579694 0.851524212434

