-1 0 0.428058224469
-1 0.209439510239 0.428058224469
-1 0.418879020479 0.428058224468
-1 0.628318530718 0.428058224468
-1 0.837758040957 0.428058224469
-1 1.0471975512 0.428058224469
-1 1.25663706144 0.42805822447
-1 1.46607657168 0.42805822447
-1 1.67551608191 0.428058224469
-1 1.88495559215 0.428058224468
-1 2.09439510239 0.428058224468
-1 2.30383461263 0.428058224468
-1 2.51327412287 0.428058224469
-1 2.72271363311 0.42805822447
-1 2.93215314335 0.42805822447
-1 3.14159265359 0.428058224469
-1 3.35103216383 0.428058224469
-1 3.56047167407 0.428058224468
-1 3.76991118431 0.428058224468
-1 3.97935069455 0.428058224469
-1 4.18879020479 0.428058224469
-1 4.39822971503 0.42805822447
-1 4.60766922527 0.42805822447
-1 4.8171087355 0.428058224469
-1 5.02654824574 0.428058224468
-1 5.23598775598 0.428058224468
-1 5.44542726622 0.428058224468
-1 5.65486677646 0.428058224469
-1 5.8643062867 0.42805822447
-1 6.07374579694 0.42805822447

-0.933333333333 0 0.705022077131
-0.933333333333 0.209439510239 0.536858274999
-0.933333333333 0.418879020479 0.447215578716
-0.933333333333 0.628318530718 0.435891771635
-0.933333333333 0.837758040957 0.493648267973
-0.933333333333 1.0471975512 0.605188337999
-0.933333333333 1.25663706144 0.696289612825
-0.933333333333 1.46607657168 0.633200521711
-0.933333333333 1.67551608191 0.375945480179
-0.933333333333 1.88495559215 0.146919979001
-0.933333333333 2.09439510239 0.201078167876
-0.933333333333 2.30383461263 0.396796715627
-0.933333333333 2.51327412287 0.385854049145
-0.933333333333 2.72271363311 0.17092825824
-0.933333333333 2.93215314335 0.117372551981
-0.933333333333 3.14159265359 0.406558816464
-0.933333333333 3.35103216383 0.985494707854
-0.933333333333 3.56047167407 1.86248964529
-0.933333333333 3.76991118431 2.90181555772
-0.933333333333 3.97935069455 3.79521635641
-0.933333333333 4.18879020479 4.26565097871
-0.933333333333 4.39822971503 3.98919081909
-0.933333333333 4.60766922527 2.76822066438
-0.933333333333 4.8171087355 1.41155330798
-0.933333333333 5.02654824574 1.29316466724
-0.933333333333 5.23598775598 1.74944079069
-0.933333333333 5.44542726622 1.10356532404
-0.933333333333 5.65486677646 0.301454043282
-0.933333333333 5.8643062867 0.477976354853
-0.933333333333 6.07374579694 0.781406172075

-0.866666666667 0 0.240408089047
-0.866666666667 0.209439510239 0.133189153959
-0.866666666667 0.418879020479 0.0712532161052
-0.866666666667 0.628318530718 0.0231218606523
-0.866666666667 0.837758040957 0.0148837254235
-0.866666666667 1.0471975512 0.0752872445783
-0.866666666667 1.25663706144 0.264032545824
-0.866666666667 1.46607657168 0.530194854835
-0.866666666667 1.67551608191 0.522737054833
-0.866666666667 1.88495559215 0.196202876204
-0.866666666667 2.09439510239 0.225728259124
-0.866666666667 2.30383461263 0.427747591308
-0.866666666667 2.51327412287 0.22427865386
-0.866666666667 2.72271363311 0.113783898233
-0.866666666667 2.93215314335 0.234010982071
-0.866666666667 3.14159265359 0.595182497748
-0.866666666667 3.35103216383 2.48097646782
-0.866666666667 3.56047167407 5.47898451653
-0.866666666667 3.76991118431 7.10933363788
-0.866666666667 3.97935069455 6.78270153603
-0.866666666667 4.18879020479 5.78322795518
-0.866666666667 4.39822971503 5.34297142787
-0.866666666667 4.60766922527 5.19460237072
-0.866666666667 4.8171087355 3.57654297949
-0.866666666667 5.02654824574 1.67570414264
-0.866666666667 5.23598775598 1.85614693636
-0.866666666667 5.44542726622 1.37292526828
-0.866666666667 5.65486677646 0.596836692892
-0.866666666667 5.8643062867 0.850291308771
-0.866666666667 6.07374579694 0.582319716639

-0.8 0 0.350405122294
-0.8 0.209439510239 0.26746417918
-0.8 0.418879020479 0.124462623987
-0.8 0.628318530718 0.0765301034243
-0.8 0.837758040957 0.0947145020973
-0.8 1.0471975512 0.130818485922
-0.8 1.25663706144 0.181930556112
-0.8 1.46607657168 0.361798068435
-0.8 1.67551608191 0.510205879739
-0.8 1.88495559215 0.201298012164
-0.8 2.09439510239 0.210223864888
-0.8 2.30383461263 0.432776187694
-0.8 2.51327412287 0.136952531322
-0.8 2.72271363311 0.176333315868
-0.8 2.93215314335 0.269928780991
-0.8 3.14159265359 2.38337090215
-0.8 3.35103216383 8.1721642838
-0.8 3.56047167407 11.7983159038
-0.8 3.76991118431 10.4067775676
-0.8 3.97935069455 7.39913897501
-0.8 4.18879020479 5.04662627874
-0.8 4.39822971503 3.74956386192
-0.8 4.60766922527 3.51971395539
-0.8 4.8171087355 3.25640752101
-0.8 5.02654824574 1.82945020942
-0.8 5.23598775598 1.44202273931
-0.8 5.44542726622 1.23882793311
-0.8 5.65486677646 0.849490864988
-0.8 5.8643062867 0.771901499175
-0.8 6.07374579694 0.350396790623

-0.733333333333 0 0.577591487812
-0.733333333333 0.209439510239 0.201159801868
-0.733333333333 0.418879020479 0.0361763204725
-0.733333333333 0.628318530718 0.0460508439752
-0.733333333333 0.837758040957 0.0618556989232
-0.733333333333 1.0471975512 0.127161554371
-0.733333333333 1.25663706144 0.238395897901
-0.733333333333 1.46607657168 0.34701721742
-0.733333333333 1.67551608191 0.500747218876
-0.733333333333 1.88495559215 0.205198929732
-0.733333333333 2.09439510239 0.178838699791
-0.733333333333 2.30383461263 0.419146430806
-0.733333333333 2.51327412287 0.127542617561
-0.733333333333 2.72271363311 0.23857131323
-0.733333333333 2.93215314335 0.924984225857
-0.733333333333 3.14159265359 6.25993570014
-0.733333333333 3.35103216383 13.2266541725
-0.733333333333 3.56047167407 11.9901009034
-0.733333333333 3.76991118431 6.90750994789
-0.733333333333 3.97935069455 3.99287019448
-0.733333333333 4.18879020479 2.86580374996
-0.733333333333 4.39822971503 2.65778498651
-0.733333333333 4.60766922527 2.65921766702
-0.733333333333 4.8171087355 2.24939649506
-0.733333333333 5.02654824574 1.71653773151
-0.733333333333 5.23598775598 1.18157580676
-0.733333333333 5.44542726622 0.981158633978
-0.733333333333 5.65486677646 0.976149506339
-0.733333333333 5.8643062867 0.610158503129
-0.733333333333 6.07374579694 0.414117780076

-0.666666666667 0 0.585123320358
-0.666666666667 0.209439510239 0.0584877714932
-0.666666666667 0.418879020479 0.115170627787
-0.666666666667 0.628318530718 0.17094422714
-0.666666666667 0.837758040957 0.0974271816961
-0.666666666667 1.0471975512 0.0533104431278
-0.666666666667 1.25663706144 0.206211828083
-0.666666666667 1.46607657168 0.366911697122
-0.666666666667 1.67551608191 0.512250925138
-0.666666666667 1.88495559215 0.220138823903
-0.666666666667 2.09439510239 0.148202800815
-0.666666666667 2.30383461263 0.395913648922
-0.666666666667 2.51327412287 0.180492792374
-0.666666666667 2.72271363311 0.325110530935
-0.666666666667 2.93215314335 2.30908231471
-0.666666666667 3.14159265359 10.1072679914
-0.666666666667 3.35103216383 14.0564898392
-0.666666666667 3.56047167407 7.62251069854
-0.666666666667 3.76991118431 2.96382717451
-0.666666666667 3.97935069455 2.52013417125
-0.666666666667 4.18879020479 2.39170104712
-0.666666666667 4.39822971503 2.2997136201
-0.666666666667 4.60766922527 2.98442658227
-0.666666666667 4.8171087355 2.04436329843
-0.666666666667 5.02654824574 1.60629227166
-0.666666666667 5.23598775598 1.21745148652
-0.666666666667 5.44542726622 0.789809504244
-0.666666666667 5.65486677646 1.02093551072
-0.666666666667 5.8643062867 0.510209136436
-0.666666666667 6.07374579694 0.590328927894

-0.6 0 0.436951768005
-0.6 0.209439510239 0.0871155911827
-0.6 0.418879020479 0.317609698769
-0.6 0.628318530718 0.323726527882
-0.6 0.837758040957 0.207458533898
-0.6 1.0471975512 0.0482293381138
-0.6 1.25663706144 0.128530353084
-0.6 1.46607657168 0.373347997475
-0.6 1.67551608191 0.521571777916
-0.6 1.88495559215 0.244832068649
-0.6 2.09439510239 0.124603736161
-0.6 2.30383461263 0.369928012031
-0.6 2.51327412287 0.276753767099
-0.6 2.72271363311 0.467296410248
-0.6 2.93215314335 4.05976089767
-0.6 3.14159265359 12.5900395273
-0.6 3.35103216383 11.8484291497
-0.6 3.56047167407 3.54849626226
-0.6 3.76991118431 1.96661821849
-0.6 3.97935069455 3.73072057082
-0.6 4.18879020479 3.83071102323
-0.6 4.39822971503 2.60208213738
-0.6 4.60766922527 3.38206878816
-0.6 4.8171087355 2.37545996551
-0.6 5.02654824574 1.5517616579
-0.6 5.23598775598 1.41226821349
-0.6 5.44542726622 0.694828790469
-0.6 5.65486677646 1.03124673683
-0.6 5.8643062867 0.469177256373
-0.6 6.07374579694 0.752065402812

-0.533333333333 0 0.282735543515
-0.533333333333 0.209439510239 0.233422284889
-0.533333333333 0.418879020479 0.410025430096
-0.533333333333 0.628318530718 0.326292806156
-0.533333333333 0.837758040957 0.261763097691
-0.533333333333 1.0471975512 0.101413293145
-0.533333333333 1.25663706144 0.0628615204518
-0.533333333333 1.46607657168 0.368613702425
-0.533333333333 1.67551608191 0.52112499983
-0.533333333333 1.88495559215 0.273527416124
-0.533333333333 2.09439510239 0.108795478472
-0.533333333333 2.30383461263 0.345572416588
-0.533333333333 2.51327412287 0.398566839973
-0.533333333333 2.72271363311 0.669033408802
-0.533333333333 2.93215314335 5.7879137643
-0.533333333333 3.14159265359 13.6101356315
-0.533333333333 3.35103216383 8.77228957605
-0.533333333333 3.56047167407 1.43546743275
-0.533333333333 3.76991118431 2.62296417821
-0.533333333333 3.97935069455 5.12674423718
-0.533333333333 4.18879020479 5.30720455247
-0.533333333333 4.39822971503 3.13910685674
-0.533333333333 4.60766922527 3.47610486973
-0.533333333333 4.8171087355 2.76151211504
-0.533333333333 5.02654824574 1.51083081482
-0.533333333333 5.23598775598 1.6359017192
-0.533333333333 5.44542726622 0.670240215693
-0.533333333333 5.65486677646 1.03253192836
-0.533333333333 5.8643062867 0.458873122109
-0.533333333333 6.07374579694 0.857914675564

-0.466666666667 0 0.193573773215
-0.466666666667 0.209439510239 0.36040383577
-0.466666666667 0.418879020479 0.351746076261
-0.466666666667 0.628318530718 0.208978027484
-0.466666666667 0.837758040957 0.224676189873
-0.466666666667 1.0471975512 0.156637180072
-0.466666666667 1.25663706144 0.0280242767406
-0.466666666667 1.46607657168 0.357277174271
-0.466666666667 1.67551608191 0.516729949186
-0.466666666667 1.88495559215 0.300757156653
-0.466666666667 2.09439510239 0.0993251552245
-0.466666666667 2.30383461263 0.325282872361
-0.466666666667 2.51327412287 0.530942844249
-0.466666666667 2.72271363311 0.91228860099
-0.466666666667 2.93215314335 7.25942133761
-0.466666666667 3.14159265359 13.6259649389
-0.466666666667 3.35103216383 6.07758020296
-0.466666666667 3.56047167407 0.814522420301
-0.466666666667 3.76991118431 3.31415126673
-0.466666666667 3.97935069455 5.51219788563
-0.466666666667 4.18879020479 5.93654300416
-0.466666666667 4.39822971503 3.57872710645
-0.466666666667 4.60766922527 3.4045305939
-0.466666666667 4.8171087355 3.03350829567
-0.466666666667 5.02654824574 1.46017829829
-0.466666666667 5.23598775598 1.82408950594
-0.466666666667 5.44542726622 0.686657711846
-0.466666666667 5.65486677646 1.03462971965
-0.466666666667 5.8643062867 0.46109948255
-0.466666666667 6.07374579694 0.9077085376

-0.4 0 0.167956778043
-0.4 0.209439510239 0.412870768408
-0.4 0.418879020479 0.236292786125
-0.4 0.628318530718 0.084713552924
-0.4 0.837758040957 0.140869759618
-0.4 1.0471975512 0.182521347797
-0.4 1.25663706144 0.0208257444362
-0.4 1.46607657168 0.340203074841
-0.4 1.67551608191 0.515824361706
-0.4 1.88495559215 0.32306974686
-0.4 2.09439510239 0.0942143897853
-0.4 2.30383461263 0.310156606649
-0.4 2.51327412287 0.661886095924
-0.4 2.72271363311 1.16964859541
-0.4 2.93215314335 8.3929243763
-0.4 3.14159265359 13.1376435827
-0.4 3.35103216383 4.12427780797
-0.4 3.56047167407 0.885403643061
-0.4 3.76991118431 3.55210507221
-0.4 3.97935069455 5.22747926264
-0.4 4.18879020479 6.04434557923
-0.4 4.39822971503 3.88464569291
-0.4 4.60766922527 3.32887965709
-0.4 4.8171087355 3.20717089743
-0.4 5.02654824574 1.40226497225
-0.4 5.23598775598 1.95870735951
-0.4 5.44542726622 0.723106077508
-0.4 5.65486677646 1.03941404015
-0.4 5.8643062867 0.468345958243
-0.4 6.07374579694 0.915922245442

-0.333333333333 0 0.178888966037
-0.333333333333 0.209439510239 0.406565035294
-0.333333333333 0.418879020479 0.144777922911
-0.333333333333 0.628318530718 0.0228857008074
-0.333333333333 0.837758040957 0.0635578562684
-0.333333333333 1.0471975512 0.177068371867
-0.333333333333 1.25663706144 0.0313372141502
-0.333333333333 1.46607657168 0.318657145741
-0.333333333333 1.67551608191 0.522205528285
-0.333333333333 1.88495559215 0.339022975961
-0.333333333333 2.09439510239 0.0916558893699
-0.333333333333 2.30383461263 0.300458632654
-0.333333333333 2.51327412287 0.782135023849
-0.333333333333 2.72271363311 1.41366372732
-0.333333333333 2.93215314335 9.20119817618
-0.333333333333 3.14159265359 12.5022990553
-0.333333333333 3.35103216383 2.8491317906
-0.333333333333 3.56047167407 1.16116075042
-0.333333333333 3.76991118431 3.5118946023
-0.333333333333 3.97935069455 4.93315615296
-0.333333333333 4.18879020479 6.1728147088
-0.333333333333 4.39822971503 4.14775375831
-0.333333333333 4.60766922527 3.30332033035
-0.333333333333 4.8171087355 3.33162419269
-0.333333333333 5.02654824574 1.34736682741
-0.333333333333 5.23598775598 2.04397305348
-0.333333333333 5.44542726622 0.766588897023
-0.333333333333 5.65486677646 1.04549316207
-0.333333333333 5.8643062867 0.478756882953
-0.333333333333 6.07374579694 0.898916200868

-0.266666666667 0 0.202125952848
-0.266666666667 0.209439510239 0.374960419088
-0.266666666667 0.418879020479 0.101076665612
-0.266666666667 0.628318530718 0.0286470630987
-0.266666666667 0.837758040957 0.0206391654683
-0.266666666667 1.0471975512 0.152269523127
-0.266666666667 1.25663706144 0.0504137134857
-0.266666666667 1.46607657168 0.295398617881
-0.266666666667 1.67551608191 0.536029133608
-0.266666666667 1.88495559215 0.34852787126
-0.266666666667 2.09439510239 0.0902204508048
-0.266666666667 2.30383461263 0.295994891101
-0.266666666667 2.51327412287 0.884753980242
-0.266666666667 2.72271363311 1.62168457725
-0.266666666667 2.93215314335 9.73727761387
-0.266666666667 3.14159265359 11.9269218787
-0.266666666667 3.35103216383 2.07914150011
-0.266666666667 3.56047167407 1.45235493437
-0.266666666667 3.76991118431 3.46759308696
-0.266666666667 3.97935069455 4.98924123967
-0.266666666667 4.18879020479 6.55502969487
-0.266666666667 4.39822971503 4.42676161957
-0.266666666667 4.60766922527 3.3177268181
-0.266666666667 4.8171087355 3.436010738
-0.266666666667 5.02654824574 1.30297932943
-0.266666666667 5.23598775598 2.09195794146
-0.266666666667 5.44542726622 0.809653083815
-0.266666666667 5.65486677646 1.05063045411
-0.266666666667 5.8643062867 0.492561636516
-0.266666666667 6.07374579694 0.869851498614

-0.2 0 0.223677256282
-0.2 0.209439510239 0.341943887168
-0.2 0.418879020479 0.0930293498178
-0.2 0.628318530718 0.0729941959189
-0.2 0.837758040957 0.0142984298385
-0.2 1.0471975512 0.121709231364
-0.2 1.25663706144 0.0722744582378
-0.2 1.46607657168 0.273717276111
-0.2 1.67551608191 0.555452138043
-0.2 1.88495559215 0.352150425773
-0.2 2.09439510239 0.0888552300857
-0.2 2.30383461263 0.296368232143
-0.2 2.51327412287 0.964724008344
-0.2 2.72271363311 1.77749007758
-0.2 2.93215314335 10.0607109313
-0.2 3.14159265359 11.5137406269
-0.2 3.35103216383 1.66085856094
-0.2 3.56047167407 1.71779222324
-0.2 3.76991118431 3.58485258482
-0.2 3.97935069455 5.44111026315
-0.2 4.18879020479 7.1460655187
-0.2 4.39822971503 4.72131544005
-0.2 4.60766922527 3.34838907424
-0.2 4.8171087355 3.52832613397
-0.2 5.02654824574 1.27152007713
-0.2 5.23598775598 2.11556596243
-0.2 5.44542726622 0.848333563631
-0.2 5.65486677646 1.05283967638
-0.2 5.8643062867 0.510406861328
-0.2 6.07374579694 0.837556392573

-0.133333333333 0 0.237918532862
-0.133333333333 0.209439510239 0.318348475246
-0.133333333333 0.418879020479 0.100603687871
-0.133333333333 0.628318530718 0.122879926424
-0.133333333333 0.837758040957 0.0321706637316
-0.133333333333 1.0471975512 0.095272086885
-0.133333333333 1.25663706144 0.0945176805379
-0.133333333333 1.46607657168 0.256513768859
-0.133333333333 1.67551608191 0.578022781947
-0.133333333333 1.88495559215 0.350598523431
-0.133333333333 2.09439510239 0.0868131980277
-0.133333333333 2.30383461263 0.301143530664
-0.133333333333 2.51327412287 1.01859969863
-0.133333333333 2.72271363311 1.87122632154
-0.133333333333 2.93215314335 10.2211900785
-0.133333333333 3.14159265359 11.3033181444
-0.133333333333 3.35103216383 1.49350810573
-0.133333333333 3.56047167407 1.96285643631
-0.133333333333 3.76991118431 3.92063955828
-0.133333333333 3.97935069455 6.18297359026
-0.133333333333 4.18879020479 7.8076834877
-0.133333333333 4.39822971503 5.00507645104
-0.133333333333 4.60766922527 3.37886763122
-0.133333333333 4.8171087355 3.60616395868
-0.133333333333 5.02654824574 1.25170251322
-0.133333333333 5.23598775598 2.12576860088
-0.133333333333 5.44542726622 0.880753272107
-0.133333333333 5.65486677646 1.05079678462
-0.133333333333 5.8643062867 0.532789176375
-0.133333333333 6.07374579694 0.807060612002

-0.0666666666667 0 0.243873266521
-0.0666666666667 0.209439510239 0.306844530459
-0.0666666666667 0.418879020479 0.11010366513
-0.0666666666667 0.628318530718 0.155691580226
-0.0666666666667 0.837758040957 0.0576420735865
-0.0666666666667 1.0471975512 0.0787270771352
-0.0666666666667 1.25663706144 0.11708184671
-0.0666666666667 1.46607657168 0.246004239602
-0.0666666666667 1.67551608191 0.601359933072
-0.0666666666667 1.88495559215 0.344423093468
-0.0666666666667 2.09439510239 0.0835756181662
-0.0666666666667 2.30383461263 0.309945174931
-0.0666666666667 2.51327412287 1.04425604773
-0.0666666666667 2.72271363311 1.89874494006
-0.0666666666667 2.93215314335 10.2531349074
-0.0666666666667 3.14159265359 11.3010670655
-0.0666666666667 3.35103216383 1.5291634472
-0.0666666666667 3.56047167407 2.19481967913
-0.0666666666667 3.76991118431 4.46984127613
-0.0666666666667 3.97935069455 7.08292488428
-0.0666666666667 4.18879020479 8.42697324213
-0.0666666666667 4.39822971503 5.25375412628
-0.0666666666667 4.60766922527 3.40185774244
-0.0666666666667 4.8171087355 3.66464580274
-0.0666666666667 5.02654824574 1.24059802118
-0.0666666666667 5.23598775598 2.13092220995
-0.0666666666667 5.44542726622 0.906232928817
-0.0666666666667 5.65486677646 1.04393783857
-0.0666666666667 5.8643062867 0.55992247219
-0.0666666666667 6.07374579694 0.780587525137

6.12323399574e-17 0 0.24244245999
6.12323399574e-17 0.209439510239 0.306677980004
6.12323399574e-17 0.418879020479 0.116974725915
6.12323399574e-17 0.628318530718 0.161864333049
6.12323399574e-17 0.837758040957 0.0763592110221
6.12323399574e-17 1.0471975512 0.0754670005929
6.12323399574e-17 1.25663706144 0.140896428349
6.12323399574e-17 1.46607657168 0.243859476579
6.12323399574e-17 1.67551608191 0.623247385726
6.12323399574e-17 1.88495559215 0.333894650789
6.12323399574e-17 2.09439510239 0.0787924452499
6.12323399574e-17 2.30383461263 0.322504341867
6.12323399574e-17 2.51327412287 1.04073140543
6.12323399574e-17 2.72271363311 1.86096233133
6.12323399574e-17 2.93215314335 10.1762363475
6.12323399574e-17 3.14159265359 11.4878885596
6.12323399574e-17 3.35103216383 1.76790341375
6.12323399574e-17 3.56047167407 2.40932033016
6.12323399574e-17 3.76991118431 5.195397358
6.12323399574e-17 3.97935069455 8.03515427257
6.12323399574e-17 4.18879020479 8.94746437211
6.12323399574e-17 4.39822971503 5.45382438815
6.12323399574e-17 4.60766922527 3.41505278866
6.12323399574e-17 4.8171087355 3.69978578874
6.12323399574e-17 5.02654824574 1.23527273313
6.12323399574e-17 5.23598775598 2.13694542875
6.12323399574e-17 5.44542726622 0.924742958207
6.12323399574e-17 5.65486677646 1.03243122692
6.12323399574e-17 5.8643062867 0.591673482411
6.12323399574e-17 6.07374579694 0.758490647776

0.0666666666667 0 0.234959668698
0.0666666666667 0.209439510239 0.316029310185
0.0666666666667 0.418879020479 0.123992090181
0.0666666666667 0.628318530718 0.143123072851
0.0666666666667 0.837758040957 0.0803682099461
0.0666666666667 1.0471975512 0.0886504209942
0.0666666666667 1.25663706144 0.166392151164
0.0666666666667 1.46607657168 0.251478919848
0.0666666666667 1.67551608191 0.641386813769
0.0666666666667 1.88495559215 0.319011696225
0.0666666666667 2.09439510239 0.0722481302347
0.0666666666667 2.30383461263 0.338665050015
0.0666666666667 2.51327412287 1.0081614313
0.0666666666667 2.72271363311 1.7635024946
0.0666666666667 2.93215314335 9.99920353511
0.0666666666667 3.14159265359 11.8188620126
0.0666666666667 3.35103216383 2.25570490935
0.0666666666667 3.56047167407 2.5920819366
0.0666666666667 3.76991118431 6.03426760589
0.0666666666667 3.97935069455 8.96539460945
0.0666666666667 4.18879020479 9.35558279816
0.0666666666667 4.39822971503 5.59947950121
0.0666666666667 4.60766922527 3.41701539643
0.0666666666667 4.8171087355 3.70914522663
0.0666666666667 5.02654824574 1.23384556899
0.0666666666667 5.23598775598 2.14773737582
0.0666666666667 5.44542726622 0.936573015617
0.0666666666667 5.65486677646 1.01710814912
0.0666666666667 5.8643062867 0.627401313857
0.0666666666667 6.07374579694 0.740000672972

0.133333333333 0 0.22273165442
0.133333333333 0.209439510239 0.3322833324
0.133333333333 0.418879020479 0.138537254504
0.133333333333 0.628318530718 0.110831243651
0.133333333333 0.837758040957 0.0716270919028
0.133333333333 1.0471975512 0.12248676683
0.133333333333 1.25663706144 0.191797845855
0.133333333333 1.46607657168 0.270143264443
0.133333333333 1.67551608191 0.653038795042
0.133333333333 1.88495559215 0.299612796135
0.133333333333 2.09439510239 0.0638581823971
0.133333333333 2.30383461263 0.358351074668
0.133333333333 2.51327412287 0.947792931197
0.133333333333 2.72271363311 1.61662403995
0.133333333333 2.93215314335 9.72562846518
0.133333333333 3.14159265359 12.2141887465
0.133333333333 3.35103216383 3.08216943636
0.133333333333 3.56047167407 2.73465979651
0.133333333333 3.76991118431 6.89081032341
0.133333333333 3.97935069455 9.81663689141
0.133333333333 4.18879020479 9.65657204242
0.133333333333 4.39822971503 5.68564763885
0.133333333333 4.60766922527 3.40457730479
0.133333333333 4.8171087355 3.69165768507
0.133333333333 5.02654824574 1.23612844038
0.133333333333 5.23598775598 2.16553441365
0.133333333333 5.44542726622 0.942138773863
0.133333333333 5.65486677646 0.999375354852
0.133333333333 5.8643062867 0.665647202767
0.133333333333 6.07374579694 0.723839258295

0.2 0 0.207194396044
0.2 0.209439510239 0.351024979444
0.2 0.418879020479 0.169410273032
0.2 0.628318530718 0.0847681510821
0.2 0.837758040957 0.0644091954663
0.2 1.0471975512 0.180891709972
0.2 1.25663706144 0.211423422345
0.2 1.46607657168 0.300733299613
0.2 1.67551608191 0.654810008567
0.2 1.88495559215 0.275582462991
0.2 2.09439510239 0.0537034199736
0.2 2.30383461263 0.381486260511
0.2 2.51327412287 0.862058773457
0.2 2.72271363311 1.435219366
0.2 2.93215314335 9.36156442276
0.2 3.14159265359 12.5486016216
0.2 3.35103216383 4.3660661746
0.2 3.56047167407 2.87206367917
0.2 3.76991118431 7.63659041728
0.2 3.97935069455 10.5307033809
0.2 4.18879020479 9.85284159449
0.2 4.39822971503 5.70068536437
0.2 4.60766922527 3.37184753694
0.2 4.8171087355 3.64780214995
0.2 5.02654824574 1.24401500352
0.2 5.23598775598 2.19106740684
0.2 5.44542726622 0.941873203347
0.2 5.65486677646 0.981095117027
0.2 5.8643062867 0.703691175455
0.2 6.07374579694 0.708829841773

0.266666666667 0 0.190418409958
0.266666666667 0.209439510239 0.364698533637
0.266666666667 0.418879020479 0.22206298103
0.266666666667 0.628318530718 0.0892111584229
0.266666666667 0.837758040957 0.0825040148959
0.266666666667 1.0471975512 0.261044216204
0.266666666667 1.25663706144 0.215183607438
0.266666666667 1.46607657168 0.342478031396
0.266666666667 1.67551608191 0.642974923864
0.266666666667 1.88495559215 0.2471448775
0.266666666667 2.09439510239 0.0421194680941
0.266666666667 2.30383461263 0.407848606766
0.266666666667 2.51327412287 0.754690590607
0.266666666667 2.72271363311 1.23844223317
0.266666666667 2.93215314335 8.92382093919
0.266666666667 3.14159265359 12.6518874147
0.266666666667 3.35103216383 6.20564856426
0.266666666667 3.56047167407 3.14621701449
0.266666666667 3.76991118431 8.14203968604
0.266666666667 3.97935069455 11.0359613377
0.266666666667 4.18879020479 9.92650751472
0.266666666667 4.39822971503 5.62059604669
0.266666666667 4.60766922527 3.31107840796
0.266666666667 4.8171087355 3.58073941813
0.266666666667 5.02654824574 1.26166562014
0.266666666667 5.23598775598 2.22344979354
0.266666666667 5.44542726622 0.936170025803
0.266666666667 5.65486677646 0.964390716995
0.266666666667 5.8643062867 0.73707395768
0.266666666667 6.07374579694 0.694629187644

0.333333333333 0 0.1757281222
0.333333333333 0.209439510239 0.362295755689
0.333333333333 0.418879020479 0.291640442472
0.333333333333 0.628318530718 0.141665746931
0.333333333333 0.837758040957 0.14485390256
0.333333333333 1.0471975512 0.341569430764
0.333333333333 1.25663706144 0.192357589877
0.333333333333 1.46607657168 0.389989303784
0.333333333333 1.67551608191 0.614921900137
0.333333333333 1.88495559215 0.215224974221
0.333333333333 2.09439510239 0.0298729864459
0.333333333333 2.30383461263 0.436818302599
0.333333333333 2.51327412287 0.63084320173
0.333333333333 2.72271363311 1.04825222363
0.333333333333 2.93215314335 8.44551836034
0.333333333333 3.14159265359 12.3445047167
0.333333333333 3.35103216383 8.56446947406
0.333333333333 3.56047167407 3.86673078333
0.333333333333 3.76991118431 8.36295198915
0.333333333333 3.97935069455 11.2543787155
0.333333333333 4.18879020479 9.82791960136
0.333333333333 4.39822971503 5.4082225443
0.333333333333 4.60766922527 3.21635594853
0.333333333333 4.8171087355 3.49856815792
0.333333333333 5.02654824574 1.29533749812
0.333333333333 5.23598775598 2.25976626906
0.333333333333 5.44542726622 0.925359574989
0.333333333333 5.65486677646 0.951308895017
0.333333333333 5.8643062867 0.759316058945
0.333333333333 6.07374579694 0.682569810545

0.4 0 0.168142756686
0.4 0.209439510239 0.332070556903
0.4 0.418879020479 0.356480737904
0.4 0.628318530718 0.233294793488
0.4 0.837758040957 0.23887580446
0.4 1.0471975512 0.374887476623
0.4 1.25663706144 0.142913642784
0.4 1.46607657168 0.428485317629
0.4 1.67551608191 0.572364322608
0.4 1.88495559215 0.181811903562
0.4 2.09439510239 0.018476597026
0.4 2.30383461263 0.466944362486
0.4 2.51327412287 0.497212336848
0.4 2.72271363311 0.885901708237
0.4 2.93215314335 7.97050697452
0.4 3.14159265359 11.5411138303
0.4 3.35103216383 11.0912967393
0.4 3.56047167407 5.46803077591
0.4 3.76991118431 8.46588164453
0.4 3.97935069455 11.1424763519
0.4 4.18879020479 9.47910749613
0.4 4.39822971503 5.02444992381
0.4 4.60766922527 3.09151381036
0.4 4.8171087355 3.4171985856
0.4 5.02654824574 1.35244547787
0.4 5.23598775598 2.29436973115
0.4 5.44542726622 0.90970246953
0.4 5.65486677646 0.943248023263
0.4 5.8643062867 0.762282024235
0.4 6.07374579694 0.676258946452

0.466666666667 0 0.174341050109
0.466666666667 0.209439510239 0.268923144163
0.466666666667 0.418879020479 0.380669063948
0.466666666667 0.628318530718 0.313931505893
0.466666666667 0.837758040957 0.301828711418
0.466666666667 1.0471975512 0.308695721873
0.466666666667 1.25663706144 0.0926838992591
0.466666666667 1.46607657168 0.430681223084
0.466666666667 1.67551608191 0.526210765003
0.466666666667 1.88495559215 0.15018533057
0.466666666667 2.09439510239 0.0107075936891
0.466666666667 2.30383461263 0.495195986194
0.466666666667 2.51327412287 0.362153100191
0.466666666667 2.72271363311 0.765390111117
0.466666666667 2.93215314335 7.52210883579
0.466666666667 3.14159265359 10.4319187804
0.466666666667 3.35103216383 12.9944990505
0.466666666667 3.56047167407 8.20066463144
0.466666666667 3.76991118431 8.87622165804
0.466666666667 3.97935069455 10.7593997168
0.466666666667 4.18879020479 8.80857264903
0.466666666667 4.39822971503 4.45969303045
0.466666666667 4.60766922527 2.96266463355
0.466666666667 4.8171087355 3.36204068554
0.466666666667 5.02654824574 1.43908935575
0.466666666667 5.23598775598 2.31797687653
0.466666666667 5.44542726622 0.889395182893
0.466666666667 5.65486677646 0.940042963577
0.466666666667 5.8643062867 0.737912386589
0.466666666667 6.07374579694 0.680943728142

0.533333333333 0 0.202139265942
0.533333333333 0.209439510239 0.184397081016
0.533333333333 0.418879020479 0.337230891847
0.533333333333 0.628318530718 0.314742817361
0.533333333333 0.837758040957 0.258284365464
0.533333333333 1.0471975512 0.155797086523
0.533333333333 1.25663706144 0.0895202697238
0.533333333333 1.46607657168 0.367349596232
0.533333333333 1.67551608191 0.500092959187
0.533333333333 1.88495559215 0.124793330965
0.533333333333 2.09439510239 0.0113442352394
0.533333333333 2.30383461263 0.515679822431
0.533333333333 2.51327412287 0.235829909444
0.533333333333 2.72271363311 0.683970558201
0.533333333333 2.93215314335 7.03303502854
0.533333333333 3.14159265359 9.63279866174
0.533333333333 3.35103216383 13.322893533
0.533333333333 3.56047167407 11.5404636463
0.533333333333 3.76991118431 10.0301408155
0.533333333333 3.97935069455 10.2970667914
0.533333333333 4.18879020479 7.82609399204
0.533333333333 4.39822971503 3.78347167188
0.533333333333 4.60766922527 2.89162337669
0.533333333333 4.8171087355 3.36448541306
0.533333333333 5.02654824574 1.55495092968
0.533333333333 5.23598775598 2.31683644765
0.533333333333 5.44542726622 0.864579532855
0.533333333333 5.65486677646 0.938618331524
0.533333333333 5.8643062867 0.68221857998
0.533333333333 6.07374579694 0.699930978974

0.6 0 0.259907143401
0.6 0.209439510239 0.109573518897
0.6 0.418879020479 0.24679781633
0.6 0.628318530718 0.231974593062
0.6 0.837758040957 0.137535184152
0.6 1.0471975512 0.0551320222582
0.6 1.25663706144 0.14837381271
0.6 1.46607657168 0.249855201516
0.6 1.67551608191 0.523114933323
0.6 1.88495559215 0.110648864307
0.6 2.09439510239 0.0278079054297
0.6 2.30383461263 0.517590417919
0.6 2.51327412287 0.130264699664
0.6 2.72271363311 0.613881536984
0.6 2.93215314335 6.25927795469
0.6 3.14159265359 9.93225949945
0.6 3.35103216383 11.9975480312
0.6 3.56047167407 13.895358412
0.6 3.76991118431 11.738810069
0.6 3.97935069455 9.94766163529
0.6 4.18879020479 6.69378425794
0.6 4.39822971503 3.17935205053
0.6 4.60766922527 2.9777694849
0.6 4.8171087355 3.44633987951
0.6 5.02654824574 1.68452408781
0.6 5.23598775598 2.27259187518
0.6 5.44542726622 0.835348544582
0.6 5.65486677646 0.931224503486
0.6 5.8643062867 0.601988732037
0.6 6.07374579694 0.726693060932

0.666666666667 0 0.354928451039
0.666666666667 0.209439510239 0.0791768770141
0.666666666667 0.418879020479 0.178090677303
0.666666666667 0.628318530718 0.187253875334
0.666666666667 0.837758040957 0.129457394662
0.666666666667 1.0471975512 0.152561499465
0.666666666667 1.25663706144 0.185181870594
0.666666666667 1.46607657168 0.191941052251
0.666666666667 1.67551608191 0.596590567654
0.666666666667 1.88495559215 0.112845394061
0.666666666667 2.09439510239 0.0691484045596
0.666666666667 2.30383461263 0.482798879582
0.666666666667 2.51327412287 0.0581388555664
0.666666666667 2.72271363311 0.509363112668
0.666666666667 2.93215314335 4.81441493534
0.666666666667 3.14159265359 11.1339944103
0.666666666667 3.35103216383 10.7225385723
0.666666666667 3.56047167407 13.768329025
0.666666666667 3.76991118431 12.7243385399
0.666666666667 3.97935069455 9.56190945093
0.666666666667 4.18879020479 5.66684698482
0.666666666667 4.39822971503 2.90024444599
0.666666666667 4.60766922527 3.32373915644
0.666666666667 4.8171087355 3.58355933802
0.666666666667 5.02654824574 1.78522801923
0.666666666667 5.23598775598 2.16405216576
0.666666666667 5.44542726622 0.801732582255
0.666666666667 5.65486677646 0.90360365918
0.666666666667 5.8643062867 0.522363468999
0.666666666667 6.07374579694 0.735794447915

0.733333333333 0 0.482277774145
0.733333333333 0.209439510239 0.110775527676
0.733333333333 0.418879020479 0.149375544279
0.733333333333 0.628318530718 0.249339306908
0.733333333333 0.837758040957 0.291069587349
0.733333333333 1.0471975512 0.290914158405
0.733333333333 1.25663706144 0.125831390885
0.733333333333 1.46607657168 0.365051027391
0.733333333333 1.67551608191 0.640615023929
0.733333333333 1.88495559215 0.138946453654
0.733333333333 2.09439510239 0.138344465915
0.733333333333 2.30383461263 0.387321679608
0.733333333333 2.51327412287 0.026420799262
0.733333333333 2.72271363311 0.352585960209
0.733333333333 2.93215314335 2.6020438342
0.733333333333 3.14159265359 10.7155686926
0.733333333333 3.35103216383 10.8999754244
0.733333333333 3.56047167407 11.7966058607
0.733333333333 3.76991118431 11.5671946433
0.733333333333 3.97935069455 8.49764494394
0.733333333333 4.18879020479 4.85247725407
0.733333333333 4.39822971503 3.11138105372
0.733333333333 4.60766922527 3.9340004066
0.733333333333 4.8171087355 3.64453546723
0.733333333333 5.02654824574 1.77891181183
0.733333333333 5.23598775598 1.9728752758
0.733333333333 5.44542726622 0.763624403397
0.733333333333 5.65486677646 0.834285609713
0.733333333333 5.8643062867 0.487083906211
0.733333333333 6.07374579694 0.689043333725

0.8 0 0.59372589236
0.8 0.209439510239 0.226740767928
0.8 0.418879020479 0.0944778067377
0.8 0.628318530718 0.180107196895
0.8 0.837758040957 0.236413871274
0.8 1.0471975512 0.165873560047
0.8 1.25663706144 0.187763743207
0.8 1.46607657168 0.682869236629
0.8 1.67551608191 0.520474690576
0.8 1.88495559215 0.205623458336
0.8 2.09439510239 0.209363104431
0.8 2.30383461263 0.224030395853
0.8 2.51327412287 0.0227827799598
0.8 2.72271363311 0.21709440206
0.8 2.93215314335 0.580067298775
0.8 3.14159265359 6.1540400318
0.8 3.35103216383 9.27652576084
0.8 3.56047167407 9.09213504951
0.8 3.76991118431 8.33405658036
0.8 3.97935069455 6.25586711767
0.8 4.18879020479 4.11050841578
0.8 4.39822971503 3.74049303231
0.8 4.60766922527 4.52025905211
0.8 4.8171087355 3.32603358682
0.8 5.02654824574 1.56903931338
0.8 5.23598775598 1.69561691175
0.8 5.44542726622 0.720532972481
0.8 5.65486677646 0.698333550312
0.8 5.8643062867 0.530685315
0.8 6.07374579694 0.589669593442

0.866666666667 0 0.622613179492
0.866666666667 0.209439510239 0.453050841325
0.866666666667 0.418879020479 0.200329125406
0.866666666667 0.628318530718 0.0840209420393
0.866666666667 0.837758040957 0.0880006033562
0.866666666667 1.0471975512 0.210678344246
0.866666666667 1.25663706144 0.513620307296
0.866666666667 1.46607657168 0.653972656074
0.866666666667 1.67551608191 0.317978515013
0.866666666667 1.88495559215 0.31158891943
0.866666666667 2.09439510239 0.206096512732
0.866666666667 2.30383461263 0.0710734125277
0.866666666667 2.51327412287 0.0356943152711
0.866666666667 2.72271363311 0.169437870055
0.866666666667 2.93215314335 0.17872255814
0.866666666667 3.14159265359 1.30720417285
0.866666666667 3.35103216383 3.48669461369
0.866666666667 3.56047167407 4.3231891815
0.866666666667 3.76991118431 4.12434223937
0.866666666667 3.97935069455 3.6871601639
0.866666666667 4.18879020479 3.71956936065
0.866666666667 4.39822971503 4.36113730033
0.866666666667 4.60766922527 4.16797505907
0.866666666667 4.8171087355 2.23206708873
0.866666666667 5.02654824574 1.13510722664
0.866666666667 5.23598775598 1.36201675143
0.866666666667 5.44542726622 0.670812908569
0.866666666667 5.65486677646 0.484307148652
0.866666666667 5.8643062867 0.590708492401
0.866666666667 6.07374579694 0.565364387989

0.933333333333 0 0.696205705738
0.933333333333 0.209439510239 0.698326745762
0.933333333333 0.418879020479 0.638521537195
0.933333333333 0.628318530718 0.574570340175
0.933333333333 0.837758040957 0.558134574591
0.933333333333 1.0471975512 0.576779311671
0.933333333333 1.25663706144 0.553414509665
0.933333333333 1.46607657168 0.453847769301
0.933333333333 1.67551608191 0.37199582782
0.933333333333 1.88495559215 0.275910244002
0.933333333333 2.09439510239 0.0979309664588
0.933333333333 2.30383461263 0.108012996948
0.933333333333 2.51327412287 0.17735160444
0.933333333333 2.72271363311 0.14154991093
0.933333333333 2.93215314335 0.325912599366
0.933333333333 3.14159265359 0.747076401357
0.933333333333 3.35103216383 1.30766598231
0.933333333333 3.56047167407 1.90950796364
0.933333333333 3.76991118431 2.47367394401
0.933333333333 3.97935069455 2.96742899098
0.933333333333 4.18879020479 3.18666113472
0.933333333333 4.39822971503 2.72767454346
0.933333333333 4.60766922527 1.56080451218
0.933333333333 4.8171087355 0.630815531597
0.933333333333 5.02654824574 0.756506343028
0.933333333333 5.23598775598 1.0399649949
0.933333333333 5.44542726622 0.60862047311
0.933333333333 5.65486677646 0.250428641273
0.933333333333 5.8643062867 0.394761002945
0.933333333333 6.07374579694 0.605221950509

