-1 0 0.290734395458
-1 0.209439510239 0.290734395458
-1 0.418879020479 0.290734395458
-1 0.628318530718 0.290734395457
-1 0.837758040957 0.290734395457
-1 1.0471975512 0.290734395457
-1 1.25663706144 0.290734395458
-1 1.46607657168 0.290734395458
-1 1.67551608191 0.290734395458
-1 1.88495559215 0.290734395458
-1 2.09439510239 0.290734395457
-1 2.30383461263 0.290734395457
-1 2.51327412287 0.290734395457
-1 2.72271363311 0.290734395457
-1 2.93215314335 0.290734395458
-1 3.14159265359 0.290734395458
-1 3.35103216383 0.290734395458
-1 3.56047167407 0.290734395458
-1 3.76991118431 0.290734395457
-1 3.97935069455 0.290734395457
-1 4.18879020479 0.290734395457
-1 4.39822971503 0.290734395458
-1 4.60766922527 0.290734395458
-1 4.8171087355 0.290734395458
-1 5.02654824574 0.290734395458
-1 5.23598775598 0.290734395457
-1 5.44542726622 0.290734395457
-1 5.65486677646 0.290734395457
-1 5.8643062867 0.290734395457
-1 6.07374579694 0.290734395458

-0.933333333333 0 0.166023581591
-0.933333333333 0.209439510239 0.228506921218
-0.933333333333 0.418879020479 0.307805326156
-0.933333333333 0.628318530718 0.370545474635
-0.933333333333 0.837758040957 0.467361426363
-0.933333333333 1.0471975512 0.657884657071
-0.933333333333 1.25663706144 0.921656979285
-0.933333333333 1.46607657168 1.07166102829
-0.933333333333 1.67551608191 0.888334900475
-0.933333333333 1.88495559215 0.487315354713
-0.933333333333 2.09439510239 0.215765046541
-0.933333333333 2.30383461263 0.0924400433271
-0.933333333333 2.51327412287 0.0115425159807
-0.933333333333 2.72271363311 0.04229374348
-0.933333333333 2.93215314335 0.16570306418
-0.933333333333 3.14159265359 0.256672743725
-0.933333333333 3.35103216383 0.252192777868
-0.933333333333 3.56047167407 0.187694550681
-0.933333333333 3.76991118431 0.122168398888
-0.933333333333 3.97935069455 0.0827920393549
-0.933333333333 4.18879020479 0.0764559026188
-0.933333333333 4.39822971503 0.116976577805
-0.933333333333 4.60766922527 0.212178391701
-0.933333333333 4.8171087355 0.272338838504
-0.933333333333 5.02654824574 0.174988491312
-0.933333333333 5.23598775598 0.113041909611
-0.933333333333 5.44542726622 0.333700294064
-0.933333333333 5.65486677646 0.558193614739
-0.933333333333 5.8643062867 0.475678492003
-0.933333333333 6.07374579694 0.248465522969

-0.866666666667 0 0.192046148513
-0.866666666667 0.209439510239 0.336558609122
-0.866666666667 0.418879020479 0.334386866303
-0.866666666667 0.628318530718 0.271476453123
-0.866666666667 0.837758040957 0.1684785225
-0.866666666667 1.0471975512 0.0668741017596
-0.866666666667 1.25663706144 0.177371642506
-0.866666666667 1.46607657168 0.72817819198
-0.866666666667 1.67551608191 1.21284651445
-0.866666666667 1.88495559215 0.841301780853
-0.866666666667 2.09439510239 0.284123713061
-0.866666666667 2.30383461263 0.0920337049029
-0.866666666667 2.51327412287 0.00409512821878
-0.866666666667 2.72271363311 0.0858195725361
-0.866666666667 2.93215314335 0.224912012931
-0.866666666667 3.14159265359 0.23805395248
-0.866666666667 3.35103216383 0.136142195195
-0.866666666667 3.56047167407 0.0720099223015
-0.866666666667 3.76991118431 0.061002439699
-0.866666666667 3.97935069455 0.0709356075695
-0.866666666667 4.18879020479 0.0941776736569
-0.866666666667 4.39822971503 0.106204179236
-0.866666666667 4.60766922527 0.0539127226927
-0.866666666667 4.8171087355 0.0722004954535
-0.866666666667 5.02654824574 0.151874732255
-0.866666666667 5.23598775598 0.129356315193
-0.866666666667 5.44542726622 0.239581719703
-0.866666666667 5.65486677646 0.366723605354
-0.866666666667 5.8643062867 0.347911021397
-0.866666666667 6.07374579694 0.108708915262

-0.8 0 0.437806343397
-0.8 0.209439510239 0.494563904318
-0.8 0.418879020479 0.509582801778
-0.8 0.628318530718 0.526112934354
-0.8 0.837758040957 0.467411285122
-0.8 1.0471975512 0.308899942804
-0.8 1.25663706144 0.05606511727
-0.8 1.46607657168 0.158838177565
-0.8 1.67551608191 0.972646313916
-0.8 1.88495559215 1.0561397177
-0.8 2.09439510239 0.381697242536
-0.8 2.30383461263 0.117212886161
-0.8 2.51327412287 0.0122139440099
-0.8 2.72271363311 0.121908608703
-0.8 2.93215314335 0.259833547897
-0.8 3.14159265359 0.162228877057
-0.8 3.35103216383 0.0806909293273
-0.8 3.56047167407 0.0916062489322
-0.8 3.76991118431 0.0976453175183
-0.8 3.97935069455 0.105630918253
-0.8 4.18879020479 0.0915252574747
-0.8 4.39822971503 0.110737521389
-0.8 4.60766922527 0.174268213231
-0.8 4.8171087355 0.115358878007
-0.8 5.02654824574 0.122952220797
-0.8 5.23598775598 0.115167337739
-0.8 5.44542726622 0.227159451754
-0.8 5.65486677646 0.249184563991
-0.8 5.8643062867 0.432964476986
-0.8 6.07374579694 0.177480868057

-0.733333333333 0 0.531189998805
-0.733333333333 0.209439510239 0.534389602406
-0.733333333333 0.418879020479 0.710463871228
-0.733333333333 0.628318530718 0.688014046431
-0.733333333333 0.837758040957 0.560404462402
-0.733333333333 1.0471975512 0.475127854204
-0.733333333333 1.25663706144 0.295237549734
-0.733333333333 1.46607657168 0.0285946408899
-0.733333333333 1.67551608191 0.602654350515
-0.733333333333 1.88495559215 1.11638880628
-0.733333333333 2.09439510239 0.468115564505
-0.733333333333 2.30383461263 0.144622105836
-0.733333333333 2.51327412287 0.0317317074823
-0.733333333333 2.72271363311 0.15685269788
-0.733333333333 2.93215314335 0.241683268599
-0.733333333333 3.14159265359 0.0934788287768
-0.733333333333 3.35103216383 0.132695012222
-0.733333333333 3.56047167407 0.10577181174
-0.733333333333 3.76991118431 0.103867974399
-0.733333333333 3.97935069455 0.166469795423
-0.733333333333 4.18879020479 0.168410198813
-0.733333333333 4.39822971503 0.0584997206686
-0.733333333333 4.60766922527 0.0825670849594
-0.733333333333 4.8171087355 0.140775170754
-0.733333333333 5.02654824574 0.183235565334
-0.733333333333 5.23598775598 0.0821706868157
-0.733333333333 5.44542726622 0.269319013324
-0.733333333333 5.65486677646 0.215357702924
-0.733333333333 5.8643062867 0.496457554596
-0.733333333333 6.07374579694 0.297983914746

-0.666666666667 0 0.490060087612
-0.666666666667 0.209439510239 0.689952916184
-0.666666666667 0.418879020479 0.930427400008
-0.666666666667 0.628318530718 0.711202187357
-0.666666666667 0.837758040957 0.47010037067
-0.666666666667 1.0471975512 0.391115631813
-0.666666666667 1.25663706144 0.392029077547
-0.666666666667 1.46607657168 0.1332669884
-0.666666666667 1.67551608191 0.333993974259
-0.666666666667 1.88495559215 1.08072354
-0.666666666667 2.09439510239 0.536418770662
-0.666666666667 2.30383461263 0.167294137716
-0.666666666667 2.51327412287 0.059318513833
-0.666666666667 2.72271363311 0.182791185935
-0.666666666667 2.93215314335 0.181404623045
-0.666666666667 3.14159265359 0.118011621297
-0.666666666667 3.35103216383 0.169440808826
-0.666666666667 3.56047167407 0.0580090540454
-0.666666666667 3.76991118431 0.119247230251
-0.666666666667 3.97935069455 0.191015297403
-0.666666666667 4.18879020479 0.208004385213
-0.666666666667 4.39822971503 0.106474540487
-0.666666666667 4.60766922527 0.00688626617704
-0.666666666667 4.8171087355 0.0902283651945
-0.666666666667 5.02654824574 0.228373836085
-0.666666666667 5.23598775598 0.0620597774127
-0.666666666667 5.44542726622 0.318312070777
-0.666666666667 5.65486677646 0.213800078651
-0.666666666667 5.8643062867 0.502245143872
-0.666666666667 6.07374579694 0.407783456482

-0.6 0 0.446241467258
-0.6 0.209439510239 0.860577861297
-0.6 0.418879020479 0.928208026438
-0.6 0.628318530718 0.56084108278
-0.6 0.837758040957 0.330541159949
-0.6 1.0471975512 0.250528522754
-0.6 1.25663706144 0.333479315506
-0.6 1.46607657168 0.245915545901
-0.6 1.67551608191 0.196647051852
-0.6 1.88495559215 0.998706542832
-0.6 2.09439510239 0.589298119554
-0.6 2.30383461263 0.183727206151
-0.6 2.51327412287 0.0901457331233
-0.6 2.72271363311 0.195751268557
-0.6 2.93215314335 0.120204384635
-0.6 3.14159265359 0.200948378166
-0.6 3.35103216383 0.135611494439
-0.6 3.56047167407 0.0896783122238
-0.6 3.76991118431 0.262874503204
-0.6 3.97935069455 0.252662622606
-0.6 4.18879020479 0.175838120467
-0.6 4.39822971503 0.115823065831
-0.6 4.60766922527 0.0200495120066
-0.6 4.8171087355 0.0656656013472
-0.6 5.02654824574 0.239996765273
-0.6 5.23598775598 0.0579206037372
-0.6 5.44542726622 0.354572339775
-0.6 5.65486677646 0.21676362139
-0.6 5.8643062867 0.489460620306
-0.6 6.07374579694 0.464781975351

-0.533333333333 0 0.435274534844
-0.533333333333 0.209439510239 0.888532085297
-0.533333333333 0.418879020479 0.719606691043
-0.533333333333 0.628318530718 0.341917880978
-0.533333333333 0.837758040957 0.226165167666
-0.533333333333 1.0471975512 0.164955405945
-0.533333333333 1.25663706144 0.234811985774
-0.533333333333 1.46607657168 0.29682045442
-0.533333333333 1.67551608191 0.148758328725
-0.533333333333 1.88495559215 0.901677402248
-0.533333333333 2.09439510239 0.63083460898
-0.533333333333 2.30383461263 0.194411201675
-0.533333333333 2.51327412287 0.119980045072
-0.533333333333 2.72271363311 0.197094864498
-0.533333333333 2.93215314335 0.0854659635644
-0.533333333333 3.14159265359 0.276021315244
-0.533333333333 3.35103216383 0.0909676510154
-0.533333333333 3.56047167407 0.24803701832
-0.533333333333 3.76991118431 0.474905234369
-0.533333333333 3.97935069455 0.370368382919
-0.533333333333 4.18879020479 0.197399745151
-0.533333333333 4.39822971503 0.0910180937586
-0.533333333333 4.60766922527 0.053330374709
-0.533333333333 4.8171087355 0.0831797633124
-0.533333333333 5.02654824574 0.244444999343
-0.533333333333 5.23598775598 0.0632803934605
-0.533333333333 5.44542726622 0.375972412591
-0.533333333333 5.65486677646 0.216701091602
-0.533333333333 5.8643062867 0.480848534126
-0.533333333333 6.07374579694 0.472009721806

-0.466666666667 0 0.431961595614
-0.466666666667 0.209439510239 0.796747927802
-0.466666666667 0.418879020479 0.48137427286
-0.466666666667 0.628318530718 0.178515235224
-0.466666666667 0.837758040957 0.190980183894
-0.466666666667 1.0471975512 0.151257355058
-0.466666666667 1.25663706144 0.160414331752
-0.466666666667 1.46607657168 0.299234190841
-0.466666666667 1.67551608191 0.146030562058
-0.466666666667 1.88495559215 0.807056722505
-0.466666666667 2.09439510239 0.664255014887
-0.466666666667 2.30383461263 0.200458946952
-0.466666666667 2.51327412287 0.146042884653
-0.466666666667 2.72271363311 0.190501974378
-0.466666666667 2.93215314335 0.0823506916905
-0.466666666667 3.14159265359 0.312104345575
-0.466666666667 3.35103216383 0.0887138855443
-0.466666666667 3.56047167407 0.449674964863
-0.466666666667 3.76991118431 0.62925231958
-0.466666666667 3.97935069455 0.476691868084
-0.466666666667 4.18879020479 0.301131713299
-0.466666666667 4.39822971503 0.103514114808
-0.466666666667 4.60766922527 0.0721797437629
-0.466666666667 4.8171087355 0.11384203969
-0.466666666667 5.02654824574 0.258400246783
-0.466666666667 5.23598775598 0.0724989454888
-0.466666666667 5.44542726622 0.385865155881
-0.466666666667 5.65486677646 0.213436854054
-0.466666666667 5.8643062867 0.47959485919
-0.466666666667 6.07374579694 0.453427984063

-0.4 0 0.418116430647
-0.4 0.209439510239 0.678589415997
-0.4 0.418879020479 0.334708687798
-0.4 0.628318530718 0.114116255647
-0.4 0.837758040957 0.213280316096
-0.4 1.0471975512 0.187728635812
-0.4 1.25663706144 0.122756967742
-0.4 1.46607657168 0.280347503509
-0.4 1.67551608191 0.160333144063
-0.4 1.88495559215 0.723292860192
-0.4 2.09439510239 0.691712035587
-0.4 2.30383461263 0.203041610084
-0.4 2.51327412287 0.166979826164
-0.4 2.72271363311 0.179694199266
-0.4 2.93215314335 0.102759476994
-0.4 3.14159265359 0.31123574024
-0.4 3.35103216383 0.132661610506
-0.4 3.56047167407 0.606972076978
-0.4 3.76991118431 0.673380809684
-0.4 3.97935069455 0.522202273229
-0.4 4.18879020479 0.423674877467
-0.4 4.39822971503 0.162733523402
-0.4 4.60766922527 0.0796311404115
-0.4 4.8171087355 0.136799692911
-0.4 5.02654824574 0.283463241632
-0.4 5.23598775598 0.0822080914171
-0.4 5.44542726622 0.388215571935
-0.4 5.65486677646 0.20820315593
-0.4 5.8643062867 0.48246325144
-0.4 6.07374579694 0.429051887033

-0.333333333333 0 0.394314073014
-0.333333333333 0.209439510239 0.592017269168
-0.333333333333 0.418879020479 0.293679074636
-0.333333333333 0.628318530718 0.120015579449
-0.333333333333 0.837758040957 0.259503532549
-0.333333333333 1.0471975512 0.246140431632
-0.333333333333 1.25663706144 0.113032886841
-0.333333333333 1.46607657168 0.257756283156
-0.333333333333 1.67551608191 0.177974073197
-0.333333333333 1.88495559215 0.653570905555
-0.333333333333 2.09439510239 0.714569184936
-0.333333333333 2.30383461263 0.203171006883
-0.333333333333 2.51327412287 0.18249507782
-0.333333333333 2.72271363311 0.167496148177
-0.333333333333 2.93215314335 0.135139269167
-0.333333333333 3.14159265359 0.28819430232
-0.333333333333 3.35103216383 0.1997171228
-0.333333333333 3.56047167407 0.687578020565
-0.333333333333 3.76991118431 0.629057260541
-0.333333333333 3.97935069455 0.508030617363
-0.333333333333 4.18879020479 0.509878415781
-0.333333333333 4.39822971503 0.234160582679
-0.333333333333 4.60766922527 0.0838398152607
-0.333333333333 4.8171087355 0.146796822871
-0.333333333333 5.02654824574 0.314725688639
-0.333333333333 5.23598775598 0.090670732567
-0.333333333333 5.44542726622 0.386225412113
-0.333333333333 5.65486677646 0.201914863475
-0.333333333333 5.8643062867 0.486623779568
-0.333333333333 6.07374579694 0.408528308339

-0.266666666667 0 0.367672036266
-0.266666666667 0.209439510239 0.548094860603
-0.266666666667 0.418879020479 0.316876493576
-0.266666666667 0.628318530718 0.151734398933
-0.266666666667 0.837758040957 0.301490599844
-0.266666666667 1.0471975512 0.304787681177
-0.266666666667 1.25663706144 0.119233245317
-0.266666666667 1.46607657168 0.238940433991
-0.266666666667 1.67551608191 0.193818073879
-0.266666666667 1.88495559215 0.598281510225
-0.266666666667 2.09439510239 0.733688656446
-0.266666666667 2.30383461263 0.201635329294
-0.266666666667 2.51327412287 0.192949294599
-0.266666666667 2.72271363311 0.155713647835
-0.266666666667 2.93215314335 0.169872478774
-0.266666666667 3.14159265359 0.256967646094
-0.266666666667 3.35103216383 0.266395894461
-0.266666666667 3.56047167407 0.702340682528
-0.266666666667 3.76991118431 0.542697030771
-0.266666666667 3.97935069455 0.46152248299
-0.266666666667 4.18879020479 0.548414818295
-0.266666666667 4.39822971503 0.288784979012
-0.266666666667 4.60766922527 0.0879116815423
-0.266666666667 4.8171087355 0.146614839196
-0.266666666667 5.02654824574 0.346855794689
-0.266666666667 5.23598775598 0.0971207755178
-0.266666666667 5.44542726622 0.382160241792
-0.266666666667 5.65486677646 0.194966493255
-0.266666666667 5.8643062867 0.491132336171
-0.266666666667 6.07374579694 0.394043043854

-0.2 0 0.343347920497
-0.2 0.209439510239 0.534954860953
-0.2 0.418879020479 0.361965217895
-0.2 0.628318530718 0.181307617091
-0.2 0.837758040957 0.325871392015
-0.2 1.0471975512 0.35132879418
-0.2 1.25663706144 0.132074236015
-0.2 1.46607657168 0.225793634567
-0.2 1.67551608191 0.206707852331
-0.2 1.88495559215 0.556541209767
-0.2 2.09439510239 0.74960943716
-0.2 2.30383461263 0.199001287667
-0.2 2.51327412287 0.199034783723
-0.2 2.72271363311 0.145341624733
-0.2 2.93215314335 0.200836609875
-0.2 3.14159265359 0.226269717172
-0.2 3.35103216383 0.319053360829
-0.2 3.56047167407 0.67726517988
-0.2 3.76991118431 0.451842253651
-0.2 3.97935069455 0.409702575829
-0.2 4.18879020479 0.554612213706
-0.2 4.39822971503 0.317875571164
-0.2 4.60766922527 0.0917547345154
-0.2 4.8171087355 0.140823843665
-0.2 5.02654824574 0.376238833157
-0.2 5.23598775598 0.101340837938
-0.2 5.44542726622 0.377505411107
-0.2 5.65486677646 0.187406756133
-0.2 5.8643062867 0.496441197031
-0.2 6.07374579694 0.384384041756

-0.133333333333 0 0.322999611377
-0.133333333333 0.209439510239 0.537185639865
-0.133333333333 0.418879020479 0.405702890891
-0.133333333333 0.628318530718 0.199537492861
-0.133333333333 0.837758040957 0.330638611687
-0.133333333333 1.0471975512 0.380725441755
-0.133333333333 1.25663706144 0.1455871426
-0.133333333333 1.46607657168 0.218069688863
-0.133333333333 1.67551608191 0.216930730763
-0.133333333333 1.88495559215 0.527066967676
-0.133333333333 2.09439510239 0.762619702391
-0.133333333333 2.30383461263 0.195640960839
-0.133333333333 2.51327412287 0.201552056135
-0.133333333333 2.72271363311 0.136834772946
-0.133333333333 2.93215314335 0.225015034336
-0.133333333333 3.14159265359 0.199938067218
-0.133333333333 3.35103216383 0.353069315285
-0.133333333333 3.56047167407 0.635609517378
-0.133333333333 3.76991118431 0.376512976747
-0.133333333333 3.97935069455 0.368815239368
-0.133333333333 4.18879020479 0.546951134706
-0.133333333333 4.39822971503 0.324974378969
-0.133333333333 4.60766922527 0.0946397422906
-0.133333333333 4.8171087355 0.13318548751
-0.133333333333 5.02654824574 0.40106216812
-0.133333333333 5.23598775598 0.103414227591
-0.133333333333 5.44542726622 0.37316743826
-0.133333333333 5.65486677646 0.179132401602
-0.133333333333 5.8643062867 0.503640396313
-0.133333333333 6.07374579694 0.377460662286

-0.0666666666667 0 0.306264703161
-0.0666666666667 0.209439510239 0.543383201947
-0.0666666666667 0.418879020479 0.441413949361
-0.0666666666667 0.628318530718 0.208303920701
-0.0666666666667 0.837758040957 0.319486019264
-0.0666666666667 1.0471975512 0.392117750218
-0.0666666666667 1.25663706144 0.15636726967
-0.0666666666667 1.46607657168 0.215060666702
-0.0666666666667 1.67551608191 0.225099483108
-0.0666666666667 1.88495559215 0.508645837916
-0.0666666666667 2.09439510239 0.772756747527
-0.0666666666667 2.30383461263 0.191764558325
-0.0666666666667 2.51327412287 0.201274236304
-0.0666666666667 2.72271363311 0.130333656563
-0.0666666666667 2.93215314335 0.241536510561
-0.0666666666667 3.14159265359 0.178741582795
-0.0666666666667 3.35103216383 0.368885823122
-0.0666666666667 3.56047167407 0.591945657603
-0.0666666666667 3.76991118431 0.323376122191
-0.0666666666667 3.97935069455 0.345275809247
-0.0666666666667 4.18879020479 0.536484401325
-0.0666666666667 4.39822971503 0.316314081198
-0.0666666666667 4.60766922527 0.0961210527152
-0.0666666666667 4.8171087355 0.126217183485
-0.0666666666667 5.02654824574 0.420762268461
-0.0666666666667 5.23598775598 0.103586451265
-0.0666666666667 5.44542726622 0.3696393959
-0.0666666666667 5.65486677646 0.170026058815
-0.0666666666667 5.8643062867 0.513925876279
-0.0666666666667 6.07374579694 0.371322202815

6.12323399574e-17 0 0.292509945278
6.12323399574e-17 0.209439510239 0.546575205824
6.12323399574e-17 0.418879020479 0.471091590039
6.12323399574e-17 0.628318530718 0.214145988382
6.12323399574e-17 0.837758040957 0.298170259493
6.12323399574e-17 1.0471975512 0.386539971958
6.12323399574e-17 1.25663706144 0.162902031972
6.12323399574e-17 1.46607657168 0.216174034235
6.12323399574e-17 1.67551608191 0.231766542356
6.12323399574e-17 1.88495559215 0.500364908633
6.12323399574e-17 2.09439510239 0.779760454216
6.12323399574e-17 2.30383461263 0.187451245804
6.12323399574e-17 2.51327412287 0.19887681652
6.12323399574e-17 2.72271363311 0.12582052862
6.12323399574e-17 2.93215314335 0.250804715801
6.12323399574e-17 3.14159265359 0.161980875608
6.12323399574e-17 3.35103216383 0.368796534555
6.12323399574e-17 3.56047167407 0.552747121338
6.12323399574e-17 3.76991118431 0.292397563458
6.12323399574e-17 3.97935069455 0.340004422449
6.12323399574e-17 4.18879020479 0.526529974406
6.12323399574e-17 4.39822971503 0.296674736953
6.12323399574e-17 4.60766922527 0.0960493729736
6.12323399574e-17 4.8171087355 0.121542703961
6.12323399574e-17 5.02654824574 0.435449250376
6.12323399574e-17 5.23598775598 0.102200588726
6.12323399574e-17 5.44542726622 0.367118798302
6.12323399574e-17 5.65486677646 0.160046468706
6.12323399574e-17 5.8643062867 0.528303882524
6.12323399574e-17 6.07374579694 0.364343593608

0.0666666666667 0 0.281998919735
0.0666666666667 0.209439510239 0.542331670016
0.0666666666667 0.418879020479 0.499247160745
0.0666666666667 0.628318530718 0.224965791878
0.0666666666667 0.837758040957 0.273121992811
0.0666666666667 1.0471975512 0.36598731594
0.0666666666667 1.25663706144 0.165291246273
0.0666666666667 1.46607657168 0.221008215621
0.0666666666667 1.67551608191 0.237357731569
0.0666666666667 1.88495559215 0.501699054392
0.0666666666667 2.09439510239 0.782994207366
0.0666666666667 2.30383461263 0.182675852359
0.0666666666667 2.51327412287 0.194911851867
0.0666666666667 2.72271363311 0.123212947107
0.0666666666667 2.93215314335 0.253920750767
0.0666666666667 3.14159265359 0.148482319537
0.0666666666667 3.35103216383 0.355384514662
0.0666666666667 3.56047167407 0.518987658915
0.0666666666667 3.76991118431 0.281712091227
0.0666666666667 3.97935069455 0.351833156301
0.0666666666667 4.18879020479 0.515722409193
0.0666666666667 4.39822971503 0.269254002345
0.0666666666667 4.60766922527 0.0943658404098
0.0666666666667 4.8171087355 0.120362390983
0.0666666666667 5.02654824574 0.445468484958
0.0666666666667 5.23598775598 0.0996900393336
0.0666666666667 5.44542726622 0.365582279065
0.0666666666667 5.65486677646 0.149293963697
0.0666666666667 5.8643062867 0.547416964839
0.0666666666667 6.07374579694 0.35511009004

0.133333333333 0 0.276477353911
0.133333333333 0.209439510239 0.527043494402
0.133333333333 0.418879020479 0.529028399918
0.133333333333 0.628318530718 0.248464316847
0.133333333333 0.837758040957 0.251444088162
0.133333333333 1.0471975512 0.333782804448
0.133333333333 1.25663706144 0.16531105843
0.133333333333 1.46607657168 0.229221267455
0.133333333333 1.67551608191 0.242241439875
0.133333333333 1.88495559215 0.512499549833
0.133333333333 2.09439510239 0.781343198512
0.133333333333 2.30383461263 0.177332733017
0.133333333333 2.51327412287 0.18981191341
0.133333333333 2.72271363311 0.122411468013
0.133333333333 2.93215314335 0.252390006313
0.133333333333 3.14159265359 0.137095322005
0.133333333333 3.35103216383 0.331301478604
0.133333333333 3.56047167407 0.488763601073
0.133333333333 3.76991118431 0.289969347256
0.133333333333 3.97935069455 0.378873850469
0.133333333333 4.18879020479 0.500763972024
0.133333333333 4.39822971503 0.236914094422
0.133333333333 4.60766922527 0.0909013890861
0.133333333333 4.8171087355 0.12382550051
0.133333333333 5.02654824574 0.451073354969
0.133333333333 5.23598775598 0.0966221130935
0.133333333333 5.44542726622 0.364827791434
0.133333333333 5.65486677646 0.138072254205
0.133333333333 5.8643062867 0.571379582344
0.133333333333 6.07374579694 0.342307490906

0.2 0 0.279261768273
0.2 0.209439510239 0.497412747669
0.2 0.418879020479 0.559395718311
0.2 0.628318530718 0.290499518013
0.2 0.837758040957 0.241146932413
0.2 1.0471975512 0.295832206566
0.2 1.25663706144 0.166558095419
0.2 1.46607657168 0.240274591446
0.2 1.67551608191 0.24689183797
0.2 1.88495559215 0.532872685489
0.2 2.09439510239 0.773098532755
0.2 2.30383461263 0.171259622122
0.2 2.51327412287 0.183915574971
0.2 2.72271363311 0.123316203104
0.2 2.93215314335 0.24803196886
0.2 3.14159265359 0.126934846459
0.2 3.35103216383 0.299760053084
0.2 3.56047167407 0.459618819375
0.2 3.76991118431 0.31633408536
0.2 3.97935069455 0.418003830543
0.2 4.18879020479 0.478169536896
0.2 4.39822971503 0.203197934307
0.2 4.60766922527 0.0852155776864
0.2 4.8171087355 0.133272613535
0.2 5.02654824574 0.452131896711
0.2 5.23598775598 0.0937880883065
0.2 5.44542726622 0.364493788646
0.2 5.65486677646 0.126961663742
0.2 5.8643062867 0.599546327082
0.2 6.07374579694 0.324788270008

0.266666666667 0 0.294673143027
0.266666666667 0.209439510239 0.451782041719
0.266666666667 0.418879020479 0.582762646539
0.266666666667 0.628318530718 0.351913179199
0.266666666667 0.837758040957 0.250056096975
0.266666666667 1.0471975512 0.26161401343
0.266666666667 1.25663706144 0.174072922559
0.266666666667 1.46607657168 0.253070168135
0.266666666667 1.67551608191 0.252185271653
0.266666666667 1.88495559215 0.562872648914
0.266666666667 2.09439510239 0.75585321662
0.266666666667 2.30383461263 0.164267223722
0.266666666667 2.51327412287 0.177513188572
0.266666666667 2.72271363311 0.125821734118
0.266666666667 2.93215314335 0.242993246835
0.266666666667 3.14159265359 0.117638123183
0.266666666667 3.35103216383 0.264943898361
0.266666666667 3.56047167407 0.430630779992
0.266666666667 3.76991118431 0.358140073487
0.266666666667 3.97935069455 0.462783792332
0.266666666667 4.18879020479 0.445241942868
0.266666666667 4.39822971503 0.172262506967
0.266666666667 4.60766922527 0.0765759065523
0.266666666667 4.8171087355 0.150349943076
0.266666666667 5.02654824574 0.447803784111
0.266666666667 5.23598775598 0.0923293915253
0.266666666667 5.44542726622 0.364065185246
0.266666666667 5.65486677646 0.116915430689
0.266666666667 5.8643062867 0.630175225922
0.266666666667 6.07374579694 0.301934699972

0.333333333333 0 0.326363928261
0.333333333333 0.209439510239 0.393725066034
0.333333333333 0.418879020479 0.584196446337
0.333333333333 0.628318530718 0.423458091983
0.333333333333 0.837758040957 0.28169035074
0.333333333333 1.0471975512 0.24269086834
0.333333333333 1.25663706144 0.192480887205
0.333333333333 1.46607657168 0.265602608425
0.333333333333 1.67551608191 0.25989564123
0.333333333333 1.88495559215 0.601845129279
0.333333333333 2.09439510239 0.726470893109
0.333333333333 2.30383461263 0.156182014992
0.333333333333 2.51327412287 0.170918200515
0.333333333333 2.72271363311 0.129794194082
0.333333333333 2.93215314335 0.239746815054
0.333333333333 3.14159265359 0.109939419132
0.333333333333 3.35103216383 0.231316599894
0.333333333333 3.56047167407 0.403492132492
0.333333333333 3.76991118431 0.406283426513
0.333333333333 3.97935069455 0.500212567885
0.333333333333 4.18879020479 0.40022237304
0.333333333333 4.39822971503 0.147282911565
0.333333333333 4.60766922527 0.0643680074406
0.333333333333 4.8171087355 0.17693538094
0.333333333333 5.02654824574 0.436195575677
0.333333333333 5.23598775598 0.0938688614494
0.333333333333 5.44542726622 0.362878343952
0.333333333333 5.65486677646 0.109386371356
0.333333333333 5.8643062867 0.660000334113
0.333333333333 6.07374579694 0.27440291059

0.4 0 0.374000472353
0.4 0.209439510239 0.337241060645
0.4 0.418879020479 0.545689988519
0.4 0.628318530718 0.481184710541
0.4 0.837758040957 0.328058097343
0.4 1.0471975512 0.246519313082
0.4 1.25663706144 0.222190499802
0.4 1.46607657168 0.275023880135
0.4 1.67551608191 0.273363925277
0.4 1.88495559215 0.647143713123
0.4 2.09439510239 0.681268871122
0.4 2.30383461263 0.146912700214
0.4 2.51327412287 0.164574923912
0.4 2.72271363311 0.135036098362
0.4 2.93215314335 0.240898184979
0.4 3.14159265359 0.106867796586
0.4 3.35103216383 0.200973462184
0.4 3.56047167407 0.380586099512
0.4 3.76991118431 0.440056455911
0.4 3.97935069455 0.507881645689
0.4 4.18879020479 0.341259384601
0.4 4.39822971503 0.127776906037
0.4 4.60766922527 0.0493726559365
0.4 4.8171087355 0.2146409428
0.4 5.02654824574 0.414169269484
0.4 5.23598775598 0.100570860331
0.4 5.44542726622 0.360141667118
0.4 5.65486677646 0.106486184543
0.4 5.8643062867 0.68380739948
0.4 6.07374579694 0.245224105835

0.466666666667 0 0.428393816898
0.466666666667 0.209439510239 0.309914883295
0.466666666667 0.418879020479 0.460756831082
0.466666666667 0.628318530718 0.489797639037
0.466666666667 0.837758040957 0.364379652112
0.466666666667 1.0471975512 0.267361988753
0.466666666667 1.25663706144 0.256325431536
0.466666666667 1.46607657168 0.278774271701
0.466666666667 1.67551608191 0.297888630408
0.466666666667 1.88495559215 0.691884591161
0.466666666667 2.09439510239 0.616700096628
0.466666666667 2.30383461263 0.136548295482
0.466666666667 2.51327412287 0.15921368904
0.466666666667 2.72271363311 0.141277840809
0.466666666667 2.93215314335 0.248458458614
0.466666666667 3.14159265359 0.115536803829
0.466666666667 3.35103216383 0.169990331754
0.466666666667 3.56047167407 0.359225427699
0.466666666667 3.76991118431 0.427525903984
0.466666666667 3.97935069455 0.456471607173
0.466666666667 4.18879020479 0.26520834638
0.466666666667 4.39822971503 0.108417516915
0.466666666667 4.60766922527 0.036093259837
0.466666666667 4.8171087355 0.263339170629
0.466666666667 5.02654824574 0.377784116663
0.466666666667 5.23598775598 0.114971165424
0.466666666667 5.44542726622 0.354998094515
0.466666666667 5.65486677646 0.111168745085
0.466666666667 5.8643062867 0.694248775003
0.466666666667 6.07374579694 0.220939058317

0.533333333333 0 0.467417298351
0.533333333333 0.209439510239 0.345877188993
0.533333333333 0.418879020479 0.359645113093
0.533333333333 0.628318530718 0.427381721836
0.533333333333 0.837758040957 0.35949647236
0.533333333333 1.0471975512 0.286968044469
0.533333333333 1.25663706144 0.285453351989
0.533333333333 1.46607657168 0.276926593836
0.533333333333 1.67551608191 0.339259049298
0.533333333333 1.88495559215 0.721770683471
0.533333333333 2.09439510239 0.531055636477
0.533333333333 2.30383461263 0.125481019018
0.533333333333 2.51327412287 0.156035841126
0.533333333333 2.72271363311 0.148360010345
0.533333333333 2.93215314335 0.261963574064
0.533333333333 3.14159265359 0.148179361789
0.533333333333 3.35103216383 0.129527414554
0.533333333333 3.56047167407 0.327529377292
0.533333333333 3.76991118431 0.343439461251
0.533333333333 3.97935069455 0.327359176472
0.533333333333 4.18879020479 0.171712938641
0.533333333333 4.39822971503 0.0839147991102
0.533333333333 4.60766922527 0.0350676908869
0.533333333333 4.8171087355 0.317855256854
0.533333333333 5.02654824574 0.324273878072
0.533333333333 5.23598775598 0.13929187996
0.533333333333 5.44542726622 0.346671568105
0.533333333333 5.65486677646 0.127403193114
0.533333333333 5.8643062867 0.682367632324
0.533333333333 6.07374579694 0.211819641541

0.6 0 0.459421572264
0.6 0.209439510239 0.458140822474
0.6 0.418879020479 0.323319614502
0.6 0.628318530718 0.336391772561
0.6 0.837758040957 0.31956821642
0.6 1.0471975512 0.30323810647
0.6 1.25663706144 0.309535345302
0.6 1.46607657168 0.273193390605
0.6 1.67551608191 0.397399962648
0.6 1.88495559215 0.712995930436
0.6 2.09439510239 0.427950216013
0.6 2.30383461263 0.114483067296
0.6 2.51327412287 0.156783594725
0.6 2.72271363311 0.157095160604
0.6 2.93215314335 0.274795969679
0.6 3.14159265359 0.218037064754
0.6 3.35103216383 0.081444073256
0.6 3.56047167407 0.272637477644
0.6 3.76991118431 0.210416659837
0.6 3.97935069455 0.152201363721
0.6 4.18879020479 0.0801238225679
0.6 4.39822971503 0.0606646365691
0.6 4.60766922527 0.0613491930687
0.6 4.8171087355 0.3625801337
0.6 5.02654824574 0.256677593216
0.6 5.23598775598 0.173821927123
0.6 5.44542726622 0.334762908835
0.6 5.65486677646 0.160244847022
0.6 5.8643062867 0.639657282512
0.6 6.07374579694 0.229229438125

0.666666666667 0 0.383895682527
0.666666666667 0.209439510239 0.590553891552
0.666666666667 0.418879020479 0.433632079284
0.666666666667 0.628318530718 0.344433049423
0.666666666667 0.837758040957 0.333500481167
0.666666666667 1.0471975512 0.354965735924
0.666666666667 1.25663706144 0.330189564269
0.666666666667 1.46607657168 0.268094382251
0.666666666667 1.67551608191 0.455057813397
0.666666666667 1.88495559215 0.639476276029
0.666666666667 2.09439510239 0.321945224393
0.666666666667 2.30383461263 0.104473161871
0.666666666667 2.51327412287 0.163115997271
0.666666666667 2.72271363311 0.171686165196
0.666666666667 2.93215314335 0.270229498342
0.666666666667 3.14159265359 0.321655327589
0.666666666667 3.35103216383 0.0616765060873
0.666666666667 3.56047167407 0.202048324915
0.666666666667 3.76991118431 0.121078262588
0.666666666667 3.97935069455 0.0417180281715
0.666666666667 4.18879020479 0.042941947023
0.666666666667 4.39822971503 0.0605052338423
0.666666666667 4.60766922527 0.122082023075
0.666666666667 4.8171087355 0.368035239663
0.666666666667 5.02654824574 0.191155932126
0.666666666667 5.23598775598 0.213948387338
0.666666666667 5.44542726622 0.319791126378
0.666666666667 5.65486677646 0.215577012579
0.666666666667 5.8643062867 0.562932526351
0.666666666667 6.07374579694 0.277269440614

0.733333333333 0 0.269051610697
0.733333333333 0.209439510239 0.600178992534
0.733333333333 0.418879020479 0.626137330719
0.733333333333 0.628318530718 0.522751301551
0.733333333333 0.837758040957 0.473149441232
0.733333333333 1.0471975512 0.436079714584
0.733333333333 1.25663706144 0.307076536794
0.733333333333 1.46607657168 0.253232973408
0.733333333333 1.67551608191 0.481992304808
0.733333333333 1.88495559215 0.507180912178
0.733333333333 2.09439510239 0.242801275509
0.733333333333 2.30383461263 0.0953327703308
0.733333333333 2.51327412287 0.17370246927
0.733333333333 2.72271363311 0.203020060652
0.733333333333 2.93215314335 0.22763372116
0.733333333333 3.14159265359 0.404519411139
0.733333333333 3.35103216383 0.121391134103
0.733333333333 3.56047167407 0.147126626038
0.733333333333 3.76991118431 0.139380803053
0.733333333333 3.97935069455 0.0859824955588
0.733333333333 4.18879020479 0.0881501511017
0.733333333333 4.39822971503 0.0933529956656
0.733333333333 4.60766922527 0.189317156447
0.733333333333 4.8171087355 0.305280339472
0.733333333333 5.02654824574 0.161945041355
0.733333333333 5.23598775598 0.24605026703
0.733333333333 5.44542726622 0.304104465413
0.733333333333 5.65486677646 0.298978835503
0.733333333333 5.8643062867 0.463567382297
0.733333333333 6.07374579694 0.337735257299

0.8 0 0.208664233221
0.8 0.209439510239 0.40191476312
0.8 0.418879020479 0.5999073071
0.8 0.628318530718 0.612269764565
0.8 0.837758040957 0.527417692382
0.8 1.0471975512 0.369300391429
0.8 1.25663706144 0.194229454706
0.8 1.46607657168 0.273406944839
0.8 1.67551608191 0.502698681706
0.8 1.88495559215 0.407636941645
0.8 2.09439510239 0.220978711148
0.8 2.30383461263 0.0835683145209
0.8 2.51327412287 0.177235718478
0.8 2.72271363311 0.261328258414
0.8 2.93215314335 0.162249797702
0.8 3.14159265359 0.359415756369
0.8 3.35103216383 0.23242473579
0.8 3.56047167407 0.124956838137
0.8 3.76991118431 0.147223887428
0.8 3.97935069455 0.141583881641
0.8 4.18879020479 0.117194208217
0.8 4.39822971503 0.115441233077
0.8 4.60766922527 0.189533266073
0.8 4.8171087355 0.203932676139
0.8 5.02654824574 0.205297958173
0.8 5.23598775598 0.245009265209
0.8 5.44542726622 0.29324795982
0.8 5.65486677646 0.412359879586
0.8 5.8643062867 0.38148859791
0.8 6.07374579694 0.360794016946

0.866666666667 0 0.260165757736
0.866666666667 0.209439510239 0.243409872971
0.866666666667 0.418879020479 0.309376267032
0.866666666667 0.628318530718 0.337005854703
0.866666666667 0.837758040957 0.280620572989
0.866666666667 1.0471975512 0.2063906184
0.866666666667 1.25663706144 0.270355678756
0.866666666667 1.46607657168 0.526681861739
0.866666666667 1.67551608191 0.630553430929
0.866666666667 1.88495559215 0.432399261775
0.866666666667 2.09439510239 0.229330915336
0.866666666667 2.30383461263 0.0660390941517
0.866666666667 2.51327412287 0.149873787469
0.866666666667 2.72271363311 0.310995881795
0.866666666667 2.93215314335 0.176863043908
0.866666666667 3.14159265359 0.186964849225
0.866666666667 3.35103216383 0.225498942911
0.866666666667 3.56047167407 0.136130418545
0.866666666667 3.76991118431 0.0750207003592
0.866666666667 3.97935069455 0.054368710967
0.866666666667 4.18879020479 0.0498563810062
0.866666666667 4.39822971503 0.0773818728533
0.866666666667 4.60766922527 0.134688459392
0.866666666667 4.8171087355 0.214403843508
0.866666666667 5.02654824574 0.285806971165
0.866666666667 5.23598775598 0.184062303657
0.866666666667 5.44542726622 0.297483461469
0.866666666667 5.65486677646 0.54457565717
0.866666666667 5.8643062867 0.395877420451
0.866666666667 6.07374579694 0.311960010236

0.933333333333 0 0.291452281621
0.933333333333 0.209439510239 0.344626744609
0.933333333333 0.418879020479 0.415450524752
0.933333333333 0.628318530718 0.48049950301
0.933333333333 0.837758040957 0.55837019129
0.933333333333 1.0471975512 0.669211265328
0.933333333333 1.25663706144 0.78252665236
0.933333333333 1.46607657168 0.788737021834
0.933333333333 1.67551608191 0.616250401741
0.933333333333 1.88495559215 0.375246709026
0.933333333333 2.09439510239 0.193377695035
0.933333333333 2.30383461263 0.0745367688482
0.933333333333 2.51327412287 0.0923302504286
0.933333333333 2.72271363311 0.229340707189
0.933333333333 2.93215314335 0.275126308387
0.933333333333 3.14159265359 0.219780846446
0.933333333333 3.35103216383 0.180674230645
0.933333333333 3.56047167407 0.159230234266
0.933333333333 3.76991118431 0.135090758394
0.933333333333 3.97935069455 0.125889850438
0.933333333333 4.18879020479 0.152187142885
0.933333333333 4.39822971503 0.220342362415
0.933333333333 4.60766922527 0.306568259684
0.933333333333 4.8171087355 0.325861631715
0.933333333333 5.02654824574 0.194924475472
0.933333333333 5.23598775598 0.0920306697778
0.933333333333 5.44542726622 0.330411090902
0.933333333333 5.65486677646 0.641980268183
0.933333333333 5.8643062867 0.580048974573
0.933333333333 6.07374579694 0.358472916748

