-1 0 0.512600892908
-1 0.209439510239 0.512600892908
-1 0.418879020479 0.512600892909
-1 0.628318530718 0.512600892909
-1 0.837758040957 0.512600892909
-1 1.0471975512 0.512600892909
-1 1.25663706144 0.512600892908
-1 1.46607657168 0.512600892908
-1 1.67551608191 0.512600892908
-1 1.88495559215 0.512600892908
-1 2.09439510239 0.512600892909
-1 2.30383461263 0.512600892909
-1 2.51327412287 0.512600892909
-1 2.72271363311 0.512600892909
-1 2.93215314335 0.512600892908
-1 3.14159265359 0.512600892908
-1 3.35103216383 0.512600892908
-1 3.56047167407 0.512600892909
-1 3.76991118431 0.512600892909
-1 3.97935069455 0.512600892909
-1 4.18879020479 0.512600892909
-1 4.39822971503 0.512600892908
-1 4.60766922527 0.512600892908
-1 4.8171087355 0.512600892908
-1 5.02654824574 0.512600892908
-1 5.23598775598 0.512600892909
-1 5.44542726622 0.512600892909
-1 5.65486677646 0.512600892909
-1 5.8643062867 0.512600892909
-1 6.07374579694 0.512600892908

-0.933333333333 0 0.217980184191
-0.933333333333 0.209439510239 0.199066388826
-0.933333333333 0.418879020479 0.187230727614
-0.933333333333 0.628318530718 0.15759433036
-0.933333333333 0.837758040957 0.123041211444
-0.933333333333 1.0471975512 0.100814151581
-0.933333333333 1.25663706144 0.137359623721
-0.933333333333 1.46607657168 0.30839902937
-0.933333333333 1.67551608191 0.591448352495
-0.933333333333 1.88495559215 0.721713110286
-0.933333333333 2.09439510239 0.500084355367
-0.933333333333 2.30383461263 0.223567747514
-0.933333333333 2.51327412287 0.146686757604
-0.933333333333 2.72271363311 0.146058280174
-0.933333333333 2.93215314335 0.213170845365
-0.933333333333 3.14159265359 0.369795812339
-0.933333333333 3.35103216383 0.501474704682
-0.933333333333 3.56047167407 0.540308367159
-0.933333333333 3.76991118431 0.516199223435
-0.933333333333 3.97935069455 0.482294486094
-0.933333333333 4.18879020479 0.459197668954
-0.933333333333 4.39822971503 0.421270351027
-0.933333333333 4.60766922527 0.330169362247
-0.933333333333 4.8171087355 0.260543202866
-0.933333333333 5.02654824574 0.44777941306
-0.933333333333 5.23598775598 0.796330425239
-0.933333333333 5.44542726622 0.832218021849
-0.933333333333 5.65486677646 0.645639126752
-0.933333333333 5.8643062867 0.491457649149
-0.933333333333 6.07374579694 0.324205448537

-0.866666666667 0 0.231694341446
-0.866666666667 0.209439510239 0.204824224724
-0.866666666667 0.418879020479 0.156174133217
-0.866666666667 0.628318530718 0.167068889107
-0.866666666667 0.837758040957 0.195912213088
-0.866666666667 1.0471975512 0.205879346735
-0.866666666667 1.25663706144 0.168209342197
-0.866666666667 1.46607657168 0.0977190840146
-0.866666666667 1.67551608191 0.198212996767
-0.866666666667 1.88495559215 0.55926569155
-0.866666666667 2.09439510239 0.531899614918
-0.866666666667 2.30383461263 0.218127368636
-0.866666666667 2.51327412287 0.23546541828
-0.866666666667 2.72271363311 0.188984709717
-0.866666666667 2.93215314335 0.231917202998
-0.866666666667 3.14159265359 0.366488108821
-0.866666666667 3.35103216383 0.403921926764
-0.866666666667 3.56047167407 0.298766922769
-0.866666666667 3.76991118431 0.150408163044
-0.866666666667 3.97935069455 0.0728089260841
-0.866666666667 4.18879020479 0.082305335969
-0.866666666667 4.39822971503 0.135879735439
-0.866666666667 4.60766922527 0.223291916093
-0.866666666667 4.8171087355 0.237656744084
-0.866666666667 5.02654824574 0.194127322181
-0.866666666667 5.23598775598 0.655449411481
-0.866666666667 5.44542726622 0.754979557969
-0.866666666667 5.65486677646 0.686092786684
-0.866666666667 5.8643062867 0.596272730459
-0.866666666667 6.07374579694 0.267626638681

-0.8 0 0.164644145597
-0.8 0.209439510239 0.0774910382078
-0.8 0.418879020479 0.0886863241179
-0.8 0.628318530718 0.117665311353
-0.8 0.837758040957 0.129640161819
-0.8 1.0471975512 0.163211247121
-0.8 1.25663706144 0.210123162491
-0.8 1.46607657168 0.22264919287
-0.8 1.67551608191 0.154357841291
-0.8 1.88495559215 0.333322512205
-0.8 2.09439510239 0.489389862259
-0.8 2.30383461263 0.23786468278
-0.8 2.51327412287 0.306161316409
-0.8 2.72271363311 0.147748898217
-0.8 2.93215314335 0.21049598705
-0.8 3.14159265359 0.445075247945
-0.8 3.35103216383 0.474384551666
-0.8 3.56047167407 0.257112749671
-0.8 3.76991118431 0.129836619697
-0.8 3.97935069455 0.0974418949433
-0.8 4.18879020479 0.0681284546735
-0.8 4.39822971503 0.0754402193062
-0.8 4.60766922527 0.11609176117
-0.8 4.8171087355 0.31994547396
-0.8 5.02654824574 0.15451663166
-0.8 5.23598775598 0.446017242211
-0.8 5.44542726622 0.642915712948
-0.8 5.65486677646 0.779175896564
-0.8 5.8643062867 0.587995993633
-0.8 6.07374579694 0.179267477055

-0.733333333333 0 0.11613949816
-0.733333333333 0.209439510239 0.0598773150289
-0.733333333333 0.418879020479 0.115148351579
-0.733333333333 0.628318530718 0.0951394311586
-0.733333333333 0.837758040957 0.0859027063874
-0.733333333333 1.0471975512 0.111074322468
-0.733333333333 1.25663706144 0.137820628392
-0.733333333333 1.46607657168 0.209901310032
-0.733333333333 1.67551608191 0.254699228502
-0.733333333333 1.88495559215 0.22184090433
-0.733333333333 2.09439510239 0.409897662036
-0.733333333333 2.30383461263 0.259277390758
-0.733333333333 2.51327412287 0.335409697445
-0.733333333333 2.72271363311 0.110263679971
-0.733333333333 2.93215314335 0.275425774876
-0.733333333333 3.14159265359 0.613584339406
-0.733333333333 3.35103216383 0.490794528696
-0.733333333333 3.56047167407 0.313927770929
-0.733333333333 3.76991118431 0.45789775244
-0.733333333333 3.97935069455 0.524029938456
-0.733333333333 4.18879020479 0.319301261982
-0.733333333333 4.39822971503 0.0997578261116
-0.733333333333 4.60766922527 0.0545445759242
-0.733333333333 4.8171087355 0.311764656748
-0.733333333333 5.02654824574 0.230543294911
-0.733333333333 5.23598775598 0.297592688186
-0.733333333333 5.44542726622 0.556631601422
-0.733333333333 5.65486677646 0.788423950608
-0.733333333333 5.8643062867 0.473617792844
-0.733333333333 6.07374579694 0.131851563119

-0.666666666667 0 0.114923350795
-0.666666666667 0.209439510239 0.105336013286
-0.666666666667 0.418879020479 0.161612722587
-0.666666666667 0.628318530718 0.125433775974
-0.666666666667 0.837758040957 0.15109308048
-0.666666666667 1.0471975512 0.188105334557
-0.666666666667 1.25663706144 0.16899556884
-0.666666666667 1.46607657168 0.140034630061
-0.666666666667 1.67551608191 0.299956082107
-0.666666666667 1.88495559215 0.218934186834
-0.666666666667 2.09439510239 0.324440050016
-0.666666666667 2.30383461263 0.277148592676
-0.666666666667 2.51327412287 0.337014553241
-0.666666666667 2.72271363311 0.109425015476
-0.666666666667 2.93215314335 0.387927479615
-0.666666666667 3.14159265359 0.712646175402
-0.666666666667 3.35103216383 0.433247413677
-0.666666666667 3.56047167407 0.483439074608
-0.666666666667 3.76991118431 0.822331990379
-0.666666666667 3.97935069455 0.908218565996
-0.666666666667 4.18879020479 0.629248704359
-0.666666666667 4.39822971503 0.202278737938
-0.666666666667 4.60766922527 0.0568562254029
-0.666666666667 4.8171087355 0.300813494034
-0.666666666667 5.02654824574 0.28292276186
-0.666666666667 5.23598775598 0.219355732252
-0.666666666667 5.44542726622 0.494416344442
-0.666666666667 5.65486677646 0.728093923853
-0.666666666667 5.8643062867 0.378521030284
-0.666666666667 6.07374579694 0.140865306019

-0.6 0 0.115594014218
-0.6 0.209439510239 0.160601287311
-0.6 0.418879020479 0.170732692476
-0.6 0.628318530718 0.151766175522
-0.6 0.837758040957 0.207521011306
-0.6 1.0471975512 0.271612961142
-0.6 1.25663706144 0.276450863876
-0.6 1.46607657168 0.131866394075
-0.6 1.67551608191 0.269239551226
-0.6 1.88495559215 0.269482975189
-0.6 2.09439510239 0.249728760891
-0.6 2.30383461263 0.290983861461
-0.6 2.51327412287 0.325465006951
-0.6 2.72271363311 0.140253751403
-0.6 2.93215314335 0.496653526887
-0.6 3.14159265359 0.715247167457
-0.6 3.35103216383 0.383729527825
-0.6 3.56047167407 0.621407276044
-0.6 3.76991118431 0.901844515578
-0.6 3.97935069455 0.915030334577
-0.6 4.18879020479 0.711674286957
-0.6 4.39822971503 0.320979510044
-0.6 4.60766922527 0.120575334128
-0.6 4.8171087355 0.380477879499
-0.6 5.02654824574 0.311592785373
-0.6 5.23598775598 0.185840406054
-0.6 5.44542726622 0.447133073448
-0.6 5.65486677646 0.644622259442
-0.6 5.8643062867 0.330704597145
-0.6 6.07374579694 0.177277725251

-0.533333333333 0 0.106433843567
-0.533333333333 0.209439510239 0.188371905203
-0.533333333333 0.418879020479 0.133698825412
-0.533333333333 0.628318530718 0.155671016725
-0.533333333333 0.837758040957 0.19029659268
-0.533333333333 1.0471975512 0.267248955281
-0.533333333333 1.25663706144 0.357471062261
-0.533333333333 1.46607657168 0.19021112742
-0.533333333333 1.67551608191 0.206564713457
-0.533333333333 1.88495559215 0.329500579873
-0.533333333333 2.09439510239 0.191888186563
-0.533333333333 2.30383461263 0.30153531968
-0.533333333333 2.51327412287 0.310151021654
-0.533333333333 2.72271363311 0.188268426767
-0.533333333333 2.93215314335 0.577922116418
-0.533333333333 3.14159265359 0.659222507499
-0.533333333333 3.35103216383 0.360205341734
-0.533333333333 3.56047167407 0.64819505755
-0.533333333333 3.76991118431 0.750092889982
-0.533333333333 3.97935069455 0.683336770121
-0.533333333333 4.18879020479 0.581609211431
-0.533333333333 4.39822971503 0.362587187555
-0.533333333333 4.60766922527 0.196684007485
-0.533333333333 4.8171087355 0.511756625219
-0.533333333333 5.02654824574 0.352973689369
-0.533333333333 5.23598775598 0.176451480145
-0.533333333333 5.44542726622 0.409658580094
-0.533333333333 5.65486677646 0.565105631309
-0.533333333333 5.8643062867 0.31352394513
-0.533333333333 6.07374579694 0.216008413685

-0.466666666667 0 0.0962249648135
-0.466666666667 0.209439510239 0.172856326641
-0.466666666667 0.418879020479 0.10227239677
-0.466666666667 0.628318530718 0.167353649172
-0.466666666667 0.837758040957 0.134354374022
-0.466666666667 1.0471975512 0.193441009896
-0.466666666667 1.25663706144 0.369304238561
-0.466666666667 1.46607657168 0.271712610938
-0.466666666667 1.67551608191 0.148848731619
-0.466666666667 1.88495559215 0.377038889939
-0.466666666667 2.09439510239 0.151058519297
-0.466666666667 2.30383461263 0.30972898947
-0.466666666667 2.51327412287 0.296004272973
-0.466666666667 2.72271363311 0.241297416627
-0.466666666667 2.93215314335 0.628179935678
-0.466666666667 3.14159265359 0.582362174826
-0.466666666667 3.35103216383 0.349492812794
-0.466666666667 3.56047167407 0.594911729662
-0.466666666667 3.76991118431 0.549504712462
-0.466666666667 3.97935069455 0.449041495596
-0.466666666667 4.18879020479 0.411372939478
-0.466666666667 4.39822971503 0.321182468762
-0.466666666667 4.60766922527 0.246077235461
-0.466666666667 4.8171087355 0.625391889715
-0.466666666667 5.02654824574 0.418724176598
-0.466666666667 5.23598775598 0.179432164705
-0.466666666667 5.44542726622 0.379527139164
-0.466666666667 5.65486677646 0.499463677233
-0.466666666667 5.8643062867 0.309786033403
-0.466666666667 6.07374579694 0.24423699869

-0.4 0 0.0897956312727
-0.4 0.209439510239 0.13046557522
-0.4 0.418879020479 0.11200535702
-0.4 0.628318530718 0.195500077916
-0.4 0.837758040957 0.0852493092693
-0.4 1.0471975512 0.106781529726
-0.4 1.25663706144 0.326974411358
-0.4 1.46607657168 0.341802286941
-0.4 1.67551608191 0.110881422415
-0.4 1.88495559215 0.40605423428
-0.4 2.09439510239 0.124684970486
-0.4 2.30383461263 0.316344743097
-0.4 2.51327412287 0.285090468038
-0.4 2.72271363311 0.291876449006
-0.4 2.93215314335 0.652298496011
-0.4 3.14159265359 0.506446021955
-0.4 3.35103216383 0.340871809054
-0.4 3.56047167407 0.520569015892
-0.4 3.76991118431 0.403500558949
-0.4 3.97935069455 0.308000884554
-0.4 4.18879020479 0.306754054489
-0.4 4.39822971503 0.247388742119
-0.4 4.60766922527 0.260349960297
-0.4 4.8171087355 0.689677227854
-0.4 5.02654824574 0.499355237039
-0.4 5.23598775598 0.188588599606
-0.4 5.44542726622 0.355317131709
-0.4 5.65486677646 0.449133692074
-0.4 5.8643062867 0.310380643239
-0.4 6.07374579694 0.258834892392

-0.333333333333 0 0.0859362649344
-0.333333333333 0.209439510239 0.0866245873074
-0.333333333333 0.418879020479 0.152359658636
-0.333333333333 0.628318530718 0.221729152516
-0.333333333333 0.837758040957 0.0595955687595
-0.333333333333 1.0471975512 0.0430392192499
-0.333333333333 1.25663706144 0.262713852908
-0.333333333333 1.46607657168 0.387313193764
-0.333333333333 1.67551608191 0.0924714402666
-0.333333333333 1.88495559215 0.418531611243
-0.333333333333 2.09439510239 0.109442683332
-0.333333333333 2.30383461263 0.321951106527
-0.333333333333 2.51327412287 0.277889170541
-0.333333333333 2.72271363311 0.336355461426
-0.333333333333 2.93215314335 0.656940506521
-0.333333333333 3.14159265359 0.440881156322
-0.333333333333 3.35103216383 0.331971175659
-0.333333333333 3.56047167407 0.462690891226
-0.333333333333 3.76991118431 0.32642085222
-0.333333333333 3.97935069455 0.246757562403
-0.333333333333 4.18879020479 0.273997623692
-0.333333333333 4.39822971503 0.184442196993
-0.333333333333 4.60766922527 0.249780161673
-0.333333333333 4.8171087355 0.707915351007
-0.333333333333 5.02654824574 0.580041288413
-0.333333333333 5.23598775598 0.200676882509
-0.333333333333 5.44542726622 0.335954905158
-0.333333333333 5.65486677646 0.412339881334
-0.333333333333 5.8643062867 0.311832346033
-0.333333333333 6.07374579694 0.261949887976

-0.266666666667 0 0.0822051739551
-0.266666666667 0.209439510239 0.0560514760042
-0.266666666667 0.418879020479 0.194640031927
-0.266666666667 0.628318530718 0.229360644758
-0.266666666667 0.837758040957 0.0541667590396
-0.266666666667 1.0471975512 0.00998581662928
-0.266666666667 1.25663706144 0.200824448085
-0.266666666667 1.46607657168 0.409564711302
-0.266666666667 1.67551608191 0.0875872646376
-0.266666666667 1.88495559215 0.419158574089
-0.266666666667 2.09439510239 0.102203518779
-0.266666666667 2.30383461263 0.326921685142
-0.266666666667 2.51327412287 0.274106251973
-0.266666666667 2.72271363311 0.373479203952
-0.266666666667 2.93215314335 0.647982597222
-0.266666666667 3.14159265359 0.388395952225
-0.266666666667 3.35103216383 0.32488478085
-0.266666666667 3.56047167407 0.433304847059
-0.266666666667 3.76991118431 0.295620660299
-0.266666666667 3.97935069455 0.225728486069
-0.266666666667 4.18879020479 0.279969281763
-0.266666666667 4.39822971503 0.147372885936
-0.266666666667 4.60766922527 0.228308630403
-0.266666666667 4.8171087355 0.697374486063
-0.266666666667 5.02654824574 0.649401163526
-0.266666666667 5.23598775598 0.213990380533
-0.266666666667 5.44542726622 0.320495213348
-0.266666666667 5.65486677646 0.386537896866
-0.266666666667 5.8643062867 0.313207255373
-0.266666666667 6.07374579694 0.257504360813

-0.2 0 0.07747932201
-0.2 0.209439510239 0.0410433335721
-0.2 0.418879020479 0.219921324327
-0.2 0.628318530718 0.21693175978
-0.2 0.837758040957 0.0604504427249
-0.2 1.0471975512 0.000348930114083
-0.2 1.25663706144 0.152664529239
-0.2 1.46607657168 0.41551736921
-0.2 1.67551608191 0.0897705991763
-0.2 1.88495559215 0.412591482737
-0.2 2.09439510239 0.100435569496
-0.2 2.30383461263 0.331469581395
-0.2 2.51327412287 0.273124652886
-0.2 2.72271363311 0.403302296928
-0.2 2.93215314335 0.629924583887
-0.2 3.14159265359 0.34868205748
-0.2 3.35103216383 0.322359376431
-0.2 3.56047167407 0.430244596343
-0.2 3.76991118431 0.286802226854
-0.2 3.97935069455 0.218805183943
-0.2 4.18879020479 0.296664048993
-0.2 4.39822971503 0.132889145744
-0.2 4.60766922527 0.206180404668
-0.2 4.8171087355 0.675337236921
-0.2 5.02654824574 0.701452970119
-0.2 5.23598775598 0.227643220996
-0.2 5.44542726622 0.308086266299
-0.2 5.65486677646 0.369387053707
-0.2 5.8643062867 0.314325790859
-0.2 6.07374579694 0.249262908175

-0.133333333333 0 0.0720601798061
-0.133333333333 0.209439510239 0.0376009236353
-0.133333333333 0.418879020479 0.225232717884
-0.133333333333 0.628318530718 0.19281454871
-0.133333333333 0.837758040957 0.0709079262811
-0.133333333333 1.0471975512 0.0033702930972
-0.133333333333 1.25663706144 0.12060033382
-0.133333333333 1.46607657168 0.41233804613
-0.133333333333 1.67551608191 0.0942126056019
-0.133333333333 1.88495559215 0.402384652843
-0.133333333333 2.09439510239 0.102308850025
-0.133333333333 2.30383461263 0.33567746785
-0.133333333333 2.51327412287 0.274223979036
-0.133333333333 2.72271363311 0.426533153784
-0.133333333333 2.93215314335 0.606028011353
-0.133333333333 3.14159265359 0.320246706818
-0.133333333333 3.35103216383 0.32595819816
-0.133333333333 3.56047167407 0.447444333949
-0.133333333333 3.76991118431 0.286131033916
-0.133333333333 3.97935069455 0.217498964868
-0.133333333333 4.18879020479 0.311701351156
-0.133333333333 4.39822971503 0.132625756972
-0.133333333333 4.60766922527 0.188747458283
-0.133333333333 4.8171087355 0.654152903544
-0.133333333333 5.02654824574 0.734436486693
-0.133333333333 5.23598775598 0.241189895398
-0.133333333333 5.44542726622 0.297996026384
-0.133333333333 5.65486677646 0.359050449483
-0.133333333333 5.8643062867 0.315019588309
-0.133333333333 6.07374579694 0.240080362207

-0.0666666666667 0 0.0670023607324
-0.0666666666667 0.209439510239 0.0406522104992
-0.0666666666667 0.418879020479 0.217056927079
-0.0666666666667 0.628318530718 0.165962016749
-0.0666666666667 0.837758040957 0.0799033312676
-0.0666666666667 1.0471975512 0.0104007602349
-0.0666666666667 1.25663706144 0.102931063454
-0.0666666666667 1.46607657168 0.40518802329
-0.0666666666667 1.67551608191 0.0980713647777
-0.0666666666667 1.88495559215 0.390767802382
-0.0666666666667 2.09439510239 0.106673176113
-0.0666666666667 2.30383461263 0.339515322085
-0.0666666666667 2.51327412287 0.276667785318
-0.0666666666667 2.72271363311 0.444185828563
-0.0666666666667 2.93215314335 0.578659465192
-0.0666666666667 3.14159265359 0.301228719781
-0.0666666666667 3.35103216383 0.335542509546
-0.0666666666667 3.56047167407 0.480780196642
-0.0666666666667 3.76991118431 0.29087159766
-0.0666666666667 3.97935069455 0.223402438315
-0.0666666666667 4.18879020479 0.322824992029
-0.0666666666667 4.39822971503 0.139845997521
-0.0666666666667 4.60766922527 0.177784821044
-0.0666666666667 4.8171087355 0.641144614064
-0.0666666666667 5.02654824574 0.748966423749
-0.0666666666667 5.23598775598 0.25440120209
-0.0666666666667 5.44542726622 0.289655144556
-0.0666666666667 5.65486677646 0.354216128333
-0.0666666666667 5.8643062867 0.31494331859
-0.0666666666667 6.07374579694 0.23177479854

6.12323399574e-17 0 0.0635831193021
6.12323399574e-17 0.209439510239 0.0462977965017
6.12323399574e-17 0.418879020479 0.203989482075
6.12323399574e-17 0.628318530718 0.141463070828
6.12323399574e-17 0.837758040957 0.0834161096334
6.12323399574e-17 1.0471975512 0.0164118245233
6.12323399574e-17 1.25663706144 0.0971212290086
6.12323399574e-17 1.46607657168 0.396787705338
6.12323399574e-17 1.67551608191 0.100177198132
6.12323399574e-17 1.88495559215 0.378773362859
6.12323399574e-17 2.09439510239 0.112996379036
6.12323399574e-17 2.30383461263 0.342845309658
6.12323399574e-17 2.51327412287 0.279722547874
6.12323399574e-17 2.72271363311 0.457401173968
6.12323399574e-17 2.93215314335 0.549702032672
6.12323399574e-17 3.14159265359 0.289654803806
6.12323399574e-17 3.35103216383 0.34916689216
6.12323399574e-17 3.56047167407 0.530106236453
6.12323399574e-17 3.76991118431 0.306808834584
6.12323399574e-17 3.97935069455 0.241155318261
6.12323399574e-17 4.18879020479 0.33108579632
6.12323399574e-17 4.39822971503 0.150994134494
6.12323399574e-17 4.60766922527 0.173108648267
6.12323399574e-17 4.8171087355 0.640080514377
6.12323399574e-17 5.02654824574 0.746535707849
6.12323399574e-17 5.23598775598 0.267113678366
6.12323399574e-17 5.44542726622 0.282703269598
6.12323399574e-17 5.65486677646 0.354018333038
6.12323399574e-17 5.8643062867 0.313613986096
6.12323399574e-17 6.07374579694 0.225238514766

0.0666666666667 0 0.0630992046927
0.0666666666667 0.209439510239 0.0520191473061
0.0666666666667 0.418879020479 0.193018402729
0.0666666666667 0.628318530718 0.121027595202
0.0666666666667 0.837758040957 0.0792286063937
0.0666666666667 1.0471975512 0.0198774359086
0.0666666666667 1.25663706144 0.101216917324
0.0666666666667 1.46607657168 0.387648986207
0.0666666666667 1.67551608191 0.100683347825
0.0666666666667 1.88495559215 0.36647862916
0.0666666666667 2.09439510239 0.121299706843
0.0666666666667 2.30383461263 0.345413592353
0.0666666666667 2.51327412287 0.282648568829
0.0666666666667 2.72271363311 0.46732708721
0.0666666666667 2.93215314335 0.521055131103
0.0666666666667 3.14159265359 0.283374627597
0.0666666666667 3.35103216383 0.362828802964
0.0666666666667 3.56047167407 0.598171305063
0.0666666666667 3.76991118431 0.345228682261
0.0666666666667 3.97935069455 0.274665861506
0.0666666666667 4.18879020479 0.337458807745
0.0666666666667 4.39822971503 0.165273103773
0.0666666666667 4.60766922527 0.173743614747
0.0666666666667 4.8171087355 0.652632243779
0.0666666666667 5.02654824574 0.728586219772
0.0666666666667 5.23598775598 0.279110767514
0.0666666666667 5.44542726622 0.277039591957
0.0666666666667 5.65486677646 0.357936755919
0.0666666666667 5.8643062867 0.31051325158
0.0666666666667 6.07374579694 0.220585619482

0.133333333333 0 0.0668803000456
0.133333333333 0.209439510239 0.0560962041255
0.133333333333 0.418879020479 0.188753056591
0.133333333333 0.628318530718 0.105769588666
0.133333333333 0.837758040957 0.0679253110629
0.133333333333 1.0471975512 0.0223910705516
0.133333333333 1.25663706144 0.113873004737
0.133333333333 1.46607657168 0.376508524836
0.133333333333 1.67551608191 0.100811138571
0.133333333333 1.88495559215 0.353311559579
0.133333333333 2.09439510239 0.132090943211
0.133333333333 2.30383461263 0.346830826584
0.133333333333 2.51327412287 0.284688929193
0.133333333333 2.72271363311 0.47497073683
0.133333333333 2.93215314335 0.495274411617
0.133333333333 3.14159265359 0.279804463928
0.133333333333 3.35103216383 0.370052206132
0.133333333333 3.56047167407 0.686152019505
0.133333333333 3.76991118431 0.418808023364
0.133333333333 3.97935069455 0.325565651481
0.133333333333 4.18879020479 0.342452362001
0.133333333333 4.39822971503 0.183939607652
0.133333333333 4.60766922527 0.178618266894
0.133333333333 4.8171087355 0.679289916361
0.133333333333 5.02654824574 0.696071604827
0.133333333333 5.23598775598 0.290012187694
0.133333333333 5.44542726622 0.272881057827
0.133333333333 5.65486677646 0.365702468159
0.133333333333 5.8643062867 0.30518814977
0.133333333333 6.07374579694 0.217256980703

0.2 0 0.0763359434112
0.2 0.209439510239 0.0570377149325
0.2 0.418879020479 0.193575508431
0.2 0.628318530718 0.0991260166888
0.2 0.837758040957 0.0544699023464
0.2 1.0471975512 0.0281860071746
0.2 1.25663706144 0.133298150884
0.2 1.46607657168 0.361068212276
0.2 1.67551608191 0.102567796543
0.2 1.88495559215 0.338501351905
0.2 2.09439510239 0.146263717423
0.2 2.30383461263 0.346545079812
0.2 2.51327412287 0.285078188318
0.2 2.72271363311 0.480943657899
0.2 2.93215314335 0.47635551723
0.2 3.14159265359 0.275613804763
0.2 3.35103216383 0.362088173061
0.2 3.56047167407 0.785206140732
0.2 3.76991118431 0.534253201609
0.2 3.97935069455 0.392222439325
0.2 4.18879020479 0.347246860576
0.2 4.39822971503 0.209619004728
0.2 4.60766922527 0.187004640922
0.2 4.8171087355 0.719605402274
0.2 5.02654824574 0.649408126793
0.2 5.23598775598 0.29915664925
0.2 5.44542726622 0.27083334358
0.2 5.65486677646 0.377219505165
0.2 5.8643062867 0.297333060134
0.2 6.07374579694 0.21407961627

0.266666666667 0 0.0928261560768
0.266666666667 0.209439510239 0.053515862192
0.266666666667 0.418879020479 0.207061341879
0.266666666667 0.628318530718 0.108199461744
0.266666666667 0.837758040957 0.0492777147813
0.266666666667 1.0471975512 0.0427349019475
0.266666666667 1.25663706144 0.155583814472
0.266666666667 1.46607657168 0.33961087744
0.266666666667 1.67551608191 0.108079322589
0.266666666667 1.88495559215 0.321860038907
0.266666666667 2.09439510239 0.164893742
0.266666666667 2.30383461263 0.343815953806
0.266666666667 2.51327412287 0.283093377412
0.266666666667 2.72271363311 0.485029400606
0.266666666667 2.93215314335 0.470483392822
0.266666666667 3.14159265359 0.266633356412
0.266666666667 3.35103216383 0.330592950573
0.266666666667 3.56047167407 0.865721844108
0.266666666667 3.76991118431 0.680326218453
0.266666666667 3.97935069455 0.468201496868
0.266666666667 4.18879020479 0.355263766597
0.266666666667 4.39822971503 0.245200022699
0.266666666667 4.60766922527 0.198959246885
0.266666666667 4.8171087355 0.771681412857
0.266666666667 5.02654824574 0.588781477768
0.266666666667 5.23598775598 0.305470469949
0.266666666667 5.44542726622 0.271976845591
0.266666666667 5.65486677646 0.392502252514
0.266666666667 5.8643062867 0.286851310502
0.266666666667 6.07374579694 0.209332103082

0.333333333333 0 0.117102141287
0.333333333333 0.209439510239 0.0452252544816
0.333333333333 0.418879020479 0.223964396544
0.333333333333 0.628318530718 0.141328817762
0.333333333333 0.837758040957 0.0663083607812
0.333333333333 1.0471975512 0.069328652164
0.333333333333 1.25663706144 0.174138519649
0.333333333333 1.46607657168 0.314113256934
0.333333333333 1.67551608191 0.118010643976
0.333333333333 1.88495559215 0.305142827676
0.333333333333 2.09439510239 0.188815983953
0.333333333333 2.30383461263 0.337710799623
0.333333333333 2.51327412287 0.278172756282
0.333333333333 2.72271363311 0.485549903156
0.333333333333 2.93215314335 0.486145209257
0.333333333333 3.14159265359 0.248592671035
0.333333333333 3.35103216383 0.275261097722
0.333333333333 3.56047167407 0.873108316228
0.333333333333 3.76991118431 0.815010810273
0.333333333333 3.97935069455 0.540469845279
0.333333333333 4.18879020479 0.373130879129
0.333333333333 4.39822971503 0.291583656567
0.333333333333 4.60766922527 0.21599746405
0.333333333333 4.8171087355 0.830744655082
0.333333333333 5.02654824574 0.514878323196
0.333333333333 5.23598775598 0.307329681388
0.333333333333 5.44542726622 0.277965951269
0.333333333333 5.65486677646 0.411627151591
0.333333333333 5.8643062867 0.273889826172
0.333333333333 6.07374579694 0.20092301822

0.4 0 0.148063473318
0.4 0.209439510239 0.0349241627841
0.4 0.418879020479 0.231875149862
0.4 0.628318530718 0.199597941608
0.4 0.837758040957 0.115052770119
0.4 1.0471975512 0.104530685114
0.4 1.25663706144 0.184242549646
0.4 1.46607657168 0.293983015665
0.4 1.67551608191 0.128821138224
0.4 1.88495559215 0.294092701933
0.4 2.09439510239 0.217816608963
0.4 2.30383461263 0.327170882489
0.4 2.51327412287 0.270124575921
0.4 2.72271363311 0.478670696347
0.4 2.93215314335 0.532173535246
0.4 3.14159265359 0.219777829456
0.4 3.35103216383 0.216458310195
0.4 3.56047167407 0.749501467981
0.4 3.76991118431 0.866372916852
0.4 3.97935069455 0.590195722605
0.4 4.18879020479 0.409273637608
0.4 4.39822971503 0.34389088011
0.4 4.60766922527 0.242062277919
0.4 4.8171087355 0.886688178973
0.4 5.02654824574 0.430160453341
0.4 5.23598775598 0.30245675262
0.4 5.44542726622 0.291128894741
0.4 5.65486677646 0.434701258603
0.4 5.8643062867 0.258822856959
0.4 6.07374579694 0.186842171329

0.466666666667 0 0.180828562101
0.466666666667 0.209439510239 0.0309440307959
0.466666666667 0.418879020479 0.212861203669
0.466666666667 0.628318530718 0.263819154195
0.466666666667 0.837758040957 0.186846511762
0.466666666667 1.0471975512 0.138682873835
0.466666666667 1.25663706144 0.195868746718
0.466666666667 1.46607657168 0.294561187898
0.466666666667 1.67551608191 0.130399760959
0.466666666667 1.88495559215 0.300522281984
0.466666666667 2.09439510239 0.249282217592
0.466666666667 2.30383461263 0.31125496546
0.466666666667 2.51327412287 0.259419211867
0.466666666667 2.72271363311 0.458205384588
0.466666666667 2.93215314335 0.611151461594
0.466666666667 3.14159265359 0.186720052967
0.466666666667 3.35103216383 0.20286101599
0.466666666667 3.56047167407 0.499014575789
0.466666666667 3.76991118431 0.771173595279
0.466666666667 3.97935069455 0.601425802075
0.466666666667 4.18879020479 0.467376445018
0.466666666667 4.39822971503 0.387427385395
0.466666666667 4.60766922527 0.284160191416
0.466666666667 4.8171087355 0.921095187787
0.466666666667 5.02654824574 0.340674834111
0.466666666667 5.23598775598 0.287964296005
0.466666666667 5.44542726622 0.314537905386
0.466666666667 5.65486677646 0.46185462263
0.466666666667 5.8643062867 0.242140486923
0.466666666667 6.07374579694 0.166053759667

0.533333333333 0 0.205003156485
0.533333333333 0.209439510239 0.0469425208318
0.533333333333 0.418879020479 0.15589596874
0.533333333333 0.628318530718 0.289916961568
0.533333333333 0.837758040957 0.247147076392
0.533333333333 1.0471975512 0.169630355926
0.533333333333 1.25663706144 0.242792272735
0.533333333333 1.46607657168 0.317976240452
0.533333333333 1.67551608191 0.110444317002
0.533333333333 1.88495559215 0.341587119267
0.533333333333 2.09439510239 0.276411434503
0.533333333333 2.30383461263 0.289791026149
0.533333333333 2.51327412287 0.247463049269
0.533333333333 2.72271363311 0.417313660706
0.533333333333 2.93215314335 0.705529389713
0.533333333333 3.14159265359 0.171297296026
0.533333333333 3.35103216383 0.287649801494
0.533333333333 3.56047167407 0.265172902115
0.533333333333 3.76991118431 0.558184037767
0.533333333333 3.97935069455 0.579106019853
0.533333333333 4.18879020479 0.533115725679
0.533333333333 4.39822971503 0.398445751107
0.533333333333 4.60766922527 0.35021076734
0.533333333333 4.8171087355 0.906238069564
0.533333333333 5.02654824574 0.257832705298
0.533333333333 5.23598775598 0.260797760604
0.533333333333 5.44542726622 0.351982532791
0.533333333333 5.65486677646 0.493277284285
0.533333333333 5.8643062867 0.224197364093
0.533333333333 6.07374579694 0.139843975243

0.6 0 0.205919742238
0.6 0.209439510239 0.0929599719405
0.6 0.418879020479 0.0798692715449
0.6 0.628318530718 0.237151513418
0.6 0.837758040957 0.255916576233
0.6 1.0471975512 0.21684783814
0.6 1.25663706144 0.345890892431
0.6 1.46607657168 0.316225825181
0.6 1.67551608191 0.0774733440322
0.6 1.88495559215 0.428962420329
0.6 2.09439510239 0.287207578796
0.6 2.30383461263 0.264882167174
0.6 2.51327412287 0.236520339098
0.6 2.72271363311 0.354504907221
0.6 2.93215314335 0.759835206769
0.6 3.14159265359 0.207411028378
0.6 3.35103216383 0.454165260624
0.6 3.56047167407 0.283172521847
0.6 3.76991118431 0.403715525181
0.6 3.97935069455 0.55784171323
0.6 4.18879020479 0.560463019616
0.6 4.39822971503 0.358192727692
0.6 4.60766922527 0.438892458665
0.6 4.8171087355 0.812402061036
0.6 5.02654824574 0.198219858858
0.6 5.23598775598 0.219081933133
0.6 5.44542726622 0.407710784613
0.6 5.65486677646 0.529331559864
0.6 5.8643062867 0.204870953891
0.6 6.07374579694 0.113073667334

0.666666666667 0 0.173497076003
0.666666666667 0.209439510239 0.156154399752
0.666666666667 0.418879020479 0.0404622752925
0.666666666667 0.628318530718 0.128040386822
0.666666666667 0.837758040957 0.211115793803
0.666666666667 1.0471975512 0.281114939896
0.666666666667 1.25663706144 0.412794814634
0.666666666667 1.46607657168 0.205098720725
0.666666666667 1.67551608191 0.0988006933993
0.666666666667 1.88495559215 0.537183023674
0.666666666667 2.09439510239 0.268801695999
0.666666666667 2.30383461263 0.243869359044
0.666666666667 2.51327412287 0.228578423986
0.666666666667 2.72271363311 0.285329763686
0.666666666667 2.93215314335 0.684338591217
0.666666666667 3.14159265359 0.299283730066
0.666666666667 3.35103216383 0.55861362579
0.666666666667 3.56047167407 0.575227900322
0.666666666667 3.76991118431 0.478902559967
0.666666666667 3.97935069455 0.551547106672
0.666666666667 4.18879020479 0.48104158738
0.666666666667 4.39822971503 0.281220974235
0.666666666667 4.60766922527 0.518513380533
0.666666666667 4.8171087355 0.632850749156
0.666666666667 5.02654824574 0.177210266831
0.666666666667 5.23598775598 0.165263548703
0.666666666667 5.44542726622 0.485666190894
0.666666666667 5.65486677646 0.570775524215
0.666666666667 5.8643062867 0.183551367976
0.666666666667 6.07374579694 0.0935664702414

0.733333333333 0 0.119178494789
0.733333333333 0.209439510239 0.191727054458
0.733333333333 0.418879020479 0.0776452701451
0.733333333333 0.628318530718 0.0540031625884
0.733333333333 0.837758040957 0.140061975481
0.733333333333 1.0471975512 0.25499538034
0.733333333333 1.25663706144 0.262042507394
0.733333333333 1.46607657168 0.0446225336587
0.733333333333 1.67551608191 0.26513887192
0.733333333333 1.88495559215 0.56141384473
0.733333333333 2.09439510239 0.228093081325
0.733333333333 2.30383461263 0.243074360093
0.733333333333 2.51327412287 0.222429513224
0.733333333333 2.72271363311 0.250360519956
0.733333333333 2.93215314335 0.43840590144
0.733333333333 3.14159265359 0.343503734649
0.733333333333 3.35103216383 0.446392646696
0.733333333333 3.56047167407 0.713277830264
0.733333333333 3.76991118431 0.591791531237
0.733333333333 3.97935069455 0.454467678469
0.733333333333 4.18879020479 0.276141539346
0.733333333333 4.39822971503 0.225579824052
0.733333333333 4.60766922527 0.51946671728
0.733333333333 4.8171087355 0.425153450084
0.733333333333 5.02654824574 0.19106974608
0.733333333333 5.23598775598 0.112343747347
0.733333333333 5.44542726622 0.587662532715
0.733333333333 5.65486677646 0.619067108977
0.733333333333 5.8643062867 0.160942415632
0.733333333333 6.07374579694 0.0863894011432

0.8 0 0.0802636349458
0.8 0.209439510239 0.167212247157
0.8 0.418879020479 0.1462773456
0.8 0.628318530718 0.0715494808645
0.8 0.837758040957 0.0652689810454
0.8 1.0471975512 0.0849892071665
0.8 1.25663706144 0.0510324770792
0.8 1.46607657168 0.129811139981
0.8 1.67551608191 0.441036654098
0.8 1.88495559215 0.381180795274
0.8 2.09439510239 0.234682618659
0.8 2.30383461263 0.283226351881
0.8 2.51327412287 0.210379414869
0.8 2.72271363311 0.2823897989
0.8 2.93215314335 0.194562402249
0.8 3.14159265359 0.204256664792
0.8 3.35103216383 0.186550431475
0.8 3.56047167407 0.37098799565
0.8 3.76991118431 0.347186575988
0.8 3.97935069455 0.183852103994
0.8 4.18879020479 0.0928596124768
0.8 4.39822971503 0.234553028096
0.8 4.60766922527 0.422362020142
0.8 4.8171087355 0.316785964128
0.8 5.02654824574 0.19238313555
0.8 5.23598775598 0.0940797904329
0.8 5.44542726622 0.709263247739
0.8 5.65486677646 0.676354935511
0.8 5.8643062867 0.146534968224
0.8 6.07374579694 0.0820491757675

0.866666666667 0 0.0703852378358
0.866666666667 0.209439510239 0.116304606015
0.866666666667 0.418879020479 0.170227494086
0.866666666667 0.628318530718 0.165892758546
0.866666666667 0.837758040957 0.140295363793
0.866666666667 1.0471975512 0.140991678053
0.866666666667 1.25663706144 0.196022906855
0.866666666667 1.46607657168 0.28121192832
0.866666666667 1.67551608191 0.248251579925
0.866666666667 1.88495559215 0.208386291414
0.866666666667 2.09439510239 0.400886997369
0.866666666667 2.30383461263 0.350229491274
0.866666666667 2.51327412287 0.181148951062
0.866666666667 2.72271363311 0.310721723077
0.866666666667 2.93215314335 0.243894020182
0.866666666667 3.14159265359 0.122021872668
0.866666666667 3.35103216383 0.0732172354904
0.866666666667 3.56047167407 0.0859363706984
0.866666666667 3.76991118431 0.0936512108023
0.866666666667 3.97935069455 0.0963844130262
0.866666666667 4.18879020479 0.181597382735
0.866666666667 4.39822971503 0.33655821149
0.866666666667 4.60766922527 0.410572154592
0.866666666667 4.8171087355 0.332699671453
0.866666666667 5.02654824574 0.110664318741
0.866666666667 5.23598775598 0.174896449966
0.866666666667 5.44542726622 0.830168327796
0.866666666667 5.65486677646 0.7430333287
0.866666666667 5.8643062867 0.179047275969
0.866666666667 6.07374579694 0.0600595378569

0.933333333333 0 0.0672958785829
0.933333333333 0.209439510239 0.0667925230223
0.933333333333 0.418879020479 0.0749305942325
0.933333333333 0.628318530718 0.0906848587296
0.933333333333 0.837758040957 0.0987134184967
0.933333333333 1.0471975512 0.0903533050092
0.933333333333 1.25663706144 0.0751080637556
0.933333333333 1.46607657168 0.103395615819
0.933333333333 1.67551608191 0.261618167624
0.933333333333 1.88495559215 0.513439751488
0.933333333333 2.09439510239 0.587001375786
0.933333333333 2.30383461263 0.356404262227
0.933333333333 2.51327412287 0.146393754103
0.933333333333 2.72271363311 0.188937263058
0.933333333333 2.93215314335 0.309344140432
0.933333333333 3.14159265359 0.354669026384
0.933333333333 3.35103216383 0.367077173356
0.933333333333 3.56047167407 0.395763304258
0.933333333333 3.76991118431 0.441689366705
0.933333333333 3.97935069455 0.494059456433
0.933333333333 4.18879020479 0.532275068162
0.933333333333 4.39822971503 0.50966047527
0.933333333333 4.60766922527 0.372157005835
0.933333333333 4.8171087355 0.144793689925
0.933333333333 5.02654824574 0.0671099942162
0.933333333333 5.23598775598 0.425620877781
0.933333333333 5.44542726622 0.887271605317
0.933333333333 5.65486677646 0.800821964655
0.933333333333 5.8643062867 0.35936504303
0.933333333333 6.07374579694 0.109521215445

