-1 0 1.11823973993
-1 0.209439510239 1.11823973993
-1 0.418879020479 1.11823973993
-1 0.628318530718 1.11823973993
-1 0.837758040957 1.11823973993
-1 1.0471975512 1.11823973993
-1 1.25663706144 1.11823973993
-1 1.46607657168 1.11823973993
-1 1.67551608191 1.11823973993
-1 1.88495559215 1.11823973993
-1 2.09439510239 1.11823973993
-1 2.30383461263 1.11823973993
-1 2.51327412287 1.11823973993
-1 2.72271363311 1.11823973993
-1 2.93215314335 1.11823973993
-1 3.14159265359 1.11823973993
-1 3.35103216383 1.11823973993
-1 3.56047167407 1.11823973993
-1 3.76991118431 1.11823973993
-1 3.97935069455 1.11823973993
-1 4.18879020479 1.11823973993
-1 4.39822971503 1.11823973993
-1 4.60766922527 1.11823973993
-1 4.8171087355 1.11823973993
-1 5.02654824574 1.11823973993
-1 5.23598775598 1.11823973993
-1 5.44542726622 1.11823973993
-1 5.65486677646 1.11823973993
-1 5.8643062867 1.11823973993
-1 6.07374579694 1.11823973993

-0.933333333333 0 0.442368074845
-0.933333333333 0.209439510239 0.420695022723
-0.933333333333 0.418879020479 0.381252532744
-0.933333333333 0.628318530718 0.346131107453
-0.933333333333 0.837758040957 0.313005385995
-0.933333333333 1.0471975512 0.263050653195
-0.933333333333 1.25663706144 0.21161375142
-0.933333333333 1.46607657168 0.228358069482
-0.933333333333 1.67551608191 0.352930217933
-0.933333333333 1.88495559215 0.501404869438
-0.933333333333 2.09439510239 0.605808277956
-0.933333333333 2.30383461263 0.698931307191
-0.933333333333 2.51327412287 0.654151479496
-0.933333333333 2.72271363311 0.393607130172
-0.933333333333 2.93215314335 0.220224590138
-0.933333333333 3.14159265359 0.270446201983
-0.933333333333 3.35103216383 0.344139087755
-0.933333333333 3.56047167407 0.335789153544
-0.933333333333 3.76991118431 0.293554967743
-0.933333333333 3.97935069455 0.255951883082
-0.933333333333 4.18879020479 0.225201946347
-0.933333333333 4.39822971503 0.20657944097
-0.933333333333 4.60766922527 0.216393318477
-0.933333333333 4.8171087355 0.259118704821
-0.933333333333 5.02654824574 0.346674038037
-0.933333333333 5.23598775598 0.513438364269
-0.933333333333 5.44542726622 0.70155752725
-0.933333333333 5.65486677646 0.754101452902
-0.933333333333 5.8643062867 0.626594228569
-0.933333333333 6.07374579694 0.485593177402

-0.866666666667 0 0.554383214395
-0.866666666667 0.209439510239 0.278803587987
-0.866666666667 0.418879020479 0.152789118758
-0.866666666667 0.628318530718 0.154737381537
-0.866666666667 0.837758040957 0.22084385825
-0.866666666667 1.0471975512 0.315084808188
-0.866666666667 1.25663706144 0.340225505082
-0.866666666667 1.46607657168 0.258157358346
-0.866666666667 1.67551608191 0.308156158952
-0.866666666667 1.88495559215 0.625282334801
-0.866666666667 2.09439510239 0.726266059136
-0.866666666667 2.30383461263 0.529135517203
-0.866666666667 2.51327412287 0.391293218161
-0.866666666667 2.72271363311 0.185581464478
-0.866666666667 2.93215314335 0.345659569658
-0.866666666667 3.14159265359 0.598885376468
-0.866666666667 3.35103216383 0.556336368646
-0.866666666667 3.56047167407 0.489971943807
-0.866666666667 3.76991118431 0.485979292687
-0.866666666667 3.97935069455 0.485585006133
-0.866666666667 4.18879020479 0.475687201276
-0.866666666667 4.39822971503 0.440558000199
-0.866666666667 4.60766922527 0.365042223445
-0.866666666667 4.8171087355 0.30112306691
-0.866666666667 5.02654824574 0.282553690854
-0.866666666667 5.23598775598 0.312627008087
-0.866666666667 5.44542726622 0.454807726237
-0.866666666667 5.65486677646 0.788217179466
-0.866666666667 5.8643062867 0.83144778614
-0.866666666667 6.07374579694 0.710463851277

-0.8 0 0.236468342425
-0.8 0.209439510239 0.0536805851405
-0.8 0.418879020479 0.111312035801
-0.8 0.628318530718 0.0938032840315
-0.8 0.837758040957 0.0674523060968
-0.8 1.0471975512 0.114679576751
-0.8 1.25663706144 0.24310451158
-0.8 1.46607657168 0.258152299503
-0.8 1.67551608191 0.217639911869
-0.8 1.88495559215 0.574247835223
-0.8 2.09439510239 0.887479659306
-0.8 2.30383461263 0.463232707059
-0.8 2.51327412287 0.247896975167
-0.8 2.72271363311 0.152041182465
-0.8 2.93215314335 0.664532318674
-0.8 3.14159265359 0.801276320684
-0.8 3.35103216383 0.548469670348
-0.8 3.56047167407 0.441525037335
-0.8 3.76991118431 0.350492824752
-0.8 3.97935069455 0.263735059923
-0.8 4.18879020479 0.224309004508
-0.8 4.39822971503 0.268811449574
-0.8 4.60766922527 0.39881470747
-0.8 4.8171087355 0.4649147666
-0.8 5.02654824574 0.305060347664
-0.8 5.23598775598 0.260250786648
-0.8 5.44542726622 0.389348722982
-0.8 5.65486677646 0.868845306724
-0.8 5.8643062867 0.922340533992
-0.8 6.07374579694 0.678735345676

-0.733333333333 0 0.0954998703595
-0.733333333333 0.209439510239 0.328311217652
-0.733333333333 0.418879020479 0.400067631345
-0.733333333333 0.628318530718 0.378687535764
-0.733333333333 0.837758040957 0.270158573235
-0.733333333333 1.0471975512 0.122749651709
-0.733333333333 1.25663706144 0.160077751336
-0.733333333333 1.46607657168 0.228147009132
-0.733333333333 1.67551608191 0.154404731853
-0.733333333333 1.88495559215 0.456861813527
-0.733333333333 2.09439510239 0.979646209381
-0.733333333333 2.30383461263 0.445183695032
-0.733333333333 2.51327412287 0.168515931984
-0.733333333333 2.72271363311 0.209612648225
-0.733333333333 2.93215314335 0.979485552528
-0.733333333333 3.14159265359 0.732420343853
-0.733333333333 3.35103216383 0.390749938247
-0.733333333333 3.56047167407 0.274705924039
-0.733333333333 3.76991118431 0.181549927299
-0.733333333333 3.97935069455 0.172693690618
-0.733333333333 4.18879020479 0.163319911008
-0.733333333333 4.39822971503 0.0767892404527
-0.733333333333 4.60766922527 0.112982025714
-0.733333333333 4.8171087355 0.442076265249
-0.733333333333 5.02654824574 0.38692459462
-0.733333333333 5.23598775598 0.209389121661
-0.733333333333 5.44542726622 0.390941164508
-0.733333333333 5.65486677646 0.928122326621
-0.733333333333 5.8643062867 0.898830587934
-0.733333333333 6.07374579694 0.498603052561

-0.666666666667 0 0.205005782452
-0.666666666667 0.209439510239 0.488773122695
-0.666666666667 0.418879020479 0.470248310809
-0.666666666667 0.628318530718 0.559967188209
-0.666666666667 0.837758040957 0.460751488678
-0.666666666667 1.0471975512 0.203560229711
-0.666666666667 1.25663706144 0.129009254624
-0.666666666667 1.46607657168 0.230052470036
-0.666666666667 1.67551608191 0.120660106217
-0.666666666667 1.88495559215 0.351787592946
-0.666666666667 2.09439510239 1.00480573355
-0.666666666667 2.30383461263 0.44609599955
-0.666666666667 2.51327412287 0.127199623849
-0.666666666667 2.72271363311 0.331030333338
-0.666666666667 2.93215314335 1.15509575151
-0.666666666667 3.14159265359 0.512355187272
-0.666666666667 3.35103216383 0.260761082065
-0.666666666667 3.56047167407 0.146423182141
-0.666666666667 3.76991118431 0.144497367036
-0.666666666667 3.97935069455 0.262680486013
-0.666666666667 4.18879020479 0.402150841641
-0.666666666667 4.39822971503 0.349741119278
-0.666666666667 4.60766922527 0.0580436107565
-0.666666666667 4.8171087355 0.266861814721
-0.666666666667 5.02654824574 0.454242379886
-0.666666666667 5.23598775598 0.162112905321
-0.666666666667 5.44542726622 0.393266002396
-0.666666666667 5.65486677646 0.964113180028
-0.666666666667 5.8643062867 0.823615266475
-0.666666666667 6.07374579694 0.337913655622

-0.6 0 0.286739000362
-0.6 0.209439510239 0.35684805301
-0.6 0.418879020479 0.385459058304
-0.6 0.628318530718 0.529425758214
-0.6 0.837758040957 0.481862984143
-0.6 1.0471975512 0.251321839319
-0.6 1.25663706144 0.0984242490983
-0.6 1.46607657168 0.243574878492
-0.6 1.67551608191 0.121650932029
-0.6 1.88495559215 0.276765689612
-0.6 2.09439510239 0.989589346766
-0.6 2.30383461263 0.451621248452
-0.6 2.51327412287 0.110362177857
-0.6 2.72271363311 0.486454429362
-0.6 2.93215314335 1.16052844096
-0.6 3.14159265359 0.311760930486
-0.6 3.35103216383 0.175304222423
-0.6 3.56047167407 0.0762015228187
-0.6 3.76991118431 0.182779313519
-0.6 3.97935069455 0.280101824619
-0.6 4.18879020479 0.462958350847
-0.6 4.39822971503 0.666153283388
-0.6 4.60766922527 0.306173541534
-0.6 4.8171087355 0.137675740102
-0.6 5.02654824574 0.471940878501
-0.6 5.23598775598 0.130647690025
-0.6 5.44542726622 0.383735655894
-0.6 5.65486677646 0.984310862608
-0.6 5.8643062867 0.738198484823
-0.6 6.07374579694 0.252903195569

-0.533333333333 0 0.24425607478
-0.533333333333 0.209439510239 0.209140196925
-0.533333333333 0.418879020479 0.323734568797
-0.533333333333 0.628318530718 0.390149460119
-0.533333333333 0.837758040957 0.422621512591
-0.533333333333 1.0471975512 0.299747900133
-0.533333333333 1.25663706144 0.0842315496009
-0.533333333333 1.46607657168 0.241693831644
-0.533333333333 1.67551608191 0.15052611375
-0.533333333333 1.88495559215 0.22733210566
-0.533333333333 2.09439510239 0.957833457186
-0.533333333333 2.30383461263 0.455380836215
-0.533333333333 2.51327412287 0.109546478641
-0.533333333333 2.72271363311 0.646819523721
-0.533333333333 2.93215314335 1.04272698066
-0.533333333333 3.14159265359 0.195258924721
-0.533333333333 3.35103216383 0.105884698045
-0.533333333333 3.56047167407 0.098014470592
-0.533333333333 3.76991118431 0.31585564382
-0.533333333333 3.97935069455 0.274028742905
-0.533333333333 4.18879020479 0.306529122083
-0.533333333333 4.39822971503 0.724610398761
-0.533333333333 4.60766922527 0.614405585886
-0.533333333333 4.8171087355 0.117377273403
-0.533333333333 5.02654824574 0.451664284839
-0.533333333333 5.23598775598 0.113929196176
-0.533333333333 5.44542726622 0.366840252191
-0.533333333333 5.65486677646 0.995256009779
-0.533333333333 5.8643062867 0.65919226432
-0.533333333333 6.07374579694 0.22349447895

-0.466666666667 0 0.147628251792
-0.466666666667 0.209439510239 0.209851161185
-0.466666666667 0.418879020479 0.31510719132
-0.466666666667 0.628318530718 0.267753696656
-0.466666666667 0.837758040957 0.386083988285
-0.466666666667 1.0471975512 0.377537505803
-0.466666666667 1.25663706144 0.110490288374
-0.466666666667 1.46607657168 0.225440924627
-0.466666666667 1.67551608191 0.192099679613
-0.466666666667 1.88495559215 0.195919006578
-0.466666666667 2.09439510239 0.924679828379
-0.466666666667 2.30383461263 0.455237424357
-0.466666666667 2.51327412287 0.11867729551
-0.466666666667 2.72271363311 0.791390869991
-0.466666666667 2.93215314335 0.8689662657
-0.466666666667 3.14159265359 0.147928994266
-0.466666666667 3.35103216383 0.0535293760841
-0.466666666667 3.56047167407 0.216779013852
-0.466666666667 3.76991118431 0.534386951028
-0.466666666667 3.97935069455 0.347481074799
-0.466666666667 4.18879020479 0.137144128164
-0.466666666667 4.39822971503 0.580683465604
-0.466666666667 4.60766922527 0.825483929505
-0.466666666667 4.8171087355 0.17748919554
-0.466666666667 5.02654824574 0.413745356704
-0.466666666667 5.23598775598 0.106736231938
-0.466666666667 5.44542726622 0.348118627897
-0.466666666667 5.65486677646 1.00048253424
-0.466666666667 5.8643062867 0.590680869269
-0.466666666667 6.07374579694 0.221046562974

-0.4 0 0.0726893097542
-0.4 0.209439510239 0.326488025198
-0.4 0.418879020479 0.32813890607
-0.4 0.628318530718 0.218537930671
-0.4 0.837758040957 0.396618063475
-0.4 1.0471975512 0.469574707782
-0.4 1.25663706144 0.172349884068
-0.4 1.46607657168 0.207206117937
-0.4 1.67551608191 0.232946369477
-0.4 1.88495559215 0.176829154763
-0.4 2.09439510239 0.897661285575
-0.4 2.30383461263 0.451174824286
-0.4 2.51327412287 0.133085042465
-0.4 2.72271363311 0.909606448101
-0.4 2.93215314335 0.69177742704
-0.4 3.14159265359 0.135511218131
-0.4 3.35103216383 0.0296826039082
-0.4 3.56047167407 0.387844777227
-0.4 3.76991118431 0.769803595686
-0.4 3.97935069455 0.495004247954
-0.4 4.18879020479 0.0809426985475
-0.4 4.39822971503 0.385728753839
-0.4 4.60766922527 0.915087711988
-0.4 4.8171087355 0.276179054461
-0.4 5.02654824574 0.371989904868
-0.4 5.23598775598 0.1047011351
-0.4 5.44542726622 0.331013372141
-0.4 5.65486677646 1.0013521183
-0.4 5.8643062867 0.533099256756
-0.4 6.07374579694 0.228529575272

-0.333333333333 0 0.0465633065923
-0.333333333333 0.209439510239 0.472383172444
-0.333333333333 0.418879020479 0.340007641743
-0.333333333333 0.628318530718 0.229892686838
-0.333333333333 0.837758040957 0.4297026639
-0.333333333333 1.0471975512 0.547603721801
-0.333333333333 1.25663706144 0.247667296686
-0.333333333333 1.46607657168 0.19519498762
-0.333333333333 1.67551608191 0.265665362066
-0.333333333333 1.88495559215 0.166352178199
-0.333333333333 2.09439510239 0.879290515802
-0.333333333333 2.30383461263 0.444123143199
-0.333333333333 2.51327412287 0.14914835685
-0.333333333333 2.72271363311 0.99908840613
-0.333333333333 2.93215314335 0.539968542556
-0.333333333333 3.14159265359 0.13350589912
-0.333333333333 3.35103216383 0.0351950694894
-0.333333333333 3.56047167407 0.553839257457
-0.333333333333 3.76991118431 0.948464912353
-0.333333333333 3.97935069455 0.645144083358
-0.333333333333 4.18879020479 0.135193277493
-0.333333333333 4.39822971503 0.23307113941
-0.333333333333 4.60766922527 0.915836152642
-0.333333333333 4.8171087355 0.383175993679
-0.333333333333 5.02654824574 0.333200761605
-0.333333333333 5.23598775598 0.105115720561
-0.333333333333 5.44542726622 0.31717070716
-0.333333333333 5.65486677646 0.99833224544
-0.333333333333 5.8643062867 0.486143189793
-0.333333333333 6.07374579694 0.23829394997

-0.266666666667 0 0.0622493916305
-0.266666666667 0.209439510239 0.593228594518
-0.266666666667 0.418879020479 0.344139870602
-0.266666666667 0.628318530718 0.265613444804
-0.266666666667 0.837758040957 0.458801725254
-0.266666666667 1.0471975512 0.596260566734
-0.266666666667 1.25663706144 0.3159599745
-0.266666666667 1.46607657168 0.190716329995
-0.266666666667 1.67551608191 0.288064226327
-0.266666666667 1.88495559215 0.162039337114
-0.266666666667 2.09439510239 0.869330506923
-0.266666666667 2.30383461263 0.435339433658
-0.266666666667 2.51327412287 0.164115834266
-0.266666666667 2.72271363311 1.06254500935
-0.266666666667 2.93215314335 0.423270788704
-0.266666666667 3.14159265359 0.131034422344
-0.266666666667 3.35103216383 0.0605098075707
-0.266666666667 3.56047167407 0.676605062504
-0.266666666667 3.76991118431 1.03273746331
-0.266666666667 3.97935069455 0.736469511397
-0.266666666667 4.18879020479 0.240238035455
-0.266666666667 4.39822971503 0.147343816609
-0.266666666667 4.60766922527 0.867816946428
-0.266666666667 4.8171087355 0.48061250275
-0.266666666667 5.02654824574 0.299888073011
-0.266666666667 5.23598775598 0.106509217828
-0.266666666667 5.44542726622 0.307150351942
-0.266666666667 5.65486677646 0.991768166047
-0.266666666667 5.8643062867 0.449165180043
-0.266666666667 6.07374579694 0.247432509881

-0.2 0 0.101714494512
-0.2 0.209439510239 0.674860809356
-0.2 0.418879020479 0.341721724211
-0.2 0.628318530718 0.298568463877
-0.2 0.837758040957 0.473234078437
-0.2 1.0471975512 0.616487034893
-0.2 1.25663706144 0.366408197272
-0.2 1.46607657168 0.191313696342
-0.2 1.67551608191 0.300804997195
-0.2 1.88495559215 0.162193705356
-0.2 2.09439510239 0.866338128709
-0.2 2.30383461263 0.42611009422
-0.2 2.51327412287 0.175965406942
-0.2 2.72271363311 1.10503513042
-0.2 2.93215314335 0.340269203381
-0.2 3.14159265359 0.125782553878
-0.2 3.35103216383 0.0936453483616
-0.2 3.56047167407 0.74433763251
-0.2 3.76991118431 1.02484110425
-0.2 3.97935069455 0.74806401655
-0.2 4.18879020479 0.341259750746
-0.2 4.39822971503 0.116498822209
-0.2 4.60766922527 0.802411974947
-0.2 4.8171087355 0.559327577635
-0.2 5.02654824574 0.272472937873
-0.2 5.23598775598 0.108156287051
-0.2 5.44542726622 0.300939123873
-0.2 5.65486677646 0.982155766644
-0.2 5.8643062867 0.421162637808
-0.2 6.07374579694 0.25505753936

-0.133333333333 0 0.148581991887
-0.133333333333 0.209439510239 0.72453437553
-0.133333333333 0.418879020479 0.336008586716
-0.133333333333 0.628318530718 0.318328643276
-0.133333333333 0.837758040957 0.475060701992
-0.133333333333 1.0471975512 0.617870033196
-0.133333333333 1.25663706144 0.396745051854
-0.133333333333 1.46607657168 0.193953616694
-0.133333333333 1.67551608191 0.305498925434
-0.133333333333 1.88495559215 0.165634712276
-0.133333333333 2.09439510239 0.868555828678
-0.133333333333 2.30383461263 0.417636622775
-0.133333333333 2.51327412287 0.183273482626
-0.133333333333 2.72271363311 1.13205213811
-0.133333333333 2.93215314335 0.284876198618
-0.133333333333 3.14159265359 0.118811272415
-0.133333333333 3.35103216383 0.12567720187
-0.133333333333 3.56047167407 0.76371498581
-0.133333333333 3.76991118431 0.95095206725
-0.133333333333 3.97935069455 0.692156311864
-0.133333333333 4.18879020479 0.40927401529
-0.133333333333 4.39822971503 0.118513710948
-0.133333333333 4.60766922527 0.740040035569
-0.133333333333 4.8171087355 0.61553822746
-0.133333333333 5.02654824574 0.250591992981
-0.133333333333 5.23598775598 0.109756332559
-0.133333333333 5.44542726622 0.298249909385
-0.133333333333 5.65486677646 0.970141747719
-0.133333333333 5.8643062867 0.400898024805
-0.133333333333 6.07374579694 0.261045752463

-0.0666666666667 0 0.191815278249
-0.0666666666667 0.209439510239 0.755250118062
-0.0666666666667 0.418879020479 0.330275893459
-0.0666666666667 0.628318530718 0.325757393399
-0.0666666666667 0.837758040957 0.471112975232
-0.0666666666667 1.0471975512 0.610978593055
-0.0666666666667 1.25663706144 0.409107659833
-0.0666666666667 1.46607657168 0.196614079871
-0.0666666666667 1.67551608191 0.303675463248
-0.0666666666667 1.88495559215 0.171611757433
-0.0666666666667 2.09439510239 0.874330935526
-0.0666666666667 2.30383461263 0.411023170511
-0.0666666666667 2.51327412287 0.185102661779
-0.0666666666667 2.72271363311 1.14837747872
-0.0666666666667 2.93215314335 0.250320270257
-0.0666666666667 3.14159265359 0.111575471556
-0.0666666666667 3.35103216383 0.152015494755
-0.0666666666667 3.56047167407 0.749241739949
-0.0666666666667 3.76991118431 0.844008836316
-0.0666666666667 3.97935069455 0.595521447972
-0.0666666666667 4.18879020479 0.437582624715
-0.0666666666667 4.39822971503 0.134824043654
-0.0666666666667 4.60766922527 0.692013939276
-0.0666666666667 4.8171087355 0.64838196105
-0.0666666666667 5.02654824574 0.233787886404
-0.0666666666667 5.23598775598 0.111265201469
-0.0666666666667 5.44542726622 0.298675806741
-0.0666666666667 5.65486677646 0.956425028612
-0.0666666666667 5.8643062867 0.38711986056
-0.0666666666667 6.07374579694 0.26548753372

6.12323399574e-17 0 0.225152706021
6.12323399574e-17 0.209439510239 0.778359725401
6.12323399574e-17 0.418879020479 0.327435910364
6.12323399574e-17 0.628318530718 0.325812215771
6.12323399574e-17 0.837758040957 0.467618461971
6.12323399574e-17 1.0471975512 0.603250104605
6.12323399574e-17 1.25663706144 0.406483549711
6.12323399574e-17 1.46607657168 0.198645097948
6.12323399574e-17 1.67551608191 0.296409421519
6.12323399574e-17 1.88495559215 0.179774719163
6.12323399574e-17 2.09439510239 0.882224174519
6.12323399574e-17 2.30383461263 0.407321017484
6.12323399574e-17 2.51327412287 0.180925306663
6.12323399574e-17 2.72271363311 1.15748419831
6.12323399574e-17 2.93215314335 0.231140550479
6.12323399574e-17 3.14159265359 0.104801059904
6.12323399574e-17 3.35103216383 0.171250239436
6.12323399574e-17 3.56047167407 0.715679206719
6.12323399574e-17 3.76991118431 0.732798074291
6.12323399574e-17 3.97935069455 0.485347901059
6.12323399574e-17 4.18879020479 0.432341164684
6.12323399574e-17 4.39822971503 0.154679666668
6.12323399574e-17 4.60766922527 0.663177978838
6.12323399574e-17 4.8171087355 0.658239249939
6.12323399574e-17 5.02654824574 0.221840537271
6.12323399574e-17 5.23598775598 0.112823247802
6.12323399574e-17 5.44542726622 0.301757420263
6.12323399574e-17 5.65486677646 0.941646170656
6.12323399574e-17 5.8643062867 0.378783032003
6.12323399574e-17 6.07374579694 0.268439191189

0.0666666666667 0 0.245428650061
0.0666666666667 0.209439510239 0.801429586788
0.0666666666667 0.418879020479 0.330226271507
0.0666666666667 0.628318530718 0.322986683247
0.0666666666667 0.837758040957 0.468089420651
0.0666666666667 1.0471975512 0.597738479211
0.0666666666667 1.25663706144 0.390807447134
0.0666666666667 1.46607657168 0.200591143607
0.0666666666667 1.67551608191 0.284322872422
0.0666666666667 1.88495559215 0.190164379421
0.0666666666667 2.09439510239 0.890914215051
0.0666666666667 2.30383461263 0.407605806983
0.0666666666667 2.51327412287 0.1705998804
0.0666666666667 2.72271363311 1.16127800916
0.0666666666667 2.93215314335 0.223958242142
0.0666666666667 3.14159265359 0.0983745129547
0.0666666666667 3.35103216383 0.183367149408
0.0666666666667 3.56047167407 0.674401381196
0.0666666666667 3.76991118431 0.637509577609
0.0666666666667 3.97935069455 0.38347484121
0.0666666666667 4.18879020479 0.405980055228
0.0666666666667 4.39822971503 0.17515777026
0.0666666666667 4.60766922527 0.654064172738
0.0666666666667 4.8171087355 0.645782489688
0.0666666666667 5.02654824574 0.214883654567
0.0666666666667 5.23598775598 0.114736700619
0.0666666666667 5.44542726622 0.30699912444
0.0666666666667 5.65486677646 0.926296842193
0.0666666666667 5.8643062867 0.375218984003
0.0666666666667 6.07374579694 0.269811096933

0.133333333333 0 0.251148966673
0.133333333333 0.209439510239 0.82813022536
0.133333333333 0.418879020479 0.341623282457
0.133333333333 0.628318530718 0.319496629091
0.133333333333 0.837758040957 0.472843963478
0.133333333333 1.0471975512 0.593144838238
0.133333333333 1.25663706144 0.362637767746
0.133333333333 1.46607657168 0.203829974519
0.133333333333 1.67551608191 0.267806461977
0.133333333333 1.88495559215 0.203217007762
0.133333333333 2.09439510239 0.898955075125
0.133333333333 2.30383461263 0.413076732274
0.133333333333 2.51327412287 0.154413029942
0.133333333333 2.72271363311 1.16003259396
0.133333333333 2.93215314335 0.227589070439
0.133333333333 3.14159265359 0.0916399703596
0.133333333333 3.35103216383 0.188320157546
0.133333333333 3.56047167407 0.632551695908
0.133333333333 3.76991118431 0.569654240626
0.133333333333 3.97935069455 0.307087569513
0.133333333333 4.18879020479 0.374790606844
0.133333333333 4.39822971503 0.199390648598
0.133333333333 4.60766922527 0.662060504714
0.133333333333 4.8171087355 0.61173151326
0.133333333333 5.02654824574 0.213367868215
0.133333333333 5.23598775598 0.117484925958
0.133333333333 5.44542726622 0.313857436474
0.133333333333 5.65486677646 0.910650445453
0.133333333333 5.8643062867 0.376254992403
0.133333333333 6.07374579694 0.269322620067

0.2 0 0.241713558488
0.2 0.209439510239 0.858359996453
0.2 0.418879020479 0.365401950184
0.2 0.628318530718 0.315178879107
0.2 0.837758040957 0.478700383894
0.2 1.0471975512 0.584080676328
0.2 1.25663706144 0.322172369149
0.2 1.46607657168 0.209954608078
0.2 1.67551608191 0.247440226545
0.2 1.88495559215 0.219782059085
0.2 2.09439510239 0.904416581052
0.2 2.30383461263 0.425170955583
0.2 2.51327412287 0.133198283341
0.2 2.72271363311 1.15248109859
0.2 2.93215314335 0.242730930359
0.2 3.14159265359 0.0838106191794
0.2 3.35103216383 0.185380758283
0.2 3.56047167407 0.593695512094
0.2 3.76991118431 0.5344910607
0.2 3.97935069455 0.272265063113
0.2 4.18879020479 0.358493086793
0.2 4.39822971503 0.233592991823
0.2 4.60766922527 0.681602430233
0.2 4.8171087355 0.557306025188
0.2 5.02654824574 0.217884107604
0.2 5.23598775598 0.121735450474
0.2 5.44542726622 0.321716489664
0.2 5.65486677646 0.894706230837
0.2 5.8643062867 0.382302663676
0.2 6.07374579694 0.266491271416

0.266666666667 0 0.217302822492
0.266666666667 0.209439510239 0.887888217236
0.266666666667 0.418879020479 0.406748473913
0.266666666667 0.628318530718 0.308629215629
0.266666666667 0.837758040957 0.478387292931
0.266666666667 1.0471975512 0.561346821635
0.266666666667 1.25663706144 0.2713274552
0.266666666667 1.46607657168 0.219521677329
0.266666666667 1.67551608191 0.224663821438
0.266666666667 1.88495559215 0.241133117405
0.266666666667 2.09439510239 0.904438385082
0.266666666667 2.30383461263 0.445684620898
0.266666666667 2.51327412287 0.108533294276
0.266666666667 2.72271363311 1.13615721606
0.266666666667 2.93215314335 0.271120651607
0.266666666667 3.14159265359 0.0744379128673
0.266666666667 3.35103216383 0.17342550651
0.266666666667 3.56047167407 0.558908364558
0.266666666667 3.76991118431 0.534413175218
0.266666666667 3.97935069455 0.296255956656
0.266666666667 4.18879020479 0.377900099071
0.266666666667 4.39822971503 0.282439795361
0.266666666667 4.60766922527 0.703899063365
0.266666666667 4.8171087355 0.485330460809
0.266666666667 5.02654824574 0.22884099089
0.266666666667 5.23598775598 0.128348859821
0.266666666667 5.44542726622 0.329866444355
0.266666666667 5.65486677646 0.878133921048
0.266666666667 5.8643062867 0.394434854352
0.266666666667 6.07374579694 0.260642661782

0.333333333333 0 0.179361658224
0.333333333333 0.209439510239 0.907374979229
0.333333333333 0.418879020479 0.472475262936
0.333333333333 0.628318530718 0.300127840747
0.333333333333 0.837758040957 0.460734832043
0.333333333333 1.0471975512 0.513097910915
0.333333333333 1.25663706144 0.216011609552
0.333333333333 1.46607657168 0.22991707189
0.333333333333 1.67551608191 0.202667051643
0.333333333333 1.88495559215 0.268893244771
0.333333333333 2.09439510239 0.894792336293
0.333333333333 2.30383461263 0.476871366018
0.333333333333 2.51327412287 0.0830005454571
0.333333333333 2.72271363311 1.1082331617
0.333333333333 2.93215314335 0.313758712507
0.333333333333 3.14159265359 0.0641347850988
0.333333333333 3.35103216383 0.151965715118
0.333333333333 3.56047167407 0.527138125334
0.333333333333 3.76991118431 0.570282487898
0.333333333333 3.97935069455 0.393029321805
0.333333333333 4.18879020479 0.445905615069
0.333333333333 4.39822971503 0.342804949113
0.333333333333 4.60766922527 0.717292263345
0.333333333333 4.8171087355 0.401781512894
0.333333333333 5.02654824574 0.246009337245
0.333333333333 5.23598775598 0.138349342232
0.333333333333 5.44542726622 0.337506401403
0.333333333333 5.65486677646 0.860211279358
0.333333333333 5.8643062867 0.414451788269
0.333333333333 6.07374579694 0.250948106818

0.4 0 0.13160150115
0.4 0.209439510239 0.90103914151
0.4 0.418879020479 0.569331310336
0.4 0.628318530718 0.297351330066
0.4 0.837758040957 0.415003694418
0.4 1.0471975512 0.429471563204
0.4 1.25663706144 0.166425896879
0.4 1.46607657168 0.233320916472
0.4 1.67551608191 0.187079488952
0.4 1.88495559215 0.304677854296
0.4 2.09439510239 0.869703427882
0.4 2.30383461263 0.521437122412
0.4 2.51327412287 0.060458529798
0.4 2.72271363311 1.067255418
0.4 2.93215314335 0.367740066677
0.4 3.14159265359 0.0561592213246
0.4 3.35103216383 0.121911333467
0.4 3.56047167407 0.493278681412
0.4 3.76991118431 0.634762701469
0.4 3.97935069455 0.555575823072
0.4 4.18879020479 0.549283713397
0.4 4.39822971503 0.398665514158
0.4 4.60766922527 0.709868272638
0.4 4.8171087355 0.317146447458
0.4 5.02654824574 0.26802310639
0.4 5.23598775598 0.152822280282
0.4 5.44542726622 0.343805695293
0.4 5.65486677646 0.839753333864
0.4 5.8643062867 0.444886707539
0.4 6.07374579694 0.236552726587

0.466666666667 0 0.0813218299981
0.466666666667 0.209439510239 0.846134212077
0.466666666667 0.418879020479 0.696859513875
0.466666666667 0.628318530718 0.322446616164
0.466666666667 0.837758040957 0.344144619007
0.466666666667 1.0471975512 0.314267031487
0.466666666667 1.25663706144 0.132672973685
0.466666666667 1.46607657168 0.21861661642
0.466666666667 1.67551608191 0.185192309332
0.466666666667 1.88495559215 0.349067608416
0.466666666667 2.09439510239 0.822504003271
0.466666666667 2.30383461263 0.582209250446
0.466666666667 2.51327412287 0.046199536012
0.466666666667 2.72271363311 1.01615248186
0.466666666667 2.93215314335 0.4220244902
0.466666666667 3.14159265359 0.0598756053797
0.466666666667 3.35103216383 0.084770546876
0.466666666667 3.56047167407 0.443446202449
0.466666666667 3.76991118431 0.693677949285
0.466666666667 3.97935069455 0.725520321047
0.466666666667 4.18879020479 0.630217576237
0.466666666667 4.39822971503 0.42494166764
0.466666666667 4.60766922527 0.675534525332
0.466666666667 4.8171087355 0.246255505302
0.466666666667 5.02654824574 0.292076912458
0.466666666667 5.23598775598 0.172685005568
0.466666666667 5.44542726622 0.348080983527
0.466666666667 5.65486677646 0.815052189699
0.466666666667 5.8643062867 0.488791322762
0.466666666667 6.07374579694 0.217002087404

0.533333333333 0 0.0403313707583
0.533333333333 0.209439510239 0.71693372484
0.533333333333 0.418879020479 0.829839995238
0.533333333333 0.628318530718 0.409514113917
0.533333333333 0.837758040957 0.28420812211
0.533333333333 1.0471975512 0.200567194682
0.533333333333 1.25663706144 0.116836868311
0.533333333333 1.46607657168 0.183102114795
0.533333333333 1.67551608191 0.201681563084
0.533333333333 1.88495559215 0.399415416924
0.533333333333 2.09439510239 0.748229687016
0.533333333333 2.30383461263 0.66092268046
0.533333333333 2.51327412287 0.0467508982312
0.533333333333 2.72271363311 0.966159782051
0.533333333333 2.93215314335 0.455395347755
0.533333333333 3.14159265359 0.0960718738183
0.533333333333 3.35103216383 0.0435556550249
0.533333333333 3.56047167407 0.353845392182
0.533333333333 3.76991118431 0.671773022462
0.533333333333 3.97935069455 0.779636725789
0.533333333333 4.18879020479 0.599889145657
0.533333333333 4.39822971503 0.410290415661
0.533333333333 4.60766922527 0.621599117692
0.533333333333 4.8171087355 0.204632003148
0.533333333333 5.02654824574 0.31423084615
0.533333333333 5.23598775598 0.198275826088
0.533333333333 5.44542726622 0.350183209089
0.533333333333 5.65486677646 0.783888459667
0.533333333333 5.8643062867 0.548921270632
0.533333333333 6.07374579694 0.193482757031

0.6 0 0.023460242124
0.6 0.209439510239 0.501844415112
0.6 0.418879020479 0.892846791955
0.6 0.628318530718 0.566817829252
0.6 0.837758040957 0.298557615799
0.6 1.0471975512 0.14564744772
0.6 1.25663706144 0.111938052478
0.6 1.46607657168 0.151124367598
0.6 1.67551608191 0.2308070353
0.6 1.88495559215 0.44672280258
0.6 2.09439510239 0.649773949915
0.6 2.30383461263 0.754794583499
0.6 2.51327412287 0.0689050692977
0.6 2.72271363311 0.938696345722
0.6 2.93215314335 0.445659812515
0.6 3.14159265359 0.197281014156
0.6 3.35103216383 0.0220940889864
0.6 3.56047167407 0.214508635685
0.6 3.76991118431 0.497149219608
0.6 3.97935069455 0.60602208928
0.6 4.18879020479 0.427812418495
0.6 4.39822971503 0.394147046244
0.6 4.60766922527 0.568837369842
0.6 4.8171087355 0.200191086226
0.6 5.02654824574 0.33071813231
0.6 5.23598775598 0.228779639812
0.6 5.44542726622 0.351246700677
0.6 5.65486677646 0.743771368604
0.6 5.8643062867 0.625560801808
0.6 6.07374579694 0.171801675018

0.666666666667 0 0.0411732547826
0.666666666667 0.209439510239 0.242275708739
0.666666666667 0.418879020479 0.765483624209
0.666666666667 0.628318530718 0.694231800507
0.666666666667 0.837758040957 0.393315904971
0.666666666667 1.0471975512 0.172753552676
0.666666666667 1.25663706144 0.120922066904
0.666666666667 1.46607657168 0.168936327807
0.666666666667 1.67551608191 0.25436697392
0.666666666667 1.88495559215 0.475557938146
0.666666666667 2.09439510239 0.548138136189
0.666666666667 2.30383461263 0.848237760249
0.666666666667 2.51327412287 0.117342586649
0.666666666667 2.72271363311 0.956443656097
0.666666666667 2.93215314335 0.401231646201
0.666666666667 3.14159265359 0.379851090797
0.666666666667 3.35103216383 0.115915007402
0.666666666667 3.56047167407 0.100443235974
0.666666666667 3.76991118431 0.244150315641
0.666666666667 3.97935069455 0.305073502173
0.666666666667 4.18879020479 0.274204704257
0.666666666667 4.39822971503 0.466136289699
0.666666666667 4.60766922527 0.530371922798
0.666666666667 4.8171087355 0.223896540924
0.666666666667 5.02654824574 0.339922908793
0.666666666667 5.23598775598 0.261809398303
0.666666666667 5.44542726622 0.355041013788
0.666666666667 5.65486677646 0.692777248216
0.666666666667 5.8643062867 0.711769319217
0.666666666667 6.07374579694 0.167765378192

0.733333333333 0 0.0864574088466
0.733333333333 0.209439510239 0.0667168743392
0.733333333333 0.418879020479 0.418914367882
0.733333333333 0.628318530718 0.581587556696
0.733333333333 0.837758040957 0.417265934488
0.733333333333 1.0471975512 0.219662799485
0.733333333333 1.25663706144 0.182691345742
0.733333333333 1.46607657168 0.243624877193
0.733333333333 1.67551608191 0.266147049823
0.733333333333 1.88495559215 0.479176010917
0.733333333333 2.09439510239 0.488447846729
0.733333333333 2.30383461263 0.89743452305
0.733333333333 2.51327412287 0.189970432062
0.733333333333 2.72271363311 1.01031356961
0.733333333333 2.93215314335 0.397629947103
0.733333333333 3.14159265359 0.565177100022
0.733333333333 3.35103216383 0.470041051872
0.733333333333 3.56047167407 0.231659151101
0.733333333333 3.76991118431 0.222360082087
0.733333333333 3.97935069455 0.273115215097
0.733333333333 4.18879020479 0.421217342469
0.733333333333 4.39822971503 0.639743366853
0.733333333333 4.60766922527 0.475406353687
0.733333333333 4.8171087355 0.252467090449
0.733333333333 5.02654824574 0.34267126325
0.733333333333 5.23598775598 0.294379357987
0.733333333333 5.44542726622 0.370291619687
0.733333333333 5.65486677646 0.631827253254
0.733333333333 5.8643062867 0.784990109494
0.733333333333 6.07374579694 0.211613885144

0.8 0 0.138187064757
0.8 0.209439510239 0.10326882028
0.8 0.418879020479 0.157334567938
0.8 0.628318530718 0.285215176951
0.8 0.837758040957 0.30187396396
0.8 1.0471975512 0.283857995842
0.8 1.25663706144 0.330290368683
0.8 1.46607657168 0.309941609987
0.8 1.67551608191 0.318642942858
0.8 1.88495559215 0.491814815802
0.8 2.09439510239 0.505469305848
0.8 2.30383461263 0.823506230628
0.8 2.51327412287 0.271649484356
0.8 2.72271363311 1.01397125758
0.8 2.93215314335 0.52745437751
0.8 3.14159265359 0.554123182601
0.8 3.35103216383 0.907069061373
0.8 3.56047167407 0.733599674014
0.8 3.76991118431 0.639361956271
0.8 3.97935069455 0.680869243251
0.8 4.18879020479 0.764362727099
0.8 4.39822971503 0.676121843052
0.8 4.60766922527 0.349056438833
0.8 4.8171087355 0.274601567191
0.8 5.02654824574 0.336686272231
0.8 5.23598775598 0.328939379366
0.8 5.44542726622 0.414485796946
0.8 5.65486677646 0.570310677582
0.8 5.8643062867 0.797684127072
0.8 6.07374579694 0.333270151512

0.866666666667 0 0.218575222785
0.866666666667 0.209439510239 0.225544210445
0.866666666667 0.418879020479 0.282266492692
0.866666666667 0.628318530718 0.33953093719
0.866666666667 0.837758040957 0.408742944323
0.866666666667 1.0471975512 0.463898205316
0.866666666667 1.25663706144 0.438993826936
0.866666666667 1.46607657168 0.358854246936
0.866666666667 1.67551608191 0.4681439606
0.866666666667 1.88495559215 0.53154448756
0.866666666667 2.09439510239 0.515296585751
0.866666666667 2.30383461263 0.60096467865
0.866666666667 2.51327412287 0.346849158956
0.866666666667 2.72271363311 0.848499775397
0.866666666667 2.93215314335 0.709159865617
0.866666666667 3.14159265359 0.361768197711
0.866666666667 3.35103216383 0.698658791385
0.866666666667 3.56047167407 0.89100941436
0.866666666667 3.76991118431 0.864460720543
0.866666666667 3.97935069455 0.780050328809
0.866666666667 4.18879020479 0.61417339917
0.866666666667 4.39822971503 0.365097785815
0.866666666667 4.60766922527 0.228243774151
0.866666666667 4.8171087355 0.295048310726
0.866666666667 5.02654824574 0.313935737462
0.866666666667 5.23598775598 0.393896185232
0.866666666667 5.44542726622 0.519707682436
0.866666666667 5.65486677646 0.539521900975
0.866666666667 5.8643062867 0.687660157605
0.866666666667 6.07374579694 0.483431419769

0.933333333333 0 0.303184410245
0.933333333333 0.209439510239 0.226093208112
0.933333333333 0.418879020479 0.244523830377
0.933333333333 0.628318530718 0.303408095699
0.933333333333 0.837758040957 0.344178500809
0.933333333333 1.0471975512 0.348952575747
0.933333333333 1.25663706144 0.349340784475
0.933333333333 1.46607657168 0.39420919652
0.933333333333 1.67551608191 0.432454943108
0.933333333333 1.88495559215 0.389306137887
0.933333333333 2.09439510239 0.412643229912
0.933333333333 2.30383461263 0.496707899148
0.933333333333 2.51327412287 0.506902749972
0.933333333333 2.72271363311 0.619359199136
0.933333333333 2.93215314335 0.642205236596
0.933333333333 3.14159265359 0.419350770283
0.933333333333 3.35103216383 0.25543437638
0.933333333333 3.56047167407 0.244814220759
0.933333333333 3.76991118431 0.254905311483
0.933333333333 3.97935069455 0.228420159188
0.933333333333 4.18879020479 0.19454305512
0.933333333333 4.39822971503 0.197222076406
0.933333333333 4.60766922527 0.233146558317
0.933333333333 4.8171087355 0.265227945247
0.933333333333 5.02654824574 0.362207857905
0.933333333333 5.23598775598 0.598230759912
0.933333333333 5.44542726622 0.73957762315
0.933333333333 5.65486677646 0.625574994837
0.933333333333 5.8643062867 0.498905810523
0.933333333333 6.07374579694 0.421874063488

