-1 0 0.0724613481444
-1 0.209439510239 0.0724613481441
-1 0.418879020479 0.0724613481437
-1 0.628318530718 0.0724613481436
-1 0.837758040957 0.0724613481438
-1 1.0471975512 0.0724613481442
-1 1.25663706144 0.0724613481445
-1 1.46607657168 0.0724613481445
-1 1.67551608191 0.0724613481442
-1 1.88495559215 0.0724613481439
-1 2.09439510239 0.0724613481436
-1 2.30383461263 0.0724613481437
-1 2.51327412287 0.072461348144
-1 2.72271363311 0.0724613481444
-1 2.93215314335 0.0724613481445
-1 3.14159265359 0.0724613481444
-1 3.35103216383 0.0724613481441
-1 3.56047167407 0.0724613481437
-1 3.76991118431 0.0724613481436
-1 3.97935069455 0.0724613481438
-1 4.18879020479 0.0724613481442
-1 4.39822971503 0.0724613481445
-1 4.60766922527 0.0724613481445
-1 4.8171087355 0.0724613481442
-1 5.02654824574 0.0724613481439
-1 5.23598775598 0.0724613481436
-1 5.44542726622 0.0724613481437
-1 5.65486677646 0.072461348144
-1 5.8643062867 0.0724613481444
-1 6.07374579694 0.0724613481445

-0.933333333333 0 0.403383424108
-0.933333333333 0.209439510239 0.245103996034
-0.933333333333 0.418879020479 0.17740295019
-0.933333333333 0.628318530718 0.159181130522
-0.933333333333 0.837758040957 0.198071015819
-0.933333333333 1.0471975512 0.314863904899
-0.933333333333 1.25663706144 0.498220522868
-0.933333333333 1.46607657168 0.641334401539
-0.933333333333 1.67551608191 0.574068653253
-0.933333333333 1.88495559215 0.309479287804
-0.933333333333 2.09439510239 0.144216542326
-0.933333333333 2.30383461263 0.251122881725
-0.933333333333 2.51327412287 0.41521501409
-0.933333333333 2.72271363311 0.371450517917
-0.933333333333 2.93215314335 0.167101408312
-0.933333333333 3.14159265359 0.123130675399
-0.933333333333 3.35103216383 0.427999025698
-0.933333333333 3.56047167407 1.0505346305
-0.933333333333 3.76991118431 1.83442349855
-0.933333333333 3.97935069455 2.47499083815
-0.933333333333 4.18879020479 2.59851567797
-0.933333333333 4.39822971503 2.00503840007
-0.933333333333 4.60766922527 1.15520340104
-0.933333333333 4.8171087355 1.09230116933
-0.933333333333 5.02654824574 1.66891913542
-0.933333333333 5.23598775598 1.31872737848
-0.933333333333 5.44542726622 0.401427962883
-0.933333333333 5.65486677646 0.434447464888
-0.933333333333 5.8643062867 0.805230133798
-0.933333333333 6.07374579694 0.682606291677

-0.866666666667 0 0.179076622539
-0.866666666667 0.209439510239 0.146200456741
-0.866666666667 0.418879020479 0.0963040297398
-0.866666666667 0.628318530718 0.0685219930462
-0.866666666667 0.837758040957 0.0665976415533
-0.866666666667 1.0471975512 0.0765464164707
-0.866666666667 1.25663706144 0.136487371502
-0.866666666667 1.46607657168 0.340867428782
-0.866666666667 1.67551608191 0.541675650634
-0.866666666667 1.88495559215 0.358261415556
-0.866666666667 2.09439510239 0.142286898371
-0.866666666667 2.30383461263 0.35653882254
-0.866666666667 2.51327412287 0.374942316653
-0.866666666667 2.72271363311 0.154957700047
-0.866666666667 2.93215314335 0.152288259009
-0.866666666667 3.14159265359 0.395604980744
-0.866666666667 3.35103216383 1.15381979146
-0.866666666667 3.56047167407 2.92584400703
-0.866666666667 3.76991118431 4.70031738645
-0.866666666667 3.97935069455 5.48599692377
-0.866666666667 4.18879020479 5.68072212869
-0.866666666667 4.39822971503 5.68622272102
-0.866666666667 4.60766922527 4.48614763985
-0.866666666667 4.8171087355 2.10986530052
-0.866666666667 5.02654824574 1.61813986099
-0.866666666667 5.23598775598 1.80794398826
-0.866666666667 5.44542726622 0.734104466878
-0.866666666667 5.65486677646 0.770571025018
-0.866666666667 5.8643062867 0.729178648974
-0.866666666667 6.07374579694 0.286554013054

-0.8 0 0.389411508446
-0.8 0.209439510239 0.16363198491
-0.8 0.418879020479 0.0476231195123
-0.8 0.628318530718 0.0442354668915
-0.8 0.837758040957 0.0746016512982
-0.8 1.0471975512 0.137504118537
-0.8 1.25663706144 0.205223638645
-0.8 1.46607657168 0.28453438345
-0.8 1.67551608191 0.474450964984
-0.8 1.88495559215 0.357251145596
-0.8 2.09439510239 0.102200829275
-0.8 2.30383461263 0.413466937657
-0.8 2.51327412287 0.272531686706
-0.8 2.72271363311 0.131067616909
-0.8 2.93215314335 0.188644251525
-0.8 3.14159265359 0.704699961997
-0.8 3.35103216383 3.78080890474
-0.8 3.56047167407 8.04823960779
-0.8 3.76991118431 9.22737741499
-0.8 3.97935069455 7.57040829653
-0.8 4.18879020479 5.48003920554
-0.8 4.39822971503 4.49280247494
-0.8 4.60766922527 4.37072570946
-0.8 4.8171087355 2.81171372919
-0.8 5.02654824574 1.38458896849
-0.8 5.23598775598 1.47559901224
-0.8 5.44542726622 0.869686493903
-0.8 5.65486677646 0.88096012906
-0.8 5.8643062867 0.467220504516
-0.8 6.07374579694 0.359117093005

-0.733333333333 0 0.378446092253
-0.733333333333 0.209439510239 0.0248658199537
-0.733333333333 0.418879020479 0.0717074879723
-0.733333333333 0.628318530718 0.115383739219
-0.733333333333 0.837758040957 0.0710033599393
-0.733333333333 1.0471975512 0.0529290243887
-0.733333333333 1.25663706144 0.180001562535
-0.733333333333 1.46607657168 0.313479249842
-0.733333333333 1.67551608191 0.469379004558
-0.733333333333 1.88495559215 0.367352808717
-0.733333333333 2.09439510239 0.0626047771534
-0.733333333333 2.30383461263 0.43955179614
-0.733333333333 2.51327412287 0.181165280031
-0.733333333333 2.72271363311 0.202684351305
-0.733333333333 2.93215314335 0.276050667045
-0.733333333333 3.14159265359 2.46409957001
-0.733333333333 3.35103216383 8.82056730446
-0.733333333333 3.56047167407 12.3098934165
-0.733333333333 3.76991118431 9.79636257659
-0.733333333333 3.97935069455 6.292238564
-0.733333333333 4.18879020479 4.10620870987
-0.733333333333 4.39822971503 3.12765935282
-0.733333333333 4.60766922527 2.91102818188
-0.733333333333 4.8171087355 2.32962852072
-0.733333333333 5.02654824574 1.34379984313
-0.733333333333 5.23598775598 1.01114079535
-0.733333333333 5.44542726622 0.851059198038
-0.733333333333 5.65486677646 0.893790248377
-0.733333333333 5.8643062867 0.321090788147
-0.733333333333 6.07374579694 0.608208190458

-0.666666666667 0 0.210529546234
-0.666666666667 0.209439510239 0.0937289680856
-0.666666666667 0.418879020479 0.28356545589
-0.666666666667 0.628318530718 0.281937903193
-0.666666666667 0.837758040957 0.187974937102
-0.666666666667 1.0471975512 0.0482067070273
-0.666666666667 1.25663706144 0.0894171540935
-0.666666666667 1.46607657168 0.309407542232
-0.666666666667 1.67551608191 0.47220608484
-0.666666666667 1.88495559215 0.395056535888
-0.666666666667 2.09439510239 0.0345761326182
-0.666666666667 2.30383461263 0.447386572785
-0.666666666667 2.51327412287 0.123930058805
-0.666666666667 2.72271363311 0.296536378389
-0.666666666667 2.93215314335 0.71372147926
-0.666666666667 3.14159265359 5.34907859563
-0.666666666667 3.35103216383 12.5856364637
-0.666666666667 3.56047167407 11.5188625818
-0.666666666667 3.76991118431 6.05116670823
-0.666666666667 3.97935069455 3.26077509347
-0.666666666667 4.18879020479 2.42388022582
-0.666666666667 4.39822971503 2.56631942581
-0.666666666667 4.60766922527 2.61149382336
-0.666666666667 4.8171087355 1.81567564914
-0.666666666667 5.02654824574 1.44756873635
-0.666666666667 5.23598775598 0.790600813415
-0.666666666667 5.44542726622 0.79188301981
-0.666666666667 5.65486677646 0.90059890619
-0.666666666667 5.8643062867 0.274961681037
-0.666666666667 6.07374579694 0.787609772338

-0.6 0 0.102163122038
-0.6 0.209439510239 0.286828023932
-0.6 0.418879020479 0.355531223078
-0.6 0.628318530718 0.27314709694
-0.6 0.837758040957 0.242053019659
-0.6 1.0471975512 0.118287423599
-0.6 1.25663706144 0.0303588741191
-0.6 1.46607657168 0.284859311864
-0.6 1.67551608191 0.462968342218
-0.6 1.88495559215 0.428780225695
-0.6 2.09439510239 0.018411533389
-0.6 2.30383461263 0.445288245034
-0.6 2.51327412287 0.103051072761
-0.6 2.72271363311 0.390928151585
-0.6 2.93215314335 1.54999396379
-0.6 3.14159265359 8.19840775394
-0.6 3.35103216383 13.5352414151
-0.6 3.56047167407 7.88386151398
-0.6 3.76991118431 2.70770266515
-0.6 3.97935069455 2.18510125836
-0.6 4.18879020479 2.17127445135
-0.6 4.39822971503 2.44303133544
-0.6 4.60766922527 3.09376785545
-0.6 4.8171087355 1.74798139354
-0.6 5.02654824574 1.57007760471
-0.6 5.23598775598 0.802726017152
-0.6 5.44542726622 0.747506133538
-0.6 5.65486677646 0.927349604652
-0.6 5.8643062867 0.275954097525
-0.6 6.07374579694 0.850968557778

-0.533333333333 0 0.109699656035
-0.533333333333 0.209439510239 0.393043272898
-0.533333333333 0.418879020479 0.241805045848
-0.533333333333 0.628318530718 0.135527261753
-0.533333333333 0.837758040957 0.187174111768
-0.533333333333 1.0471975512 0.17663247216
-0.533333333333 1.25663706144 0.0195645825223
-0.533333333333 1.46607657168 0.254800478344
-0.533333333333 1.67551608191 0.452182652571
-0.533333333333 1.88495559215 0.457815602731
-0.533333333333 2.09439510239 0.0112082804325
-0.533333333333 2.30383461263 0.438468242153
-0.533333333333 2.51327412287 0.112072230608
-0.533333333333 2.72271363311 0.485337577893
-0.533333333333 2.93215314335 2.63124526263
-0.533333333333 3.14159265359 10.300548011
-0.533333333333 3.35103216383 12.4374897211
-0.533333333333 3.56047167407 4.38333902829
-0.533333333333 3.76991118431 1.58041061452
-0.533333333333 3.97935069455 3.13789719378
-0.533333333333 4.18879020479 3.2560405298
-0.533333333333 4.39822971503 2.58036760933
-0.533333333333 4.60766922527 3.54713274767
-0.533333333333 4.8171087355 1.95755673245
-0.533333333333 5.02654824574 1.63640358502
-0.533333333333 5.23598775598 0.938749222968
-0.533333333333 5.44542726622 0.729369444292
-0.533333333333 5.65486677646 0.972266924532
-0.533333333333 5.8643062867 0.294391850728
-0.533333333333 6.07374579694 0.830247755453

-0.466666666667 0 0.181492682111
-0.466666666667 0.209439510239 0.373475775368
-0.466666666667 0.418879020479 0.108299295989
-0.466666666667 0.628318530718 0.0386939600446
-0.466666666667 0.837758040957 0.100146576248
-0.466666666667 1.0471975512 0.187271596546
-0.466666666667 1.25663706144 0.039721678393
-0.466666666667 1.46607657168 0.221904994442
-0.466666666667 1.67551608191 0.451300019554
-0.466666666667 1.88495559215 0.477341185788
-0.466666666667 2.09439510239 0.00981093579376
-0.466666666667 2.30383461263 0.430031029318
-0.466666666667 2.51327412287 0.141621527916
-0.466666666667 2.72271363311 0.581766208847
-0.466666666667 2.93215314335 3.763532233
-0.466666666667 3.14159265359 11.5399877518
-0.466666666667 3.35103216383 10.5357756338
-0.466666666667 3.56047167407 2.15705957129
-0.466666666667 3.76991118431 1.91055914062
-0.466666666667 3.97935069455 4.55597611691
-0.466666666667 4.18879020479 4.5986328842
-0.466666666667 4.39822971503 2.85022312034
-0.466666666667 4.60766922527 3.72743435199
-0.466666666667 4.8171087355 2.22544153751
-0.466666666667 5.02654824574 1.6334454885
-0.466666666667 5.23598775598 1.114175963
-0.466666666667 5.44542726622 0.733352130124
-0.466666666667 5.65486677646 1.02662281577
-0.466666666667 5.8643062867 0.318149527269
-0.466666666667 6.07374579694 0.76848720843

-0.4 0 0.259330713504
-0.4 0.209439510239 0.29592580905
-0.4 0.418879020479 0.0630028542029
-0.4 0.628318530718 0.0580000590219
-0.4 0.837758040957 0.0513867729322
-0.4 1.0471975512 0.159630376534
-0.4 1.25663706144 0.0706323067305
-0.4 1.46607657168 0.187683891422
-0.4 1.67551608191 0.463257167683
-0.4 1.88495559215 0.487231783635
-0.4 2.09439510239 0.0117135454941
-0.4 2.30383461263 0.421703362694
-0.4 2.51327412287 0.18216386391
-0.4 2.72271363311 0.678728949601
-0.4 2.93215314335 4.80174560814
-0.4 3.14159265359 12.1103584749
-0.4 3.35103216383 8.65516005158
-0.4 3.56047167407 1.08918754936
-0.4 3.76991118431 2.63374924719
-0.4 3.97935069455 5.51691478095
-0.4 4.18879020479 5.55925629449
-0.4 4.39822971503 3.14214494792
-0.4 4.60766922527 3.72693292709
-0.4 4.8171087355 2.45562244516
-0.4 5.02654824574 1.58010707953
-0.4 5.23598775598 1.28332867238
-0.4 5.44542726622 0.752327322556
-0.4 5.65486677646 1.08187074674
-0.4 5.8643062867 0.342965679668
-0.4 6.07374579694 0.696585886211

-0.333333333333 0 0.314890644782
-0.333333333333 0.209439510239 0.222534221286
-0.333333333333 0.418879020479 0.102993274368
-0.333333333333 0.628318530718 0.16750520264
-0.333333333333 0.837758040957 0.0630116490412
-0.333333333333 1.0471975512 0.117004216608
-0.333333333333 1.25663706144 0.0990142847902
-0.333333333333 1.46607657168 0.155192166199
-0.333333333333 1.67551608191 0.485031799061
-0.333333333333 1.88495559215 0.489661994781
-0.333333333333 2.09439510239 0.0151648063085
-0.333333333333 2.30383461263 0.414333640544
-0.333333333333 2.51327412287 0.225243756263
-0.333333333333 2.72271363311 0.771349188535
-0.333333333333 2.93215314335 5.66762171135
-0.333333333333 3.14159265359 12.2691603029
-0.333333333333 3.35103216383 7.14840879765
-0.333333333333 3.56047167407 0.731329068195
-0.333333333333 3.76991118431 3.24515345304
-0.333333333333 3.97935069455 5.99457568138
-0.333333333333 4.18879020479 6.13828008978
-0.333333333333 4.39822971503 3.40903773742
-0.333333333333 4.60766922527 3.66910963709
-0.333333333333 4.8171087355 2.63384346234
-0.333333333333 5.02654824574 1.50175435928
-0.333333333333 5.23598775598 1.4275823638
-0.333333333333 5.44542726622 0.779996300424
-0.333333333333 5.65486677646 1.13153020581
-0.333333333333 5.8643062867 0.367355475718
-0.333333333333 6.07374579694 0.63105268378

-0.266666666667 0 0.344221969883
-0.266666666667 0.209439510239 0.17705082138
-0.266666666667 0.418879020479 0.178602224534
-0.266666666667 0.628318530718 0.30760963338
-0.266666666667 0.837758040957 0.123010344833
-0.266666666667 1.0471975512 0.0780106274001
-0.266666666667 1.25663706144 0.119314100261
-0.266666666667 1.46607657168 0.127443752764
-0.266666666667 1.67551608191 0.511937207777
-0.266666666667 1.88495559215 0.487313158119
-0.266666666667 2.09439510239 0.0190241757287
-0.266666666667 2.30383461263 0.408222532209
-0.266666666667 2.51327412287 0.263970965078
-0.266666666667 2.72271363311 0.853293598144
-0.266666666667 2.93215314335 6.33479642816
-0.266666666667 3.14159265359 12.2254085667
-0.266666666667 3.35103216383 6.09265803896
-0.266666666667 3.56047167407 0.722772219705
-0.266666666667 3.76991118431 3.6878707593
-0.266666666667 3.97935069455 6.30504772212
-0.266666666667 4.18879020479 6.56544910987
-0.266666666667 4.39822971503 3.64926387205
-0.266666666667 4.60766922527 3.61483664781
-0.266666666667 4.8171087355 2.77174923403
-0.266666666667 5.02654824574 1.41834705102
-0.266666666667 5.23598775598 1.54323577539
-0.266666666667 5.44542726622 0.811632476599
-0.266666666667 5.65486677646 1.17126765439
-0.266666666667 5.8643062867 0.390719976256
-0.266666666667 6.07374579694 0.578348959831

-0.2 0 0.353984392584
-0.2 0.209439510239 0.157449598421
-0.2 0.418879020479 0.247217515072
-0.2 0.628318530718 0.431581277223
-0.2 0.837758040957 0.208130363864
-0.2 1.0471975512 0.0516979313695
-0.2 1.25663706144 0.131505122082
-0.2 1.46607657168 0.10625749045
-0.2 1.67551608191 0.540117407856
-0.2 1.88495559215 0.482419991636
-0.2 2.09439510239 0.0225840721883
-0.2 2.30383461263 0.403338098877
-0.2 2.51327412287 0.293144463587
-0.2 2.72271363311 0.91867539461
-0.2 2.93215314335 6.80720511444
-0.2 3.14159265359 12.1141385488
-0.2 3.35103216383 5.45722021661
-0.2 3.56047167407 0.860379446955
-0.2 3.76991118431 4.06661487494
-0.2 3.97935069455 6.70419213782
-0.2 4.18879020479 6.99809480598
-0.2 4.39822971503 3.86912135034
-0.2 4.60766922527 3.57709333215
-0.2 4.8171087355 2.8808364559
-0.2 5.02654824574 1.34192122824
-0.2 5.23598775598 1.63350795818
-0.2 5.44542726622 0.843922271478
-0.2 5.65486677646 1.19844744394
-0.2 5.8643062867 0.412875884794
-0.2 6.07374579694 0.539444129029

-0.133333333333 0 0.352425091405
-0.133333333333 0.209439510239 0.153590647057
-0.133333333333 0.418879020479 0.288418506171
-0.133333333333 0.628318530718 0.517026516251
-0.133333333333 0.837758040957 0.297221983512
-0.133333333333 1.0471975512 0.0393377242391
-0.133333333333 1.25663706144 0.138588686384
-0.133333333333 1.46607657168 0.0922156382145
-0.133333333333 1.67551608191 0.567279401046
-0.133333333333 1.88495559215 0.476409081313
-0.133333333333 2.09439510239 0.0254277750416
-0.133333333333 2.30383461263 0.399453964668
-0.133333333333 2.51327412287 0.309225860138
-0.133333333333 2.72271363311 0.963377428192
-0.133333333333 2.93215314335 7.10189137883
-0.133333333333 3.14159265359 12.0056898218
-0.133333333333 3.35103216383 5.19324499223
-0.133333333333 3.56047167407 1.05235665666
-0.133333333333 3.76991118431 4.48162823589
-0.133333333333 3.97935069455 7.28275497352
-0.133333333333 4.18879020479 7.46607583042
-0.133333333333 4.39822971503 4.06651448154
-0.133333333333 4.60766922527 3.55019221242
-0.133333333333 4.8171087355 2.96660206756
-0.133333333333 5.02654824574 1.2781518667
-0.133333333333 5.23598775598 1.70402434213
-0.133333333333 5.44542726622 0.874614295805
-0.133333333333 5.65486677646 1.21163129682
-0.133333333333 5.8643062867 0.434039478086
-0.133333333333 6.07374579694 0.512908819096

-0.0666666666667 0 0.345720255702
-0.0666666666667 0.209439510239 0.156987065604
-0.0666666666667 0.418879020479 0.298365819783
-0.0666666666667 0.628318530718 0.558737283609
-0.0666666666667 0.837758040957 0.37454515273
-0.0666666666667 1.0471975512 0.0376811109324
-0.0666666666667 1.25663706144 0.144859732001
-0.0666666666667 1.46607657168 0.0851136051941
-0.0666666666667 1.67551608191 0.592477748197
-0.0666666666667 1.88495559215 0.469851105442
-0.0666666666667 2.09439510239 0.0273351980357
-0.0666666666667 2.30383461263 0.396236247289
-0.0666666666667 2.51327412287 0.310271908858
-0.0666666666667 2.72271363311 0.985795180789
-0.0666666666667 2.93215314335 7.23857329143
-0.0666666666667 3.14159265359 11.9212870251
-0.0666666666667 3.35103216383 5.26919495045
-0.0666666666667 3.56047167407 1.26758308041
-0.0666666666667 3.76991118431 4.97709342652
-0.0666666666667 3.97935069455 8.00860787703
-0.0666666666667 4.18879020479 7.92912282217
-0.0666666666667 4.39822971503 4.23199027464
-0.0666666666667 4.60766922527 3.52583318329
-0.0666666666667 4.8171087355 3.03010656938
-0.0666666666667 5.02654824574 1.22887914819
-0.0666666666667 5.23598775598 1.76052051495
-0.0666666666667 5.44542726622 0.902185348166
-0.0666666666667 5.65486677646 1.21018962521
-0.0666666666667 5.8643062867 0.454880553665
-0.0666666666667 6.07374579694 0.496617768973

6.12323399574e-17 0 0.337263370114
6.12323399574e-17 0.209439510239 0.163773441934
6.12323399574e-17 0.418879020479 0.281106185498
6.12323399574e-17 0.628318530718 0.55827403543
6.12323399574e-17 0.837758040957 0.427780794137
6.12323399574e-17 1.0471975512 0.041602135964
6.12323399574e-17 1.25663706144 0.155009760098
6.12323399574e-17 1.46607657168 0.0844140947788
6.12323399574e-17 1.67551608191 0.615545029097
6.12323399574e-17 1.88495559215 0.462543328126
6.12323399574e-17 2.09439510239 0.0282304851547
6.12323399574e-17 2.30383461263 0.393296939165
6.12323399574e-17 2.51327412287 0.29587993051
6.12323399574e-17 2.72271363311 0.987141777042
6.12323399574e-17 2.93215314335 7.23493420735
6.12323399574e-17 3.14159265359 11.844797912
6.12323399574e-17 3.35103216383 5.67836345054
6.12323399574e-17 3.56047167407 1.50921396016
6.12323399574e-17 3.76991118431 5.5408406324
6.12323399574e-17 3.97935069455 8.79252187101
6.12323399574e-17 4.18879020479 8.33368276082
6.12323399574e-17 4.39822971503 4.35332405403
6.12323399574e-17 4.60766922527 3.49785385031
6.12323399574e-17 4.8171087355 3.0706326687
6.12323399574e-17 5.02654824574 1.19430251233
6.12323399574e-17 5.23598775598 1.80779304137
6.12323399574e-17 5.44542726622 0.925571157208
6.12323399574e-17 5.65486677646 1.19406490106
6.12323399574e-17 5.8643062867 0.476524118879
6.12323399574e-17 6.07374579694 0.488509399421

0.0666666666667 0 0.327999036734
0.0666666666667 0.209439510239 0.174432235114
0.0666666666667 0.418879020479 0.243692400882
0.0666666666667 0.628318530718 0.517610760286
0.0666666666667 0.837758040957 0.445429937999
0.0666666666667 1.0471975512 0.0462454816589
0.0666666666667 1.25663706144 0.173627173666
0.0666666666667 1.46607657168 0.089555742812
0.0666666666667 1.67551608191 0.636425908007
0.0666666666667 1.88495559215 0.453634417142
0.0666666666667 2.09439510239 0.0281624153744
0.0666666666667 2.30383461263 0.390224333294
0.0666666666667 2.51327412287 0.267165471044
0.0666666666667 2.72271363311 0.971419016445
0.0666666666667 2.93215314335 7.1058845794
0.0666666666667 3.14159265359 11.7302049491
0.0666666666667 3.35103216383 6.43088323026
0.0666666666667 3.56047167407 1.81200237173
0.0666666666667 3.76991118431 6.11863022153
0.0666666666667 3.97935069455 9.53142522851
0.0666666666667 4.18879020479 8.63655696528
0.0666666666667 4.39822971503 4.41743302601
0.0666666666667 4.60766922527 3.46210691018
0.0666666666667 4.8171087355 3.08761069938
0.0666666666667 5.02654824574 1.174515694
0.0666666666667 5.23598775598 1.84927213158
0.0666666666667 5.44542726622 0.943962799293
0.0666666666667 5.65486677646 1.16368034113
0.0666666666667 5.8643062867 0.500461445211
0.0666666666667 6.07374579694 0.486800178249

0.133333333333 0 0.31691892011
0.133333333333 0.209439510239 0.192387538925
0.133333333333 0.418879020479 0.195498796249
0.133333333333 0.628318530718 0.438723007262
0.133333333333 0.837758040957 0.417319849327
0.133333333333 1.0471975512 0.0497559003975
0.133333333333 1.25663706144 0.204367257651
0.133333333333 1.46607657168 0.100176135808
0.133333333333 1.67551608191 0.654464575957
0.133333333333 1.88495559215 0.441773753085
0.133333333333 2.09439510239 0.0273111214662
0.133333333333 2.30383461263 0.386597670106
0.133333333333 2.51327412287 0.226769055903
0.133333333333 2.72271363311 0.945054403799
0.133333333333 2.93215314335 6.86517956847
0.133333333333 3.14159265359 11.5092370242
0.133333333333 3.35103216383 7.53071251123
0.133333333333 3.56047167407 2.25699206619
0.133333333333 3.76991118431 6.63609080003
0.133333333333 3.97935069455 10.1273384571
0.133333333333 4.18879020479 8.80415910772
0.133333333333 4.39822971503 4.40980986641
0.133333333333 4.60766922527 3.41553100489
0.133333333333 4.8171087355 3.08184083459
0.133333333333 5.02654824574 1.17043187975
0.133333333333 5.23598775598 1.8868519635
0.133333333333 5.44542726622 0.956656738475
0.133333333333 5.65486677646 1.11997503814
0.133333333333 5.8643062867 0.528329383986
0.133333333333 6.07374579694 0.489936957494

0.2 0 0.301542324693
0.2 0.209439510239 0.221940581309
0.2 0.418879020479 0.149852549954
0.2 0.628318530718 0.328640314337
0.2 0.837758040957 0.340782729457
0.2 1.0471975512 0.0572211173304
0.2 1.25663706144 0.247846268297
0.2 1.46607657168 0.116391397995
0.2 1.67551608191 0.667639743593
0.2 1.88495559215 0.425313773316
0.2 2.09439510239 0.0260192163018
0.2 2.30383461263 0.381989244779
0.2 2.51327412287 0.178868457091
0.2 2.72271363311 0.91607377557
0.2 2.93215314335 6.52780697756
0.2 3.14159265359 11.1070232567
0.2 3.35103216383 8.93151563586
0.2 3.56047167407 2.99229348688
0.2 3.76991118431 7.03651361588
0.2 3.97935069455 10.4954875202
0.2 4.18879020479 8.80337978507
0.2 4.39822971503 4.31399336316
0.2 4.60766922527 3.35626594815
0.2 4.8171087355 3.05644400841
0.2 5.02654824574 1.18420065532
0.2 5.23598775598 1.92077595093
0.2 5.44542726622 0.962945817473
0.2 5.65486677646 1.06454194599
0.2 5.8643062867 0.561493046647
0.2 6.07374579694 0.496493845457

0.266666666667 0 0.278607120787
0.266666666667 0.209439510239 0.265162405247
0.266666666667 0.418879020479 0.125176620684
0.266666666667 0.628318530718 0.207668932012
0.266666666667 0.837758040957 0.232027094181
0.266666666667 1.0471975512 0.0837476057251
0.266666666667 1.25663706144 0.29749561814
0.266666666667 1.46607657168 0.139204828964
0.266666666667 1.67551608191 0.671849061175
0.266666666667 1.88495559215 0.402623388459
0.266666666667 2.09439510239 0.0248506231989
0.266666666667 2.30383461263 0.375954923534
0.266666666667 2.51327412287 0.12915105252
0.266666666667 2.72271363311 0.892557143687
0.266666666667 2.93215314335 6.11109711129
0.266666666667 3.14159265359 10.4760039731
0.266666666667 3.35103216383 10.4684712931
0.266666666667 3.56047167407 4.23227170125
0.266666666667 3.76991118431 7.3402684827
0.266666666667 3.97935069455 10.5773272023
0.266666666667 4.18879020479 8.5962867219
0.266666666667 4.39822971503 4.11422484779
0.266666666667 4.60766922527 3.28566165674
0.266666666667 4.8171087355 3.01778595322
0.266666666667 5.02654824574 1.21912250041
0.266666666667 5.23598775598 1.94948219818
0.266666666667 5.44542726622 0.962040573045
0.266666666667 5.65486677646 0.999838153005
0.266666666667 5.8643062867 0.600348635964
0.266666666667 6.07374579694 0.505198543108

0.333333333333 0 0.245385546925
0.333333333333 0.209439510239 0.317504132721
0.333333333333 0.418879020479 0.14177899198
0.333333333333 0.628318530718 0.114684576492
0.333333333333 0.837758040957 0.135020410544
0.333333333333 1.0471975512 0.149451845142
0.333333333333 1.25663706144 0.334428664732
0.333333333333 1.46607657168 0.170711399594
0.333333333333 1.67551608191 0.660688554657
0.333333333333 1.88495559215 0.372582208996
0.333333333333 2.09439510239 0.0246883027275
0.333333333333 2.30383461263 0.368008907214
0.333333333333 2.51327412287 0.084668040545
0.333333333333 2.72271363311 0.880053782144
0.333333333333 2.93215314335 5.63157938412
0.333333333333 3.14159265359 9.65549418699
0.333333333333 3.35103216383 11.7880634765
0.333333333333 3.56047167407 6.17981082443
0.333333333333 3.76991118431 7.70554127006
0.333333333333 3.97935069455 10.3689169656
0.333333333333 4.18879020479 8.14797412481
0.333333333333 4.39822971503 3.80459242538
0.333333333333 4.60766922527 3.21260366634
0.333333333333 4.8171087355 2.97614118455
0.333333333333 5.02654824574 1.27890224219
0.333333333333 5.23598775598 1.96939116885
0.333333333333 5.44542726622 0.953013145755
0.333333333333 5.65486677646 0.929417367937
0.333333333333 5.8643062867 0.64329154649
0.333333333333 6.07374579694 0.515280999545

0.4 0 0.201960144478
0.4 0.209439510239 0.363417910596
0.4 0.418879020479 0.210240322936
0.4 0.628318530718 0.0977526316668
0.4 0.837758040957 0.110278439431
0.4 1.0471975512 0.256810590065
0.4 1.25663706144 0.327553157202
0.4 1.46607657168 0.212763234077
0.4 1.67551608191 0.626825497175
0.4 1.88495559215 0.335300533341
0.4 2.09439510239 0.0268920009782
0.4 2.30383461263 0.35757062742
0.4 2.51327412287 0.0534360221246
0.4 2.72271363311 0.877741615219
0.4 2.93215314335 5.09421316237
0.4 3.14159265359 8.84458814638
0.4 3.35103216383 12.3607868359
0.4 3.56047167407 8.80962212822
0.4 3.76991118431 8.41951950946
0.4 3.97935069455 9.95771640208
0.4 4.18879020479 7.45387170109
0.4 4.39822971503 3.40643180008
0.4 4.60766922527 3.15973248434
0.4 4.8171087355 2.94516676188
0.4 5.02654824574 1.36589805232
0.4 5.23598775598 1.97469838589
0.4 5.44542726622 0.934758632761
0.4 5.65486677646 0.858096974886
0.4 5.8643062867 0.685425450211
0.4 6.07374579694 0.527289228865

0.466666666667 0 0.154228910255
0.466666666667 0.209439510239 0.37643787482
0.466666666667 0.418879020479 0.312090898058
0.466666666667 0.628318530718 0.178462131521
0.466666666667 0.837758040957 0.186355183316
0.466666666667 1.0471975512 0.356008392475
0.466666666667 1.25663706144 0.251830860816
0.466666666667 1.46607657168 0.261555744119
0.466666666667 1.67551608191 0.566852608085
0.466666666667 1.88495559215 0.293010746789
0.466666666667 2.09439510239 0.0335477830646
0.466666666667 2.30383461263 0.343854381216
0.466666666667 2.51327412287 0.0435362771138
0.466666666667 2.72271363311 0.873732305868
0.466666666667 2.93215314335 4.47363321046
0.466666666667 3.14159265359 8.42099078501
0.466666666667 3.35103216383 11.7399526627
0.466666666667 3.56047167407 11.555213545
0.466666666667 3.76991118431 9.70961560711
0.466666666667 3.97935069455 9.52562818762
0.466666666667 4.18879020479 6.58031071675
0.466666666667 4.39822971503 2.98969909537
0.466666666667 4.60766922527 3.16882529603
0.466666666667 4.8171087355 2.938346465
0.466666666667 5.02654824574 1.47790166748
0.466666666667 5.23598775598 1.95733859137
0.466666666667 5.44542726622 0.905971045801
0.466666666667 5.65486677646 0.791900446653
0.466666666667 5.8643062867 0.717420882523
0.466666666667 6.07374579694 0.544225551984

0.533333333333 0 0.116224194584
0.533333333333 0.209439510239 0.33109432841
0.533333333333 0.418879020479 0.388172965888
0.533333333333 0.628318530718 0.302161392351
0.533333333333 0.837758040957 0.29470653112
0.533333333333 1.0471975512 0.34674661735
0.533333333333 1.25663706144 0.130766156586
0.533333333333 1.46607657168 0.297451844708
0.533333333333 1.67551608191 0.491341733773
0.533333333333 1.88495559215 0.250808821992
0.533333333333 2.09439510239 0.0478272901315
0.533333333333 2.30383461263 0.325646422713
0.533333333333 2.51327412287 0.0612059408878
0.533333333333 2.72271363311 0.841744906426
0.533333333333 2.93215314335 3.69938413515
0.533333333333 3.14159265359 8.74713915875
0.533333333333 3.35103216383 10.1503552146
0.533333333333 3.56047167407 13.2471972463
0.533333333333 3.76991118431 11.3452808908
0.533333333333 3.97935069455 9.2387112564
0.533333333333 4.18879020479 5.68174074668
0.533333333333 4.39822971503 2.68234338686
0.533333333333 4.60766922527 3.29787160033
0.533333333333 4.8171087355 2.95972848835
0.533333333333 5.02654824574 1.60315915533
0.533333333333 5.23598775598 1.90742894742
0.533333333333 5.44542726622 0.865132045837
0.533333333333 5.65486677646 0.737502582263
0.533333333333 5.8643062867 0.725591264595
0.533333333333 6.07374579694 0.571990978987

0.6 0 0.109069862966
0.6 0.209439510239 0.229321747184
0.6 0.418879020479 0.368890518517
0.6 0.628318530718 0.342685156073
0.6 0.837758040957 0.289183615287
0.6 1.0471975512 0.188800665119
0.6 1.25663706144 0.0627995849962
0.6 1.46607657168 0.282232479446
0.6 1.67551608191 0.43730410139
0.6 1.88495559215 0.216318709901
0.6 2.09439510239 0.0743383314397
0.6 2.30383461263 0.300892373872
0.6 2.51327412287 0.106889527093
0.6 2.72271363311 0.745325551842
0.6 2.93215314335 2.68396444942
0.6 3.14159265359 9.59565145483
0.6 3.35103216383 8.90018442307
0.6 3.56047167407 12.8894410685
0.6 3.76991118431 12.3513975086
0.6 3.97935069455 8.99360068204
0.6 4.18879020479 4.93462743243
0.6 4.39822971503 2.64182679582
0.6 4.60766922527 3.59593708738
0.6 4.8171087355 2.98644351196
0.6 5.02654824574 1.71433696355
0.6 5.23598775598 1.81466642777
0.6 5.44542726622 0.810514310862
0.6 5.65486677646 0.700736749522
0.6 5.8643062867 0.695274531324
0.6 6.07374579694 0.61649428144

0.666666666667 0 0.154257208226
0.666666666667 0.209439510239 0.121170361818
0.666666666667 0.418879020479 0.2607695351
0.666666666667 0.628318530718 0.248943530575
0.666666666667 0.837758040957 0.154165354047
0.666666666667 1.0471975512 0.0597006455407
0.666666666667 1.25663706144 0.132512184084
0.666666666667 1.46607657168 0.199806368739
0.666666666667 1.67551608191 0.465134951882
0.666666666667 1.88495559215 0.196298200794
0.666666666667 2.09439510239 0.118740363803
0.666666666667 2.30383461263 0.266151638237
0.666666666667 2.51327412287 0.167670230588
0.666666666667 2.72271363311 0.560691907202
0.666666666667 2.93215314335 1.45573616462
0.666666666667 3.14159265359 9.50889708844
0.666666666667 3.35103216383 9.20965158004
0.666666666667 3.56047167407 10.9717906432
0.666666666667 3.76991118431 11.5537826387
0.666666666667 3.97935069455 8.27004030925
0.666666666667 4.18879020479 4.39316999234
0.666666666667 4.39822971503 2.9741128648
0.666666666667 4.60766922527 4.03932806048
0.666666666667 4.8171087355 2.94409646757
0.666666666667 5.02654824574 1.76495696761
0.666666666667 5.23598775598 1.67123393181
0.666666666667 5.44542726622 0.740201177484
0.666666666667 5.65486677646 0.683512939636
0.666666666667 5.8643062867 0.620511164854
0.666666666667 6.07374579694 0.673537896831

0.733333333333 0 0.2618737672
0.733333333333 0.209439510239 0.0747024886425
0.733333333333 0.418879020479 0.179518997599
0.733333333333 0.628318530718 0.198068029545
0.733333333333 0.837758040957 0.159657596656
0.733333333333 1.0471975512 0.194457214727
0.733333333333 1.25663706144 0.226363606029
0.733333333333 1.46607657168 0.154551024494
0.733333333333 1.67551608191 0.598841639218
0.733333333333 1.88495559215 0.188526700049
0.733333333333 2.09439510239 0.18395401304
0.733333333333 2.30383461263 0.216923804346
0.733333333333 2.51327412287 0.207350469192
0.733333333333 2.72271363311 0.321548792326
0.733333333333 2.93215314335 0.374402604585
0.733333333333 3.14159265359 6.65245797459
0.733333333333 3.35103216383 9.33321679787
0.733333333333 3.56047167407 8.86872990926
0.733333333333 3.76991118431 8.84540412533
0.733333333333 3.97935069455 6.55104141321
0.733333333333 4.18879020479 3.94615329754
0.733333333333 4.39822971503 3.63130872406
0.733333333333 4.60766922527 4.42308045976
0.733333333333 4.8171087355 2.68950709175
0.733333333333 5.02654824574 1.69753558435
0.733333333333 5.23598775598 1.47640328584
0.733333333333 5.44542726622 0.652132876914
0.733333333333 5.65486677646 0.678337536822
0.733333333333 5.8643062867 0.521579105259
0.733333333333 6.07374579694 0.712458117845

0.8 0 0.413710373349
0.8 0.209439510239 0.108675407161
0.8 0.418879020479 0.149722214391
0.8 0.628318530718 0.264125041619
0.8 0.837758040957 0.328660146452
0.8 1.0471975512 0.31813112342
0.8 1.25663706144 0.1675508658
0.8 1.46607657168 0.351028570834
0.8 1.67551608191 0.704060112393
0.8 1.88495559215 0.180050865381
0.8 2.09439510239 0.257045420877
0.8 2.30383461263 0.153152530581
0.8 2.51327412287 0.176617905383
0.8 2.72271363311 0.133653809574
0.8 2.93215314335 0.0289983940586
0.8 3.14159265359 2.21697730632
0.8 3.35103216383 5.71946972206
0.8 3.56047167407 5.89867944906
0.8 3.76991118431 5.23630818449
0.8 3.97935069455 4.20416803428
0.8 4.18879020479 3.64048962942
0.8 4.39822971503 4.31602884823
0.8 4.60766922527 4.23212392355
0.8 4.8171087355 2.05329246543
0.8 5.02654824574 1.47956711218
0.8 5.23598775598 1.24120715717
0.8 5.44542726622 0.544214642108
0.8 5.65486677646 0.659916842049
0.8 5.8643062867 0.461335413088
0.8 6.07374579694 0.679267468976

0.866666666667 0 0.541193465407
0.866666666667 0.209439510239 0.248863274039
0.866666666667 0.418879020479 0.08506973921
0.866666666667 0.628318530718 0.0939754872729
0.866666666667 0.837758040957 0.122937839107
0.866666666667 1.0471975512 0.121237443429
0.866666666667 1.25663706144 0.267026180312
0.866666666667 1.46607657168 0.645354759366
0.866666666667 1.67551608191 0.540067717445
0.866666666667 1.88495559215 0.19280500471
0.866666666667 2.09439510239 0.288513974409
0.866666666667 2.30383461263 0.0950394211914
0.866666666667 2.51327412287 0.105214257685
0.866666666667 2.72271363311 0.0719678794961
0.866666666667 2.93215314335 0.268753815462
0.866666666667 3.14159265359 0.512198996054
0.866666666667 3.35103216383 1.54472542033
0.866666666667 3.56047167407 2.30846352429
0.866666666667 3.76991118431 2.57861560909
0.866666666667 3.97935069455 3.00544160316
0.866666666667 4.18879020479 3.7604195922
0.866666666667 4.39822971503 4.04841016383
0.866666666667 4.60766922527 2.72063937597
0.866666666667 4.8171087355 1.07662633381
0.866666666667 5.02654824574 1.17518155745
0.866666666667 5.23598775598 0.985604766144
0.866666666667 5.44542726622 0.414621406436
0.866666666667 5.65486677646 0.575614498387
0.866666666667 5.8643062867 0.515343524439
0.866666666667 6.07374579694 0.590573193638

0.933333333333 0 0.647300470444
0.933333333333 0.209439510239 0.564610422488
0.933333333333 0.418879020479 0.432961976663
0.933333333333 0.628318530718 0.343057962586
0.933333333333 0.837758040957 0.347299127288
0.933333333333 1.0471975512 0.442333862518
0.933333333333 1.25663706144 0.546772224906
0.933333333333 1.46607657168 0.507970797032
0.933333333333 1.67551608191 0.346700767363
0.933333333333 1.88495559215 0.283648549819
0.933333333333 2.09439510239 0.206288529188
0.933333333333 2.30383461263 0.0790297590264
0.933333333333 2.51327412287 0.167749219035
0.933333333333 2.72271363311 0.209133150582
0.933333333333 2.93215314335 0.181639460608
0.933333333333 3.14159265359 0.393922431841
0.933333333333 3.35103216383 0.843906577139
0.933333333333 3.56047167407 1.37351752807
0.933333333333 3.76991118431 1.83126790299
0.933333333333 3.97935069455 2.061053799
0.933333333333 4.18879020479 1.8408804077
0.933333333333 4.39822971503 1.11900640059
0.933333333333 4.60766922527 0.445265956317
0.933333333333 4.8171087355 0.538694199696
0.933333333333 5.02654824574 0.953490697779
0.933333333333 5.23598775598 0.702359390827
0.933333333333 5.44542726622 0.262868184391
0.933333333333 5.65486677646 0.3486351946
0.933333333333 5.8643062867 0.569326301871
0.933333333333 6.07374579694 0.647197992836

