-1 0 0.598737489465
-1 0.209439510239 0.598737489466
-1 0.418879020479 0.598737489467
-1 0.628318530718 0.598737489467
-1 0.837758040957 0.598737489467
-1 1.0471975512 0.598737489466
-1 1.25663706144 0.598737489465
-1 1.46607657168 0.598737489465
-1 1.67551608191 0.598737489466
-1 1.88495559215 0.598737489466
-1 2.09439510239 0.598737489467
-1 2.30383461263 0.598737489467
-1 2.51327412287 0.598737489467
-1 2.72271363311 0.598737489466
-1 2.93215314335 0.598737489465
-1 3.14159265359 0.598737489465
-1 3.35103216383 0.598737489466
-1 3.56047167407 0.598737489467
-1 3.76991118431 0.598737489467
-1 3.97935069455 0.598737489467
-1 4.18879020479 0.598737489466
-1 4.39822971503 0.598737489465
-1 4.60766922527 0.598737489465
-1 4.8171087355 0.598737489466
-1 5.02654824574 0.598737489466
-1 5.23598775598 0.598737489467
-1 5.44542726622 0.598737489467
-1 5.65486677646 0.598737489467
-1 5.8643062867 0.598737489466
-1 6.07374579694 0.598737489465

-0.933333333333 0 0.62846075586
-0.933333333333 0.209439510239 0.776061500206
-0.933333333333 0.418879020479 0.757131366477
-0.933333333333 0.628318530718 0.666659855915
-0.933333333333 0.837758040957 0.601486336195
-0.933333333333 1.0471975512 0.585411459313
-0.933333333333 1.25663706144 0.576519856094
-0.933333333333 1.46607657168 0.469729836748
-0.933333333333 1.67551608191 0.211789248447
-0.933333333333 1.88495559215 0.0639510278692
-0.933333333333 2.09439510239 0.437297970109
-0.933333333333 2.30383461263 1.06958673945
-0.933333333333 2.51327412287 1.17327910552
-0.933333333333 2.72271363311 0.741467851307
-0.933333333333 2.93215314335 0.355334837078
-0.933333333333 3.14159265359 0.218023546645
-0.933333333333 3.35103216383 0.182949878616
-0.933333333333 3.56047167407 0.159588855128
-0.933333333333 3.76991118431 0.151069043301
-0.933333333333 3.97935069455 0.179393243605
-0.933333333333 4.18879020479 0.268417247738
-0.933333333333 4.39822971503 0.420305725093
-0.933333333333 4.60766922527 0.542367888565
-0.933333333333 4.8171087355 0.491417378368
-0.933333333333 5.02654824574 0.326917002616
-0.933333333333 5.23598775598 0.275550325797
-0.933333333333 5.44542726622 0.378191325571
-0.933333333333 5.65486677646 0.468583020099
-0.933333333333 5.8643062867 0.417436028594
-0.933333333333 6.07374579694 0.434069935766

-0.866666666667 0 0.845382432408
-0.866666666667 0.209439510239 0.531269605654
-0.866666666667 0.418879020479 0.238841348841
-0.866666666667 0.628318530718 0.152162502627
-0.866666666667 0.837758040957 0.127890393965
-0.866666666667 1.0471975512 0.109634537381
-0.866666666667 1.25663706144 0.163356439989
-0.866666666667 1.46607657168 0.337206530717
-0.866666666667 1.67551608191 0.394647712424
-0.866666666667 1.88495559215 0.0999557116721
-0.866666666667 2.09439510239 0.264848797982
-0.866666666667 2.30383461263 1.12484416669
-0.866666666667 2.51327412287 1.06703036024
-0.866666666667 2.72271363311 0.410263814155
-0.866666666667 2.93215314335 0.139348131282
-0.866666666667 3.14159265359 0.0499204447004
-0.866666666667 3.35103216383 0.020200868287
-0.866666666667 3.56047167407 0.0804646079194
-0.866666666667 3.76991118431 0.164162536301
-0.866666666667 3.97935069455 0.194866460329
-0.866666666667 4.18879020479 0.137310591234
-0.866666666667 4.39822971503 0.0491170969514
-0.866666666667 4.60766922527 0.16166064967
-0.866666666667 4.8171087355 0.407423407836
-0.866666666667 5.02654824574 0.409050769808
-0.866666666667 5.23598775598 0.40368119972
-0.866666666667 5.44542726622 0.4727961672
-0.866666666667 5.65486677646 0.590335476401
-0.866666666667 5.8643062867 0.41414697817
-0.866666666667 6.07374579694 0.619271399956

-0.8 0 0.494538138317
-0.8 0.209439510239 0.165828480803
-0.8 0.418879020479 0.333082545913
-0.8 0.628318530718 0.468571054297
-0.8 0.837758040957 0.44212410803
-0.8 1.0471975512 0.303391260045
-0.8 1.25663706144 0.115169671121
-0.8 1.46607657168 0.0960041827963
-0.8 1.67551608191 0.300569172664
-0.8 1.88495559215 0.188752567897
-0.8 2.09439510239 0.183582442273
-0.8 2.30383461263 1.10173112417
-0.8 2.51327412287 0.907127796519
-0.8 2.72271363311 0.280913683482
-0.8 2.93215314335 0.0832149362021
-0.8 3.14159265359 0.0182984120109
-0.8 3.35103216383 0.114366503834
-0.8 3.56047167407 0.254162451278
-0.8 3.76991118431 0.311521998409
-0.8 3.97935069455 0.323516910423
-0.8 4.18879020479 0.340120384599
-0.8 4.39822971503 0.261602850063
-0.8 4.60766922527 0.0843320790666
-0.8 4.8171087355 0.224600357689
-0.8 5.02654824574 0.289424294461
-0.8 5.23598775598 0.463899419864
-0.8 5.44542726622 0.540858006467
-0.8 5.65486677646 0.685110278498
-0.8 5.8643062867 0.386632926278
-0.8 6.07374579694 0.661202891582

-0.733333333333 0 0.215608901528
-0.733333333333 0.209439510239 0.476598673476
-0.733333333333 0.418879020479 0.792947865972
-0.733333333333 0.628318530718 0.72117269599
-0.733333333333 0.837758040957 0.632417995245
-0.733333333333 1.0471975512 0.541531761292
-0.733333333333 1.25663706144 0.30715504135
-0.733333333333 1.46607657168 0.0732116547623
-0.733333333333 1.67551608191 0.18025507605
-0.733333333333 1.88495559215 0.223685766127
-0.733333333333 2.09439510239 0.150885450629
-0.733333333333 2.30383461263 1.050357248
-0.733333333333 2.51327412287 0.78129122931
-0.733333333333 2.72271363311 0.245552823219
-0.733333333333 2.93215314335 0.0551750708652
-0.733333333333 3.14159265359 0.0498403734814
-0.733333333333 3.35103216383 0.203186483864
-0.733333333333 3.56047167407 0.268306133449
-0.733333333333 3.76991118431 0.194192095808
-0.733333333333 3.97935069455 0.127748091025
-0.733333333333 4.18879020479 0.146763284735
-0.733333333333 4.39822971503 0.24362991678
-0.733333333333 4.60766922527 0.165564541223
-0.733333333333 4.8171087355 0.178075464025
-0.733333333333 5.02654824574 0.223532613729
-0.733333333333 5.23598775598 0.426625714891
-0.733333333333 5.44542726622 0.573575522228
-0.733333333333 5.65486677646 0.713200918142
-0.733333333333 5.8643062867 0.306026499612
-0.733333333333 6.07374579694 0.508100996201

-0.666666666667 0 0.297478741563
-0.666666666667 0.209439510239 0.902423464802
-0.666666666667 0.418879020479 0.816069845192
-0.666666666667 0.628318530718 0.544226288827
-0.666666666667 0.837758040957 0.506677872623
-0.666666666667 1.0471975512 0.562297116198
-0.666666666667 1.25663706144 0.450273935629
-0.666666666667 1.46607657168 0.133225644873
-0.666666666667 1.67551608191 0.118186136268
-0.666666666667 1.88495559215 0.221698469503
-0.666666666667 2.09439510239 0.141191357715
-0.666666666667 2.30383461263 0.990961523994
-0.666666666667 2.51327412287 0.698334432181
-0.666666666667 2.72271363311 0.231796123986
-0.666666666667 2.93215314335 0.0469337584687
-0.666666666667 3.14159265359 0.0955435750812
-0.666666666667 3.35103216383 0.262468916671
-0.666666666667 3.56047167407 0.225820364732
-0.666666666667 3.76991118431 0.112803107664
-0.666666666667 3.97935069455 0.0786057471915
-0.666666666667 4.18879020479 0.0808240179939
-0.666666666667 4.39822971503 0.130408025662
-0.666666666667 4.60766922527 0.19545814895
-0.666666666667 4.8171087355 0.165389966274
-0.666666666667 5.02654824574 0.251909142081
-0.666666666667 5.23598775598 0.353066879314
-0.666666666667 5.44542726622 0.589823516148
-0.666666666667 5.65486677646 0.682211267591
-0.666666666667 5.8643062867 0.21722203806
-0.666666666667 6.07374579694 0.357738940598

-0.6 0 0.539626236339
-0.6 0.209439510239 1.00411910491
-0.6 0.418879020479 0.525379101711
-0.6 0.628318530718 0.310095943695
-0.6 0.837758040957 0.348645255369
-0.6 1.0471975512 0.488025006752
-0.6 1.25663706144 0.526770185069
-0.6 1.46607657168 0.200361047291
-0.6 1.67551608191 0.0949584065586
-0.6 1.88495559215 0.208511428833
-0.6 2.09439510239 0.141627430706
-0.6 2.30383461263 0.932791386465
-0.6 2.51327412287 0.64758799259
-0.6 2.72271363311 0.218641106038
-0.6 2.93215314335 0.053865817853
-0.6 3.14159265359 0.147100509065
-0.6 3.35103216383 0.28327386741
-0.6 3.56047167407 0.155662448776
-0.6 3.76991118431 0.0772116142941
-0.6 3.97935069455 0.118685168171
-0.6 4.18879020479 0.175331085536
-0.6 4.39822971503 0.140379499161
-0.6 4.60766922527 0.201156896928
-0.6 4.8171087355 0.156727640917
-0.6 5.02654824574 0.311031524738
-0.6 5.23598775598 0.280620879684
-0.6 5.44542726622 0.600674468066
-0.6 5.65486677646 0.623811231344
-0.6 5.8643062867 0.158956919461
-0.6 6.07374579694 0.294324660527

-0.533333333333 0 0.734192720663
-0.533333333333 0.209439510239 0.845822007759
-0.533333333333 0.418879020479 0.257345213556
-0.533333333333 0.628318530718 0.212147120643
-0.533333333333 0.837758040957 0.26601600223
-0.533333333333 1.0471975512 0.404881995988
-0.533333333333 1.25663706144 0.561398512432
-0.533333333333 1.46607657168 0.26919200253
-0.533333333333 1.67551608191 0.084548061412
-0.533333333333 1.88495559215 0.19700039615
-0.533333333333 2.09439510239 0.146150393571
-0.533333333333 2.30383461263 0.880074056467
-0.533333333333 2.51327412287 0.616665714868
-0.533333333333 2.72271363311 0.206035047704
-0.533333333333 2.93215314335 0.0672156951613
-0.533333333333 3.14159265359 0.197118049689
-0.533333333333 3.35103216383 0.252607938757
-0.533333333333 3.56047167407 0.0865949534839
-0.533333333333 3.76991118431 0.0632819447186
-0.533333333333 3.97935069455 0.133730375541
-0.533333333333 4.18879020479 0.240892201374
-0.533333333333 4.39822971503 0.216451838412
-0.533333333333 4.60766922527 0.210720865082
-0.533333333333 4.8171087355 0.157971539372
-0.533333333333 5.02654824574 0.360242340413
-0.533333333333 5.23598775598 0.222233186561
-0.533333333333 5.44542726622 0.610324910966
-0.533333333333 5.65486677646 0.561880256229
-0.533333333333 5.8643062867 0.13366318707
-0.533333333333 6.07374579694 0.30097458429

-0.466666666667 0 0.826897025047
-0.466666666667 0.209439510239 0.621155479617
-0.466666666667 0.418879020479 0.130344316137
-0.466666666667 0.628318530718 0.20498296842
-0.466666666667 0.837758040957 0.230088276336
-0.466666666667 1.0471975512 0.332875570743
-0.466666666667 1.25663706144 0.564140520288
-0.466666666667 1.46607657168 0.341641989419
-0.466666666667 1.67551608191 0.0768923985924
-0.466666666667 1.88495559215 0.190443435188
-0.466666666667 2.09439510239 0.152075817551
-0.466666666667 2.30383461263 0.834534480503
-0.466666666667 2.51327412287 0.596227126686
-0.466666666667 2.72271363311 0.197699997553
-0.466666666667 2.93215314335 0.0804557520395
-0.466666666667 3.14159265359 0.233632764832
-0.466666666667 3.35103216383 0.191675100936
-0.466666666667 3.56047167407 0.0555010627765
-0.466666666667 3.76991118431 0.072166253582
-0.466666666667 3.97935069455 0.120592409794
-0.466666666667 4.18879020479 0.225857795969
-0.466666666667 4.39822971503 0.268542488124
-0.466666666667 4.60766922527 0.230490016065
-0.466666666667 4.8171087355 0.166898134015
-0.466666666667 5.02654824574 0.388673570928
-0.466666666667 5.23598775598 0.179795290174
-0.466666666667 5.44542726622 0.620002676656
-0.466666666667 5.65486677646 0.50811335983
-0.466666666667 5.8643062867 0.129615335425
-0.466666666667 6.07374579694 0.339714815928

-0.4 0 0.846404251456
-0.4 0.209439510239 0.444278985916
-0.4 0.418879020479 0.104404630649
-0.4 0.628318530718 0.220915677565
-0.4 0.837758040957 0.212795005657
-0.4 1.0471975512 0.275179934442
-0.4 1.25663706144 0.542943128984
-0.4 1.46607657168 0.412130143972
-0.4 1.67551608191 0.0714832493894
-0.4 1.88495559215 0.187961855835
-0.4 2.09439510239 0.158297730455
-0.4 2.30383461263 0.796614425908
-0.4 2.51327412287 0.580410671489
-0.4 2.72271363311 0.195511012283
-0.4 2.93215314335 0.0906615861094
-0.4 3.14159265359 0.250150010687
-0.4 3.35103216383 0.134140168622
-0.4 3.56047167407 0.0685115826757
-0.4 3.76991118431 0.0959712851264
-0.4 3.97935069455 0.104361193333
-0.4 4.18879020479 0.171871087507
-0.4 4.39822971503 0.276250874117
-0.4 4.60766922527 0.258305047856
-0.4 4.8171087355 0.178191167478
-0.4 5.02654824574 0.399048688082
-0.4 5.23598775598 0.1511966214
-0.4 5.44542726622 0.629901100281
-0.4 5.65486677646 0.466192688298
-0.4 5.8643062867 0.135745173565
-0.4 6.07374579694 0.383876477117

-0.333333333333 0 0.832144408826
-0.333333333333 0.209439510239 0.339828959774
-0.333333333333 0.418879020479 0.121559670174
-0.333333333333 0.628318530718 0.237592521519
-0.333333333333 0.837758040957 0.208494699436
-0.333333333333 1.0471975512 0.234345873964
-0.333333333333 1.25663706144 0.50840926291
-0.333333333333 1.46607657168 0.473504779565
-0.333333333333 1.67551608191 0.0697602252733
-0.333333333333 1.88495559215 0.187723169479
-0.333333333333 2.09439510239 0.164428860874
-0.333333333333 2.30383461263 0.766110440245
-0.333333333333 2.51327412287 0.56603249322
-0.333333333333 2.72271363311 0.199028858375
-0.333333333333 2.93215314335 0.0972498358497
-0.333333333333 3.14159265359 0.248535270899
-0.333333333333 3.35103216383 0.100632424027
-0.333333333333 3.56047167407 0.10676384004
-0.333333333333 3.76991118431 0.121258263967
-0.333333333333 3.97935069455 0.094496896575
-0.333333333333 4.18879020479 0.120309520763
-0.333333333333 4.39822971503 0.257102538924
-0.333333333333 4.60766922527 0.289792772563
-0.333333333333 4.8171087355 0.189147539333
-0.333333333333 5.02654824574 0.3976792393
-0.333333333333 5.23598775598 0.133243508308
-0.333333333333 5.44542726622 0.639948899318
-0.333333333333 5.65486677646 0.435659968371
-0.333333333333 5.8643062867 0.145171163062
-0.333333333333 6.07374579694 0.421437713713

-0.266666666667 0 0.808813933655
-0.266666666667 0.209439510239 0.291667110036
-0.266666666667 0.418879020479 0.14998773618
-0.266666666667 0.628318530718 0.25512896675
-0.266666666667 0.837758040957 0.216757460691
-0.266666666667 1.0471975512 0.210307698708
-0.266666666667 1.25663706144 0.470476249434
-0.266666666667 1.46607657168 0.521927080925
-0.266666666667 1.67551608191 0.0720657468646
-0.266666666667 1.88495559215 0.188218016567
-0.266666666667 2.09439510239 0.17040006512
-0.266666666667 2.30383461263 0.742522166106
-0.266666666667 2.51327412287 0.551645715753
-0.266666666667 2.72271363311 0.206492825304
-0.266666666667 2.93215314335 0.100635008832
-0.266666666667 3.14159265359 0.235359250619
-0.266666666667 3.35103216383 0.0939929817062
-0.266666666667 3.56047167407 0.149025508814
-0.266666666667 3.76991118431 0.140114246485
-0.266666666667 3.97935069455 0.088594884724
-0.266666666667 4.18879020479 0.0857302042473
-0.266666666667 4.39822971503 0.230850009889
-0.266666666667 4.60766922527 0.320761217293
-0.266666666667 4.8171087355 0.198921274545
-0.266666666667 5.02654824574 0.390400082136
-0.266666666667 5.23598775598 0.122803072721
-0.266666666667 5.44542726622 0.650079671986
-0.266666666667 5.65486677646 0.414281174113
-0.266666666667 5.8643062867 0.154503821729
-0.266666666667 6.07374579694 0.449729981453

-0.2 0 0.786430941247
-0.2 0.209439510239 0.277152921358
-0.2 0.418879020479 0.176596279973
-0.2 0.628318530718 0.274787954841
-0.2 0.837758040957 0.234376063075
-0.2 1.0471975512 0.199491119881
-0.2 1.25663706144 0.435810344614
-0.2 1.46607657168 0.557225793595
-0.2 1.67551608191 0.0774598974098
-0.2 1.88495559215 0.188526904243
-0.2 2.09439510239 0.176277826217
-0.2 2.30383461263 0.72524571953
-0.2 2.51327412287 0.536789769099
-0.2 2.72271363311 0.215790711189
-0.2 2.93215314335 0.101463389048
-0.2 3.14159265359 0.217616363756
-0.2 3.35103216383 0.106615820001
-0.2 3.56047167407 0.183173140086
-0.2 3.76991118431 0.151343210303
-0.2 3.97935069455 0.0827056007494
-0.2 4.18879020479 0.0666394417899
-0.2 4.39822971503 0.20817931125
-0.2 4.60766922527 0.348340275886
-0.2 4.8171087355 0.206984533723
-0.2 5.02654824574 0.38144888765
-0.2 5.23598775598 0.117210603293
-0.2 5.44542726622 0.660297328232
-0.2 5.65486677646 0.399319652732
-0.2 5.8643062867 0.162512060505
-0.2 6.07374579694 0.470121147592

-0.133333333333 0 0.766761271994
-0.133333333333 0.209439510239 0.279233532839
-0.133333333333 0.418879020479 0.196046226875
-0.133333333333 0.628318530718 0.29372734223
-0.133333333333 0.837758040957 0.255989459017
-0.133333333333 1.0471975512 0.196669958929
-0.133333333333 1.25663706144 0.407726679809
-0.133333333333 1.46607657168 0.581258873495
-0.133333333333 1.67551608191 0.0844063336631
-0.133333333333 1.88495559215 0.188208249162
-0.133333333333 2.09439510239 0.18218313091
-0.133333333333 2.30383461263 0.713678905536
-0.133333333333 2.51327412287 0.521477062205
-0.133333333333 2.72271363311 0.225030413323
-0.133333333333 2.93215314335 0.100305088132
-0.133333333333 3.14159265359 0.200428660651
-0.133333333333 3.35103216383 0.128557729842
-0.133333333333 3.56047167407 0.206060820026
-0.133333333333 3.76991118431 0.15682659937
-0.133333333333 3.97935069455 0.0751534202568
-0.133333333333 4.18879020479 0.0579812375875
-0.133333333333 4.39822971503 0.192403527458
-0.133333333333 4.60766922527 0.371248023396
-0.133333333333 4.8171087355 0.21263904298
-0.133333333333 5.02654824574 0.373511018207
-0.133333333333 5.23598775598 0.114368038578
-0.133333333333 5.44542726622 0.670663873382
-0.133333333333 5.65486677646 0.388168251048
-0.133333333333 5.8643062867 0.169145544737
-0.133333333333 6.07374579694 0.484806358383

-0.0666666666667 0 0.748551415482
-0.0666666666667 0.209439510239 0.287516470028
-0.0666666666667 0.418879020479 0.205937757973
-0.0666666666667 0.628318530718 0.306917660291
-0.0666666666667 0.837758040957 0.276017782177
-0.0666666666667 1.0471975512 0.196667393246
-0.0666666666667 1.25663706144 0.387417681767
-0.0666666666667 1.46607657168 0.596276691263
-0.0666666666667 1.67551608191 0.0913924439749
-0.0666666666667 1.88495559215 0.187117260998
-0.0666666666667 2.09439510239 0.188257923016
-0.0666666666667 2.30383461263 0.70727243897
-0.0666666666667 2.51327412287 0.50587473464
-0.0666666666667 2.72271363311 0.232755330072
-0.0666666666667 2.93215314335 0.0975811520333
-0.0666666666667 3.14159265359 0.186596317002
-0.0666666666667 3.35103216383 0.15195963671
-0.0666666666667 3.56047167407 0.219427800605
-0.0666666666667 3.76991118431 0.158816712141
-0.0666666666667 3.97935069455 0.0665729833651
-0.0666666666667 4.18879020479 0.0561760252638
-0.0666666666667 4.39822971503 0.183464500718
-0.0666666666667 4.60766922527 0.389297134376
-0.0666666666667 4.8171087355 0.215164709797
-0.0666666666667 5.02654824574 0.368095848324
-0.0666666666667 5.23598775598 0.112722190887
-0.0666666666667 5.44542726622 0.681259201507
-0.0666666666667 5.65486677646 0.37862970027
-0.0666666666667 5.8643062867 0.174987162926
-0.0666666666667 6.07374579694 0.495391845441

6.12323399574e-17 0 0.730412475596
6.12323399574e-17 0.209439510239 0.296257833737
6.12323399574e-17 0.418879020479 0.205483478857
6.12323399574e-17 0.628318530718 0.309497003268
6.12323399574e-17 0.837758040957 0.289231297952
6.12323399574e-17 1.0471975512 0.194921914464
6.12323399574e-17 1.25663706144 0.375316843886
6.12323399574e-17 1.46607657168 0.603860919113
6.12323399574e-17 1.67551608191 0.0972636512587
6.12323399574e-17 1.88495559215 0.185265692158
6.12323399574e-17 2.09439510239 0.194654491243
6.12323399574e-17 2.30383461263 0.7055451679
6.12323399574e-17 2.51327412287 0.490122625816
6.12323399574e-17 2.72271363311 0.237942951965
6.12323399574e-17 2.93215314335 0.0935816688785
6.12323399574e-17 3.14159265359 0.177080453046
6.12323399574e-17 3.35103216383 0.172135357278
6.12323399574e-17 3.56047167407 0.226385486452
6.12323399574e-17 3.76991118431 0.15927469614
6.12323399574e-17 3.97935069455 0.0593474598356
6.12323399574e-17 4.18879020479 0.0596471636111
6.12323399574e-17 4.39822971503 0.180457452076
6.12323399574e-17 4.60766922527 0.40262127797
6.12323399574e-17 4.8171087355 0.214124893378
6.12323399574e-17 5.02654824574 0.365898936191
6.12323399574e-17 5.23598775598 0.11121138118
6.12323399574e-17 5.44542726622 0.692132989795
6.12323399574e-17 5.65486677646 0.369014649312
6.12323399574e-17 5.8643062867 0.181000612106
6.12323399574e-17 6.07374579694 0.502462008416

0.0666666666667 0 0.712131509582
0.0666666666667 0.209439510239 0.302294163578
0.0666666666667 0.418879020479 0.195197861299
0.0666666666667 0.628318530718 0.297705191515
0.0666666666667 0.837758040957 0.29029276299
0.0666666666667 1.0471975512 0.187527667085
0.0666666666667 1.25663706144 0.372106350833
0.0666666666667 1.46607657168 0.604328948172
0.0666666666667 1.67551608191 0.10133698188
0.0666666666667 1.88495559215 0.182740895191
0.0666666666667 2.09439510239 0.201537668231
0.0666666666667 2.30383461263 0.708068758336
0.0666666666667 2.51327412287 0.474237578141
0.0666666666667 2.72271363311 0.239904758735
0.0666666666667 2.93215314335 0.0885106365419
0.0666666666667 3.14159265359 0.17169011826
0.0666666666667 3.35103216383 0.186967507939
0.0666666666667 3.56047167407 0.229486090037
0.0666666666667 3.76991118431 0.160172247973
0.0666666666667 3.97935069455 0.0571891238794
0.0666666666667 4.18879020479 0.0680174758341
0.0666666666667 4.39822971503 0.182551169924
0.0666666666667 4.60766922527 0.411010983661
0.0666666666667 4.8171087355 0.209662636783
0.0666666666667 5.02654824574 0.367036073342
0.0666666666667 5.23598775598 0.109227931247
0.0666666666667 5.44542726622 0.703249640428
0.0666666666667 5.65486677646 0.358152719952
0.0666666666667 5.8643062867 0.188437748972
0.0666666666667 6.07374579694 0.505513568156

0.133333333333 0 0.695207810036
0.133333333333 0.209439510239 0.30370059165
0.133333333333 0.418879020479 0.176702036221
0.133333333333 0.628318530718 0.269113844025
0.133333333333 0.837758040957 0.273562826325
0.133333333333 1.0471975512 0.171744709622
0.133333333333 1.25663706144 0.379230810867
0.133333333333 1.46607657168 0.59640086118
0.133333333333 1.67551608191 0.103403580789
0.133333333333 1.88495559215 0.179670935826
0.133333333333 2.09439510239 0.209092928078
0.133333333333 2.30383461263 0.714419627519
0.133333333333 2.51327412287 0.458069100931
0.133333333333 2.72271363311 0.238159774659
0.133333333333 2.93215314335 0.0825406340073
0.133333333333 3.14159265359 0.169611743665
0.133333333333 3.35103216383 0.195841654323
0.133333333333 3.56047167407 0.229920643985
0.133333333333 3.76991118431 0.163551805747
0.133333333333 3.97935069455 0.0643208833988
0.133333333333 4.18879020479 0.0810939531872
0.133333333333 4.39822971503 0.188983590286
0.133333333333 4.60766922527 0.413520708066
0.133333333333 4.8171087355 0.202781481586
0.133333333333 5.02654824574 0.371130712734
0.133333333333 5.23598775598 0.106620177967
0.133333333333 5.44542726622 0.714425310784
0.133333333333 5.65486677646 0.345371232776
0.133333333333 5.8643062867 0.198805193859
0.133333333333 6.07374579694 0.502954858884

0.2 0 0.682911562498
0.2 0.209439510239 0.299410492914
0.2 0.418879020479 0.152397179976
0.2 0.628318530718 0.223339933813
0.2 0.837758040957 0.234546040961
0.2 1.0471975512 0.147789548325
0.2 1.25663706144 0.398673213272
0.2 1.46607657168 0.577100283565
0.2 1.67551608191 0.103685481498
0.2 1.88495559215 0.176221433168
0.2 2.09439510239 0.217536362589
0.2 2.30383461263 0.724082944839
0.2 2.51327412287 0.441286696588
0.2 2.72271363311 0.232315077784
0.2 2.93215314335 0.0758859307498
0.2 3.14159265359 0.169680793584
0.2 3.35103216383 0.198702880097
0.2 3.56047167407 0.227280104618
0.2 3.76991118431 0.170556726926
0.2 3.97935069455 0.0834938737015
0.2 4.18879020479 0.0977045469422
0.2 4.39822971503 0.198630635602
0.2 4.60766922527 0.408442382258
0.2 4.8171087355 0.195608897027
0.2 5.02654824574 0.377279792115
0.2 5.23598775598 0.103745868189
0.2 5.44542726622 0.725249524162
0.2 5.65486677646 0.330470193994
0.2 5.8643062867 0.213815902564
0.2 6.07374579694 0.492131164702

0.266666666667 0 0.679614293341
0.266666666667 0.209439510239 0.290101523181
0.266666666667 0.418879020479 0.124863381212
0.266666666667 0.628318530718 0.16375740502
0.266666666667 0.837758040957 0.173838576996
0.266666666667 1.0471975512 0.121924986297
0.266666666667 1.25663706144 0.431368831397
0.266666666667 1.46607657168 0.542127257877
0.266666666667 1.67551608191 0.10274210898
0.266666666667 1.88495559215 0.172617711763
0.266666666667 2.09439510239 0.227115919059
0.266666666667 2.30383461263 0.736280048675
0.266666666667 2.51327412287 0.423394338228
0.266666666667 2.72271363311 0.221957172147
0.266666666667 2.93215314335 0.0689213407274
0.266666666667 3.14159265359 0.170428733467
0.266666666667 3.35103216383 0.19543790558
0.266666666667 3.56047167407 0.2196737751
0.266666666667 3.76991118431 0.179217769857
0.266666666667 3.97935069455 0.112575576285
0.266666666667 4.18879020479 0.114426787769
0.266666666667 4.39822971503 0.20947267206
0.266666666667 4.60766922527 0.393831166244
0.266666666667 4.8171087355 0.191530237204
0.266666666667 5.02654824574 0.383960721135
0.266666666667 5.23598775598 0.101573961336
0.266666666667 5.44542726622 0.734986686198
0.266666666667 5.65486677646 0.313705648207
0.266666666667 5.8643062867 0.235259928372
0.266666666667 6.07374579694 0.469551588364

0.333333333333 0 0.688686175394
0.333333333333 0.209439510239 0.280673705108
0.333333333333 0.418879020479 0.0961104859131
0.333333333333 0.628318530718 0.0992822541299
0.333333333333 0.837758040957 0.102580801445
0.333333333333 1.0471975512 0.108752019244
0.333333333333 1.25663706144 0.473467787158
0.333333333333 1.46607657168 0.487185773521
0.333333333333 1.67551608191 0.101260952251
0.333333333333 1.88495559215 0.169200037956
0.333333333333 2.09439510239 0.238085528067
0.333333333333 2.30383461263 0.749661778912
0.333333333333 2.51327412287 0.403781737201
0.333333333333 2.72271363311 0.206540298038
0.333333333333 2.93215314335 0.0623866924239
0.333333333333 3.14159265359 0.170015706378
0.333333333333 3.35103216383 0.18565665637
0.333333333333 3.56047167407 0.20441759967
0.333333333333 3.76991118431 0.182087588417
0.333333333333 3.97935069455 0.140954253303
0.333333333333 4.18879020479 0.12488930951
0.333333333333 4.39822971503 0.218397099022
0.333333333333 4.60766922527 0.368888452934
0.333333333333 4.8171087355 0.194866380834
0.333333333333 5.02654824574 0.389007215134
0.333333333333 5.23598775598 0.101810395983
0.333333333333 5.44542726622 0.742452045599
0.333333333333 5.65486677646 0.295783317084
0.333333333333 5.8643062867 0.264726277751
0.333333333333 6.07374579694 0.431688814034

0.4 0 0.708198595857
0.4 0.209439510239 0.283871189403
0.4 0.418879020479 0.0679605294952
0.4 0.628318530718 0.0435093738456
0.4 0.837758040957 0.044492235939
0.4 1.0471975512 0.127186290817
0.4 1.25663706144 0.510943096612
0.4 1.46607657168 0.410718126188
0.4 1.67551608191 0.0996557976551
0.4 1.88495559215 0.166527079954
0.4 2.09439510239 0.250607548126
0.4 2.30383461263 0.761771536654
0.4 2.51327412287 0.381843455178
0.4 2.72271363311 0.185255844475
0.4 2.93215314335 0.0577014037785
0.4 3.14159265359 0.166305449755
0.4 3.35103216383 0.168820827675
0.4 3.56047167407 0.17974167816
0.4 3.76991118431 0.167193474866
0.4 3.97935069455 0.149781247731
0.4 4.18879020479 0.121407118366
0.4 4.39822971503 0.222112971172
0.4 4.60766922527 0.336407112113
0.4 4.8171087355 0.209492760577
0.4 5.02654824574 0.389895658279
0.4 5.23598775598 0.106980961569
0.4 5.44542726622 0.745864474128
0.4 5.65486677646 0.277853036449
0.4 5.8643062867 0.30310585857
0.4 6.07374579694 0.376873837929

0.466666666667 0 0.724738021873
0.466666666667 0.209439510239 0.321823570379
0.466666666667 0.418879020479 0.0468463583165
0.466666666667 0.628318530718 0.00888595523309
0.466666666667 0.837758040957 0.0260637863216
0.466666666667 1.0471975512 0.184362962657
0.466666666667 1.25663706144 0.517265597391
0.466666666667 1.46607657168 0.317799019906
0.466666666667 1.67551608191 0.0975521129675
0.466666666667 1.88495559215 0.165528827489
0.466666666667 2.09439510239 0.26449218778
0.466666666667 2.30383461263 0.768124585703
0.466666666667 2.51327412287 0.35721644413
0.466666666667 2.72271363311 0.156925876989
0.466666666667 2.93215314335 0.0572672694164
0.466666666667 3.14159265359 0.157716489821
0.466666666667 3.35103216383 0.14428754009
0.466666666667 3.56047167407 0.147434308678
0.466666666667 3.76991118431 0.12701105313
0.466666666667 3.97935069455 0.122322100916
0.466666666667 4.18879020479 0.101317994502
0.466666666667 4.39822971503 0.220134534907
0.466666666667 4.60766922527 0.305624093721
0.466666666667 4.8171087355 0.235744367157
0.466666666667 5.02654824574 0.384737844411
0.466666666667 5.23598775598 0.120330630109
0.466666666667 5.44542726622 0.742689266241
0.466666666667 5.65486677646 0.261481437929
0.466666666667 5.8643062867 0.349819388869
0.466666666667 6.07374579694 0.308743933756

0.533333333333 0 0.708798535973
0.533333333333 0.209439510239 0.416724164342
0.533333333333 0.418879020479 0.0556958368262
0.533333333333 0.628318530718 0.00149145593004
0.533333333333 0.837758040957 0.0541423497916
0.533333333333 1.0471975512 0.255132631403
0.533333333333 1.25663706144 0.463958711225
0.533333333333 1.46607657168 0.223074681115
0.533333333333 1.67551608191 0.093746311928
0.533333333333 1.88495559215 0.167612733202
0.533333333333 2.09439510239 0.278580718854
0.533333333333 2.30383461263 0.760726967111
0.533333333333 2.51327412287 0.330195504664
0.533333333333 2.72271363311 0.120225953295
0.533333333333 2.93215314335 0.0641293699312
0.533333333333 3.14159265359 0.14602897371
0.533333333333 3.35103216383 0.111084952575
0.533333333333 3.56047167407 0.113631346471
0.533333333333 3.76991118431 0.0738982671406
0.533333333333 3.97935069455 0.066053334957
0.533333333333 4.18879020479 0.0775261093964
0.533333333333 4.39822971503 0.219959600081
0.533333333333 4.60766922527 0.29235176467
0.533333333333 4.8171087355 0.265959159522
0.533333333333 5.02654824574 0.374434482442
0.533333333333 5.23598775598 0.145281496092
0.533333333333 5.44542726622 0.729514459989
0.533333333333 5.65486677646 0.248563319735
0.533333333333 5.8643062867 0.401777067153
0.533333333333 6.07374579694 0.24097070045

0.6 0 0.620723984308
0.6 0.209439510239 0.558596804137
0.6 0.418879020479 0.142137417615
0.6 0.628318530718 0.03318405149
0.6 0.837758040957 0.107219961381
0.6 1.0471975512 0.289201955363
0.6 1.25663706144 0.349753388412
0.6 1.46607657168 0.147098332526
0.6 1.67551608191 0.0880947065159
0.6 1.88495559215 0.17432574177
0.6 2.09439510239 0.289406743033
0.6 2.30383461263 0.726101527948
0.6 2.51327412287 0.30233549426
0.6 2.72271363311 0.0753573960607
0.6 2.93215314335 0.0792753420605
0.6 3.14159265359 0.141465603093
0.6 3.35103216383 0.0716019478416
0.6 3.56047167407 0.0814478970064
0.6 3.76991118431 0.0426981481304
0.6 3.97935069455 0.0278967900562
0.6 4.18879020479 0.083154558621
0.6 4.39822971503 0.241004096479
0.6 4.60766922527 0.308991563044
0.6 4.8171087355 0.282484436639
0.6 5.02654824574 0.365965062448
0.6 5.23598775598 0.184041928258
0.6 5.44542726622 0.702061331355
0.6 5.65486677646 0.241107741556
0.6 5.8643062867 0.45224525665
0.6 6.07374579694 0.200914989572

0.666666666667 0 0.441750391809
0.666666666667 0.209439510239 0.658442294306
0.666666666667 0.418879020479 0.337937243817
0.666666666667 0.628318530718 0.145141115378
0.666666666667 0.837758040957 0.1734679866
0.666666666667 1.0471975512 0.268811551803
0.666666666667 1.25663706144 0.225345964536
0.666666666667 1.46607657168 0.0998715167868
0.666666666667 1.67551608191 0.0869741795852
0.666666666667 1.88495559215 0.185492351636
0.666666666667 2.09439510239 0.288643512869
0.666666666667 2.30383461263 0.644404486312
0.666666666667 2.51327412287 0.277130328919
0.666666666667 2.72271363311 0.029934509807
0.666666666667 2.93215314335 0.094429855845
0.666666666667 3.14159265359 0.162477774907
0.666666666667 3.35103216383 0.0493014530421
0.666666666667 3.56047167407 0.0442426133526
0.666666666667 3.76991118431 0.0552976807124
0.666666666667 3.97935069455 0.0629246117311
0.666666666667 4.18879020479 0.15332537194
0.666666666667 4.39822971503 0.303572946627
0.666666666667 4.60766922527 0.33700225365
0.666666666667 4.8171087355 0.268153868396
0.666666666667 5.02654824574 0.374749895621
0.666666666667 5.23598775598 0.234874022775
0.666666666667 5.44542726622 0.655553460995
0.666666666667 5.65486677646 0.240810574391
0.666666666667 5.8643062867 0.490156253069
0.666666666667 6.07374579694 0.22625103134

0.733333333333 0 0.238241864623
0.733333333333 0.209439510239 0.561768371161
0.733333333333 0.418879020479 0.527326821839
0.733333333333 0.628318530718 0.344494914275
0.733333333333 0.837758040957 0.273834119415
0.733333333333 1.0471975512 0.242765081289
0.733333333333 1.25663706144 0.143257270969
0.733333333333 1.46607657168 0.0705305308728
0.733333333333 1.67551608191 0.109549419535
0.733333333333 1.88495559215 0.193853687243
0.733333333333 2.09439510239 0.259888742641
0.733333333333 2.30383461263 0.497158513875
0.733333333333 2.51327412287 0.261194983744
0.733333333333 2.72271363311 0.0119160820954
0.733333333333 2.93215314335 0.0863226336865
0.733333333333 3.14159265359 0.206285008468
0.733333333333 3.35103216383 0.101956793161
0.733333333333 3.56047167407 0.0285100009679
0.733333333333 3.76991118431 0.0911999075041
0.733333333333 3.97935069455 0.166087760635
0.733333333333 4.18879020479 0.27966695826
0.733333333333 4.39822971503 0.375019414736
0.733333333333 4.60766922527 0.304215744482
0.733333333333 4.8171087355 0.241485071092
0.733333333333 5.02654824574 0.419205391211
0.733333333333 5.23598775598 0.287885256741
0.733333333333 5.44542726622 0.585936317678
0.733333333333 5.65486677646 0.248339390153
0.733333333333 5.8643062867 0.501041626112
0.733333333333 6.07374579694 0.345380749628

0.8 0 0.203645073082
0.8 0.209439510239 0.260297927228
0.8 0.418879020479 0.416384750123
0.8 0.628318530718 0.395983424074
0.8 0.837758040957 0.299389202586
0.8 1.0471975512 0.180230662155
0.8 1.25663706144 0.0712374729055
0.8 1.46607657168 0.080392268874
0.8 1.67551608191 0.174182295988
0.8 1.88495559215 0.175586839545
0.8 2.09439510239 0.183189515641
0.8 2.30383461263 0.305078536697
0.8 2.51327412287 0.271118741165
0.8 2.72271363311 0.0781813564778
0.8 2.93215314335 0.0488057696556
0.8 3.14159265359 0.197072398147
0.8 3.35103216383 0.222376485129
0.8 3.56047167407 0.123909151485
0.8 3.76991118431 0.154188858473
0.8 3.97935069455 0.255971675877
0.8 4.18879020479 0.338156991253
0.8 4.39822971503 0.306276158532
0.8 4.60766922527 0.174925052655
0.8 4.8171087355 0.299704302915
0.8 5.02654824574 0.494951729226
0.8 5.23598775598 0.321258048871
0.8 5.44542726622 0.493077199835
0.8 5.65486677646 0.262475860004
0.8 5.8643062867 0.471566177264
0.8 6.07374579694 0.533679532155

0.866666666667 0 0.481118297322
0.866666666667 0.209439510239 0.216433075865
0.866666666667 0.418879020479 0.135682001124
0.866666666667 0.628318530718 0.127735792105
0.866666666667 0.837758040957 0.0968658426198
0.866666666667 1.0471975512 0.0669626344959
0.866666666667 1.25663706144 0.110925766485
0.866666666667 1.46607657168 0.222606239715
0.866666666667 1.67551608191 0.223282498265
0.866666666667 1.88495559215 0.0933804330286
0.866666666667 2.09439510239 0.0811970520337
0.866666666667 2.30383461263 0.203048939878
0.866666666667 2.51327412287 0.356027922366
0.866666666667 2.72271363311 0.273235621364
0.866666666667 2.93215314335 0.0876555278866
0.866666666667 3.14159265359 0.0946601852707
0.866666666667 3.35103216383 0.197308259286
0.866666666667 3.56047167407 0.201943791522
0.866666666667 3.76991118431 0.180403912189
0.866666666667 3.97935069455 0.178369354367
0.866666666667 4.18879020479 0.149480465056
0.866666666667 4.39822971503 0.104874441619
0.866666666667 4.60766922527 0.220355783108
0.866666666667 4.8171087355 0.531138543356
0.866666666667 5.02654824574 0.525437494589
0.866666666667 5.23598775598 0.307408946371
0.866666666667 5.44542726622 0.38888836601
0.866666666667 5.65486677646 0.28047690596
0.866666666667 5.8643062867 0.40002676492
0.866666666667 6.07374579694 0.652981984518

0.933333333333 0 0.635747349337
0.933333333333 0.209439510239 0.630118793302
0.933333333333 0.418879020479 0.534427210905
0.933333333333 0.628318530718 0.449261728274
0.933333333333 0.837758040957 0.411529960269
0.933333333333 1.0471975512 0.408129148618
0.933333333333 1.25663706144 0.38600169505
0.933333333333 1.46607657168 0.273933706578
0.933333333333 1.67551608191 0.0927360716978
0.933333333333 1.88495559215 0.0106331045923
0.933333333333 2.09439510239 0.133062967273
0.933333333333 2.30383461263 0.378381518761
0.933333333333 2.51327412287 0.571762692194
0.933333333333 2.72271363311 0.552545903364
0.933333333333 2.93215314335 0.369038339659
0.933333333333 3.14159265359 0.22582233724
0.933333333333 3.35103216383 0.19375532831
0.933333333333 3.56047167407 0.206904473755
0.933333333333 3.76991118431 0.218952032589
0.933333333333 3.97935069455 0.244534513055
0.933333333333 4.18879020479 0.323124449337
0.933333333333 4.39822971503 0.474641576206
0.933333333333 4.60766922527 0.624685211565
0.933333333333 4.8171087355 0.596545244455
0.933333333333 5.02654824574 0.37751540582
0.933333333333 5.23598775598 0.264367333834
0.933333333333 5.44542726622 0.320820564821
0.933333333333 5.65486677646 0.30826830041
0.933333333333 5.8643062867 0.319181591627
0.933333333333 6.07374579694 0.486392764143

