-1 0 0.512478557018
-1 0.209439510239 0.512478557019
-1 0.418879020479 0.512478557019
-1 0.628318530718 0.512478557019
-1 0.837758040957 0.512478557018
-1 1.0471975512 0.512478557018
-1 1.25663706144 0.512478557018
-1 1.46607657168 0.512478557018
-1 1.67551608191 0.512478557019
-1 1.88495559215 0.512478557019
-1 2.09439510239 0.512478557019
-1 2.30383461263 0.512478557019
-1 2.51327412287 0.512478557018
-1 2.72271363311 0.512478557018
-1 2.93215314335 0.512478557018
-1 3.14159265359 0.512478557018
-1 3.35103216383 0.512478557019
-1 3.56047167407 0.512478557019
-1 3.76991118431 0.512478557019
-1 3.97935069455 0.512478557018
-1 4.18879020479 0.512478557018
-1 4.39822971503 0.512478557018
-1 4.60766922527 0.512478557018
-1 4.8171087355 0.512478557019
-1 5.02654824574 0.512478557019
-1 5.23598775598 0.512478557019
-1 5.44542726622 0.512478557019
-1 5.65486677646 0.512478557018
-1 5.8643062867 0.512478557018
-1 6.07374579694 0.512478557018

-0.933333333333 0 0.512507435522
-0.933333333333 0.209439510239 0.692325217618
-0.933333333333 0.418879020479 0.808828957231
-0.933333333333 0.628318530718 0.862552784492
-0.933333333333 0.837758040957 0.837948625096
-0.933333333333 1.0471975512 0.712457230824
-0.933333333333 1.25663706144 0.495454435214
-0.933333333333 1.46607657168 0.275467254124
-0.933333333333 1.67551608191 0.177105901061
-0.933333333333 1.88495559215 0.24810538107
-0.933333333333 2.09439510239 0.47241091828
-0.933333333333 2.30383461263 0.767940543741
-0.933333333333 2.51327412287 0.8784368291
-0.933333333333 2.72271363311 0.660463775293
-0.933333333333 2.93215314335 0.327743024686
-0.933333333333 3.14159265359 0.134880480392
-0.933333333333 3.35103216383 0.131009096461
-0.933333333333 3.56047167407 0.225840189405
-0.933333333333 3.76991118431 0.325702104785
-0.933333333333 3.97935069455 0.38471746377
-0.933333333333 4.18879020479 0.370695950766
-0.933333333333 4.39822971503 0.254747892861
-0.933333333333 4.60766922527 0.109528962049
-0.933333333333 4.8171087355 0.138102626589
-0.933333333333 5.02654824574 0.366610786676
-0.933333333333 5.23598775598 0.50773076763
-0.933333333333 5.44542726622 0.363876469468
-0.933333333333 5.65486677646 0.103453073446
-0.933333333333 5.8643062867 0.0613150032951
-0.933333333333 6.07374579694 0.268583582815

-0.866666666667 0 0.817787245804
-0.866666666667 0.209439510239 0.931364399443
-0.866666666667 0.418879020479 0.872002719112
-0.866666666667 0.628318530718 0.82791762679
-0.866666666667 0.837758040957 0.891487872043
-0.866666666667 1.0471975512 1.01234975331
-0.866666666667 1.25663706144 1.02753288123
-0.866666666667 1.46607657168 0.765852790386
-0.866666666667 1.67551608191 0.332634173038
-0.866666666667 1.88495559215 0.144988796431
-0.866666666667 2.09439510239 0.500829298604
-0.866666666667 2.30383461263 0.974304993135
-0.866666666667 2.51327412287 0.765403441637
-0.866666666667 2.72271363311 0.287121227829
-0.866666666667 2.93215314335 0.0805629410915
-0.866666666667 3.14159265359 0.105404603361
-0.866666666667 3.35103216383 0.301937404602
-0.866666666667 3.56047167407 0.491770486162
-0.866666666667 3.76991118431 0.570987994258
-0.866666666667 3.97935069455 0.587854417026
-0.866666666667 4.18879020479 0.657639209248
-0.866666666667 4.39822971503 0.801029402481
-0.866666666667 4.60766922527 0.657474542115
-0.866666666667 4.8171087355 0.204156337751
-0.866666666667 5.02654824574 0.239218749446
-0.866666666667 5.23598775598 0.378229520965
-0.866666666667 5.44542726622 0.241838651958
-0.866666666667 5.65486677646 0.181498657998
-0.866666666667 5.8643062867 0.207645652126
-0.866666666667 6.07374579694 0.490966027754

-0.8 0 0.756598101242
-0.8 0.209439510239 0.619828418585
-0.8 0.418879020479 0.310513868866
-0.8 0.628318530718 0.188771267338
-0.8 0.837758040957 0.255964846896
-0.8 1.0471975512 0.478023978486
-0.8 1.25663706144 0.767249544216
-0.8 1.46607657168 0.851480173543
-0.8 1.67551608191 0.54242631515
-0.8 1.88495559215 0.142862600843
-0.8 2.09439510239 0.444049697038
-0.8 2.30383461263 1.12825256352
-0.8 2.51327412287 0.571546107041
-0.8 2.72271363311 0.125031876003
-0.8 2.93215314335 0.0523719209963
-0.8 3.14159265359 0.212554216073
-0.8 3.35103216383 0.713324763686
-0.8 3.56047167407 1.03596061398
-0.8 3.76991118431 1.09051035985
-0.8 3.97935069455 0.951733787467
-0.8 4.18879020479 0.684931813851
-0.8 4.39822971503 0.660196737511
-0.8 4.60766922527 0.969982668024
-0.8 4.8171087355 0.558744540894
-0.8 5.02654824574 0.264363416991
-0.8 5.23598775598 0.407078941663
-0.8 5.44542726622 0.168269221977
-0.8 5.65486677646 0.322750175628
-0.8 5.8643062867 0.224184789203
-0.8 6.07374579694 0.506462871355

-0.733333333333 0 0.726932081041
-0.733333333333 0.209439510239 0.437382268629
-0.733333333333 0.418879020479 0.0721743057644
-0.733333333333 0.628318530718 0.0223354646545
-0.733333333333 0.837758040957 0.0535135586404
-0.733333333333 1.0471975512 0.202801613441
-0.733333333333 1.25663706144 0.526999494539
-0.733333333333 1.46607657168 0.761012655047
-0.733333333333 1.67551608191 0.58839731461
-0.733333333333 1.88495559215 0.194481965959
-0.733333333333 2.09439510239 0.362801941713
-0.733333333333 2.30383461263 1.22843019381
-0.733333333333 2.51327412287 0.386175426175
-0.733333333333 2.72271363311 0.110647221104
-0.733333333333 2.93215314335 0.0458656147546
-0.733333333333 3.14159265359 0.519460314586
-0.733333333333 3.35103216383 1.28633784613
-0.733333333333 3.56047167407 1.42129551022
-0.733333333333 3.76991118431 1.29314216533
-0.733333333333 3.97935069455 1.13429838813
-0.733333333333 4.18879020479 0.830068449771
-0.733333333333 4.39822971503 0.462643630836
-0.733333333333 4.60766922527 0.729692312751
-0.733333333333 4.8171087355 0.769364111872
-0.733333333333 5.02654824574 0.344306709965
-0.733333333333 5.23598775598 0.467110933492
-0.733333333333 5.44542726622 0.143578316801
-0.733333333333 5.65486677646 0.397160975594
-0.733333333333 5.8643062867 0.169880290214
-0.733333333333 6.07374579694 0.4938507845

-0.666666666667 0 0.783240632912
-0.666666666667 0.209439510239 0.320774874029
-0.666666666667 0.418879020479 0.0579186196502
-0.666666666667 0.628318530718 0.112072144368
-0.666666666667 0.837758040957 0.10874307067
-0.666666666667 1.0471975512 0.144319711308
-0.666666666667 1.25663706144 0.417797534463
-0.666666666667 1.46607657168 0.749845133885
-0.666666666667 1.67551608191 0.594137730053
-0.666666666667 1.88495559215 0.230733816433
-0.666666666667 2.09439510239 0.292612977307
-0.666666666667 2.30383461263 1.28320171723
-0.666666666667 2.51327412287 0.242527781168
-0.666666666667 2.72271363311 0.155237906119
-0.666666666667 2.93215314335 0.0670066756718
-0.666666666667 3.14159265359 0.950461117354
-0.666666666667 3.35103216383 1.58334827928
-0.666666666667 3.56047167407 1.21801418492
-0.666666666667 3.76991118431 0.853965456775
-0.666666666667 3.97935069455 0.732379616694
-0.666666666667 4.18879020479 0.660055065858
-0.666666666667 4.39822971503 0.398987281582
-0.666666666667 4.60766922527 0.46852582474
-0.666666666667 4.8171087355 0.697671223192
-0.666666666667 5.02654824574 0.423928594967
-0.666666666667 5.23598775598 0.522781407735
-0.666666666667 5.44542726622 0.147058247469
-0.666666666667 5.65486677646 0.399205637852
-0.666666666667 5.8643062867 0.142817701978
-0.666666666667 6.07374579694 0.518775467006

-0.6 0 0.804319600371
-0.6 0.209439510239 0.238032159708
-0.6 0.418879020479 0.137987146984
-0.6 0.628318530718 0.235500856054
-0.6 0.837758040957 0.24166608684
-0.6 1.0471975512 0.194499840095
-0.6 1.25663706144 0.348142382404
-0.6 1.46607657168 0.765930643052
-0.6 1.67551608191 0.651620103357
-0.6 1.88495559215 0.237647971273
-0.6 2.09439510239 0.245352491121
-0.6 2.30383461263 1.30356972817
-0.6 2.51327412287 0.147053036732
-0.6 2.72271363311 0.208930238334
-0.6 2.93215314335 0.131713916874
-0.6 3.14159265359 1.35301626689
-0.6 3.35103216383 1.52285925883
-0.6 3.56047167407 0.760372467475
-0.6 3.76991118431 0.345296170013
-0.6 3.97935069455 0.306539663077
-0.6 4.18879020479 0.405758138252
-0.6 4.39822971503 0.310141624517
-0.6 4.60766922527 0.428536464214
-0.6 4.8171087355 0.55864814533
-0.6 5.02654824574 0.443215919105
-0.6 5.23598775598 0.581107526729
-0.6 5.44542726622 0.161198335569
-0.6 5.65486677646 0.364884721663
-0.6 5.8643062867 0.159526114793
-0.6 6.07374579694 0.560973248789

-0.533333333333 0 0.772043092741
-0.533333333333 0.209439510239 0.235842257679
-0.533333333333 0.418879020479 0.207850532753
-0.533333333333 0.628318530718 0.287912222396
-0.533333333333 0.837758040957 0.345015831012
-0.533333333333 1.0471975512 0.289529809921
-0.533333333333 1.25663706144 0.304710493532
-0.533333333333 1.46607657168 0.744540733597
-0.533333333333 1.67551608191 0.753627284903
-0.533333333333 1.88495559215 0.229084122063
-0.533333333333 2.09439510239 0.220436286413
-0.533333333333 2.30383461263 1.30003498213
-0.533333333333 2.51327412287 0.09413005093
-0.533333333333 2.72271363311 0.252949366836
-0.533333333333 2.93215314335 0.232252960498
-0.533333333333 3.14159265359 1.64552775489
-0.533333333333 3.35103216383 1.27638399992
-0.533333333333 3.56047167407 0.409845061352
-0.533333333333 3.76991118431 0.0915053452967
-0.533333333333 3.97935069455 0.167544038994
-0.533333333333 4.18879020479 0.408979779321
-0.533333333333 4.39822971503 0.257727177099
-0.533333333333 4.60766922527 0.472220155626
-0.533333333333 4.8171087355 0.512737795266
-0.533333333333 5.02654824574 0.401720127511
-0.533333333333 5.23598775598 0.643990219528
-0.533333333333 5.44542726622 0.176603162328
-0.533333333333 5.65486677646 0.321818264809
-0.533333333333 5.8643062867 0.197925245553
-0.533333333333 6.07374579694 0.599361564827

-0.466666666667 0 0.730357027853
-0.466666666667 0.209439510239 0.285701159129
-0.466666666667 0.418879020479 0.220378476074
-0.466666666667 0.628318530718 0.268043102386
-0.466666666667 0.837758040957 0.376020883631
-0.466666666667 1.0471975512 0.37451925389
-0.466666666667 1.25663706144 0.290217331178
-0.466666666667 1.46607657168 0.68290535591
-0.466666666667 1.67551608191 0.859777564699
-0.466666666667 1.88495559215 0.220532123105
-0.466666666667 2.09439510239 0.212572721582
-0.466666666667 2.30383461263 1.28139639145
-0.466666666667 2.51327412287 0.0738672096141
-0.466666666667 2.72271363311 0.284405475941
-0.466666666667 2.93215314335 0.350441951692
-0.466666666667 3.14159265359 1.82072099585
-0.466666666667 3.35103216383 1.01203574444
-0.466666666667 3.56047167407 0.251885988496
-0.466666666667 3.76991118431 0.0320483716934
-0.466666666667 3.97935069455 0.198519624207
-0.466666666667 4.18879020479 0.637993818794
-0.466666666667 4.39822971503 0.353531012142
-0.466666666667 4.60766922527 0.484814989279
-0.466666666667 4.8171087355 0.558917656874
-0.466666666667 5.02654824574 0.331431028231
-0.466666666667 5.23598775598 0.707254541681
-0.466666666667 5.44542726622 0.189316961015
-0.466666666667 5.65486677646 0.282993196444
-0.466666666667 5.8643062867 0.237915872153
-0.466666666667 6.07374579694 0.628757019638

-0.4 0 0.707575274778
-0.4 0.209439510239 0.331970325188
-0.4 0.418879020479 0.193970545519
-0.4 0.628318530718 0.219898051139
-0.4 0.837758040957 0.347373374121
-0.4 1.0471975512 0.423185599388
-0.4 1.25663706144 0.296437435369
-0.4 1.46607657168 0.604298473084
-0.4 1.67551608191 0.941131260521
-0.4 1.88495559215 0.219985408603
-0.4 2.09439510239 0.215772766651
-0.4 2.30383461263 1.25448520825
-0.4 2.51327412287 0.0759827586833
-0.4 2.72271363311 0.306179222329
-0.4 2.93215314335 0.469155679255
-0.4 3.14159265359 1.90638095622
-0.4 3.35103216383 0.809399999319
-0.4 3.56047167407 0.221053342872
-0.4 3.76991118431 0.0343393799608
-0.4 3.97935069455 0.237946432238
-0.4 4.18879020479 0.894044200856
-0.4 4.39822971503 0.572451307681
-0.4 4.60766922527 0.466755738017
-0.4 4.8171087355 0.637454467609
-0.4 5.02654824574 0.261400672472
-0.4 5.23598775598 0.766372584869
-0.4 5.44542726622 0.198089502972
-0.4 5.65486677646 0.252386898783
-0.4 5.8643062867 0.270481578945
-0.4 6.07374579694 0.651156439558

-0.333333333333 0 0.705178715491
-0.333333333333 0.209439510239 0.348314602829
-0.333333333333 0.418879020479 0.161062955961
-0.333333333333 0.628318530718 0.17809723586
-0.333333333333 0.837758040957 0.292513480487
-0.333333333333 1.0471975512 0.43700237224
-0.333333333333 1.25663706144 0.312469743068
-0.333333333333 1.46607657168 0.528900705252
-0.333333333333 1.67551608191 0.988545260999
-0.333333333333 1.88495559215 0.228529981859
-0.333333333333 2.09439510239 0.22501170985
-0.333333333333 2.30383461263 1.22431314687
-0.333333333333 2.51327412287 0.0914941203961
-0.333333333333 2.72271363311 0.3220009805
-0.333333333333 2.93215314335 0.57629382659
-0.333333333333 3.14159265359 1.93668418325
-0.333333333333 3.35103216383 0.681686242913
-0.333333333333 3.56047167407 0.241423458767
-0.333333333333 3.76991118431 0.0367299252814
-0.333333333333 3.97935069455 0.241649867791
-0.333333333333 4.18879020479 1.06070903268
-0.333333333333 4.39822971503 0.812354497173
-0.333333333333 4.60766922527 0.451625658597
-0.333333333333 4.8171087355 0.70452989119
-0.333333333333 5.02654824574 0.206479538382
-0.333333333333 5.23598775598 0.81875137993
-0.333333333333 5.44542726622 0.202813526068
-0.333333333333 5.65486677646 0.229935396228
-0.333333333333 5.8643062867 0.294263785925
-0.333333333333 6.07374579694 0.669039670997

-0.266666666667 0 0.71366027836
-0.266666666667 0.209439510239 0.337556627455
-0.266666666667 0.418879020479 0.137092289452
-0.266666666667 0.628318530718 0.154296804012
-0.266666666667 0.837758040957 0.23945359011
-0.266666666667 1.0471975512 0.429864240681
-0.266666666667 1.25663706144 0.331345290845
-0.266666666667 1.46607657168 0.46672827457
-0.266666666667 1.67551608191 1.00559443657
-0.266666666667 1.88495559215 0.243607444038
-0.266666666667 2.09439510239 0.236679999714
-0.266666666667 2.30383461263 1.19437071955
-0.266666666667 2.51327412287 0.113249801828
-0.266666666667 2.72271363311 0.334662923834
-0.266666666667 2.93215314335 0.664679812655
-0.266666666667 3.14159265359 1.94006236135
-0.266666666667 3.35103216383 0.614972578141
-0.266666666667 3.56047167407 0.27239538972
-0.266666666667 3.76991118431 0.0339073537484
-0.266666666667 3.97935069455 0.237175939785
-0.266666666667 4.18879020479 1.13759061226
-0.266666666667 4.39822971503 0.997495587983
-0.266666666667 4.60766922527 0.4546307911
-0.266666666667 4.8171087355 0.745690131448
-0.266666666667 5.02654824574 0.169936746538
-0.266666666667 5.23598775598 0.863748736564
-0.266666666667 5.44542726622 0.203782268448
-0.266666666667 5.65486677646 0.214239765039
-0.266666666667 5.8643062867 0.311116992353
-0.266666666667 6.07374579694 0.683446597872

-0.2 0 0.72451583938
-0.2 0.209439510239 0.312808947293
-0.2 0.418879020479 0.122533959407
-0.2 0.628318530718 0.146342854797
-0.2 0.837758040957 0.202920390511
-0.2 1.0471975512 0.416482112427
-0.2 1.25663706144 0.350191026256
-0.2 1.46607657168 0.420226408964
-0.2 1.67551608191 1.00027635742
-0.2 1.88495559215 0.26178585251
-0.2 2.09439510239 0.2485125211
-0.2 2.30383461263 1.16694240801
-0.2 2.51327412287 0.135903690236
-0.2 2.72271363311 0.345706651988
-0.2 2.93215314335 0.730735399078
-0.2 3.14159265359 1.93666824661
-0.2 3.35103216383 0.591850273595
-0.2 3.56047167407 0.30289889499
-0.2 3.76991118431 0.0355020137688
-0.2 3.97935069455 0.255247866317
-0.2 4.18879020479 1.17123157342
-0.2 4.39822971503 1.10709390866
-0.2 4.60766922527 0.471248102353
-0.2 4.8171087355 0.764481085615
-0.2 5.02654824574 0.148979490172
-0.2 5.23598775598 0.902001159734
-0.2 5.44542726622 0.20137368016
-0.2 5.65486677646 0.203765144459
-0.2 5.8643062867 0.323446284238
-0.2 6.07374579694 0.694275245092

-0.133333333333 0 0.733837468937
-0.133333333333 0.209439510239 0.285530601527
-0.133333333333 0.418879020479 0.113484120137
-0.133333333333 0.628318530718 0.148454547169
-0.133333333333 0.837758040957 0.187098161185
-0.133333333333 1.0471975512 0.40803775699
-0.133333333333 1.25663706144 0.368239672177
-0.133333333333 1.46607657168 0.38804615684
-0.133333333333 1.67551608191 0.979938514182
-0.133333333333 1.88495559215 0.280335186467
-0.133333333333 2.09439510239 0.259359763832
-0.133333333333 2.30383461263 1.14337852171
-0.133333333333 2.51327412287 0.155664292667
-0.133333333333 2.72271363311 0.35564299658
-0.133333333333 2.93215314335 0.773177042483
-0.133333333333 3.14159265359 1.93945641456
-0.133333333333 3.35103216383 0.599912992611
-0.133333333333 3.56047167407 0.336565764632
-0.133333333333 3.76991118431 0.0472856071159
-0.133333333333 3.97935069455 0.304503722412
-0.133333333333 4.18879020479 1.19980782688
-0.133333333333 4.39822971503 1.15380690977
-0.133333333333 4.60766922527 0.490270442037
-0.133333333333 4.8171087355 0.770376782265
-0.133333333333 5.02654824574 0.13887648319
-0.133333333333 5.23598775598 0.93474704796
-0.133333333333 5.44542726622 0.195933439806
-0.133333333333 5.65486677646 0.197276532725
-0.133333333333 5.8643062867 0.333102416019
-0.133333333333 6.07374579694 0.700979292295

-0.0666666666667 0 0.741470027041
-0.0666666666667 0.209439510239 0.262483066963
-0.0666666666667 0.418879020479 0.107311167926
-0.0666666666667 0.628318530718 0.156043686573
-0.0666666666667 0.837758040957 0.19094340837
-0.0666666666667 1.0471975512 0.41196203393
-0.0666666666667 1.25663706144 0.384988973885
-0.0666666666667 1.46607657168 0.367499991234
-0.0666666666667 1.67551608191 0.949213015933
-0.0666666666667 1.88495559215 0.297848896906
-0.0666666666667 2.09439510239 0.268971465346
-0.0666666666667 2.30383461263 1.12430131295
-0.0666666666667 2.51327412287 0.169993650124
-0.0666666666667 2.72271363311 0.364263284988
-0.0666666666667 2.93215314335 0.79209807669
-0.0666666666667 3.14159265359 1.95588679383
-0.0666666666667 3.35103216383 0.63257751023
-0.0666666666667 3.56047167407 0.382672331331
-0.0666666666667 3.76991118431 0.0713002181991
-0.0666666666667 3.97935069455 0.377484524505
-0.0666666666667 4.18879020479 1.23815497585
-0.0666666666667 4.39822971503 1.15792110248
-0.0666666666667 4.60766922527 0.502490324711
-0.0666666666667 4.8171087355 0.772311067176
-0.0666666666667 5.02654824574 0.135150611024
-0.0666666666667 5.23598775598 0.963319543517
-0.0666666666667 5.44542726622 0.187746131039
-0.0666666666667 5.65486677646 0.193941754298
-0.0666666666667 5.8643062867 0.341144322717
-0.0666666666667 6.07374579694 0.70300783833

6.12323399574e-17 0 0.749118423549
6.12323399574e-17 0.209439510239 0.246804722439
6.12323399574e-17 0.418879020479 0.103357404097
6.12323399574e-17 0.628318530718 0.166875379624
6.12323399574e-17 0.837758040957 0.212331782833
6.12323399574e-17 1.0471975512 0.432669896502
6.12323399574e-17 1.25663706144 0.398780927198
6.12323399574e-17 1.46607657168 0.35575613538
6.12323399574e-17 1.67551608191 0.909703596856
6.12323399574e-17 1.88495559215 0.314300717246
6.12323399574e-17 2.09439510239 0.277862516031
6.12323399574e-17 2.30383461263 1.10973914913
6.12323399574e-17 2.51327412287 0.177340891223
6.12323399574e-17 2.72271363311 0.370882844187
6.12323399574e-17 2.93215314335 0.788471155941
6.12323399574e-17 3.14159265359 1.9891654748
6.12323399574e-17 3.35103216383 0.68741264031
6.12323399574e-17 3.56047167407 0.452941768342
6.12323399574e-17 3.76991118431 0.112623853349
6.12323399574e-17 3.97935069455 0.464873941725
6.12323399574e-17 4.18879020479 1.28531667637
6.12323399574e-17 4.39822971503 1.13435201801
6.12323399574e-17 4.60766922527 0.503323583922
6.12323399574e-17 4.8171087355 0.776618442896
6.12323399574e-17 5.02654824574 0.134461908892
6.12323399574e-17 5.23598775598 0.988795278958
6.12323399574e-17 5.44542726622 0.177046131491
6.12323399574e-17 5.65486677646 0.193309429055
6.12323399574e-17 5.8643062867 0.347969731404
6.12323399574e-17 6.07374579694 0.699933528244

0.0666666666667 0 0.758798196301
0.0666666666667 0.209439510239 0.239892820434
0.0666666666667 0.418879020479 0.101891410787
0.0666666666667 0.628318530718 0.180927146902
0.0666666666667 0.837758040957 0.25013146924
0.0666666666667 1.0471975512 0.471424320798
0.0666666666667 1.25663706144 0.405568454577
0.0666666666667 1.46607657168 0.350325463969
0.0666666666667 1.67551608191 0.860526937495
0.0666666666667 1.88495559215 0.330785108941
0.0666666666667 2.09439510239 0.287280797225
0.0666666666667 2.30383461263 1.09919080018
0.0666666666667 2.51327412287 0.176948123164
0.0666666666667 2.72271363311 0.374486171281
0.0666666666667 2.93215314335 0.764016216218
0.0666666666667 3.14159265359 2.03876533288
0.0666666666667 3.35103216383 0.764207413891
0.0666666666667 3.56047167407 0.560593226299
0.0666666666667 3.76991118431 0.185956807922
0.0666666666667 3.97935069455 0.566167044087
0.0666666666667 4.18879020479 1.33553978824
0.0666666666667 4.39822971503 1.0901855862
0.0666666666667 4.60766922527 0.49259208613
0.0666666666667 4.8171087355 0.786988720454
0.0666666666667 5.02654824574 0.13486446001
0.0666666666667 5.23598775598 1.0117351127
0.0666666666667 5.44542726622 0.164049055851
0.0666666666667 5.65486677646 0.195250626597
0.0666666666667 5.8643062867 0.353548255197
0.0666666666667 6.07374579694 0.691408096027

0.133333333333 0 0.771797240333
0.133333333333 0.209439510239 0.242950127168
0.133333333333 0.418879020479 0.103077745371
0.133333333333 0.628318530718 0.19975367179
0.133333333333 0.837758040957 0.304122002931
0.133333333333 1.0471975512 0.524380553476
0.133333333333 1.25663706144 0.397995620591
0.133333333333 1.46607657168 0.349219186041
0.133333333333 1.67551608191 0.799418111432
0.133333333333 1.88495559215 0.348988716265
0.133333333333 2.09439510239 0.299271343753
0.133333333333 2.30383461263 1.09162778013
0.133333333333 2.51327412287 0.168741378833
0.133333333333 2.72271363311 0.373799529554
0.133333333333 2.93215314335 0.721358810379
0.133333333333 3.14159265359 2.10024912826
0.133333333333 3.35103216383 0.863464696387
0.133333333333 3.56047167407 0.718080798664
0.133333333333 3.76991118431 0.318839931516
0.133333333333 3.97935069455 0.693991588792
0.133333333333 4.18879020479 1.3845999621
0.133333333333 4.39822971503 1.02674268662
0.133333333333 4.60766922527 0.473991178445
0.133333333333 4.8171087355 0.804777601758
0.133333333333 5.02654824574 0.13590611228
0.133333333333 5.23598775598 1.03195741407
0.133333333333 5.44542726622 0.148998038868
0.133333333333 5.65486677646 0.199893856581
0.133333333333 5.8643062867 0.357641957414
0.133333333333 6.07374579694 0.677092257658

0.2 0 0.787871294911
0.2 0.209439510239 0.258080384597
0.2 0.418879020479 0.106323593941
0.2 0.628318530718 0.224971530308
0.2 0.837758040957 0.37245503689
0.2 1.0471975512 0.578655063913
0.2 1.25663706144 0.365844853742
0.2 1.46607657168 0.350839833401
0.2 1.67551608191 0.72462161646
0.2 1.88495559215 0.370263680606
0.2 2.09439510239 0.316809875022
0.2 2.30383461263 1.08544471839
0.2 2.51327412287 0.153308599182
0.2 2.72271363311 0.367341463421
0.2 2.93215314335 0.664362709791
0.2 3.14159265359 2.16452238985
0.2 3.35103216383 0.985664501183
0.2 3.56047167407 0.930538542554
0.2 3.76991118431 0.547544888263
0.2 3.97935069455 0.87165083027
0.2 4.18879020479 1.4304755279
0.2 4.39822971503 0.942581992481
0.2 4.60766922527 0.455188913042
0.2 4.8171087355 0.828854259361
0.2 5.02654824574 0.13882838251
0.2 5.23598775598 1.04830168112
0.2 5.44542726622 0.132226865844
0.2 5.65486677646 0.207555248824
0.2 5.8643062867 0.35998143097
0.2 6.07374579694 0.656676955892

0.266666666667 0 0.804372876475
0.266666666667 0.209439510239 0.288943512004
0.266666666667 0.418879020479 0.110088423241
0.266666666667 0.628318530718 0.255159009075
0.266666666667 0.837758040957 0.446313708514
0.266666666667 1.0471975512 0.60824408364
0.266666666667 1.25663706144 0.300255806638
0.266666666667 1.46607657168 0.35331410509
0.266666666667 1.67551608191 0.63804769659
0.266666666667 1.88495559215 0.394072496536
0.266666666667 2.09439510239 0.343945222886
0.266666666667 2.30383461263 1.07837742319
0.266666666667 2.51327412287 0.131959715431
0.266666666667 2.72271363311 0.353521775005
0.266666666667 2.93215314335 0.598428846739
0.266666666667 3.14159265359 2.21677093127
0.266666666667 3.35103216383 1.13193317426
0.266666666667 3.56047167407 1.18370656579
0.266666666667 3.76991118431 0.899270474442
0.266666666667 3.97935069455 1.12154530753
0.266666666667 4.18879020479 1.46917938251
0.266666666667 4.39822971503 0.836622650756
0.266666666667 4.60766922527 0.448277659521
0.266666666667 4.8171087355 0.854767039847
0.266666666667 5.02654824574 0.146950723909
0.266666666667 5.23598775598 1.05837011051
0.266666666667 5.44542726622 0.114243374962
0.266666666667 5.65486677646 0.218651428674
0.266666666667 5.8643062867 0.360403629836
0.266666666667 6.07374579694 0.630086700038

0.333333333333 0 0.815261145567
0.333333333333 0.209439510239 0.340537728687
0.333333333333 0.418879020479 0.112787033313
0.333333333333 0.628318530718 0.281427216276
0.333333333333 0.837758040957 0.503152197337
0.333333333333 1.0471975512 0.57585481102
0.333333333333 1.25663706144 0.204626353629
0.333333333333 1.46607657168 0.352742352436
0.333333333333 1.67551608191 0.549826682635
0.333333333333 1.88495559215 0.415664982865
0.333333333333 2.09439510239 0.385818889712
0.333333333333 2.30383461263 1.06743399019
0.333333333333 2.51327412287 0.106859759927
0.333333333333 2.72271363311 0.330894296609
0.333333333333 2.93215314335 0.530384753434
0.333333333333 3.14159265359 2.23558272641
0.333333333333 3.35103216383 1.30680597848
0.333333333333 3.56047167407 1.43137132682
0.333333333333 3.76991118431 1.35649785693
0.333333333333 3.97935069455 1.4407904831
0.333333333333 4.18879020479 1.48701093085
0.333333333333 4.39822971503 0.712258927462
0.333333333333 4.60766922527 0.469206355587
0.333333333333 4.8171087355 0.873582485848
0.333333333333 5.02654824574 0.166125239658
0.333333333333 5.23598775598 1.05828112045
0.333333333333 5.44542726622 0.095839624814
0.333333333333 5.65486677646 0.233572213752
0.333333333333 5.8643062867 0.358972485428
0.333333333333 6.07374579694 0.597936678425

0.4 0 0.810540892467
0.4 0.209439510239 0.416803541059
0.4 0.418879020479 0.115992035767
0.4 0.628318530718 0.285085412344
0.4 0.837758040957 0.505033757747
0.4 1.0471975512 0.45136183509
0.4 1.25663706144 0.110662403428
0.4 1.46607657168 0.340480422029
0.4 1.67551608191 0.48250168507
0.4 1.88495559215 0.423445444454
0.4 2.09439510239 0.448288865218
0.4 2.30383461263 1.04893317501
0.4 2.51327412287 0.081222796758
0.4 2.72271363311 0.298716736661
0.4 2.93215314335 0.467382380923
0.4 3.14159265359 2.19318001768
0.4 3.35103216383 1.52168590295
0.4 3.56047167407 1.60045381203
0.4 3.76991118431 1.81620804833
0.4 3.97935069455 1.76760686254
0.4 4.18879020479 1.45419500779
0.4 4.39822971503 0.583605436941
0.4 4.60766922527 0.533631697673
0.4 4.8171087355 0.871601588936
0.4 5.02654824574 0.204836626026
0.4 5.23598775598 1.04254722364
0.4 5.44542726622 0.0782337885306
0.4 5.65486677646 0.252482337793
0.4 5.8643062867 0.356108545361
0.4 6.07374579694 0.56223891437

0.466666666667 0 0.777840869383
0.466666666667 0.209439510239 0.513988325166
0.466666666667 0.418879020479 0.129787382824
0.466666666667 0.628318530718 0.245735911564
0.466666666667 0.837758040957 0.415747563659
0.466666666667 1.0471975512 0.252615940042
0.466666666667 1.25663706144 0.0828563630149
0.466666666667 1.46607657168 0.30252537854
0.466666666667 1.67551608191 0.468264393869
0.466666666667 1.88495559215 0.398166514411
0.466666666667 2.09439510239 0.536605218919
0.466666666667 2.30383461263 1.0188691146
0.466666666667 2.51327412287 0.059578216499
0.466666666667 2.72271363311 0.257998373807
0.466666666667 2.93215314335 0.414234872109
0.466666666667 3.14159265359 2.05823292842
0.466666666667 3.35103216383 1.79028823841
0.466666666667 3.56047167407 1.64112245427
0.466666666667 3.76991118431 2.09292543169
0.466666666667 3.97935069455 1.96690394573
0.466666666667 4.18879020479 1.33330877724
0.466666666667 4.39822971503 0.482149849301
0.466666666667 4.60766922527 0.646243394736
0.466666666667 4.8171087355 0.833374600417
0.466666666667 5.02654824574 0.2730118038
0.466666666667 5.23598775598 1.0043234482
0.466666666667 5.44542726622 0.0632460002392
0.466666666667 5.65486677646 0.27501290688
0.466666666667 5.8643062867 0.352747808352
0.466666666667 6.07374579694 0.527133552199

0.533333333333 0 0.709279838307
0.533333333333 0.209439510239 0.609488377008
0.533333333333 0.418879020479 0.173517489369
0.533333333333 0.628318530718 0.16669036393
0.533333333333 0.837758040957 0.246017724408
0.533333333333 1.0471975512 0.0809773529263
0.533333333333 1.25663706144 0.175677457125
0.533333333333 1.46607657168 0.228756751738
0.533333333333 1.67551608191 0.525636596614
0.533333333333 1.88495559215 0.319508232784
0.533333333333 2.09439510239 0.652072910535
0.533333333333 2.30383461263 0.974078428842
0.533333333333 2.51327412287 0.0482526111234
0.533333333333 2.72271363311 0.213050520249
0.533333333333 2.93215314335 0.369647200324
0.533333333333 3.14159265359 1.80306463597
0.533333333333 3.35103216383 2.09575766593
0.533333333333 3.56047167407 1.614967745
0.533333333333 3.76991118431 2.03658801949
0.533333333333 3.97935069455 1.89420125521
0.533333333333 4.18879020479 1.11796828468
0.533333333333 4.39822971503 0.453299700379
0.533333333333 4.60766922527 0.78431346802
0.533333333333 4.8171087355 0.751239089423
0.533333333333 5.02654824574 0.377960663929
0.533333333333 5.23598775598 0.93647883403
0.533333333333 5.44542726622 0.0534992274114
0.533333333333 5.65486677646 0.299804219858
0.533333333333 5.8643062867 0.350520133918
0.533333333333 6.07374579694 0.498921417017

0.6 0 0.616075083465
0.6 0.209439510239 0.656152339037
0.6 0.418879020479 0.255498359954
0.6 0.628318530718 0.0971821170379
0.6 0.837758040957 0.0898065573399
0.6 1.0471975512 0.0672948053067
0.6 1.25663706144 0.33290024132
0.6 1.46607657168 0.135556105389
0.6 1.67551608191 0.605903679128
0.6 1.88495559215 0.189732485088
0.6 2.09439510239 0.784874297246
0.6 2.30383461263 0.915177103139
0.6 2.51327412287 0.0567116675926
0.6 2.72271363311 0.172658039898
0.6 2.93215314335 0.325533972324
0.6 3.14159265359 1.4169594503
0.6 3.35103216383 2.31619059935
0.6 3.56047167407 1.69941912156
0.6 3.76991118431 1.73800123228
0.6 3.97935069455 1.55846091164
0.6 4.18879020479 0.881469947754
0.6 4.39822971503 0.52235087206
0.6 4.60766922527 0.889060790678
0.6 4.8171087355 0.642024268858
0.6 5.02654824574 0.515631390236
0.6 5.23598775598 0.834214223416
0.6 5.44542726622 0.0526124770787
0.6 5.65486677646 0.323883223156
0.6 5.8643062867 0.351839686169
0.6 6.07374579694 0.483935295152

0.666666666667 0 0.543689861799
0.666666666667 0.209439510239 0.614649526445
0.666666666667 0.418879020479 0.331684038177
0.666666666667 0.628318530718 0.0866736751101
0.666666666667 0.837758040957 0.0435272845043
0.666666666667 1.0471975512 0.178177340963
0.666666666667 1.25663706144 0.350115500921
0.666666666667 1.46607657168 0.0722914744069
0.666666666667 1.67551608191 0.554580410151
0.666666666667 1.88495559215 0.078926847975
0.666666666667 2.09439510239 0.90107147195
0.666666666667 2.30383461263 0.852777794249
0.666666666667 2.51327412287 0.101775670266
0.666666666667 2.72271363311 0.147493421528
0.666666666667 2.93215314335 0.280099111302
0.666666666667 3.14159265359 0.92940339871
0.666666666667 3.35103216383 2.18065552276
0.666666666667 3.56047167407 1.91795555921
0.666666666667 3.76991118431 1.52001448752
0.666666666667 3.97935069455 1.20010956986
0.666666666667 4.18879020479 0.734759099194
0.666666666667 4.39822971503 0.63315119288
0.666666666667 4.60766922527 0.897585210224
0.666666666667 4.8171087355 0.559490005949
0.666666666667 5.02654824574 0.657272061118
0.666666666667 5.23598775598 0.700151298523
0.666666666667 5.44542726622 0.0653000408064
0.666666666667 5.65486677646 0.341947598681
0.666666666667 5.8643062867 0.359513366572
0.666666666667 6.07374579694 0.482592214487

0.733333333333 0 0.554299907637
0.733333333333 0.209439510239 0.553879980665
0.733333333333 0.418879020479 0.343485911719
0.733333333333 0.628318530718 0.0935329247918
0.733333333333 0.837758040957 0.0316567146829
0.733333333333 1.0471975512 0.14966483334
0.733333333333 1.25663706144 0.135437894593
0.733333333333 1.46607657168 0.0587885559865
0.733333333333 1.67551608191 0.254869510647
0.733333333333 1.88495559215 0.146621284795
0.733333333333 2.09439510239 0.927904498717
0.733333333333 2.30383461263 0.816704478238
0.733333333333 2.51327412287 0.218070525768
0.733333333333 2.72271363311 0.139023223345
0.733333333333 2.93215314335 0.267210779315
0.733333333333 3.14159265359 0.455351747432
0.733333333333 3.35103216383 1.48047692962
0.733333333333 3.56047167407 1.80259793492
0.733333333333 3.76991118431 1.40265329504
0.733333333333 3.97935069455 0.964427854352
0.733333333333 4.18879020479 0.644627570649
0.733333333333 4.39822971503 0.671773552877
0.733333333333 4.60766922527 0.834925004131
0.733333333333 4.8171087355 0.566842510211
0.733333333333 5.02654824574 0.73968683489
0.733333333333 5.23598775598 0.552473729021
0.733333333333 5.44542726622 0.0971748136191
0.733333333333 5.65486677646 0.345885363296
0.733333333333 5.8643062867 0.37472697129
0.733333333333 6.07374579694 0.481066573395

0.8 0 0.625250279808
0.8 0.209439510239 0.677010587049
0.8 0.418879020479 0.477963993316
0.8 0.628318530718 0.206738434787
0.8 0.837758040957 0.0728468164674
0.8 1.0471975512 0.0830559130622
0.8 1.25663706144 0.0809619814332
0.8 1.46607657168 0.0612622153194
0.8 1.67551608191 0.0129334696148
0.8 1.88495559215 0.472153776889
0.8 2.09439510239 0.773664258672
0.8 2.30383461263 0.852633214978
0.8 2.51327412287 0.46558821845
0.8 2.72271363311 0.139134932932
0.8 2.93215314335 0.331024403255
0.8 3.14159265359 0.235157037798
0.8 3.35103216383 0.593186086602
0.8 3.56047167407 0.991481406187
0.8 3.76991118431 0.911375585876
0.8 3.97935069455 0.640739055464
0.8 4.18879020479 0.533984112244
0.8 4.39822971503 0.717938597013
0.8 4.60766922527 0.841649272215
0.8 4.8171087355 0.630371577286
0.8 5.02654824574 0.68745960495
0.8 5.23598775598 0.434347285403
0.8 5.44542726622 0.153807668248
0.8 5.65486677646 0.325577504632
0.8 5.8643062867 0.390606611644
0.8 6.07374579694 0.452704487969

0.866666666667 0 0.546893178218
0.866666666667 0.209439510239 0.841836115981
0.866666666667 0.418879020479 0.956171052935
0.866666666667 0.628318530718 0.865322785042
0.866666666667 0.837758040957 0.739451308851
0.866666666667 1.0471975512 0.63669893918
0.866666666667 1.25663706144 0.453195381276
0.866666666667 1.46607657168 0.196615873846
0.866666666667 1.67551608191 0.323007520968
0.866666666667 1.88495559215 0.661483253959
0.866666666667 2.09439510239 0.472708489238
0.866666666667 2.30383461263 0.950994527171
0.866666666667 2.51327412287 0.856625916895
0.866666666667 2.72271363311 0.231437956453
0.866666666667 2.93215314335 0.359959105577
0.866666666667 3.14159265359 0.386068735447
0.866666666667 3.35103216383 0.384575278922
0.866666666667 3.56047167407 0.499456384477
0.866666666667 3.76991118431 0.577811625745
0.866666666667 3.97935069455 0.643860404274
0.866666666667 4.18879020479 0.806429265815
0.866666666667 4.39822971503 0.957727432738
0.866666666667 4.60766922527 0.81581598927
0.866666666667 4.8171087355 0.53885647876
0.866666666667 5.02654824574 0.520740094409
0.866666666667 5.23598775598 0.414275953268
0.866666666667 5.44542726622 0.238072118635
0.866666666667 5.65486677646 0.274231602341
0.866666666667 5.8643062867 0.376536671848
0.866666666667 6.07374579694 0.390226960036

0.933333333333 0 0.297204638884
0.933333333333 0.209439510239 0.372928061185
0.933333333333 0.418879020479 0.547676727217
0.933333333333 0.628318530718 0.686878825022
0.933333333333 0.837758040957 0.693010436343
0.933333333333 1.0471975512 0.567170086135
0.933333333333 1.25663706144 0.414925305093
0.933333333333 1.46607657168 0.392017405142
0.933333333333 1.67551608191 0.432404847494
0.933333333333 1.88495559215 0.282389662619
0.933333333333 2.09439510239 0.329362331461
0.933333333333 2.30383461263 0.926198612223
0.933333333333 2.51327412287 1.12376577796
0.933333333333 2.72271363311 0.668657580024
0.933333333333 2.93215314335 0.382457778905
0.933333333333 3.14159265359 0.381060410975
0.933333333333 3.35103216383 0.445913622994
0.933333333333 3.56047167407 0.544133252556
0.933333333333 3.76991118431 0.654800991734
0.933333333333 3.97935069455 0.718804401772
0.933333333333 4.18879020479 0.67570873885
0.933333333333 4.39822971503 0.510389757238
0.933333333333 4.60766922527 0.342473726451
0.933333333333 4.8171087355 0.364335228006
0.933333333333 5.02654824574 0.527021322747
0.933333333333 5.23598775598 0.538581864128
0.933333333333 5.44542726622 0.344018498893
0.933333333333 5.65486677646 0.211110240984
0.933333333333 5.8643062867 0.26159155916
0.933333333333 6.07374579694 0.309485850755

