-1 0 0.0842684200066
-1 0.209439510239 0.0842684200062
-1 0.418879020479 0.0842684200059
-1 0.628318530718 0.0842684200058
-1 0.837758040957 0.084268420006
-1 1.0471975512 0.0842684200064
-1 1.25663706144 0.0842684200067
-1 1.46607657168 0.0842684200067
-1 1.67551608191 0.0842684200065
-1 1.88495559215 0.084268420006
-1 2.09439510239 0.0842684200058
-1 2.30383461263 0.0842684200058
-1 2.51327412287 0.0842684200062
-1 2.72271363311 0.0842684200066
-1 2.93215314335 0.0842684200068
-1 3.14159265359 0.0842684200066
-1 3.35103216383 0.0842684200062
-1 3.56047167407 0.0842684200059
-1 3.76991118431 0.0842684200058
-1 3.97935069455 0.084268420006
-1 4.18879020479 0.0842684200064
-1 4.39822971503 0.0842684200067
-1 4.60766922527 0.0842684200067
-1 4.8171087355 0.0842684200065
-1 5.02654824574 0.084268420006
-1 5.23598775598 0.0842684200058
-1 5.44542726622 0.0842684200058
-1 5.65486677646 0.0842684200062
-1 5.8643062867 0.0842684200066
-1 6.07374579694 0.0842684200068

-0.933333333333 0 1.46408480272
-0.933333333333 0.209439510239 1.05294192554
-0.933333333333 0.418879020479 0.805622676436
-0.933333333333 0.628318530718 0.822717626038
-0.933333333333 0.837758040957 0.931734001063
-0.933333333333 1.0471975512 0.979940257412
-0.933333333333 1.25663706144 0.926747090146
-0.933333333333 1.46607657168 0.83150696195
-0.933333333333 1.67551608191 0.718681135369
-0.933333333333 1.88495559215 0.510982497891
-0.933333333333 2.09439510239 0.227984941246
-0.933333333333 2.30383461263 0.129013039755
-0.933333333333 2.51327412287 0.55479507808
-0.933333333333 2.72271363311 1.25062594878
-0.933333333333 2.93215314335 1.38082053378
-0.933333333333 3.14159265359 0.919626545782
-0.933333333333 3.35103216383 0.558200123263
-0.933333333333 3.56047167407 0.530103809655
-0.933333333333 3.76991118431 0.637568454515
-0.933333333333 3.97935069455 0.732344256728
-0.933333333333 4.18879020479 0.792046173894
-0.933333333333 4.39822971503 0.822296897082
-0.933333333333 4.60766922527 0.766770528451
-0.933333333333 4.8171087355 0.515353872305
-0.933333333333 5.02654824574 0.249613556658
-0.933333333333 5.23598775598 0.360618930031
-0.933333333333 5.44542726622 0.427836147118
-0.933333333333 5.65486677646 0.213895063314
-0.933333333333 5.8643062867 0.647861968987
-0.933333333333 6.07374579694 1.41374987271

-0.866666666667 0 0.508403762882
-0.866666666667 0.209439510239 0.64285416452
-0.866666666667 0.418879020479 0.879573080779
-0.866666666667 0.628318530718 1.17956973429
-0.866666666667 0.837758040957 1.56917695232
-0.866666666667 1.0471975512 1.96394203065
-0.866666666667 1.25663706144 2.03789068613
-0.866666666667 1.46607657168 1.50696830576
-0.866666666667 1.67551608191 0.755031059255
-0.866666666667 1.88495559215 0.337261421911
-0.866666666667 2.09439510239 0.22665136399
-0.866666666667 2.30383461263 0.165537552298
-0.866666666667 2.51327412287 0.755895609931
-0.866666666667 2.72271363311 1.71739582004
-0.866666666667 2.93215314335 1.12267255913
-0.866666666667 3.14159265359 0.406816172181
-0.866666666667 3.35103216383 0.527664282264
-0.866666666667 3.56047167407 0.62873296554
-0.866666666667 3.76991118431 0.572301156843
-0.866666666667 3.97935069455 0.572509411951
-0.866666666667 4.18879020479 0.664638964084
-0.866666666667 4.39822971503 0.785285346444
-0.866666666667 4.60766922527 0.958159176853
-0.866666666667 4.8171087355 1.12597585325
-0.866666666667 5.02654824574 0.584091716678
-0.866666666667 5.23598775598 0.180001136078
-0.866666666667 5.44542726622 0.519146794131
-0.866666666667 5.65486677646 0.135306955066
-0.866666666667 5.8643062867 0.52186903253
-0.866666666667 6.07374579694 0.725968128711

-0.8 0 0.706370686147
-0.8 0.209439510239 0.514989608867
-0.8 0.418879020479 0.360227095151
-0.8 0.628318530718 0.453694565642
-0.8 0.837758040957 0.662107950339
-0.8 1.0471975512 1.23133331394
-0.8 1.25663706144 2.10611056448
-0.8 1.46607657168 2.34322231678
-0.8 1.67551608191 1.37220665385
-0.8 1.88495559215 0.368714058955
-0.8 2.09439510239 0.15698818901
-0.8 2.30383461263 0.208551570973
-0.8 2.51327412287 0.913538691082
-0.8 2.72271363311 1.87252965457
-0.8 2.93215314335 0.648740069512
-0.8 3.14159265359 0.352578292549
-0.8 3.35103216383 0.457840787636
-0.8 3.56047167407 0.269112935344
-0.8 3.76991118431 0.305597960927
-0.8 3.97935069455 0.470081925147
-0.8 4.18879020479 0.643222983209
-0.8 4.39822971503 0.847549341686
-0.8 4.60766922527 0.901010226823
-0.8 4.8171087355 1.03278806991
-0.8 5.02654824574 0.878971294196
-0.8 5.23598775598 0.159598772017
-0.8 5.44542726622 0.429582352189
-0.8 5.65486677646 0.235828962091
-0.8 5.8643062867 0.551202656803
-0.8 6.07374579694 0.387937809229

-0.733333333333 0 0.605974280519
-0.733333333333 0.209439510239 0.111629963725
-0.733333333333 0.418879020479 0.376677418756
-0.733333333333 0.628318530718 0.423345479538
-0.733333333333 0.837758040957 0.25794018653
-0.733333333333 1.0471975512 0.377533691501
-0.733333333333 1.25663706144 1.26401597083
-0.733333333333 1.46607657168 2.38951567243
-0.733333333333 1.67551608191 1.94682270076
-0.733333333333 1.88495559215 0.570289090769
-0.733333333333 2.09439510239 0.0938699781192
-0.733333333333 2.30383461263 0.25325503576
-0.733333333333 2.51327412287 1.05012622288
-0.733333333333 2.72271363311 1.82185249244
-0.733333333333 2.93215314335 0.337984875392
-0.733333333333 3.14159265359 0.380898766763
-0.733333333333 3.35103216383 0.215011567712
-0.733333333333 3.56047167407 0.261978062458
-0.733333333333 3.76991118431 0.618191667689
-0.733333333333 3.97935069455 0.834074419723
-0.733333333333 4.18879020479 0.906482715921
-0.733333333333 4.39822971503 1.10676416554
-0.733333333333 4.60766922527 1.29400483187
-0.733333333333 4.8171087355 1.01941636308
-0.733333333333 5.02654824574 0.84147374506
-0.733333333333 5.23598775598 0.23024368385
-0.733333333333 5.44542726622 0.376570868598
-0.733333333333 5.65486677646 0.565350176127
-0.733333333333 5.8643062867 0.707666585684
-0.733333333333 6.07374579694 0.398441756978

-0.666666666667 0 0.281532233582
-0.666666666667 0.209439510239 0.347378993462
-0.666666666667 0.418879020479 0.904387684509
-0.666666666667 0.628318530718 0.705342736322
-0.666666666667 0.837758040957 0.375889479938
-0.666666666667 1.0471975512 0.160002857149
-0.666666666667 1.25663706144 0.566296797023
-0.666666666667 1.46607657168 1.95798350106
-0.666666666667 1.67551608191 2.29268939082
-0.666666666667 1.88495559215 0.824190019262
-0.666666666667 2.09439510239 0.0539184811612
-0.666666666667 2.30383461263 0.295138657733
-0.666666666667 2.51327412287 1.16689693599
-0.666666666667 2.72271363311 1.66839497204
-0.666666666667 2.93215314335 0.203470882282
-0.666666666667 3.14159265359 0.326359713456
-0.666666666667 3.35103216383 0.110076852636
-0.666666666667 3.56047167407 0.467134432123
-0.666666666667 3.76991118431 0.784584383969
-0.666666666667 3.97935069455 0.887076501126
-0.666666666667 4.18879020479 0.906777542685
-0.666666666667 4.39822971503 1.05521052285
-0.666666666667 4.60766922527 1.55554459599
-0.666666666667 4.8171087355 1.25686466144
-0.666666666667 5.02654824574 0.738865111426
-0.666666666667 5.23598775598 0.288070980963
-0.666666666667 5.44542726622 0.412979260254
-0.666666666667 5.65486677646 0.900600737917
-0.666666666667 5.8643062867 0.75703904495
-0.666666666667 6.07374579694 0.359662917702

-0.6 0 0.193452615661
-0.6 0.209439510239 0.830741077809
-0.6 0.418879020479 1.08266280847
-0.6 0.628318530718 0.691223291611
-0.6 0.837758040957 0.438931942525
-0.6 1.0471975512 0.209824410712
-0.6 1.25663706144 0.258182905202
-0.6 1.46607657168 1.4212920679
-0.6 1.67551608191 2.41830308469
-0.6 1.88495559215 1.07786223293
-0.6 2.09439510239 0.0344888225861
-0.6 2.30383461263 0.332069462716
-0.6 2.51327412287 1.26271795703
-0.6 2.72271363311 1.48473090131
-0.6 2.93215314335 0.167092106934
-0.6 3.14159265359 0.23025005121
-0.6 3.35103216383 0.135822201836
-0.6 3.56047167407 0.552912314741
-0.6 3.76991118431 0.624736548155
-0.6 3.97935069455 0.626339898772
-0.6 4.18879020479 0.68863980692
-0.6 4.39822971503 0.777182517789
-0.6 4.60766922527 1.46328906452
-0.6 4.8171087355 1.49053604819
-0.6 5.02654824574 0.705374270774
-0.6 5.23598775598 0.31119537862
-0.6 5.44542726622 0.500182976373
-0.6 5.65486677646 1.12846828928
-0.6 5.8643062867 0.706534361409
-0.6 6.07374579694 0.248366212228

-0.533333333333 0 0.330673056554
-0.533333333333 0.209439510239 1.05723719931
-0.533333333333 0.418879020479 0.880253873656
-0.533333333333 0.628318530718 0.488232634112
-0.533333333333 0.837758040957 0.359364724264
-0.533333333333 1.0471975512 0.230469009021
-0.533333333333 1.25663706144 0.192876536911
-0.533333333333 1.46607657168 0.984506860088
-0.533333333333 1.67551608191 2.37516360629
-0.533333333333 1.88495559215 1.31303477361
-0.533333333333 2.09439510239 0.0294652524484
-0.533333333333 2.30383461263 0.36352926933
-0.533333333333 2.51327412287 1.33772564943
-0.533333333333 2.72271363311 1.31111657028
-0.533333333333 2.93215314335 0.169180524544
-0.533333333333 3.14159265359 0.143261083366
-0.533333333333 3.35103216383 0.200920191632
-0.533333333333 3.56047167407 0.512500252076
-0.533333333333 3.76991118431 0.386591239022
-0.533333333333 3.97935069455 0.360093296607
-0.533333333333 4.18879020479 0.490808920112
-0.533333333333 4.39822971503 0.522821818389
-0.533333333333 4.60766922527 1.17609255319
-0.533333333333 4.8171087355 1.59400475505
-0.533333333333 5.02654824574 0.735953428348
-0.533333333333 5.23598775598 0.309639832279
-0.533333333333 5.44542726622 0.599154056538
-0.533333333333 5.65486677646 1.2479443243
-0.533333333333 5.8643062867 0.630964979438
-0.533333333333 6.07374579694 0.149160654521

-0.466666666667 0 0.506116396147
-0.466666666667 0.209439510239 1.00591876554
-0.466666666667 0.418879020479 0.617935122167
-0.466666666667 0.628318530718 0.319677747345
-0.466666666667 0.837758040957 0.27052653657
-0.466666666667 1.0471975512 0.189402284887
-0.466666666667 1.25663706144 0.199559929009
-0.466666666667 1.46607657168 0.706423841431
-0.466666666667 1.67551608191 2.22556561654
-0.466666666667 1.88495559215 1.52122967905
-0.466666666667 2.09439510239 0.0338791762943
-0.466666666667 2.30383461263 0.389740328068
-0.466666666667 2.51327412287 1.39344968226
-0.466666666667 2.72271363311 1.16521764826
-0.466666666667 2.93215314335 0.181289400151
-0.466666666667 3.14159265359 0.0824999410277
-0.466666666667 3.35103216383 0.264122230718
-0.466666666667 3.56047167407 0.440473581759
-0.466666666667 3.76991118431 0.238268337196
-0.466666666667 3.97935069455 0.239624980268
-0.466666666667 4.18879020479 0.422598402199
-0.466666666667 4.39822971503 0.409759426936
-0.466666666667 4.60766922527 0.877393417748
-0.466666666667 4.8171087355 1.57820961656
-0.466666666667 5.02654824574 0.796301719473
-0.466666666667 5.23598775598 0.295690340272
-0.466666666667 5.44542726622 0.689032970793
-0.466666666667 5.65486677646 1.29243216431
-0.466666666667 5.8643062867 0.572908037363
-0.466666666667 6.07374579694 0.100786647599

-0.4 0 0.614458769526
-0.4 0.209439510239 0.858915034504
-0.4 0.418879020479 0.473869987549
-0.4 0.628318530718 0.267460702624
-0.4 0.837758040957 0.26898921342
-0.4 1.0471975512 0.156265724285
-0.4 1.25663706144 0.197381270881
-0.4 1.46607657168 0.563526508519
-0.4 1.67551608191 2.02787992313
-0.4 1.88495559215 1.69729022572
-0.4 2.09439510239 0.0444573490883
-0.4 2.30383461263 0.411104926604
-0.4 2.51327412287 1.43220480381
-0.4 2.72271363311 1.05203285773
-0.4 2.93215314335 0.193675586486
-0.4 3.14159265359 0.0461312746204
-0.4 3.35103216383 0.319349764513
-0.4 3.56047167407 0.388461636859
-0.4 3.76991118431 0.20445465147
-0.4 3.97935069455 0.263811585295
-0.4 4.18879020479 0.474648200578
-0.4 4.39822971503 0.427617514394
-0.4 4.60766922527 0.655333960843
-0.4 4.8171087355 1.49260910071
-0.4 5.02654824574 0.862489049804
-0.4 5.23598775598 0.277507676994
-0.4 5.44542726622 0.762024154903
-0.4 5.65486677646 1.29356283226
-0.4 5.8643062867 0.542798724087
-0.4 6.07374579694 0.0984283060418

-0.333333333333 0 0.645742828724
-0.333333333333 0.209439510239 0.744838319899
-0.333333333333 0.418879020479 0.452566481674
-0.333333333333 0.628318530718 0.307726839995
-0.333333333333 0.837758040957 0.357743135272
-0.333333333333 1.0471975512 0.176332777518
-0.333333333333 1.25663706144 0.174952682995
-0.333333333333 1.46607657168 0.50717104915
-0.333333333333 1.67551608191 1.82606617112
-0.333333333333 1.88495559215 1.83932078179
-0.333333333333 2.09439510239 0.0591037068234
-0.333333333333 2.30383461263 0.427929672185
-0.333333333333 2.51327412287 1.45649325784
-0.333333333333 2.72271363311 0.970741731142
-0.333333333333 2.93215314335 0.204153981999
-0.333333333333 3.14159265359 0.0273992276668
-0.333333333333 3.35103216383 0.367892281988
-0.333333333333 3.56047167407 0.363550273628
-0.333333333333 3.76991118431 0.247819241342
-0.333333333333 3.97935069455 0.374815502254
-0.333333333333 4.18879020479 0.593815211351
-0.333333333333 4.39822971503 0.519188975025
-0.333333333333 4.60766922527 0.523316457632
-0.333333333333 4.8171087355 1.3792066937
-0.333333333333 5.02654824574 0.92329395732
-0.333333333333 5.23598775598 0.259616143015
-0.333333333333 5.44542726622 0.817074986779
-0.333333333333 5.65486677646 1.27307050826
-0.333333333333 5.8643062867 0.536672036951
-0.333333333333 6.07374579694 0.123207818396

-0.266666666667 0 0.628390551151
-0.266666666667 0.209439510239 0.698295043899
-0.266666666667 0.418879020479 0.497358322463
-0.266666666667 0.628318530718 0.387302029757
-0.266666666667 0.837758040957 0.488746122595
-0.266666666667 1.0471975512 0.246280288337
-0.266666666667 1.25663706144 0.145439371345
-0.266666666667 1.46607657168 0.495076990302
-0.266666666667 1.67551608191 1.6465925521
-0.266666666667 1.88495559215 1.94889542812
-0.266666666667 2.09439510239 0.0763452049123
-0.266666666667 2.30383461263 0.440334580277
-0.266666666667 2.51327412287 1.46857865844
-0.266666666667 2.72271363311 0.91861892741
-0.266666666667 2.93215314335 0.212480066191
-0.266666666667 3.14159265359 0.0200150644236
-0.266666666667 3.35103216383 0.409935077698
-0.266666666667 3.56047167407 0.356579814902
-0.266666666667 3.76991118431 0.324107262146
-0.266666666667 3.97935069455 0.512464622642
-0.266666666667 4.18879020479 0.726971892575
-0.266666666667 4.39822971503 0.632000053734
-0.266666666667 4.60766922527 0.461958398988
-0.266666666667 4.8171087355 1.26396017453
-0.266666666667 5.02654824574 0.975027507108
-0.266666666667 5.23598775598 0.244303955353
-0.266666666667 5.44542726622 0.856014335312
-0.266666666667 5.65486677646 1.24398767732
-0.266666666667 5.8643062867 0.54715151658
-0.266666666667 6.07374579694 0.158246776689

-0.2 0 0.59176168225
-0.2 0.209439510239 0.703906380812
-0.2 0.418879020479 0.560599186972
-0.2 0.628318530718 0.464968223644
-0.2 0.837758040957 0.612523513415
-0.2 1.0471975512 0.338900932927
-0.2 1.25663706144 0.120788377881
-0.2 1.46607657168 0.500595714457
-0.2 1.67551608191 1.50125752407
-0.2 1.88495559215 2.03031304906
-0.2 2.09439510239 0.0949814126488
-0.2 2.30383461263 0.448263886536
-0.2 2.51327412287 1.47022330595
-0.2 2.72271363311 0.892969573309
-0.2 2.93215314335 0.218360522373
-0.2 3.14159265359 0.0192115363974
-0.2 3.35103216383 0.44525432641
-0.2 3.56047167407 0.357915045162
-0.2 3.76991118431 0.400625287659
-0.2 3.97935069455 0.633469735028
-0.2 4.18879020479 0.838044318483
-0.2 4.39822971503 0.73400518655
-0.2 4.60766922527 0.445663368358
-0.2 4.8171087355 1.16002559819
-0.2 5.02654824574 1.01745044505
-0.2 5.23598775598 0.232658891994
-0.2 5.44542726622 0.881587215007
-0.2 5.65486677646 1.21349769404
-0.2 5.8643062867 0.56777489388
-0.2 6.07374579694 0.192780434153

-0.133333333333 0 0.554648701238
-0.133333333333 0.209439510239 0.734906470829
-0.133333333333 0.418879020479 0.619373960491
-0.133333333333 0.628318530718 0.520853054038
-0.133333333333 0.837758040957 0.700865514177
-0.133333333333 1.0471975512 0.428137376602
-0.133333333333 1.25663706144 0.105309286256
-0.133333333333 1.46607657168 0.510776873668
-0.133333333333 1.67551608191 1.39222987678
-0.133333333333 1.88495559215 2.08936268764
-0.133333333333 2.09439510239 0.11391967571
-0.133333333333 2.30383461263 0.451543950298
-0.133333333333 2.51327412287 1.46254530795
-0.133333333333 2.72271363311 0.891927068887
-0.133333333333 2.93215314335 0.221050733868
-0.133333333333 3.14159265359 0.0216561232605
-0.133333333333 3.35103216383 0.474485918079
-0.133333333333 3.56047167407 0.361715220137
-0.133333333333 3.76991118431 0.457596410754
-0.133333333333 3.97935069455 0.713778747325
-0.133333333333 4.18879020479 0.910449779183
-0.133333333333 4.39822971503 0.811463386117
-0.133333333333 4.60766922527 0.453653978021
-0.133333333333 4.8171087355 1.07251981435
-0.133333333333 5.02654824574 1.05155349577
-0.133333333333 5.23598775598 0.225172267373
-0.133333333333 5.44542726622 0.896553415041
-0.133333333333 5.65486677646 1.18531625611
-0.133333333333 5.8643062867 0.593974437724
-0.133333333333 6.07374579694 0.221230894176

-0.0666666666667 0 0.526262278056
-0.0666666666667 0.209439510239 0.769383400418
-0.0666666666667 0.418879020479 0.668259909965
-0.0666666666667 0.628318530718 0.551156586186
-0.0666666666667 0.837758040957 0.747129231055
-0.0666666666667 1.0471975512 0.499506378362
-0.0666666666667 1.25663706144 0.0977710433163
-0.0666666666667 1.46607657168 0.521534187484
-0.0666666666667 1.67551608191 1.31667856076
-0.0666666666667 1.88495559215 2.1321491309
-0.0666666666667 2.09439510239 0.132126485824
-0.0666666666667 2.30383461263 0.44995735029
-0.0666666666667 2.51327412287 1.44595307162
-0.0666666666667 2.72271363311 0.914654325685
-0.0666666666667 2.93215314335 0.219450611883
-0.0666666666667 3.14159265359 0.0253267506712
-0.0666666666667 3.35103216383 0.498949574832
-0.0666666666667 3.56047167407 0.366024076682
-0.0666666666667 3.76991118431 0.484549184466
-0.0666666666667 3.97935069455 0.744426985158
-0.0666666666667 4.18879020479 0.942624171901
-0.0666666666667 4.39822971503 0.862285792566
-0.0666666666667 4.60766922527 0.472296975152
-0.0666666666667 4.8171087355 1.00224206893
-0.0666666666667 5.02654824574 1.07848245164
-0.0666666666667 5.23598775598 0.22204598515
-0.0666666666667 5.44542726622 0.903322057636
-0.0666666666667 5.65486677646 1.16130622749
-0.0666666666667 5.8643062867 0.622810580588
-0.0666666666667 6.07374579694 0.241208989255

6.12323399574e-17 0 0.510278831844
6.12323399574e-17 0.209439510239 0.792829524275
6.12323399574e-17 0.418879020479 0.709345889373
6.12323399574e-17 0.628318530718 0.560266525001
6.12323399574e-17 0.837758040957 0.757774396956
6.12323399574e-17 1.0471975512 0.549488922417
6.12323399574e-17 1.25663706144 0.0945989745381
6.12323399574e-17 1.46607657168 0.533670904002
6.12323399574e-17 1.67551608191 1.26998329363
6.12323399574e-17 1.88495559215 2.16421972997
6.12323399574e-17 2.09439510239 0.148641308886
6.12323399574e-17 2.30383461263 0.443316897508
6.12323399574e-17 2.51327412287 1.42013126276
6.12323399574e-17 2.72271363311 0.961223115491
6.12323399574e-17 2.93215314335 0.212323944202
6.12323399574e-17 3.14159265359 0.0295705026105
6.12323399574e-17 3.35103216383 0.519497137883
6.12323399574e-17 3.56047167407 0.372564653113
6.12323399574e-17 3.76991118431 0.477182654889
6.12323399574e-17 3.97935069455 0.726617051604
6.12323399574e-17 4.18879020479 0.942157048789
6.12323399574e-17 4.39822971503 0.890444810894
6.12323399574e-17 4.60766922527 0.49390654782
6.12323399574e-17 4.8171087355 0.948181762793
6.12323399574e-17 5.02654824574 1.09900541072
6.12323399574e-17 5.23598775598 0.223320830141
6.12323399574e-17 5.44542726622 0.903836476247
6.12323399574e-17 5.65486677646 1.14248839179
6.12323399574e-17 5.8643062867 0.652405688311
6.12323399574e-17 6.07374579694 0.251896636078

0.0666666666667 0 0.508186291797
0.0666666666667 0.209439510239 0.796132383331
0.0666666666667 0.418879020479 0.745468679981
0.0666666666667 0.628318530718 0.555133001174
0.0666666666667 0.837758040957 0.74385454851
0.0666666666667 1.0471975512 0.580241167452
0.0666666666667 1.25663706144 0.0916942096124
0.0666666666667 1.46607657168 0.550620720544
0.0666666666667 1.67551608191 1.24756407306
0.0666666666667 1.88495559215 2.18996180009
0.0666666666667 2.09439510239 0.162628732105
0.0666666666667 2.30383461263 0.43153267967
0.0666666666667 2.51327412287 1.38406836021
0.0666666666667 2.72271363311 1.03226708342
0.0666666666667 2.93215314335 0.198637683031
0.0666666666667 3.14159265359 0.0353777841149
0.0666666666667 3.35103216383 0.534919180156
0.0666666666667 3.56047167407 0.387316550246
0.0666666666667 3.76991118431 0.437365549339
0.0666666666667 3.97935069455 0.66934829363
0.0666666666667 4.18879020479 0.921779068751
0.0666666666667 4.39822971503 0.902589903216
0.0666666666667 4.60766922527 0.51466537964
0.0666666666667 4.8171087355 0.909159284303
0.0666666666667 5.02654824574 1.11320137092
0.0666666666667 5.23598775598 0.228896063603
0.0666666666667 5.44542726622 0.899565692308
0.0666666666667 5.65486677646 1.12965527219
0.0666666666667 5.8643062867 0.68142853029
0.0666666666667 6.07374579694 0.25309960321

0.133333333333 0 0.521013126091
0.133333333333 0.209439510239 0.773794716258
0.133333333333 0.418879020479 0.776414224627
0.133333333333 0.628318530718 0.542246338909
0.133333333333 0.837758040957 0.714933998181
0.133333333333 1.0471975512 0.593115106803
0.133333333333 1.25663706144 0.0851851170203
0.133333333333 1.46607657168 0.577498306165
0.133333333333 1.67551608191 1.24578894186
0.133333333333 1.88495559215 2.21208554492
0.133333333333 2.09439510239 0.173472533928
0.133333333333 2.30383461263 0.41466847986
0.133333333333 2.51327412287 1.33613931599
0.133333333333 2.72271363311 1.12838259754
0.133333333333 2.93215314335 0.178190867825
0.133333333333 3.14159265359 0.0458669303874
0.133333333333 3.35103216383 0.540155654053
0.133333333333 3.56047167407 0.421364738837
0.133333333333 3.76991118431 0.377527790023
0.133333333333 3.97935069455 0.590931481584
0.133333333333 4.18879020479 0.897914972965
0.133333333333 4.39822971503 0.906251193273
0.133333333333 4.60766922527 0.532626762158
0.133333333333 4.8171087355 0.884969518493
0.133333333333 5.02654824574 1.12023053001
0.133333333333 5.23598775598 0.23847715861
0.133333333333 5.44542726622 0.891530419646
0.133333333333 5.65486677646 1.12373817379
0.133333333333 5.8643062867 0.708740843184
0.133333333333 6.07374579694 0.244892800356

0.2 0 0.549376571058
0.2 0.209439510239 0.724234268902
0.2 0.418879020479 0.796882215309
0.2 0.628318530718 0.525832381409
0.2 0.837758040957 0.674705435796
0.2 1.0471975512 0.582412901049
0.2 1.25663706144 0.0726544275614
0.2 1.46607657168 0.620571265519
0.2 1.67551608191 1.26254779682
0.2 1.88495559215 2.23091068244
0.2 2.09439510239 0.180940966601
0.2 2.30383461263 0.392984584054
0.2 2.51327412287 1.27427884375
0.2 2.72271363311 1.24916860626
0.2 2.93215314335 0.152790939524
0.2 3.14159265359 0.0668244125073
0.2 3.35103216383 0.524882986678
0.2 3.56047167407 0.489863963474
0.2 3.76991118431 0.32832986647
0.2 3.97935069455 0.52336012335
0.2 4.18879020479 0.890476099376
0.2 4.39822971503 0.908541004671
0.2 4.60766922527 0.546024900289
0.2 4.8171087355 0.877275262997
0.2 5.02654824574 1.11815096947
0.2 5.23598775598 0.251467710223
0.2 5.44542726622 0.880327762436
0.2 5.65486677646 1.12601566052
0.2 5.8643062867 0.733256683984
0.2 6.07374579694 0.227731849885

0.266666666667 0 0.591871192233
0.266666666667 0.209439510239 0.652488048938
0.266666666667 0.418879020479 0.796197476484
0.266666666667 0.628318530718 0.506096291146
0.266666666667 0.837758040957 0.617794400227
0.266666666667 1.0471975512 0.532006577443
0.266666666667 1.25663706144 0.0569761060981
0.266666666667 1.46607657168 0.685894019705
0.266666666667 1.67551608191 1.29810724209
0.266666666667 1.88495559215 2.24311859908
0.266666666667 2.09439510239 0.185474947291
0.266666666667 2.30383461263 0.366961717431
0.266666666667 2.51327412287 1.19631874496
0.266666666667 2.72271363311 1.3917514648
0.266666666667 2.93215314335 0.128250212688
0.266666666667 3.14159265359 0.106731297706
0.266666666667 3.35103216383 0.474457044852
0.266666666667 3.56047167407 0.604866044959
0.266666666667 3.76991118431 0.343206596935
0.266666666667 3.97935069455 0.514901684305
0.266666666667 4.18879020479 0.921011473524
0.266666666667 4.39822971503 0.914237931313
0.266666666667 4.60766922527 0.55205791201
0.266666666667 4.8171087355 0.890285342622
0.266666666667 5.02654824574 1.10381946948
0.266666666667 5.23598775598 0.266813407069
0.266666666667 5.44542726622 0.866138322476
0.266666666667 5.65486677646 1.13819308966
0.266666666667 5.8643062867 0.754085031094
0.266666666667 6.07374579694 0.202918304319

0.333333333333 0 0.64199009355
0.333333333333 0.209439510239 0.574150312496
0.333333333333 0.418879020479 0.761537607948
0.333333333333 0.628318530718 0.478112879116
0.333333333333 0.837758040957 0.530348572166
0.333333333333 1.0471975512 0.421715848027
0.333333333333 1.25663706144 0.0541004778865
0.333333333333 1.46607657168 0.775582550952
0.333333333333 1.67551608191 1.35673809817
0.333333333333 1.88495559215 2.23965114452
0.333333333333 2.09439510239 0.188666203734
0.333333333333 2.30383461263 0.3372976081
0.333333333333 2.51327412287 1.10061856384
0.333333333333 2.72271363311 1.54864474042
0.333333333333 2.93215314335 0.117303962047
0.333333333333 3.14159265359 0.174946722101
0.333333333333 3.35103216383 0.377615262932
0.333333333333 3.56047167407 0.757621496545
0.333333333333 3.76991118431 0.48560999098
0.333333333333 3.97935069455 0.621274747605
0.333333333333 4.18879020479 1.00527582811
0.333333333333 4.39822971503 0.922454845464
0.333333333333 4.60766922527 0.546756635928
0.333333333333 4.8171087355 0.930896504495
0.333333333333 5.02654824574 1.07298499746
0.333333333333 5.23598775598 0.282809274966
0.333333333333 5.44542726622 0.848706534581
0.333333333333 5.65486677646 1.16232937295
0.333333333333 5.8643062867 0.771089313073
0.333333333333 6.07374579694 0.173268891212

0.4 0 0.684652782809
0.4 0.209439510239 0.516821104893
0.4 0.418879020479 0.687260873524
0.4 0.628318530718 0.434895423535
0.4 0.837758040957 0.40117547247
0.4 1.0471975512 0.252299903347
0.4 1.25663706144 0.100583530162
0.4 1.46607657168 0.881312840762
0.4 1.67551608191 1.44868665668
0.4 1.88495559215 2.20279539879
0.4 2.09439510239 0.193969370796
0.4 2.30383461263 0.304866049819
0.4 2.51327412287 0.987199181131
0.4 2.72271363311 1.70493725604
0.4 2.93215314335 0.142886995853
0.4 3.14159265359 0.275916296118
0.4 3.35103216383 0.246412717372
0.4 3.56047167407 0.895078848744
0.4 3.76991118431 0.782690813311
0.4 3.97935069455 0.873145949601
0.4 4.18879020479 1.13728943751
0.4 4.39822971503 0.922220830127
0.4 4.60766922527 0.527364373755
0.4 4.8171087355 1.00743538682
0.4 5.02654824574 1.02076479745
0.4 5.23598775598 0.296897687839
0.4 5.44542726622 0.827290637219
0.4 5.65486677646 1.20052533522
0.4 5.8643062867 0.786066064464
0.4 6.07374579694 0.143699266598

0.466666666667 0 0.695326734199
0.466666666667 0.209439510239 0.51229837022
0.466666666667 0.418879020479 0.589291139272
0.466666666667 0.628318530718 0.379121125684
0.466666666667 0.837758040957 0.248182836915
0.466666666667 1.0471975512 0.0834282798122
0.466666666667 1.25663706144 0.243539964999
0.466666666667 1.46607657168 0.980267576774
0.466666666667 1.67551608191 1.58885645546
0.466666666667 1.88495559215 2.103827253
0.466666666667 2.09439510239 0.207536462092
0.466666666667 2.30383461263 0.270640485893
0.466666666667 2.51327412287 0.859719249987
0.466666666667 2.72271363311 1.83525997692
0.466666666667 2.93215314335 0.239456741718
0.466666666667 3.14159265359 0.39810522246
0.466666666667 3.35103216383 0.145334009518
0.466666666667 3.56047167407 0.921102949654
0.466666666667 3.76991118431 1.15299615534
0.466666666667 3.97935069455 1.21928444075
0.466666666667 4.18879020479 1.26898562993
0.466666666667 4.39822971503 0.890124485065
0.466666666667 4.60766922527 0.499298230642
0.466666666667 4.8171087355 1.12547044288
0.466666666667 5.02654824574 0.942757176237
0.466666666667 5.23598775598 0.305522539414
0.466666666667 5.44542726622 0.800577692374
0.466666666667 5.65486677646 1.25420737777
0.466666666667 5.8643062867 0.804757662136
0.466666666667 6.07374579694 0.121259005009

0.533333333333 0 0.646744183301
0.533333333333 0.209439510239 0.573941356256
0.533333333333 0.418879020479 0.511834221972
0.533333333333 0.628318530718 0.33804452648
0.533333333333 0.837758040957 0.142296317343
0.533333333333 1.0471975512 0.0365768066655
0.533333333333 1.25663706144 0.48930499807
0.533333333333 1.46607657168 1.05080493304
0.533333333333 1.67551608191 1.78166651488
0.533333333333 1.88495559215 1.90603899393
0.533333333333 2.09439510239 0.238522004201
0.533333333333 2.30383461263 0.235644451267
0.533333333333 2.51327412287 0.728786914186
0.533333333333 2.72271363311 1.90217017684
0.533333333333 2.93215314335 0.446426672259
0.533333333333 3.14159265359 0.503297070569
0.533333333333 3.35103216383 0.195591724795
0.533333333333 3.56047167407 0.77526257063
0.533333333333 3.76991118431 1.38150410181
0.533333333333 3.97935069455 1.48648202387
0.533333333333 4.18879020479 1.30571900082
0.533333333333 4.39822971503 0.798090147672
0.533333333333 4.60766922527 0.488383202122
0.533333333333 4.8171087355 1.2788883285
0.533333333333 5.02654824574 0.837020998956
0.533333333333 5.23598775598 0.304177677546
0.533333333333 5.44542726622 0.766564246175
0.533333333333 5.65486677646 1.32273242872
0.533333333333 5.8643062867 0.839708961919
0.533333333333 6.07374579694 0.114312148338

0.6 0 0.526409368617
0.6 0.209439510239 0.668829350345
0.6 0.418879020479 0.502964173243
0.6 0.628318530718 0.35162205314
0.6 0.837758040957 0.169407227207
0.6 1.0471975512 0.188378637971
0.6 1.25663706144 0.74135979035
0.6 1.46607657168 1.12671131555
0.6 1.67551608191 1.97635706853
0.6 1.88495559215 1.58416163747
0.6 2.09439510239 0.296720532883
0.6 2.30383461263 0.201208346024
0.6 2.51327412287 0.61710963875
0.6 2.72271363311 1.86034304932
0.6 2.93215314335 0.782534364777
0.6 3.14159265359 0.539736765141
0.6 3.35103216383 0.480840812577
0.6 3.56047167407 0.575371910098
0.6 3.76991118431 1.26710377613
0.6 3.97935069455 1.45274885112
0.6 4.18879020479 1.15351925191
0.6 4.39822971503 0.643514473366
0.6 4.60766922527 0.551366219706
0.6 4.8171087355 1.43602456575
0.6 5.02654824574 0.70687275038
0.6 5.23598775598 0.287906736361
0.6 5.44542726622 0.722402703455
0.6 5.65486677646 1.40089900022
0.6 5.8643062867 0.913164499168
0.6 6.07374579694 0.132043508398

0.666666666667 0 0.356361751627
0.666666666667 0.209439510239 0.723854632057
0.666666666667 0.418879020479 0.566550774275
0.666666666667 0.628318530718 0.416278373754
0.666666666667 0.837758040957 0.305396443164
0.666666666667 1.0471975512 0.423963599314
0.666666666667 1.25663706144 0.895734515804
0.666666666667 1.46607657168 1.33736496722
0.666666666667 1.67551608191 2.00375547601
0.666666666667 1.88495559215 1.17372419546
0.666666666667 2.09439510239 0.38226650995
0.666666666667 2.30383461263 0.170436305963
0.666666666667 2.51327412287 0.565890097635
0.666666666667 2.72271363311 1.67637718028
0.666666666667 2.93215314335 1.19053021469
0.666666666667 3.14159265359 0.51405787913
0.666666666667 3.35103216383 0.847788335108
0.666666666667 3.56047167407 0.596962968245
0.666666666667 3.76991118431 0.914457934016
0.666666666667 3.97935069455 1.08425142223
0.666666666667 4.18879020479 0.83228844984
0.666666666667 4.39822971503 0.504127782773
0.666666666667 4.60766922527 0.759214850521
0.666666666667 4.8171087355 1.52714684409
0.666666666667 5.02654824574 0.563635932219
0.666666666667 5.23598775598 0.252685598654
0.666666666667 5.44542726622 0.664226223642
0.666666666667 5.65486677646 1.47480521549
0.666666666667 5.8643062867 1.05695453493
0.666666666667 6.07374579694 0.189859630577

0.733333333333 0 0.191875385873
0.733333333333 0.209439510239 0.692174312474
0.733333333333 0.418879020479 0.687794804247
0.733333333333 0.628318530718 0.525131591621
0.733333333333 0.837758040957 0.464151656219
0.733333333333 1.0471975512 0.655182174353
0.733333333333 1.25663706144 1.16608933504
0.733333333333 1.46607657168 1.71428898883
0.733333333333 1.67551608191 1.6197000551
0.733333333333 1.88495559215 0.830972049118
0.733333333333 2.09439510239 0.45995000992
0.733333333333 2.30383461263 0.152989726713
0.733333333333 2.51327412287 0.635467307333
0.733333333333 2.72271363311 1.37926669208
0.733333333333 2.93215314335 1.4793119086
0.733333333333 3.14159265359 0.577132662991
0.733333333333 3.35103216383 0.92185491761
0.733333333333 3.56047167407 0.849613047848
0.733333333333 3.76991118431 0.726079154186
0.733333333333 3.97935069455 0.704987037246
0.733333333333 4.18879020479 0.57047916581
0.733333333333 4.39822971503 0.562811875267
0.733333333333 4.60766922527 1.11043068863
0.733333333333 4.8171087355 1.45420604943
0.733333333333 5.02654824574 0.426938241219
0.733333333333 5.23598775598 0.19827389895
0.733333333333 5.44542726622 0.58699637569
0.733333333333 5.65486677646 1.51545606489
0.733333333333 5.8643062867 1.30106007661
0.733333333333 6.07374579694 0.33262075678

0.8 0 0.118513889375
0.8 0.209439510239 0.559810186799
0.8 0.418879020479 0.89871058941
0.8 0.628318530718 0.915101638319
0.8 0.837758040957 0.974904026351
0.8 1.0471975512 1.31109822962
0.8 1.25663706144 1.80353795095
0.8 1.46607657168 1.71902287
0.8 1.67551608191 0.881914138338
0.8 1.88495559215 0.762601211919
0.8 2.09439510239 0.432507082712
0.8 2.30383461263 0.173867193396
0.8 2.51327412287 0.869782055561
0.8 2.72271363311 1.13075455374
0.8 2.93215314335 1.41103827956
0.8 3.14159265359 0.865597306567
0.8 3.35103216383 0.731373793338
0.8 3.56047167407 0.883300649229
0.8 3.76991118431 0.788019142279
0.8 3.97935069455 0.676013190764
0.8 4.18879020479 0.673518657433
0.8 4.39822971503 0.935049654239
0.8 4.60766922527 1.38653786824
0.8 4.8171087355 1.15843993669
0.8 5.02654824574 0.318646915228
0.8 5.23598775598 0.132940194694
0.8 5.44542726622 0.484550498074
0.8 5.65486677646 1.47001670255
0.8 5.8643062867 1.63214371414
0.8 6.07374579694 0.677870375863

0.866666666667 0 0.434466880499
0.866666666667 0.209439510239 0.301734398498
0.866666666667 0.418879020479 0.791262317951
0.866666666667 0.628318530718 1.27207607538
0.866666666667 0.837758040957 1.60997105521
0.866666666667 1.0471975512 1.7887327561
0.866666666667 1.25663706144 1.53478642924
0.866666666667 1.46607657168 0.78668275934
0.866666666667 1.67551608191 0.54365463176
0.866666666667 1.88495559215 0.856796662752
0.866666666667 2.09439510239 0.224051064145
0.866666666667 2.30383461263 0.264185129367
0.866666666667 2.51327412287 1.16597215748
0.866666666667 2.72271363311 1.15978117451
0.866666666667 2.93215314335 1.08979135418
0.866666666667 3.14159265359 1.07415357994
0.866666666667 3.35103216383 0.869309607018
0.866666666667 3.56047167407 0.823596696355
0.866666666667 3.76991118431 0.864816071961
0.866666666667 3.97935069455 0.921564611523
0.866666666667 4.18879020479 1.05522975368
0.866666666667 4.39822971503 1.24405491356
0.866666666667 4.60766922527 1.21490678601
0.866666666667 4.8171087355 0.741567456989
0.866666666667 5.02654824574 0.249625809197
0.866666666667 5.23598775598 0.0788282717117
0.866666666667 5.44542726622 0.35062473623
0.866666666667 5.65486677646 1.25323278071
0.866666666667 5.8643062867 1.88868463074
0.866666666667 6.07374579694 1.37580038565

0.933333333333 0 1.67536544301
0.933333333333 0.209439510239 1.04001691982
0.933333333333 0.418879020479 0.622575328948
0.933333333333 0.628318530718 0.513508158465
0.933333333333 0.837758040957 0.527139181229
0.933333333333 1.0471975512 0.5220393854
0.933333333333 1.25663706144 0.550162400229
0.933333333333 1.46607657168 0.763833334382
0.933333333333 1.67551608191 0.960319349832
0.933333333333 1.88495559215 0.590736331318
0.933333333333 2.09439510239 0.0399174402836
0.933333333333 2.30383461263 0.369080249866
0.933333333333 2.51327412287 1.14355813197
0.933333333333 2.72271363311 1.31061550334
0.933333333333 2.93215314335 1.06258550982
0.933333333333 3.14159265359 0.944285827933
0.933333333333 3.35103216383 0.957685012208
0.933333333333 3.56047167407 0.974583676076
0.933333333333 3.76991118431 0.988119869781
0.933333333333 3.97935069455 1.00490102048
0.933333333333 4.18879020479 0.99476347734
0.933333333333 4.39822971503 0.904383942259
0.933333333333 4.60766922527 0.706269946645
0.933333333333 4.8171087355 0.451618358186
0.933333333333 5.02654824574 0.218422031707
0.933333333333 5.23598775598 0.0703071063414
0.933333333333 5.44542726622 0.185359346109
0.933333333333 5.65486677646 0.754628714383
0.933333333333 5.8643062867 1.57056767925
0.933333333333 6.07374579694 1.99188106672

