-1 0 0.556102601688
-1 0.209439510239 0.556102601687
-1 0.418879020479 0.556102601687
-1 0.628318530718 0.556102601687
-1 0.837758040957 0.556102601687
-1 1.0471975512 0.556102601687
-1 1.25663706144 0.556102601687
-1 1.46607657168 0.556102601688
-1 1.67551608191 0.556102601688
-1 1.88495559215 0.556102601687
-1 2.09439510239 0.556102601687
-1 2.30383461263 0.556102601687
-1 2.51327412287 0.556102601687
-1 2.72271363311 0.556102601687
-1 2.93215314335 0.556102601688
-1 3.14159265359 0.556102601688
-1 3.35103216383 0.556102601687
-1 3.56047167407 0.556102601687
-1 3.76991118431 0.556102601687
-1 3.97935069455 0.556102601687
-1 4.18879020479 0.556102601687
-1 4.39822971503 0.556102601687
-1 4.60766922527 0.556102601688
-1 4.8171087355 0.556102601688
-1 5.02654824574 0.556102601687
-1 5.23598775598 0.556102601687
-1 5.44542726622 0.556102601687
-1 5.65486677646 0.556102601687
-1 5.8643062867 0.556102601687
-1 6.07374579694 0.556102601688

-0.933333333333 0 0.685454591997
-0.933333333333 0.209439510239 0.81001862199
-0.933333333333 0.418879020479 0.881540565665
-0.933333333333 0.628318530718 0.942984854928
-0.933333333333 0.837758040957 1.00860380753
-0.933333333333 1.0471975512 1.04692675084
-0.933333333333 1.25663706144 0.956620181502
-0.933333333333 1.46607657168 0.655139226526
-0.933333333333 1.67551608191 0.283874249107
-0.933333333333 1.88495559215 0.121749184953
-0.933333333333 2.09439510239 0.121946752426
-0.933333333333 2.30383461263 0.144914181269
-0.933333333333 2.51327412287 0.521746847338
-0.933333333333 2.72271363311 1.32422496212
-0.933333333333 2.93215314335 1.9161440319
-0.933333333333 3.14159265359 1.87198182487
-0.933333333333 3.35103216383 1.41203518423
-0.933333333333 3.56047167407 0.955742649376
-0.933333333333 3.76991118431 0.699641177074
-0.933333333333 3.97935069455 0.59944578408
-0.933333333333 4.18879020479 0.553535025889
-0.933333333333 4.39822971503 0.543971455376
-0.933333333333 4.60766922527 0.578600382259
-0.933333333333 4.8171087355 0.488350232687
-0.933333333333 5.02654824574 0.313815066682
-0.933333333333 5.23598775598 0.686678436797
-0.933333333333 5.44542726622 1.30150280459
-0.933333333333 5.65486677646 1.07881127825
-0.933333333333 5.8643062867 0.539913701837
-0.933333333333 6.07374579694 0.496732826459

-0.866666666667 0 0.698515404663
-0.866666666667 0.209439510239 0.451850329226
-0.866666666667 0.418879020479 0.319001099816
-0.866666666667 0.628318530718 0.251874009661
-0.866666666667 0.837758040957 0.273410057727
-0.866666666667 1.0471975512 0.447742329216
-0.866666666667 1.25663706144 0.818425616994
-0.866666666667 1.46607657168 1.09597014182
-0.866666666667 1.67551608191 0.743488796132
-0.866666666667 1.88495559215 0.17320849734
-0.866666666667 2.09439510239 0.0881611764827
-0.866666666667 2.30383461263 0.110646633487
-0.866666666667 2.51327412287 0.957444271694
-0.866666666667 2.72271363311 2.09231435836
-0.866666666667 2.93215314335 1.80503757902
-0.866666666667 3.14159265359 0.85649279265
-0.866666666667 3.35103216383 0.43047336714
-0.866666666667 3.56047167407 0.615703607356
-0.866666666667 3.76991118431 1.0307490466
-0.866666666667 3.97935069455 1.43827140511
-0.866666666667 4.18879020479 1.67921277207
-0.866666666667 4.39822971503 1.38458291809
-0.866666666667 4.60766922527 0.548589676438
-0.866666666667 4.8171087355 0.313554818221
-0.866666666667 5.02654824574 0.431737798082
-0.866666666667 5.23598775598 0.398894849768
-0.866666666667 5.44542726622 1.09843642791
-0.866666666667 5.65486677646 0.813478791709
-0.866666666667 5.8643062867 0.646694422048
-0.866666666667 6.07374579694 0.929618860972

-0.8 0 0.285258210687
-0.8 0.209439510239 0.252951556703
-0.8 0.418879020479 0.26784164561
-0.8 0.628318530718 0.283432798876
-0.8 0.837758040957 0.212954769143
-0.8 1.0471975512 0.147391916843
-0.8 1.25663706144 0.323532939117
-0.8 1.46607657168 0.853613962276
-0.8 1.67551608191 0.965454386926
-0.8 1.88495559215 0.255165756839
-0.8 2.09439510239 0.129601656307
-0.8 2.30383461263 0.126493066336
-0.8 2.51327412287 1.28872049615
-0.8 2.72271363311 2.2522344573
-0.8 2.93215314335 1.12999329565
-0.8 3.14159265359 0.345604368785
-0.8 3.35103216383 0.432893550628
-0.8 3.56047167407 0.706729706072
-0.8 3.76991118431 0.859069197147
-0.8 3.97935069455 1.04740332946
-0.8 4.18879020479 1.53326610713
-0.8 4.39822971503 2.22040106332
-0.8 4.60766922527 1.74511145889
-0.8 4.8171087355 0.406392293059
-0.8 5.02654824574 0.679043285829
-0.8 5.23598775598 0.467598973276
-0.8 5.44542726622 0.70739439649
-0.8 5.65486677646 0.65829623442
-0.8 5.8643062867 0.932480441424
-0.8 6.07374579694 0.780410794469

-0.733333333333 0 0.282213988524
-0.733333333333 0.209439510239 0.424027826476
-0.733333333333 0.418879020479 0.545480857383
-0.733333333333 0.628318530718 0.590287073749
-0.733333333333 0.837758040957 0.404420877069
-0.733333333333 1.0471975512 0.191302520106
-0.733333333333 1.25663706144 0.172862048797
-0.733333333333 1.46607657168 0.628091892262
-0.733333333333 1.67551608191 1.04537847233
-0.733333333333 1.88495559215 0.310894481511
-0.733333333333 2.09439510239 0.170665170845
-0.733333333333 2.30383461263 0.16770455694
-0.733333333333 2.51327412287 1.50576996828
-0.733333333333 2.72271363311 2.12727629495
-0.733333333333 2.93215314335 0.639246687584
-0.733333333333 3.14159265359 0.222681232072
-0.733333333333 3.35103216383 0.382848806863
-0.733333333333 3.56047167407 0.426487705161
-0.733333333333 3.76991118431 0.400426326257
-0.733333333333 3.97935069455 0.432732054818
-0.733333333333 4.18879020479 0.591980715979
-0.733333333333 4.39822971503 1.32340426317
-0.733333333333 4.60766922527 2.09490542006
-0.733333333333 4.8171087355 0.804551076654
-0.733333333333 5.02654824574 0.661822854901
-0.733333333333 5.23598775598 0.662385875959
-0.733333333333 5.44542726622 0.437344390201
-0.733333333333 5.65486677646 0.6490420264
-0.733333333333 5.8643062867 1.01810245188
-0.733333333333 6.07374579694 0.442577752079

-0.666666666667 0 0.427873214004
-0.666666666667 0.209439510239 0.461038300238
-0.666666666667 0.418879020479 0.664973101817
-0.666666666667 0.628318530718 0.673545062033
-0.666666666667 0.837758040957 0.479456370383
-0.666666666667 1.0471975512 0.242375694839
-0.666666666667 1.25663706144 0.0908290295131
-0.666666666667 1.46607657168 0.459538949818
-0.666666666667 1.67551608191 1.10136256767
-0.666666666667 1.88495559215 0.367964726102
-0.666666666667 2.09439510239 0.192915437849
-0.666666666667 2.30383461263 0.221744148374
-0.666666666667 2.51327412287 1.63518328036
-0.666666666667 2.72271363311 1.91443536538
-0.666666666667 2.93215314335 0.358922286815
-0.666666666667 3.14159265359 0.174760029592
-0.666666666667 3.35103216383 0.298341756545
-0.666666666667 3.56047167407 0.297096003808
-0.666666666667 3.76991118431 0.399722642567
-0.666666666667 3.97935069455 0.537968455922
-0.666666666667 4.18879020479 0.608971091779
-0.666666666667 4.39822971503 0.793489298611
-0.666666666667 4.60766922527 1.67051730865
-0.666666666667 4.8171087355 1.1723937134
-0.666666666667 5.02654824574 0.56956583496
-0.666666666667 5.23598775598 0.759265201776
-0.666666666667 5.44542726622 0.305959465011
-0.666666666667 5.65486677646 0.697436540355
-0.666666666667 5.8643062867 0.943319286271
-0.666666666667 6.07374579694 0.259061420738

-0.6 0 0.454781610341
-0.6 0.209439510239 0.34943485678
-0.6 0.418879020479 0.574720291608
-0.6 0.628318530718 0.532830018767
-0.6 0.837758040957 0.518358322988
-0.6 1.0471975512 0.3988689536
-0.6 1.25663706144 0.098100618947
-0.6 1.46607657168 0.288579245233
-0.6 1.67551608191 1.13125394033
-0.6 1.88495559215 0.441853043361
-0.6 2.09439510239 0.200196307737
-0.6 2.30383461263 0.280192847477
-0.6 2.51327412287 1.70334389745
-0.6 2.72271363311 1.69970606739
-0.6 2.93215314335 0.201604250137
-0.6 3.14159265359 0.157049039099
-0.6 3.35103216383 0.261478204972
-0.6 3.56047167407 0.337945411263
-0.6 3.76991118431 0.53613014344
-0.6 3.97935069455 0.651116607088
-0.6 4.18879020479 0.839310174989
-0.6 4.39822971503 0.968800892124
-0.6 4.60766922527 1.34582962708
-0.6 4.8171087355 1.34850634253
-0.6 5.02654824574 0.571415117094
-0.6 5.23598775598 0.743980806251
-0.6 5.44542726622 0.252090987639
-0.6 5.65486677646 0.750618031656
-0.6 5.8643062867 0.815572275143
-0.6 6.07374579694 0.226914055084

-0.533333333333 0 0.363074872123
-0.533333333333 0.209439510239 0.22805009871
-0.533333333333 0.418879020479 0.369168273005
-0.533333333333 0.628318530718 0.291099087245
-0.533333333333 0.837758040957 0.522886216519
-0.533333333333 1.0471975512 0.611274680026
-0.533333333333 1.25663706144 0.231063648799
-0.533333333333 1.46607657168 0.146422855856
-0.533333333333 1.67551608191 1.11499492782
-0.533333333333 1.88495559215 0.528410390364
-0.533333333333 2.09439510239 0.200653059859
-0.533333333333 2.30383461263 0.337388533535
-0.533333333333 2.51327412287 1.73042296106
-0.533333333333 2.72271363311 1.5130721436
-0.533333333333 2.93215314335 0.111339616002
-0.533333333333 3.14159265359 0.16778048217
-0.533333333333 3.35103216383 0.267132127212
-0.533333333333 3.56047167407 0.473621682726
-0.533333333333 3.76991118431 0.630739158073
-0.533333333333 3.97935069455 0.541375053486
-0.533333333333 4.18879020479 0.742778555807
-0.533333333333 4.39822971503 1.17322631824
-0.533333333333 4.60766922527 1.33861372385
-0.533333333333 4.8171087355 1.38316609518
-0.533333333333 5.02654824574 0.669089923721
-0.533333333333 5.23598775598 0.671390265129
-0.533333333333 5.44542726622 0.232572369012
-0.533333333333 5.65486677646 0.792555204521
-0.533333333333 5.8643062867 0.692584650204
-0.533333333333 6.07374579694 0.257704949657

-0.466666666667 0 0.241068232057
-0.466666666667 0.209439510239 0.168034878977
-0.466666666667 0.418879020479 0.190267998803
-0.466666666667 0.628318530718 0.10522422401
-0.466666666667 0.837758040957 0.494095759196
-0.466666666667 1.0471975512 0.768651695664
-0.466666666667 1.25663706144 0.425724973059
-0.466666666667 1.46607657168 0.0682758976559
-0.466666666667 1.67551608191 1.05653123869
-0.466666666667 1.88495559215 0.615907519503
-0.466666666667 2.09439510239 0.200325904941
-0.466666666667 2.30383461263 0.389756604994
-0.466666666667 2.51327412287 1.73059287632
-0.466666666667 2.72271363311 1.36132433422
-0.466666666667 2.93215314335 0.0617167430568
-0.466666666667 3.14159265359 0.19301799857
-0.466666666667 3.35103216383 0.307415327058
-0.466666666667 3.56047167407 0.649463137577
-0.466666666667 3.76991118431 0.674765201527
-0.466666666667 3.97935069455 0.365259142488
-0.466666666667 4.18879020479 0.467678069413
-0.466666666667 4.39822971503 1.10571585849
-0.466666666667 4.60766922527 1.45588795549
-0.466666666667 4.8171087355 1.36595434962
-0.466666666667 5.02654824574 0.805559133329
-0.466666666667 5.23598775598 0.586940161534
-0.466666666667 5.44542726622 0.226769120421
-0.466666666667 5.65486677646 0.822334406412
-0.466666666667 5.8643062867 0.592030688505
-0.466666666667 6.07374579694 0.294356766972

-0.4 0 0.14782318338
-0.4 0.209439510239 0.172738538789
-0.4 0.418879020479 0.127388220551
-0.4 0.628318530718 0.0599106774216
-0.4 0.837758040957 0.4606488834
-0.4 1.0471975512 0.830220158762
-0.4 1.25663706144 0.60530802463
-0.4 1.46607657168 0.0526713800485
-0.4 1.67551608191 0.975852380107
-0.4 1.88495559215 0.693865142811
-0.4 2.09439510239 0.202141681073
-0.4 2.30383461263 0.435246959824
-0.4 2.51327412287 1.71339918982
-0.4 2.72271363311 1.24318859719
-0.4 2.93215314335 0.0388654700357
-0.4 3.14159265359 0.218892710936
-0.4 3.35103216383 0.3748801273
-0.4 3.56047167407 0.813747061367
-0.4 3.76991118431 0.682151251876
-0.4 3.97935069455 0.25062985207
-0.4 4.18879020479 0.261479658816
-0.4 4.39822971503 0.872023197756
-0.4 4.60766922527 1.52886819978
-0.4 4.8171087355 1.34592769935
-0.4 5.02654824574 0.934951318423
-0.4 5.23598775598 0.514105013455
-0.4 5.44542726622 0.226197407645
-0.4 5.65486677646 0.843047343528
-0.4 5.8643062867 0.514053440801
-0.4 6.07374579694 0.317085105159

-0.333333333333 0 0.0994986554386
-0.333333333333 0.209439510239 0.218679769546
-0.333333333333 0.418879020479 0.178472733205
-0.333333333333 0.628318530718 0.140872459172
-0.333333333333 0.837758040957 0.444976439458
-0.333333333333 1.0471975512 0.817600432932
-0.333333333333 1.25663706144 0.733498768692
-0.333333333333 1.46607657168 0.076692079589
-0.333333333333 1.67551608191 0.893863678148
-0.333333333333 1.88495559215 0.756072619753
-0.333333333333 2.09439510239 0.206712978431
-0.333333333333 2.30383461263 0.472855180463
-0.333333333333 2.51327412287 1.68506544324
-0.333333333333 2.72271363311 1.15535956693
-0.333333333333 2.93215314335 0.0332284817073
-0.333333333333 3.14159265359 0.238909733819
-0.333333333333 3.35103216383 0.454386514243
-0.333333333333 3.56047167407 0.931467637463
-0.333333333333 3.76991118431 0.665209819329
-0.333333333333 3.97935069455 0.222414819618
-0.333333333333 4.18879020479 0.204415804095
-0.333333333333 4.39822971503 0.636260303104
-0.333333333333 4.60766922527 1.51589090554
-0.333333333333 4.8171087355 1.33584318877
-0.333333333333 5.02654824574 1.03597025436
-0.333333333333 5.23598775598 0.460796064915
-0.333333333333 5.44542726622 0.227706539234
-0.333333333333 5.65486677646 0.85799889126
-0.333333333333 5.8643062867 0.453761067429
-0.333333333333 6.07374579694 0.325258960907

-0.266666666667 0 0.0889224481991
-0.266666666667 0.209439510239 0.280469906635
-0.266666666667 0.418879020479 0.291285214751
-0.266666666667 0.628318530718 0.285735801623
-0.266666666667 0.837758040957 0.450765990912
-0.266666666667 1.0471975512 0.769096211554
-0.266666666667 1.25663706144 0.810295425534
-0.266666666667 1.46607657168 0.116588618652
-0.266666666667 1.67551608191 0.825017227222
-0.266666666667 1.88495559215 0.800214938187
-0.266666666667 2.09439510239 0.213376169175
-0.266666666667 2.30383461263 0.502243191715
-0.266666666667 2.51327412287 1.64948268004
-0.266666666667 2.72271363311 1.09460465453
-0.266666666667 2.93215314335 0.0374318531467
-0.266666666667 3.14159265359 0.25206154296
-0.266666666667 3.35103216383 0.528474453339
-0.266666666667 3.56047167407 0.994341760088
-0.266666666667 3.76991118431 0.639879075956
-0.266666666667 3.97935069455 0.258128398738
-0.266666666667 4.18879020479 0.256204037582
-0.266666666667 4.39822971503 0.47231099274
-0.266666666667 4.60766922527 1.44380189146
-0.266666666667 4.8171087355 1.33350382553
-0.266666666667 5.02654824574 1.10467505176
-0.266666666667 5.23598775598 0.426729696428
-0.266666666667 5.44542726622 0.2302672032
-0.266666666667 5.65486677646 0.869764039192
-0.266666666667 5.8643062867 0.406064021427
-0.266666666667 6.07374579694 0.324188687162

-0.2 0 0.102453513253
-0.2 0.209439510239 0.340134208453
-0.2 0.418879020479 0.413457572142
-0.2 0.628318530718 0.435755849357
-0.2 0.837758040957 0.470562513734
-0.2 1.0471975512 0.714278739492
-0.2 1.25663706144 0.851493368335
-0.2 1.46607657168 0.156338529252
-0.2 1.67551608191 0.776814500057
-0.2 1.88495559215 0.826372175131
-0.2 2.09439510239 0.220964735596
-0.2 2.30383461263 0.523456207587
-0.2 2.51327412287 1.60889837683
-0.2 2.72271363311 1.05837046008
-0.2 2.93215314335 0.0461075707456
-0.2 3.14159265359 0.259283370925
-0.2 3.35103216383 0.584770607001
-0.2 3.56047167407 1.01307084938
-0.2 3.76991118431 0.622681240785
-0.2 3.97935069455 0.32988458895
-0.2 4.18879020479 0.351212144038
-0.2 4.39822971503 0.38094490672
-0.2 4.60766922527 1.34976729891
-0.2 4.8171087355 1.3346702874
-0.2 5.02654824574 1.14549723368
-0.2 5.23598775598 0.408223490986
-0.2 5.44542726622 0.233625021921
-0.2 5.65486677646 0.880124816623
-0.2 5.8643062867 0.366964742897
-0.2 6.07374579694 0.3192482741

-0.133333333333 0 0.128082055825
-0.133333333333 0.209439510239 0.388223838641
-0.133333333333 0.418879020479 0.51381487496
-0.133333333333 0.628318530718 0.557020553422
-0.133333333333 0.837758040957 0.495222253619
-0.133333333333 1.0471975512 0.66956683543
-0.133333333333 1.25663706144 0.874339582083
-0.133333333333 1.46607657168 0.18743182269
-0.133333333333 1.67551608191 0.752117164071
-0.133333333333 1.88495559215 0.835579924507
-0.133333333333 2.09439510239 0.228259597055
-0.133333333333 2.30383461263 0.536720970418
-0.133333333333 2.51327412287 1.56437039297
-0.133333333333 2.72271363311 1.04487877068
-0.133333333333 2.93215314335 0.0558660047229
-0.133333333333 3.14159265359 0.261439262914
-0.133333333333 3.35103216383 0.618455113161
-0.133333333333 3.56047167407 1.00404829106
-0.133333333333 3.76991118431 0.625511190546
-0.133333333333 3.97935069455 0.417694517832
-0.133333333333 4.18879020479 0.444031735671
-0.133333333333 4.39822971503 0.337967584933
-0.133333333333 4.60766922527 1.25880021996
-0.133333333333 4.8171087355 1.33719925781
-0.133333333333 5.02654824574 1.16540840612
-0.133333333333 5.23598775598 0.400755835137
-0.133333333333 5.44542726622 0.237780336154
-0.133333333333 5.65486677646 0.890206786176
-0.133333333333 5.8643062867 0.333612974404
-0.133333333333 6.07374579694 0.314189563855

-0.0666666666667 0 0.157726250295
-0.0666666666667 0.209439510239 0.421750119812
-0.0666666666667 0.418879020479 0.581428083016
-0.0666666666667 0.628318530718 0.638985642457
-0.0666666666667 0.837758040957 0.518742680345
-0.0666666666667 1.0471975512 0.642456373359
-0.0666666666667 1.25663706144 0.891895760124
-0.0666666666667 1.46607657168 0.205850141043
-0.0666666666667 1.67551608191 0.751572507436
-0.0666666666667 1.88495559215 0.82886491713
-0.0666666666667 2.09439510239 0.234199910682
-0.0666666666667 2.30383461263 0.54230629106
-0.0666666666667 2.51327412287 1.51605145858
-0.0666666666667 2.72271363311 1.05305876843
-0.0666666666667 2.93215314335 0.0650718551266
-0.0666666666667 3.14159265359 0.258748727406
-0.0666666666667 3.35103216383 0.630898925193
-0.0666666666667 3.56047167407 0.980064926613
-0.0666666666667 3.76991118431 0.653659159925
-0.0666666666667 3.97935069455 0.509746433652
-0.0666666666667 4.18879020479 0.514452720893
-0.0666666666667 4.39822971503 0.32105198684
-0.0666666666667 4.60766922527 1.18263523056
-0.0666666666667 4.8171087355 1.34107268686
-0.0666666666667 5.02654824574 1.17104659167
-0.0666666666667 5.23598775598 0.400147396649
-0.0666666666667 5.44542726622 0.242810617904
-0.0666666666667 5.65486677646 0.900609329899
-0.0666666666667 5.8643062867 0.30409827445
-0.0666666666667 6.07374579694 0.311116103636

6.12323399574e-17 0 0.186977615397
6.12323399574e-17 0.209439510239 0.441662118865
6.12323399574e-17 0.418879020479 0.617686262466
6.12323399574e-17 0.628318530718 0.685555793846
6.12323399574e-17 0.837758040957 0.539759737485
6.12323399574e-17 1.0471975512 0.636847400705
6.12323399574e-17 1.25663706144 0.912016427946
6.12323399574e-17 1.46607657168 0.20946693149
6.12323399574e-17 1.67551608191 0.77510784252
6.12323399574e-17 1.88495559215 0.806803709576
6.12323399574e-17 2.09439510239 0.23795495462
6.12323399574e-17 2.30383461263 0.540426928991
6.12323399574e-17 2.51327412287 1.46335325865
6.12323399574e-17 2.72271363311 1.08239993857
6.12323399574e-17 2.93215314335 0.073553018561
6.12323399574e-17 3.14159265359 0.250835742128
6.12323399574e-17 3.35103216383 0.627420431264
6.12323399574e-17 3.56047167407 0.946724514206
6.12323399574e-17 3.76991118431 0.706128445293
6.12323399574e-17 3.97935069455 0.599985437587
6.12323399574e-17 4.18879020479 0.558664785076
6.12323399574e-17 4.39822971503 0.316522209699
6.12323399574e-17 4.60766922527 1.12488980571
6.12323399574e-17 4.8171087355 1.34737217675
6.12323399574e-17 5.02654824574 1.16762158887
6.12323399574e-17 5.23598775598 0.403016448733
6.12323399574e-17 5.44542726622 0.2488291912
6.12323399574e-17 5.65486677646 0.911483175385
6.12323399574e-17 5.8643062867 0.277306241031
6.12323399574e-17 6.07374579694 0.310856355547

0.0666666666667 0 0.214126499061
0.0666666666667 0.209439510239 0.450944734903
0.0666666666667 0.418879020479 0.629688561963
0.0666666666667 0.628318530718 0.7076478046
0.0666666666667 0.837758040957 0.562144985792
0.0666666666667 1.0471975512 0.656906792651
0.0666666666667 1.25663706144 0.937131650146
0.0666666666667 1.46607657168 0.19691059147
0.0666666666667 1.67551608191 0.822296444971
0.0666666666667 1.88495559215 0.769553595612
0.0666666666667 2.09439510239 0.238935108087
0.0666666666667 2.30383461263 0.531178464073
0.0666666666667 2.51327412287 1.40502714006
0.0666666666667 2.72271363311 1.13271271333
0.0666666666667 2.93215314335 0.0824085662183
0.0666666666667 3.14159265359 0.236875616266
0.0666666666667 3.35103216383 0.615794901283
0.0666666666667 3.56047167407 0.903020324997
0.0666666666667 3.76991118431 0.776067891772
0.0666666666667 3.97935069455 0.686053182847
0.0666666666667 4.18879020479 0.580853324939
0.0666666666667 4.39822971503 0.317561299761
0.0666666666667 4.60766922527 1.08600183717
0.0666666666667 4.8171087355 1.35734527684
0.0666666666667 5.02654824574 1.15864572717
0.0666666666667 5.23598775598 0.406906782808
0.0666666666667 5.44542726622 0.255996494908
0.0666666666667 5.65486677646 0.922554619612
0.0666666666667 5.8643062867 0.252913198588
0.0666666666667 6.07374579694 0.313256009052

0.133333333333 0 0.239194035916
0.133333333333 0.209439510239 0.453452699848
0.133333333333 0.418879020479 0.626662111685
0.133333333333 0.628318530718 0.719478031707
0.133333333333 0.837758040957 0.595739029182
0.133333333333 1.0471975512 0.708643411693
0.133333333333 1.25663706144 0.962753719802
0.133333333333 1.46607657168 0.168170570738
0.133333333333 1.67551608191 0.891619103716
0.133333333333 1.88495559215 0.717313581287
0.133333333333 2.09439510239 0.236792920957
0.133333333333 2.30383461263 0.514492278031
0.133333333333 2.51327412287 1.33919136858
0.133333333333 2.72271363311 1.20373579844
0.133333333333 2.93215314335 0.0940059048361
0.133333333333 3.14159265359 0.21571717794
0.133333333333 3.35103216383 0.60553107011
0.133333333333 3.56047167407 0.844828022018
0.133333333333 3.76991118431 0.850474147119
0.133333333333 3.97935069455 0.767184095376
0.133333333333 4.18879020479 0.58782392587
0.133333333333 4.39822971503 0.32074681808
0.133333333333 4.60766922527 1.06662293811
0.133333333333 4.8171087355 1.37174731587
0.133333333333 5.02654824574 1.14590999724
0.133333333333 5.23598775598 0.410309051598
0.133333333333 5.44542726622 0.26455287536
0.133333333333 5.65486677646 0.93310697199
0.133333333333 5.8643062867 0.231520012044
0.133333333333 6.07374579694 0.317261428007

0.2 0 0.263116256478
0.2 0.209439510239 0.45319599689
0.2 0.418879020479 0.618184007098
0.2 0.628318530718 0.737091037079
0.2 0.837758040957 0.656291277693
0.2 1.0471975512 0.797857832301
0.2 1.25663706144 0.974382800401
0.2 1.46607657168 0.127171476746
0.2 1.67551608191 0.978652126891
0.2 1.88495559215 0.651201178875
0.2 2.09439510239 0.231447081179
0.2 2.30383461263 0.490110090145
0.2 2.51327412287 1.26333922762
0.2 2.72271363311 1.2944894148
0.2 2.93215314335 0.112168858105
0.2 3.14159265359 0.186165022492
0.2 3.35103216383 0.606724837517
0.2 3.56047167407 0.771119915195
0.2 3.76991118431 0.909928265151
0.2 3.97935069455 0.840619180543
0.2 4.18879020479 0.584765183873
0.2 4.39822971503 0.323495841462
0.2 4.60766922527 1.06978382921
0.2 4.8171087355 1.39036301511
0.2 5.02654824574 1.1293988657
0.2 5.23598775598 0.412688396836
0.2 5.44542726622 0.274862887211
0.2 5.65486677646 0.941934072734
0.2 5.8643062867 0.214899156102
0.2 6.07374579694 0.320802985595

0.266666666667 0 0.286984015771
0.266666666667 0.209439510239 0.453733094508
0.266666666667 0.418879020479 0.612321177462
0.266666666667 0.628318530718 0.775849368181
0.266666666667 0.837758040957 0.76131010601
0.266666666667 1.0471975512 0.922014508461
0.266666666667 1.25663706144 0.94509866287
0.266666666667 1.46607657168 0.0861282164265
0.266666666667 1.67551608191 1.07340715753
0.266666666667 1.88495559215 0.574482685383
0.266666666667 2.09439510239 0.223150619221
0.266666666667 2.30383461263 0.457585227684
0.266666666667 2.51327412287 1.17437982023
0.266666666667 2.72271363311 1.40222821978
0.266666666667 2.93215314335 0.142446717212
0.266666666667 3.14159265359 0.147901693925
0.266666666667 3.35103216383 0.626432352534
0.266666666667 3.56047167407 0.692310806015
0.266666666667 3.76991118431 0.930601772729
0.266666666667 3.97935069455 0.895797202589
0.266666666667 4.18879020479 0.570440225114
0.266666666667 4.39822971503 0.32362876062
0.266666666667 4.60766922527 1.1020297846
0.266666666667 4.8171087355 1.41164385173
0.266666666667 5.02654824574 1.10700858103
0.266666666667 5.23598775598 0.41456586445
0.266666666667 5.44542726622 0.287471955472
0.266666666667 5.65486677646 0.947285990502
0.266666666667 5.8643062867 0.206300589368
0.266666666667 6.07374579694 0.320570844773

0.333333333333 0 0.311175468871
0.333333333333 0.209439510239 0.457452449397
0.333333333333 0.418879020479 0.612278626535
0.333333333333 0.628318530718 0.842789021827
0.333333333333 0.837758040957 0.916556939391
0.333333333333 1.0471975512 1.05481541282
0.333333333333 1.25663706144 0.840423132499
0.333333333333 1.46607657168 0.0694023965767
0.333333333333 1.67551608191 1.15789339224
0.333333333333 1.88495559215 0.493883693865
0.333333333333 2.09439510239 0.212625015473
0.333333333333 2.30383461263 0.416337030829
0.333333333333 2.51327412287 1.06881815432
0.333333333333 2.72271363311 1.52079751298
0.333333333333 2.93215314335 0.192140230053
0.333333333333 3.14159265359 0.10388589365
0.333333333333 3.35103216383 0.660393574828
0.333333333333 3.56047167407 0.636464479678
0.333333333333 3.76991118431 0.891788308833
0.333333333333 3.97935069455 0.908666413505
0.333333333333 4.18879020479 0.533176022399
0.333333333333 4.39822971503 0.322503071075
0.333333333333 4.60766922527 1.1729504445
0.333333333333 4.8171087355 1.43250126908
0.333333333333 5.02654824574 1.07408624496
0.333333333333 5.23598775598 0.417648979871
0.333333333333 5.44542726622 0.303178651749
0.333333333333 5.65486677646 0.94684213005
0.333333333333 5.8643062867 0.210690235915
0.333333333333 6.07374579694 0.311898257095

0.4 0 0.33427023485
0.4 0.209439510239 0.464707654618
0.4 0.418879020479 0.612004173861
0.4 0.628318530718 0.921591351437
0.4 0.837758040957 1.09047640683
0.4 1.0471975512 1.13071700366
0.4 1.25663706144 0.6403302908
0.4 1.46607657168 0.109921581595
0.4 1.67551608191 1.20686332138
0.4 1.88495559215 0.420225971333
0.4 2.09439510239 0.20128532692
0.4 2.30383461263 0.365813296173
0.4 2.51327412287 0.943287379219
0.4 2.72271363311 1.63820084699
0.4 2.93215314335 0.269334212495
0.4 3.14159265359 0.0652398887268
0.4 3.35103216383 0.680656046609
0.4 3.56047167407 0.641655707232
0.4 3.76991118431 0.790481088997
0.4 3.97935069455 0.844106621051
0.4 4.18879020479 0.454050892891
0.4 4.39822971503 0.332732022037
0.4 4.60766922527 1.29178274349
0.4 4.8171087355 1.44827324713
0.4 5.02654824574 1.02303387158
0.4 5.23598775598 0.424952187325
0.4 5.44542726622 0.323126711097
0.4 5.65486677646 0.937773261043
0.4 5.8643062867 0.234650720788
0.4 6.07374579694 0.289207763492

0.466666666667 0 0.3518700236
0.466666666667 0.209439510239 0.472833347383
0.466666666667 0.418879020479 0.595090305945
0.466666666667 0.628318530718 0.95744757688
0.466666666667 0.837758040957 1.18945303726
0.466666666667 1.0471975512 1.0542936732
0.466666666667 1.25663706144 0.379113146468
0.466666666667 1.46607657168 0.227328321841
0.466666666667 1.67551608191 1.19711996014
0.466666666667 1.88495559215 0.366904275892
0.466666666667 2.09439510239 0.191582947247
0.466666666667 2.30383461263 0.305867618064
0.466666666667 2.51327412287 0.795869311167
0.466666666667 2.72271363311 1.73342393908
0.466666666667 2.93215314335 0.379507201775
0.466666666667 3.14159265359 0.0584082940141
0.466666666667 3.35103216383 0.629359524871
0.466666666667 3.56047167407 0.718201211563
0.466666666667 3.76991118431 0.654877723868
0.466666666667 3.97935069455 0.677652914195
0.466666666667 4.18879020479 0.32643811834
0.466666666667 4.39822971503 0.387546782681
0.466666666667 4.60766922527 1.46011935369
0.466666666667 4.8171087355 1.45245334688
0.466666666667 5.02654824574 0.943657248681
0.466666666667 5.23598775598 0.440762665605
0.466666666667 5.44542726622 0.348918312679
0.466666666667 5.65486677646 0.917001733648
0.466666666667 5.8643062867 0.285433687665
0.466666666667 6.07374579694 0.247841987265

0.533333333333 0 0.356107633343
0.533333333333 0.209439510239 0.474786611679
0.533333333333 0.418879020479 0.544884972998
0.533333333333 0.628318530718 0.869106477714
0.533333333333 0.837758040957 1.07900401003
0.533333333333 1.0471975512 0.7689612926
0.533333333333 1.25663706144 0.167106271413
0.533333333333 1.46607657168 0.388658593509
0.533333333333 1.67551608191 1.12956218597
0.533333333333 1.88495559215 0.344268861734
0.533333333333 2.09439510239 0.187442378794
0.533333333333 2.30383461263 0.237536991718
0.533333333333 2.51327412287 0.629027758275
0.533333333333 2.72271363311 1.77356255148
0.533333333333 2.93215314335 0.517856276626
0.533333333333 3.14159265359 0.128462511161
0.533333333333 3.35103216383 0.447475876585
0.533333333333 3.56047167407 0.785488286047
0.533333333333 3.76991118431 0.530364498155
0.533333333333 3.97935069455 0.434107532402
0.533333333333 4.18879020479 0.190567134951
0.533333333333 4.39822971503 0.540488549091
0.533333333333 4.60766922527 1.6626168637
0.533333333333 4.8171087355 1.43466273229
0.533333333333 5.02654824574 0.825649861737
0.533333333333 5.23598775598 0.47018831646
0.533333333333 5.44542726622 0.382739327442
0.533333333333 5.65486677646 0.881845730831
0.533333333333 5.8643062867 0.368343936721
0.533333333333 6.07374579694 0.188412994259

0.6 0 0.338079985477
0.6 0.209439510239 0.457278782513
0.6 0.418879020479 0.46637067747
0.6 0.628318530718 0.624208616284
0.6 0.837758040957 0.707979045623
0.6 1.0471975512 0.369862223856
0.6 1.25663706144 0.120059551555
0.6 1.46607657168 0.499330498444
0.6 1.67551608191 1.05199818777
0.6 1.88495559215 0.349935652947
0.6 2.09439510239 0.194487451928
0.6 2.30383461263 0.164476246775
0.6 2.51327412287 0.455452925095
0.6 2.72271363311 1.71550418881
0.6 2.93215314335 0.657746629223
0.6 3.14159265359 0.317924407753
0.6 3.35103216383 0.172822945521
0.6 3.56047167407 0.664826037845
0.6 3.76991118431 0.41582573688
0.6 3.97935069455 0.203580542534
0.6 4.18879020479 0.151797794304
0.6 4.39822971503 0.840368382543
0.6 4.60766922527 1.86180286541
0.6 4.8171087355 1.37417682769
0.6 5.02654824574 0.665454031174
0.6 5.23598775598 0.51787106182
0.6 5.44542726622 0.427461296215
0.6 5.65486677646 0.831343759217
0.6 5.8643062867 0.481456811002
0.6 6.07374579694 0.124255878859

0.666666666667 0 0.297501158503
0.666666666667 0.209439510239 0.402994610882
0.666666666667 0.418879020479 0.391134557712
0.666666666667 0.628318530718 0.341576893606
0.666666666667 0.837758040957 0.274408210669
0.666666666667 1.0471975512 0.109898432321
0.666666666667 1.25663706144 0.206276704872
0.666666666667 1.46607657168 0.510645819875
0.666666666667 1.67551608191 1.03162495357
0.666666666667 1.88495559215 0.364093356696
0.666666666667 2.09439510239 0.218679990001
0.666666666667 2.30383461263 0.0951423564617
0.666666666667 2.51327412287 0.307593108233
0.666666666667 2.72271363311 1.52453879181
0.666666666667 2.93215314335 0.747667339144
0.666666666667 3.14159265359 0.589500149308
0.666666666667 3.35103216383 0.0530798468938
0.666666666667 3.56047167407 0.294573581025
0.666666666667 3.76991118431 0.239410431055
0.666666666667 3.97935069455 0.0984677309182
0.666666666667 4.18879020479 0.341155622548
0.666666666667 4.39822971503 1.28849011268
0.666666666667 4.60766922527 1.99808119351
0.666666666667 4.8171087355 1.22944895382
0.666666666667 5.02654824574 0.479676526426
0.666666666667 5.23598775598 0.585351946959
0.666666666667 5.44542726622 0.486613874699
0.666666666667 5.65486677646 0.768676586701
0.666666666667 5.8643062867 0.607307382961
0.666666666667 6.07374579694 0.0889514338471

0.733333333333 0 0.262432815839
0.733333333333 0.209439510239 0.316582518061
0.733333333333 0.418879020479 0.327945649889
0.733333333333 0.628318530718 0.21933022485
0.733333333333 0.837758040957 0.114530812922
0.733333333333 1.0471975512 0.12883951248
0.733333333333 1.25663706144 0.268607503625
0.733333333333 1.46607657168 0.562134131445
0.733333333333 1.67551608191 1.02793956538
0.733333333333 1.88495559215 0.375071957651
0.733333333333 2.09439510239 0.259145976831
0.733333333333 2.30383461263 0.044506644095
0.733333333333 2.51327412287 0.24464918362
0.733333333333 2.72271363311 1.23355630772
0.733333333333 2.93215314335 0.759075302236
0.733333333333 3.14159265359 0.732344582003
0.733333333333 3.35103216383 0.381033143382
0.733333333333 3.56047167407 0.120173040521
0.733333333333 3.76991118431 0.135508472042
0.733333333333 3.97935069455 0.275596581099
0.733333333333 4.18879020479 0.861194248933
0.733333333333 4.39822971503 1.80775196502
0.733333333333 4.60766922527 1.96810525078
0.733333333333 4.8171087355 0.943677064594
0.733333333333 5.02654824574 0.32291240356
0.733333333333 5.23598775598 0.666788706189
0.733333333333 5.44542726622 0.563938559303
0.733333333333 5.65486677646 0.705118825995
0.733333333333 5.8643062867 0.704485402003
0.733333333333 6.07374579694 0.130378737794

0.8 0 0.298704770194
0.8 0.209439510239 0.291921690051
0.8 0.418879020479 0.264407447039
0.8 0.628318530718 0.23043056931
0.8 0.837758040957 0.201625897871
0.8 1.0471975512 0.237027097487
0.8 1.25663706144 0.350131991196
0.8 1.46607657168 0.743233431104
0.8 1.67551608191 0.8582529162
0.8 1.88495559215 0.434190038207
0.8 2.09439510239 0.289560220642
0.8 2.30383461263 0.0296797434776
0.8 2.51327412287 0.322083623349
0.8 2.72271363311 1.03090502872
0.8 2.93215314335 0.835433606991
0.8 3.14159265359 0.560930041711
0.8 3.35103216383 0.831379671762
0.8 3.56047167407 0.73660825202
0.8 3.76991118431 0.732428495931
0.8 3.97935069455 1.05752474481
0.8 4.18879020479 1.6898155189
0.8 4.39822971503 2.12039375536
0.8 4.60766922527 1.56871896111
0.8 4.8171087355 0.531250000484
0.8 5.02654824574 0.291496588058
0.8 5.23598775598 0.743958081575
0.8 5.44542726622 0.661695435073
0.8 5.65486677646 0.665335273799
0.8 5.8643062867 0.712179483758
0.8 6.07374579694 0.261825640923

0.866666666667 0 0.405687111757
0.866666666667 0.209439510239 0.470928823586
0.866666666667 0.418879020479 0.405725455643
0.866666666667 0.628318530718 0.347211761571
0.866666666667 0.837758040957 0.346652727202
0.866666666667 1.0471975512 0.41601857036
0.866666666667 1.25663706144 0.583885136856
0.866666666667 1.46607657168 0.739326863067
0.866666666667 1.67551608191 0.629150422786
0.866666666667 1.88495559215 0.557149491019
0.866666666667 2.09439510239 0.253405330368
0.866666666667 2.30383461263 0.0527086150369
0.866666666667 2.51327412287 0.458493836291
0.866666666667 2.72271363311 1.11651779418
0.866666666667 2.93215314335 1.3203022392
0.866666666667 3.14159265359 0.67851098192
0.866666666667 3.35103216383 0.658598245806
0.866666666667 3.56047167407 1.10884496676
0.866666666667 3.76991118431 1.49250772625
0.866666666667 3.97935069455 1.78422564247
0.866666666667 4.18879020479 1.88376401732
0.866666666667 4.39822971503 1.51096181926
0.866666666667 4.60766922527 0.745245188487
0.866666666667 4.8171087355 0.288183119555
0.866666666667 5.02654824574 0.457953627023
0.866666666667 5.23598775598 0.785293268314
0.866666666667 5.44542726622 0.775044764516
0.866666666667 5.65486677646 0.690311793095
0.866666666667 5.8643062867 0.603996810809
0.866666666667 6.07374579694 0.363395470481

0.933333333333 0 0.262854225083
0.933333333333 0.209439510239 0.429158672081
0.933333333333 0.418879020479 0.585427640593
0.933333333333 0.628318530718 0.655374011379
0.933333333333 0.837758040957 0.669905010273
0.933333333333 1.0471975512 0.659557725627
0.933333333333 1.25663706144 0.625551093514
0.933333333333 1.46607657168 0.578771604989
0.933333333333 1.67551608191 0.548492034787
0.933333333333 1.88495559215 0.438444526793
0.933333333333 2.09439510239 0.187908094419
0.933333333333 2.30383461263 0.113064714808
0.933333333333 2.51327412287 0.376628961581
0.933333333333 2.72271363311 0.993358806929
0.933333333333 2.93215314335 1.70147383079
0.933333333333 3.14159265359 1.81443339376
0.933333333333 3.35103216383 1.40268075899
0.933333333333 3.56047167407 1.05453706806
0.933333333333 3.76991118431 0.941287443792
0.933333333333 3.97935069455 0.905093512582
0.933333333333 4.18879020479 0.813939395943
0.933333333333 4.39822971503 0.682097373884
0.933333333333 4.60766922527 0.61101221722
0.933333333333 4.8171087355 0.624137399528
0.933333333333 5.02654824574 0.666516381251
0.933333333333 5.23598775598 0.762217100313
0.933333333333 5.44542726622 0.870600285655
0.933333333333 5.65486677646 0.814420162105
0.933333333333 5.8643062867 0.549929936278
0.933333333333 6.07374579694 0.286598503186

