-1 0 0.745590748588
-1 0.209439510239 0.745590748588
-1 0.418879020479 0.745590748588
-1 0.628318530718 0.745590748588
-1 0.837758040957 0.745590748588
-1 1.0471975512 0.745590748588
-1 1.25663706144 0.745590748588
-1 1.46607657168 0.745590748588
-1 1.67551608191 0.745590748588
-1 1.88495559215 0.745590748588
-1 2.09439510239 0.745590748588
-1 2.30383461263 0.745590748588
-1 2.51327412287 0.745590748588
-1 2.72271363311 0.745590748588
-1 2.93215314335 0.745590748588
-1 3.14159265359 0.745590748588
-1 3.35103216383 0.745590748588
-1 3.56047167407 0.745590748588
-1 3.76991118431 0.745590748588
-1 3.97935069455 0.745590748588
-1 4.18879020479 0.745590748588
-1 4.39822971503 0.745590748588
-1 4.60766922527 0.745590748588
-1 4.8171087355 0.745590748588
-1 5.02654824574 0.745590748588
-1 5.23598775598 0.745590748588
-1 5.44542726622 0.745590748588
-1 5.65486677646 0.745590748588
-1 5.8643062867 0.745590748588
-1 6.07374579694 0.745590748588

-0.933333333333 0 0.1312298381
-0.933333333333 0.209439510239 0.0583287971492
-0.933333333333 0.418879020479 0.170249845274
-0.933333333333 0.628318530718 0.312023377959
-0.933333333333 0.837758040957 0.314836247467
-0.933333333333 1.0471975512 0.188130309565
-0.933333333333 1.25663706144 0.062791767813
-0.933333333333 1.46607657168 0.10371152339
-0.933333333333 1.67551608191 0.446102854686
-0.933333333333 1.88495559215 1.07683049943
-0.933333333333 2.09439510239 1.52832988879
-0.933333333333 2.30383461263 1.22269849306
-0.933333333333 2.51327412287 0.677939324138
-0.933333333333 2.72271363311 0.643539891281
-0.933333333333 2.93215314335 0.675518631852
-0.933333333333 3.14159265359 0.446228697255
-0.933333333333 3.35103216383 0.298596205227
-0.933333333333 3.56047167407 0.362005902618
-0.933333333333 3.76991118431 0.481413605425
-0.933333333333 3.97935069455 0.546824426919
-0.933333333333 4.18879020479 0.555649335711
-0.933333333333 4.39822971503 0.573204822738
-0.933333333333 4.60766922527 0.684658890561
-0.933333333333 4.8171087355 0.858152496276
-0.933333333333 5.02654824574 0.950303220701
-0.933333333333 5.23598775598 1.0149901386
-0.933333333333 5.44542726622 0.993042544124
-0.933333333333 5.65486677646 0.591790806967
-0.933333333333 5.8643062867 0.235788347864
-0.933333333333 6.07374579694 0.20918186871

-0.866666666667 0 0.347655611798
-0.866666666667 0.209439510239 1.12071200141
-0.866666666667 0.418879020479 1.70920880942
-0.866666666667 0.628318530718 1.77172210519
-0.866666666667 0.837758040957 1.55168482716
-0.866666666667 1.0471975512 1.19374608303
-0.866666666667 1.25663706144 0.743677259003
-0.866666666667 1.46607657168 0.323390554501
-0.866666666667 1.67551608191 0.112285201005
-0.866666666667 1.88495559215 0.461486588921
-0.866666666667 2.09439510239 1.59827270918
-0.866666666667 2.30383461263 1.63801110066
-0.866666666667 2.51327412287 0.576753248106
-0.866666666667 2.72271363311 0.541982350906
-0.866666666667 2.93215314335 0.356413943522
-0.866666666667 3.14159265359 0.224817071791
-0.866666666667 3.35103216383 0.521623720663
-0.866666666667 3.56047167407 0.694524278546
-0.866666666667 3.76991118431 0.701784475067
-0.866666666667 3.97935069455 0.690230447047
-0.866666666667 4.18879020479 0.665050580799
-0.866666666667 4.39822971503 0.600764951174
-0.866666666667 4.60766922527 0.641495383525
-0.866666666667 4.8171087355 1.03077312553
-0.866666666667 5.02654824574 1.24409440989
-0.866666666667 5.23598775598 0.918553598642
-0.866666666667 5.44542726622 0.908165010616
-0.866666666667 5.65486677646 0.42003223347
-0.866666666667 5.8643062867 0.119254522718
-0.866666666667 6.07374579694 0.183525803848

-0.8 0 1.01924423388
-0.8 0.209439510239 1.56152178317
-0.8 0.418879020479 1.56119343208
-0.8 0.628318530718 1.48251776371
-0.8 0.837758040957 1.42429440703
-0.8 1.0471975512 1.23741094702
-0.8 1.25663706144 0.857382083802
-0.8 1.46607657168 0.452548481523
-0.8 1.67551608191 0.232646781802
-0.8 1.88495559215 0.195681917694
-0.8 2.09439510239 1.35145714881
-0.8 2.30383461263 1.91471362036
-0.8 2.51327412287 0.476549223546
-0.8 2.72271363311 0.453618097533
-0.8 2.93215314335 0.155653549615
-0.8 3.14159265359 0.341601298925
-0.8 3.35103216383 0.570564858661
-0.8 3.56047167407 0.513436605729
-0.8 3.76991118431 0.535205263235
-0.8 3.97935069455 0.65045748333
-0.8 4.18879020479 0.71497817769
-0.8 4.39822971503 0.580820236012
-0.8 4.60766922527 0.380741034672
-0.8 4.8171087355 0.783641526815
-0.8 5.02654824574 1.49964436526
-0.8 5.23598775598 0.96772583574
-0.8 5.44542726622 0.730061083785
-0.8 5.65486677646 0.294528210515
-0.8 5.8643062867 0.0653312210133
-0.8 6.07374579694 0.276244272372

-0.733333333333 0 1.31468104505
-0.733333333333 0.209439510239 1.13017464717
-0.733333333333 0.418879020479 1.27505801619
-0.733333333333 0.628318530718 1.46302083408
-0.733333333333 0.837758040957 1.68571337021
-0.733333333333 1.0471975512 1.68514506755
-0.733333333333 1.25663706144 1.18932387526
-0.733333333333 1.46607657168 0.505930712622
-0.733333333333 1.67551608191 0.230877295377
-0.733333333333 1.88495559215 0.195470758193
-0.733333333333 2.09439510239 1.07486675855
-0.733333333333 2.30383461263 2.07968425877
-0.733333333333 2.51327412287 0.389609680809
-0.733333333333 2.72271363311 0.378322019331
-0.733333333333 2.93215314335 0.0831175771408
-0.733333333333 3.14159265359 0.426387144904
-0.733333333333 3.35103216383 0.461288279546
-0.733333333333 3.56047167407 0.429835284078
-0.733333333333 3.76991118431 0.562910860878
-0.733333333333 3.97935069455 0.762604143
-0.733333333333 4.18879020479 0.977879203279
-0.733333333333 4.39822971503 0.931235832631
-0.733333333333 4.60766922527 0.455180126755
-0.733333333333 4.8171087355 0.454697210966
-0.733333333333 5.02654824574 1.45335166555
-0.733333333333 5.23598775598 1.04955910557
-0.733333333333 5.44542726622 0.566338666637
-0.733333333333 5.65486677646 0.256554122348
-0.733333333333 5.8643062867 0.0738647497159
-0.733333333333 6.07374579694 0.748953501945

-0.666666666667 0 1.07696837211
-0.666666666667 0.209439510239 0.874591282867
-0.666666666667 0.418879020479 1.17338280201
-0.666666666667 0.628318530718 1.23925103571
-0.666666666667 0.837758040957 1.65775913787
-0.666666666667 1.0471975512 2.07413329225
-0.666666666667 1.25663706144 1.76396843873
-0.666666666667 1.46607657168 0.788677872322
-0.666666666667 1.67551608191 0.177383045101
-0.666666666667 1.88495559215 0.250928321635
-0.666666666667 2.09439510239 0.866252863111
-0.666666666667 2.30383461263 2.16520152209
-0.666666666667 2.51327412287 0.319031213197
-0.666666666667 2.72271363311 0.319426686439
-0.666666666667 2.93215314335 0.0825384237181
-0.666666666667 3.14159265359 0.443309333413
-0.666666666667 3.35103216383 0.375047618389
-0.666666666667 3.56047167407 0.415356429783
-0.666666666667 3.76991118431 0.526929850501
-0.666666666667 3.97935069455 0.662861967071
-0.666666666667 4.18879020479 0.976934449007
-0.666666666667 4.39822971503 1.23708898354
-0.666666666667 4.60766922527 0.778496901782
-0.666666666667 4.8171087355 0.310849040845
-0.666666666667 5.02654824574 1.25884474354
-0.666666666667 5.23598775598 1.09857300653
-0.666666666667 5.44542726622 0.440221209735
-0.666666666667 5.65486677646 0.308103130285
-0.666666666667 5.8643062867 0.215057673342
-0.666666666667 6.07374579694 1.31481803638

-0.6 0 0.680638913542
-0.6 0.209439510239 0.765756983393
-0.6 0.418879020479 0.741423665438
-0.6 0.628318530718 0.631358655765
-0.6 0.837758040957 1.16272701939
-0.6 1.0471975512 1.98302993788
-0.6 1.25663706144 2.17783358042
-0.6 1.46607657168 1.20486242454
-0.6 1.67551608191 0.192112143395
-0.6 1.88495559215 0.276875194158
-0.6 2.09439510239 0.736566342499
-0.6 2.30383461263 2.19800805198
-0.6 2.51327412287 0.263996372729
-0.6 2.72271363311 0.277795814154
-0.6 2.93215314335 0.111461622101
-0.6 3.14159265359 0.416657870975
-0.6 3.35103216383 0.323469324218
-0.6 3.56047167407 0.405175128571
-0.6 3.76991118431 0.430772618175
-0.6 3.97935069455 0.449868798503
-0.6 4.18879020479 0.737926565566
-0.6 4.39822971503 1.28670155528
-0.6 4.60766922527 1.09268477929
-0.6 4.8171087355 0.342003765031
-0.6 5.02654824574 1.04716787718
-0.6 5.23598775598 1.1175054427
-0.6 5.44542726622 0.345604949034
-0.6 5.65486677646 0.419137792839
-0.6 5.8643062867 0.431617908403
-0.6 6.07374579694 1.62659107393

-0.533333333333 0 0.380265041425
-0.533333333333 0.209439510239 0.565472164023
-0.533333333333 0.418879020479 0.252925132347
-0.533333333333 0.628318530718 0.193625017541
-0.533333333333 0.837758040957 0.664211146294
-0.533333333333 1.0471975512 1.59800161211
-0.533333333333 1.25663706144 2.30004857054
-0.533333333333 1.46607657168 1.59997424005
-0.533333333333 1.67551608191 0.294152591137
-0.533333333333 1.88495559215 0.265938389852
-0.533333333333 2.09439510239 0.667979645031
-0.533333333333 2.30383461263 2.19793190276
-0.533333333333 2.51327412287 0.222299445625
-0.533333333333 2.72271363311 0.251311988122
-0.533333333333 2.93215314335 0.146190923594
-0.533333333333 3.14159265359 0.366093933372
-0.533333333333 3.35103216383 0.307400330418
-0.533333333333 3.56047167407 0.394251313741
-0.533333333333 3.76991118431 0.323155860805
-0.533333333333 3.97935069455 0.260185716828
-0.533333333333 4.18879020479 0.457961701534
-0.533333333333 4.39822971503 1.14025020229
-0.533333333333 4.60766922527 1.27893612826
-0.533333333333 4.8171087355 0.459229714077
-0.533333333333 5.02654824574 0.869395432842
-0.533333333333 5.23598775598 1.12077983289
-0.533333333333 5.44542726622 0.274158871411
-0.533333333333 5.65486677646 0.554012677665
-0.533333333333 5.8643062867 0.641632420439
-0.533333333333 6.07374579694 1.64750015216

-0.466666666667 0 0.209265820462
-0.466666666667 0.209439510239 0.326869936984
-0.466666666667 0.418879020479 0.0809743313352
-0.466666666667 0.628318530718 0.150972825882
-0.466666666667 0.837758040957 0.405646278101
-0.466666666667 1.0471975512 1.18626464473
-0.466666666667 1.25663706144 2.20073339143
-0.466666666667 1.46607657168 1.90017249802
-0.466666666667 1.67551608191 0.452742308462
-0.466666666667 1.88495559215 0.233957406835
-0.466666666667 2.09439510239 0.63879000572
-0.466666666667 2.30383461263 2.17885603399
-0.466666666667 2.51327412287 0.191503442274
-0.466666666667 2.72271363311 0.236421375337
-0.466666666667 2.93215314335 0.175656700153
-0.466666666667 3.14159265359 0.309442531122
-0.466666666667 3.35103216383 0.323695348537
-0.466666666667 3.56047167407 0.372389629585
-0.466666666667 3.76991118431 0.223273315485
-0.466666666667 3.97935069455 0.146308261638
-0.466666666667 4.18879020479 0.263238551092
-0.466666666667 4.39822971503 0.925272692955
-0.466666666667 4.60766922527 1.34444718431
-0.466666666667 4.8171087355 0.590819084672
-0.466666666667 5.02654824574 0.73623897029
-0.466666666667 5.23598775598 1.11755027489
-0.466666666667 5.44542726622 0.21969111683
-0.466666666667 5.65486677646 0.686374428942
-0.466666666667 5.8643062867 0.803753941607
-0.466666666667 6.07374579694 1.50184062253

-0.4 0 0.122048027202
-0.4 0.209439510239 0.179389745207
-0.4 0.418879020479 0.229819744395
-0.4 0.628318530718 0.340464358728
-0.4 0.837758040957 0.350572780756
-0.4 1.0471975512 0.878580918743
-0.4 1.25663706144 1.99065943245
-0.4 1.46607657168 2.09459595637
-0.4 1.67551608191 0.633317724614
-0.4 1.88495559215 0.196139409135
-0.4 2.09439510239 0.631622429737
-0.4 2.30383461263 2.15011214744
-0.4 2.51327412287 0.169438681177
-0.4 2.72271363311 0.229574906972
-0.4 2.93215314335 0.196265706159
-0.4 3.14159265359 0.260601405597
-0.4 3.35103216383 0.35849627387
-0.4 3.56047167407 0.336320125157
-0.4 3.76991118431 0.149291752174
-0.4 3.97935069455 0.114053139696
-0.4 4.18879020479 0.184628798958
-0.4 4.39822971503 0.73214245636
-0.4 4.60766922527 1.33885301883
-0.4 4.8171087355 0.702049026487
-0.4 5.02654824574 0.643245165692
-0.4 5.23598775598 1.11217533628
-0.4 5.44542726622 0.177801086848
-0.4 5.65486677646 0.801406121262
-0.4 5.8643062867 0.912170122664
-0.4 6.07374579694 1.30874295181

-0.333333333333 0 0.0783402248197
-0.333333333333 0.209439510239 0.160005540961
-0.333333333333 0.418879020479 0.504128395942
-0.333333333333 0.628318530718 0.547553589441
-0.333333333333 0.837758040957 0.387349646557
-0.333333333333 1.0471975512 0.695862703105
-0.333333333333 1.25663706144 1.75540572209
-0.333333333333 1.46607657168 2.1998933802
-0.333333333333 1.67551608191 0.812132535423
-0.333333333333 1.88495559215 0.161534986074
-0.333333333333 2.09439510239 0.634657575524
-0.333333333333 2.30383461263 2.11773127873
-0.333333333333 2.51327412287 0.154395682267
-0.333333333333 2.72271363311 0.227976452625
-0.333333333333 2.93215314335 0.208419791143
-0.333333333333 3.14159265359 0.226183378941
-0.333333333333 3.35103216383 0.396773339328
-0.333333333333 3.56047167407 0.294852328479
-0.333333333333 3.76991118431 0.11417496012
-0.333333333333 3.97935069455 0.145625823966
-0.333333333333 4.18879020479 0.192761897444
-0.333333333333 4.39822971503 0.594744094808
-0.333333333333 4.60766922527 1.30449608727
-0.333333333333 4.8171087355 0.784831726382
-0.333333333333 5.02654824574 0.581493277836
-0.333333333333 5.23598775598 1.10670600058
-0.333333333333 5.44542726622 0.145339936887
-0.333333333333 5.65486677646 0.893051578897
-0.333333333333 5.8643062867 0.977091511255
-0.333333333333 6.07374579694 1.134412952

-0.266666666667 0 0.0571447410404
-0.266666666667 0.209439510239 0.228497201879
-0.266666666667 0.418879020479 0.743267161795
-0.266666666667 0.628318530718 0.669910408757
-0.266666666667 0.837758040957 0.438776166429
-0.266666666667 1.0471975512 0.612023748099
-0.266666666667 1.25663706144 1.54467958972
-0.266666666667 1.46607657168 2.24062353886
-0.266666666667 1.67551608191 0.975868724856
-0.266666666667 1.88495559215 0.134026799014
-0.266666666667 2.09439510239 0.640560507511
-0.266666666667 2.30383461263 2.0854144054
-0.266666666667 2.51327412287 0.14518531734
-0.266666666667 2.72271363311 0.229754083879
-0.266666666667 2.93215314335 0.214255903015
-0.266666666667 3.14159265359 0.206017234217
-0.266666666667 3.35103216383 0.429728888725
-0.266666666667 3.56047167407 0.258915614958
-0.266666666667 3.76991118431 0.117050722631
-0.266666666667 3.97935069455 0.213689893687
-0.266666666667 4.18879020479 0.241222764897
-0.266666666667 4.39822971503 0.509843796653
-0.266666666667 4.60766922527 1.26514560191
-0.266666666667 4.8171087355 0.842934460693
-0.266666666667 5.02654824574 0.542017461835
-0.266666666667 5.23598775598 1.10232813152
-0.266666666667 5.44542726622 0.120072550993
-0.266666666667 5.65486677646 0.960602061231
-0.266666666667 5.8643062867 1.01203419465
-0.266666666667 6.07374579694 1.00257527136

-0.2 0 0.0490988660147
-0.2 0.209439510239 0.328448928918
-0.2 0.418879020479 0.889270199182
-0.2 0.628318530718 0.7047338472
-0.2 0.837758040957 0.475553236777
-0.2 1.0471975512 0.592810108109
-0.2 1.25663706144 1.37937350793
-0.2 1.46607657168 2.24107824905
-0.2 1.67551608191 1.11795930565
-0.2 1.88495559215 0.114438923639
-0.2 2.09439510239 0.645041145555
-0.2 2.30383461263 2.05523186246
-0.2 2.51327412287 0.141151778356
-0.2 2.72271363311 0.233819332732
-0.2 2.93215314335 0.216290588366
-0.2 3.14159265359 0.195982377722
-0.2 3.35103216383 0.45519814668
-0.2 3.56047167407 0.234203498297
-0.2 3.76991118431 0.145896176526
-0.2 3.97935069455 0.29209137056
-0.2 4.18879020479 0.293824565956
-0.2 4.39822971503 0.461562090304
-0.2 4.60766922527 1.23109873364
-0.2 4.8171087355 0.882482460299
-0.2 5.02654824574 0.517470298538
-0.2 5.23598775598 1.09994686396
-0.2 5.44542726622 0.100454872459
-0.2 5.65486677646 1.00605455593
-0.2 5.8643062867 1.02850636241
-0.2 6.07374579694 0.914379178479

-0.133333333333 0 0.0496613975156
-0.133333333333 0.209439510239 0.42000357955
-0.133333333333 0.418879020479 0.952881824351
-0.133333333333 0.628318530718 0.689353056366
-0.133333333333 0.837758040957 0.497692935143
-0.133333333333 1.0471975512 0.611604245587
-0.133333333333 1.25663706144 1.26197685184
-0.133333333333 1.46607657168 2.22224454765
-0.133333333333 1.67551608191 1.23547528656
-0.133333333333 1.88495559215 0.102152138635
-0.133333333333 2.09439510239 0.645686573837
-0.133333333333 2.30383461263 2.02809992631
-0.133333333333 2.51327412287 0.142179861988
-0.133333333333 2.72271363311 0.239615207428
-0.133333333333 2.93215314335 0.216707851596
-0.133333333333 3.14159265359 0.190779206935
-0.133333333333 3.35103216383 0.474876601783
-0.133333333333 3.56047167407 0.220650291446
-0.133333333333 3.76991118431 0.184508806099
-0.133333333333 3.97935069455 0.360742028645
-0.133333333333 4.18879020479 0.331354723948
-0.133333333333 4.39822971503 0.435633616554
-0.133333333333 4.60766922527 1.20595854071
-0.133333333333 4.8171087355 0.908101232691
-0.133333333333 5.02654824574 0.502441692309
-0.133333333333 5.23598775598 1.10037230372
-0.133333333333 5.44542726622 0.0854730466826
-0.133333333333 5.65486677646 1.03239254136
-0.133333333333 5.8643062867 1.03475286935
-0.133333333333 6.07374579694 0.862357811613

-0.0666666666667 0 0.0562735014928
-0.0666666666667 0.209439510239 0.484117938307
-0.0666666666667 0.418879020479 0.967306083006
-0.0666666666667 0.628318530718 0.661401346439
-0.0666666666667 0.837758040957 0.516520908013
-0.0666666666667 1.0471975512 0.652168480133
-0.0666666666667 1.25663706144 1.18551874567
-0.0666666666667 1.46607657168 2.2011207497
-0.0666666666667 1.67551608191 1.32696629125
-0.0666666666667 1.88495559215 0.0960692393965
-0.0666666666667 2.09439510239 0.641180740285
-0.0666666666667 2.30383461263 2.00408802751
-0.0666666666667 2.51327412287 0.148715385613
-0.0666666666667 2.72271363311 0.246859230486
-0.0666666666667 2.93215314335 0.217037787082
-0.0666666666667 3.14159265359 0.185679525917
-0.0666666666667 3.35103216383 0.491633368281
-0.0666666666667 3.56047167407 0.215239905056
-0.0666666666667 3.76991118431 0.217368901065
-0.0666666666667 3.97935069455 0.405800686995
-0.0666666666667 4.18879020479 0.347223318229
-0.0666666666667 4.39822971503 0.423612671606
-0.0666666666667 4.60766922527 1.19068142558
-0.0666666666667 4.8171087355 0.922279990873
-0.0666666666667 5.02654824574 0.493169344821
-0.0666666666667 5.23598775598 1.10436481423
-0.0666666666667 5.44542726622 0.0745246107394
-0.0666666666667 5.65486677646 1.04258103835
-0.0666666666667 5.8643062867 1.03610498248
-0.0666666666667 6.07374579694 0.837654384861

6.12323399574e-17 0 0.0676855527486
6.12323399574e-17 0.209439510239 0.515470620092
6.12323399574e-17 0.418879020479 0.962291228061
6.12323399574e-17 0.628318530718 0.645512717325
6.12323399574e-17 0.837758040957 0.544355696091
6.12323399574e-17 1.0471975512 0.705615003688
6.12323399574e-17 1.25663706144 1.13976786719
6.12323399574e-17 1.46607657168 2.19126739238
6.12323399574e-17 1.67551608191 1.39085540247
6.12323399574e-17 1.88495559215 0.0951358719714
6.12323399574e-17 2.09439510239 0.630851349954
6.12323399574e-17 2.30383461263 1.98260078008
6.12323399574e-17 2.51327412287 0.16180500895
6.12323399574e-17 2.72271363311 0.255317895939
6.12323399574e-17 2.93215314335 0.218003812358
6.12323399574e-17 3.14159265359 0.177413507079
6.12323399574e-17 3.35103216383 0.507787907233
6.12323399574e-17 3.56047167407 0.215181598904
6.12323399574e-17 3.76991118431 0.23183851927
6.12323399574e-17 3.97935069455 0.418506468249
6.12323399574e-17 4.18879020479 0.341704005829
6.12323399574e-17 4.39822971503 0.422265226025
6.12323399574e-17 4.60766922527 1.18516885978
6.12323399574e-17 4.8171087355 0.92594156441
6.12323399574e-17 5.02654824574 0.487065901854
6.12323399574e-17 5.23598775598 1.11264161643
6.12323399574e-17 5.44542726622 0.0673327025836
6.12323399574e-17 5.65486677646 1.03903247741
6.12323399574e-17 5.8643062867 1.03571119648
6.12323399574e-17 6.07374579694 0.83300955012

0.0666666666667 0 0.083917124239
0.0666666666667 0.209439510239 0.514920104539
0.0666666666667 0.418879020479 0.956064134256
0.0666666666667 0.628318530718 0.654074515179
0.0666666666667 0.837758040957 0.589819264769
0.0666666666667 1.0471975512 0.765659469578
0.0666666666667 1.25663706144 1.11532079416
0.0666666666667 1.46607657168 2.20373777647
0.0666666666667 1.67551608191 1.42408452512
0.0666666666667 1.88495559215 0.09860924986
0.0666666666667 2.09439510239 0.614453650095
0.0666666666667 2.30383461263 1.96247143843
0.0666666666667 2.51327412287 0.183151508551
0.0666666666667 2.72271363311 0.264614582404
0.0666666666667 2.93215314335 0.219371292285
0.0666666666667 3.14159265359 0.164738504547
0.0666666666667 3.35103216383 0.523926561125
0.0666666666667 3.56047167407 0.220656195957
0.0666666666667 3.76991118431 0.219964756258
0.0666666666667 3.97935069455 0.395171119866
0.0666666666667 4.18879020479 0.318863027961
0.0666666666667 4.39822971503 0.431885247796
0.0666666666667 4.60766922527 1.18855808323
0.0666666666667 4.8171087355 0.919211787868
0.0666666666667 5.02654824574 0.482279302879
0.0666666666667 5.23598775598 1.12586977919
0.0666666666667 5.44542726622 0.0638860301453
0.0666666666667 5.65486677646 1.0233584096
0.0666666666667 5.8643062867 1.03516169802
0.0666666666667 6.07374579694 0.843675160328

0.133333333333 0 0.106212512771
0.133333333333 0.209439510239 0.485082968533
0.133333333333 0.418879020479 0.955333686769
0.133333333333 0.628318530718 0.691067974693
0.133333333333 0.837758040957 0.655515225915
0.133333333333 1.0471975512 0.824385383812
0.133333333333 1.25663706144 1.10724757146
0.133333333333 1.46607657168 2.24724278316
0.133333333333 1.67551608191 1.42101012577
0.133333333333 1.88495559215 0.106171391961
0.133333333333 2.09439510239 0.592120600124
0.133333333333 2.30383461263 1.94199430969
0.133333333333 2.51327412287 0.215168432025
0.133333333333 2.72271363311 0.274066964706
0.133333333333 2.93215314335 0.219702384269
0.133333333333 3.14159265359 0.14920222215
0.133333333333 3.35103216383 0.537548629012
0.133333333333 3.56047167407 0.237188258894
0.133333333333 3.76991118431 0.182193150313
0.133333333333 3.97935069455 0.339271018276
0.133333333333 4.18879020479 0.286132930311
0.133333333333 4.39822971503 0.454775584617
0.133333333333 4.60766922527 1.1990313904
0.133333333333 4.8171087355 0.902063889327
0.133333333333 5.02654824574 0.477385391026
0.133333333333 5.23598775598 1.14463825264
0.133333333333 5.44542726622 0.0643984919249
0.133333333333 5.65486677646 0.996286428929
0.133333333333 5.8643062867 1.03485718563
0.133333333333 6.07374579694 0.8675248637

0.2 0 0.136874381133
0.2 0.209439510239 0.42911371452
0.2 0.418879020479 0.957161633004
0.2 0.628318530718 0.754042374355
0.2 0.837758040957 0.736400696397
0.2 1.0471975512 0.870815740565
0.2 1.25663706144 1.12003407917
0.2 1.46607657168 2.32574364302
0.2 1.67551608191 1.37298352381
0.2 1.88495559215 0.117884395509
0.2 2.09439510239 0.564435999174
0.2 2.30383461263 1.91892020318
0.2 2.51327412287 0.261000349285
0.2 2.72271363311 0.282563600306
0.2 2.93215314335 0.216031927139
0.2 3.14159265359 0.136342136433
0.2 3.35103216383 0.541152296737
0.2 3.56047167407 0.276744477078
0.2 3.76991118431 0.133412858994
0.2 3.97935069455 0.265046986636
0.2 4.18879020479 0.254859904223
0.2 4.39822971503 0.493773508092
0.2 4.60766922527 1.21359661436
0.2 4.8171087355 0.874801565952
0.2 5.02654824574 0.471261071199
0.2 5.23598775598 1.16939265925
0.2 5.44542726622 0.0692823572093
0.2 5.65486677646 0.957678596435
0.2 5.8643062867 1.03410016178
0.2 6.07374579694 0.904934697475

0.266666666667 0 0.179145306928
0.266666666667 0.209439510239 0.35173456388
0.266666666667 0.418879020479 0.951076350988
0.266666666667 0.628318530718 0.834098636098
0.266666666667 0.837758040957 0.820100655049
0.266666666667 1.0471975512 0.896169184309
0.266666666667 1.25663706144 1.17367794148
0.266666666667 1.46607657168 2.43089997798
0.266666666667 1.67551608191 1.26974102959
0.266666666667 1.88495559215 0.133886628282
0.266666666667 2.09439510239 0.532611315641
0.266666666667 2.30383461263 1.89044311933
0.266666666667 2.51327412287 0.324444586616
0.266666666667 2.72271363311 0.288520653082
0.266666666667 2.93215314335 0.203690206642
0.266666666667 3.14159265359 0.136931785821
0.266666666667 3.35103216383 0.520480411764
0.266666666667 3.56047167407 0.354016321175
0.266666666667 3.76991118431 0.107436030407
0.266666666667 3.97935069455 0.199774516895
0.266666666667 4.18879020479 0.239535516343
0.266666666667 4.39822971503 0.5504843625
0.266666666667 4.60766922527 1.22812483975
0.266666666667 4.8171087355 0.838363461524
0.266666666667 5.02654824574 0.463196937068
0.266666666667 5.23598775598 1.20031220801
0.266666666667 5.44542726622 0.0791292639615
0.266666666667 5.65486677646 0.906633744162
0.266666666667 5.8643062867 1.03092255998
0.266666666667 6.07374579694 0.958525235993

0.333333333333 0 0.237620406953
0.333333333333 0.209439510239 0.261208646154
0.333333333333 0.418879020479 0.922532564034
0.333333333333 0.628318530718 0.916961008895
0.333333333333 0.837758040957 0.893618613416
0.333333333333 1.0471975512 0.90963100875
0.333333333333 1.25663706144 1.30463592769
0.333333333333 1.46607657168 2.5274050361
0.333333333333 1.67551608191 1.10459030378
0.333333333333 1.88495559215 0.153640223872
0.333333333333 2.09439510239 0.498760260369
0.333333333333 2.30383461263 1.85321147496
0.333333333333 2.51327412287 0.409661708467
0.333333333333 2.72271363311 0.289999196531
0.333333333333 2.93215314335 0.176926452286
0.333333333333 3.14159265359 0.166504042757
0.333333333333 3.35103216383 0.456238098158
0.333333333333 3.56047167407 0.471736576905
0.333333333333 3.76991118431 0.149382030448
0.333333333333 3.97935069455 0.178533878865
0.333333333333 4.18879020479 0.253229563955
0.333333333333 4.39822971503 0.623539067372
0.333333333333 4.60766922527 1.23784956679
0.333333333333 4.8171087355 0.794330932297
0.333333333333 5.02654824574 0.453338161915
0.333333333333 5.23598775598 1.23710755893
0.333333333333 5.44542726622 0.0946925049612
0.333333333333 5.65486677646 0.841694736112
0.333333333333 5.8643062867 1.02168843287
0.333333333333 6.07374579694 1.03244525522

0.4 0 0.32003968073
0.4 0.209439510239 0.170640776007
0.4 0.418879020479 0.858692029346
0.4 0.628318530718 0.988905099807
0.4 0.837758040957 0.960146201858
0.4 1.0471975512 0.958751265931
0.4 1.25663706144 1.54398064526
0.4 1.46607657168 2.53550526447
0.4 1.67551608191 0.885531170252
0.4 1.88495559215 0.174548328869
0.4 2.09439510239 0.46626633711
0.4 2.30383461263 1.80341875585
0.4 2.51327412287 0.520480079965
0.4 2.72271363311 0.285085377044
0.4 2.93215314335 0.131718133418
0.4 3.14159265359 0.239081353011
0.4 3.35103216383 0.336411630521
0.4 3.56047167407 0.593298682477
0.4 3.76991118431 0.282356236376
0.4 3.97935069455 0.22380598072
0.4 4.18879020479 0.298598514777
0.4 4.39822971503 0.708506264791
0.4 4.60766922527 1.2382767061
0.4 4.8171087355 0.744406182521
0.4 5.02654824574 0.443564499444
0.4 5.23598775598 1.27871854793
0.4 5.44542726622 0.116863005536
0.4 5.65486677646 0.761220771819
0.4 5.8643062867 1.00056048366
0.4 6.07374579694 1.13042408604

0.466666666667 0 0.441148126562
0.466666666667 0.209439510239 0.09781835659
0.466666666667 0.418879020479 0.753444688145
0.466666666667 0.628318530718 1.04467424542
0.466666666667 0.837758040957 1.05508181019
0.466666666667 1.0471975512 1.1210918093
0.466666666667 1.25663706144 1.85068640093
0.466666666667 1.46607657168 2.33343783004
0.466666666667 1.67551608191 0.651062085968
0.466666666667 1.88495559215 0.190160069747
0.466666666667 2.09439510239 0.440237874959
0.466666666667 2.30383461263 1.73706008203
0.466666666667 2.51327412287 0.658968005063
0.466666666667 2.72271363311 0.272582792421
0.466666666667 2.93215314335 0.0729092407789
0.466666666667 3.14159265359 0.349629584572
0.466666666667 3.35103216383 0.18561516724
0.466666666667 3.56047167407 0.625300484729
0.466666666667 3.76991118431 0.452341772739
0.466666666667 3.97935069455 0.312043811345
0.466666666667 4.18879020479 0.360997782719
0.466666666667 4.39822971503 0.801987823906
0.466666666667 4.60766922527 1.22578527065
0.466666666667 4.8171087355 0.689201841162
0.466666666667 5.02654824574 0.438859297337
0.466666666667 5.23598775598 1.32289940313
0.466666666667 5.44542726622 0.146627620703
0.466666666667 5.65486677646 0.66402657984
0.466666666667 5.8643062867 0.959057439335
0.466666666667 6.07374579694 1.25135864622

0.533333333333 0 0.626775140799
0.533333333333 0.209439510239 0.0675195646839
0.533333333333 0.418879020479 0.604081382037
0.533333333333 0.628318530718 1.07640645302
0.533333333333 0.837758040957 1.21630890242
0.533333333333 1.0471975512 1.40802879904
0.533333333333 1.25663706144 2.02228208992
0.533333333333 1.46607657168 1.82892111332
0.533333333333 1.67551608191 0.477397772365
0.533333333333 1.88495559215 0.189655826417
0.533333333333 2.09439510239 0.428071612711
0.533333333333 2.30383461263 1.65048344319
0.533333333333 2.51327412287 0.822730849989
0.533333333333 2.72271363311 0.252855118702
0.533333333333 2.93215314335 0.0268288064014
0.533333333333 3.14159265359 0.447181207339
0.533333333333 3.35103216383 0.0957719365537
0.533333333333 3.56047167407 0.473538590512
0.533333333333 3.76991118431 0.511830824842
0.533333333333 3.97935069455 0.362617500187
0.533333333333 4.18879020479 0.42199510923
0.533333333333 4.39822971503 0.909508501834
0.533333333333 4.60766922527 1.19623069083
0.533333333333 4.8171087355 0.626779454181
0.533333333333 5.02654824574 0.448958272856
0.533333333333 5.23598775598 1.36569248974
0.533333333333 5.44542726622 0.184994066267
0.533333333333 5.65486677646 0.550431870351
0.533333333333 5.8643062867 0.886194425514
0.533333333333 6.07374579694 1.38114075175

0.6 0 0.908153264017
0.6 0.209439510239 0.128139270676
0.6 0.418879020479 0.406030813191
0.6 0.628318530718 1.0183200277
0.6 0.837758040957 1.35574190714
0.6 1.0471975512 1.59153894285
0.6 1.25663706144 1.73774689128
0.6 1.46607657168 1.12826026473
0.6 1.67551608191 0.442761637893
0.6 1.88495559215 0.163762136124
0.6 2.09439510239 0.44029546679
0.6 2.30383461263 1.54141269573
0.6 2.51327412287 1.00006810308
0.6 2.72271363311 0.228383285504
0.6 2.93215314335 0.0521567673022
0.6 3.14159265359 0.432651315131
0.6 3.35103216383 0.188286887749
0.6 3.56047167407 0.213174203541
0.6 3.76991118431 0.359178833977
0.6 3.97935069455 0.322443219636
0.6 4.18879020479 0.508114345914
0.6 4.39822971503 1.04542760986
0.6 4.60766922527 1.13988977912
0.6 4.8171087355 0.552904655079
0.6 5.02654824574 0.489428846366
0.6 5.23598775598 1.40083325774
0.6 5.44542726622 0.232859225594
0.6 5.65486677646 0.423890860516
0.6 5.8643062867 0.770165206039
0.6 6.07374579694 1.48099322005

0.666666666667 0 1.28257067853
0.666666666667 0.209439510239 0.383326588722
0.666666666667 0.418879020479 0.20781202959
0.666666666667 0.628318530718 0.726888778742
0.666666666667 0.837758040957 1.15523168488
0.666666666667 1.0471975512 1.24564683487
0.666666666667 1.25663706144 0.957079084606
0.666666666667 1.46607657168 0.643454912625
0.666666666667 1.67551608191 0.518011878944
0.666666666667 1.88495559215 0.126516879472
0.666666666667 2.09439510239 0.492233093452
0.666666666667 2.30383461263 1.41057067761
0.666666666667 2.51327412287 1.16195952066
0.666666666667 2.72271363311 0.204223276508
0.666666666667 2.93215314335 0.217069788337
0.666666666667 3.14159265359 0.262953889523
0.666666666667 3.35103216383 0.436910097994
0.666666666667 3.56047167407 0.18295711701
0.666666666667 3.76991118431 0.215205362483
0.666666666667 3.97935069455 0.343985113008
0.666666666667 4.18879020479 0.723849415436
0.666666666667 4.39822971503 1.19919485121
0.666666666667 4.60766922527 1.03529763059
0.666666666667 4.8171087355 0.467304568409
0.666666666667 5.02654824574 0.580118740605
0.666666666667 5.23598775598 1.41919204978
0.666666666667 5.44542726622 0.290788250778
0.666666666667 5.65486677646 0.29335087364
0.666666666667 5.8643062867 0.603151595056
0.666666666667 6.07374579694 1.47821223999

0.733333333333 0 1.61783274253
0.733333333333 0.209439510239 0.949497825764
0.733333333333 0.418879020479 0.28559450761
0.733333333333 0.628318530718 0.297407796909
0.733333333333 0.837758040957 0.500125722871
0.733333333333 1.0471975512 0.464032170287
0.733333333333 1.25663706144 0.394337149266
0.733333333333 1.46607657168 0.710679570303
0.733333333333 1.67551608191 0.484298965258
0.733333333333 1.88495559215 0.154849327826
0.733333333333 2.09439510239 0.606374453424
0.733333333333 2.30383461263 1.26362959934
0.733333333333 2.51327412287 1.25225907188
0.733333333333 2.72271363311 0.192541654337
0.733333333333 2.93215314335 0.487398628325
0.733333333333 3.14159265359 0.153249573916
0.733333333333 3.35103216383 0.560601132193
0.733333333333 3.56047167407 0.576791521712
0.733333333333 3.76991118431 0.533690358254
0.733333333333 3.97935069455 0.726965588246
0.733333333333 4.18879020479 1.10556363314
0.733333333333 4.39822971503 1.26745107613
0.733333333333 4.60766922527 0.855772705694
0.733333333333 4.8171087355 0.390958517548
0.733333333333 5.02654824574 0.73717484476
0.733333333333 5.23598775598 1.40848897264
0.733333333333 5.44542726622 0.358668435508
0.733333333333 5.65486677646 0.176326314042
0.733333333333 5.8643062867 0.391341563668
0.733333333333 6.07374579694 1.27776828132

0.8 0 1.57036556967
0.8 0.209439510239 1.61110798967
0.8 0.418879020479 1.03025080443
0.8 0.628318530718 0.550792208428
0.8 0.837758040957 0.390854424054
0.8 1.0471975512 0.450291113856
0.8 1.25663706144 0.753715675324
0.8 1.46607657168 0.828101722197
0.8 1.67551608191 0.217949486762
0.8 1.88495559215 0.391935724333
0.8 2.09439510239 0.80378156218
0.8 2.30383461263 1.11188558114
0.8 2.51327412287 1.19439701677
0.8 2.72271363311 0.229706283633
0.8 2.93215314335 0.596002541006
0.8 3.14159265359 0.415906241471
0.8 3.35103216383 0.48670993761
0.8 3.56047167407 0.874365921541
0.8 3.76991118431 1.07989453068
0.8 3.97935069455 1.2349413877
0.8 4.18879020479 1.3067345508
0.8 4.39822971503 1.07426545069
0.8 4.60766922527 0.612406697653
0.8 4.8171087355 0.391237737974
0.8 5.02654824574 0.953611699472
0.8 5.23598775598 1.35370605651
0.8 5.44542726622 0.435214547919
0.8 5.65486677646 0.102191868826
0.8 5.8643062867 0.171487724938
0.8 6.07374579694 0.829711009291

0.866666666667 0 0.847053288235
0.866666666667 0.209439510239 1.40514474672
0.866666666667 0.418879020479 1.59641402745
0.866666666667 0.628318530718 1.46253987246
0.866666666667 0.837758040957 1.27544232358
0.866666666667 1.0471975512 1.1292428319
0.866666666667 1.25663706144 0.848600190516
0.866666666667 1.46607657168 0.326736184721
0.866666666667 1.67551608191 0.229372111941
0.866666666667 1.88495559215 0.8648557953
0.866666666667 2.09439510239 1.03141818373
0.866666666667 2.30383461263 0.968068010776
0.866666666667 2.51327412287 0.977327762805
0.866666666667 2.72271363311 0.384399060336
0.866666666667 2.93215314335 0.367117527071
0.866666666667 3.14159265359 0.61535452734
0.866666666667 3.35103216383 0.594869527675
0.866666666667 3.56047167407 0.731690841829
0.866666666667 3.76991118431 0.944649153477
0.866666666667 3.97935069455 1.02728449427
0.866666666667 4.18879020479 0.914455885963
0.866666666667 4.39822971503 0.653161464283
0.866666666667 4.60766922527 0.436321047971
0.866666666667 4.8171087355 0.579695199016
0.866666666667 5.02654824574 1.16632233596
0.866666666667 5.23598775598 1.23879908774
0.866666666667 5.44542726622 0.517409912404
0.866666666667 5.65486677646 0.114081925363
0.866666666667 5.8643062867 0.030466458245
0.866666666667 6.07374579694 0.276818659321

0.933333333333 0 0.109652122842
0.933333333333 0.209439510239 0.229734110755
0.933333333333 0.418879020479 0.370752413973
0.933333333333 0.628318530718 0.442573152228
0.933333333333 0.837758040957 0.396699714189
0.933333333333 1.0471975512 0.2757710391
0.933333333333 1.25663706144 0.225678320916
0.933333333333 1.46607657168 0.434220499858
0.933333333333 1.67551608191 0.870337966647
0.933333333333 1.88495559215 1.14819328619
0.933333333333 2.09439510239 1.03493066436
0.933333333333 2.30383461263 0.837950705203
0.933333333333 2.51327412287 0.793576163172
0.933333333333 2.72271363311 0.669389939673
0.933333333333 2.93215314335 0.441301820041
0.933333333333 3.14159265359 0.359980369158
0.933333333333 3.35103216383 0.406561065377
0.933333333333 3.56047167407 0.459073768058
0.933333333333 3.76991118431 0.485952311059
0.933333333333 3.97935069455 0.481433509919
0.933333333333 4.18879020479 0.457823397282
0.933333333333 4.39822971503 0.477855817656
0.933333333333 4.60766922527 0.642836397146
0.933333333333 4.8171087355 0.9737924266
0.933333333333 5.02654824574 1.22080305524
0.933333333333 5.23598775598 1.04884037241
0.933333333333 5.44542726622 0.600537970214
0.933333333333 5.65486677646 0.266443618145
0.933333333333 5.8643062867 0.110509694582
0.933333333333 6.07374579694 0.0646611411269

