-1 0 0.228107507518
-1 0.209439510239 0.228107507517
-1 0.418879020479 0.228107507517
-1 0.628318530718 0.228107507517
-1 0.837758040957 0.228107507517
-1 1.0471975512 0.228107507517
-1 1.25663706144 0.228107507517
-1 1.46607657168 0.228107507517
-1 1.67551608191 0.228107507518
-1 1.88495559215 0.228107507517
-1 2.09439510239 0.228107507517
-1 2.30383461263 0.228107507517
-1 2.51327412287 0.228107507517
-1 2.72271363311 0.228107507517
-1 2.93215314335 0.228107507517
-1 3.14159265359 0.228107507518
-1 3.35103216383 0.228107507517
-1 3.56047167407 0.228107507517
-1 3.76991118431 0.228107507517
-1 3.97935069455 0.228107507517
-1 4.18879020479 0.228107507517
-1 4.39822971503 0.228107507517
-1 4.60766922527 0.228107507517
-1 4.8171087355 0.228107507518
-1 5.02654824574 0.228107507517
-1 5.23598775598 0.228107507517
-1 5.44542726622 0.228107507517
-1 5.65486677646 0.228107507517
-1 5.8643062867 0.228107507517
-1 6.07374579694 0.228107507517

-0.933333333333 0 0.109653356628
-0.933333333333 0.209439510239 0.182051357871
-0.933333333333 0.418879020479 0.234043424246
-0.933333333333 0.628318530718 0.243699333827
-0.933333333333 0.837758040957 0.218248030298
-0.933333333333 1.0471975512 0.17467526272
-0.933333333333 1.25663706144 0.129200040633
-0.933333333333 1.46607657168 0.0877731026643
-0.933333333333 1.67551608191 0.0744307533888
-0.933333333333 1.88495559215 0.17377701208
-0.933333333333 2.09439510239 0.340753695541
-0.933333333333 2.30383461263 0.295691381785
-0.933333333333 2.51327412287 0.0849840880822
-0.933333333333 2.72271363311 0.0133512011098
-0.933333333333 2.93215314335 0.0281196288896
-0.933333333333 3.14159265359 0.0199087393721
-0.933333333333 3.35103216383 0.0246378162688
-0.933333333333 3.56047167407 0.0496532556521
-0.933333333333 3.76991118431 0.0673951524955
-0.933333333333 3.97935069455 0.0672401656395
-0.933333333333 4.18879020479 0.0545545941585
-0.933333333333 4.39822971503 0.0358972681593
-0.933333333333 4.60766922527 0.0197030272254
-0.933333333333 4.8171087355 0.0333561942249
-0.933333333333 5.02654824574 0.114349999768
-0.933333333333 5.23598775598 0.204877064123
-0.933333333333 5.44542726622 0.17852899288
-0.933333333333 5.65486677646 0.0813021247975
-0.933333333333 5.8643062867 0.0457555661465
-0.933333333333 6.07374579694 0.0596152378257

-0.866666666667 0 0.224177956615
-0.866666666667 0.209439510239 0.325546781853
-0.866666666667 0.418879020479 0.379638732022
-0.866666666667 0.628318530718 0.399055116828
-0.866666666667 0.837758040957 0.387685074855
-0.866666666667 1.0471975512 0.311055357697
-0.866666666667 1.25663706144 0.168120366767
-0.866666666667 1.46607657168 0.0756363268392
-0.866666666667 1.67551608191 0.101635080374
-0.866666666667 1.88495559215 0.0942437909707
-0.866666666667 2.09439510239 0.216780375946
-0.866666666667 2.30383461263 0.279095971987
-0.866666666667 2.51327412287 0.0670859547631
-0.866666666667 2.72271363311 0.0505982822545
-0.866666666667 2.93215314335 0.00899349975715
-0.866666666667 3.14159265359 0.0413931842773
-0.866666666667 3.35103216383 0.150783021519
-0.866666666667 3.56047167407 0.200076391223
-0.866666666667 3.76991118431 0.188308955185
-0.866666666667 3.97935069455 0.156647829439
-0.866666666667 4.18879020479 0.122759446882
-0.866666666667 4.39822971503 0.0872916533344
-0.866666666667 4.60766922527 0.0526248346754
-0.866666666667 4.8171087355 0.0495219786863
-0.866666666667 5.02654824574 0.0809092076253
-0.866666666667 5.23598775598 0.115332941436
-0.866666666667 5.44542726622 0.0948558355628
-0.866666666667 5.65486677646 0.0343991242807
-0.866666666667 5.8643062867 0.137610655686
-0.866666666667 6.07374579694 0.164591159828

-0.8 0 0.290056683906
-0.8 0.209439510239 0.345175295667
-0.8 0.418879020479 0.348827321248
-0.8 0.628318530718 0.385852437255
-0.8 0.837758040957 0.45652107003
-0.8 1.0471975512 0.499499152244
-0.8 1.25663706144 0.398795960494
-0.8 1.46607657168 0.13337524648
-0.8 1.67551608191 0.0439933237481
-0.8 1.88495559215 0.135639606372
-0.8 2.09439510239 0.126337424556
-0.8 2.30383461263 0.235546499242
-0.8 2.51327412287 0.083279062724
-0.8 2.72271363311 0.0747984695096
-0.8 2.93215314335 0.0046056542979
-0.8 3.14159265359 0.156446711837
-0.8 3.35103216383 0.274344845055
-0.8 3.56047167407 0.267490581259
-0.8 3.76991118431 0.218184080353
-0.8 3.97935069455 0.193648002037
-0.8 4.18879020479 0.183346652347
-0.8 4.39822971503 0.150004339061
-0.8 4.60766922527 0.0817854269127
-0.8 4.8171087355 0.043528675889
-0.8 5.02654824574 0.171987966964
-0.8 5.23598775598 0.105058930531
-0.8 5.44542726622 0.0560647341311
-0.8 5.65486677646 0.0781854794762
-0.8 5.8643062867 0.190783873476
-0.8 6.07374579694 0.150453286862

-0.733333333333 0 0.300201318516
-0.733333333333 0.209439510239 0.227603253446
-0.733333333333 0.418879020479 0.212176208004
-0.733333333333 0.628318530718 0.224885803771
-0.733333333333 0.837758040957 0.309281481216
-0.733333333333 1.0471975512 0.439393583723
-0.733333333333 1.25663706144 0.490927965899
-0.733333333333 1.46607657168 0.302609166192
-0.733333333333 1.67551608191 0.0170868611821
-0.733333333333 1.88495559215 0.150634843139
-0.733333333333 2.09439510239 0.094855091804
-0.733333333333 2.30383461263 0.187431826694
-0.733333333333 2.51327412287 0.10847494911
-0.733333333333 2.72271363311 0.0751752105208
-0.733333333333 2.93215314335 0.0456328582477
-0.733333333333 3.14159265359 0.255869129172
-0.733333333333 3.35103216383 0.318198421941
-0.733333333333 3.56047167407 0.224132560181
-0.733333333333 3.76991118431 0.153139689948
-0.733333333333 3.97935069455 0.157163173138
-0.733333333333 4.18879020479 0.199875756158
-0.733333333333 4.39822971503 0.208488390114
-0.733333333333 4.60766922527 0.121755588726
-0.733333333333 4.8171087355 0.0307802128575
-0.733333333333 5.02654824574 0.19544034473
-0.733333333333 5.23598775598 0.148709192893
-0.733333333333 5.44542726622 0.0655798881115
-0.733333333333 5.65486677646 0.129964910713
-0.733333333333 5.8643062867 0.14940193769
-0.733333333333 6.07374579694 0.169727516931

-0.666666666667 0 0.2125810577
-0.666666666667 0.209439510239 0.154535759382
-0.666666666667 0.418879020479 0.121749699473
-0.666666666667 0.628318530718 0.0841302906636
-0.666666666667 0.837758040957 0.148656255473
-0.666666666667 1.0471975512 0.308896255992
-0.666666666667 1.25663706144 0.445426305659
-0.666666666667 1.46607657168 0.384356871257
-0.666666666667 1.67551608191 0.0687171302605
-0.666666666667 1.88495559215 0.121227045808
-0.666666666667 2.09439510239 0.102542457589
-0.666666666667 2.30383461263 0.144649575531
-0.666666666667 2.51327412287 0.132757307366
-0.666666666667 2.72271363311 0.06580969598
-0.666666666667 2.93215314335 0.108527019734
-0.666666666667 3.14159265359 0.313960646192
-0.666666666667 3.35103216383 0.286457002031
-0.666666666667 3.56047167407 0.130967136974
-0.666666666667 3.76991118431 0.0781926830419
-0.666666666667 3.97935069455 0.0920528521096
-0.666666666667 4.18879020479 0.153378301719
-0.666666666667 4.39822971503 0.242927834628
-0.666666666667 4.60766922527 0.16797959292
-0.666666666667 4.8171087355 0.044609003717
-0.666666666667 5.02654824574 0.177077522736
-0.666666666667 5.23598775598 0.189472093037
-0.666666666667 5.44542726622 0.0932875166295
-0.666666666667 5.65486677646 0.154638646704
-0.666666666667 5.8643062867 0.0919328368329
-0.666666666667 6.07374579694 0.224681041145

-0.6 0 0.124103351818
-0.6 0.209439510239 0.159871267799
-0.6 0.418879020479 0.0564660702568
-0.6 0.628318530718 0.0321723486119
-0.6 0.837758040957 0.0771882212158
-0.6 1.0471975512 0.212532970021
-0.6 1.25663706144 0.401540054702
-0.6 1.46607657168 0.381066750782
-0.6 1.67551608191 0.142270143176
-0.6 1.88495559215 0.0769802731458
-0.6 2.09439510239 0.127053706642
-0.6 2.30383461263 0.110606906714
-0.6 2.51327412287 0.152607659229
-0.6 2.72271363311 0.0568705422523
-0.6 2.93215314335 0.168878851192
-0.6 3.14159265359 0.33664349719
-0.6 3.35103216383 0.215437634114
-0.6 3.56047167407 0.0601018257155
-0.6 3.76991118431 0.0337747575627
-0.6 3.97935069455 0.0364034748384
-0.6 4.18879020479 0.0697403725789
-0.6 4.39822971503 0.209342959256
-0.6 4.60766922527 0.2340783194
-0.6 4.8171087355 0.0563008887394
-0.6 5.02654824574 0.177852117148
-0.6 5.23598775598 0.211953876035
-0.6 5.44542726622 0.120393769547
-0.6 5.65486677646 0.155558404413
-0.6 5.8643062867 0.0589957365851
-0.6 6.07374579694 0.257477287196

-0.533333333333 0 0.0882223665114
-0.533333333333 0.209439510239 0.16890987531
-0.533333333333 0.418879020479 0.0234487133607
-0.533333333333 0.628318530718 0.0851437858498
-0.533333333333 0.837758040957 0.114992314905
-0.533333333333 1.0471975512 0.173522751122
-0.533333333333 1.25663706144 0.385291825638
-0.533333333333 1.46607657168 0.369716157745
-0.533333333333 1.67551608191 0.191452077217
-0.533333333333 1.88495559215 0.0416955219657
-0.533333333333 2.09439510239 0.153514562134
-0.533333333333 2.30383461263 0.0855048466394
-0.533333333333 2.51327412287 0.167322248799
-0.533333333333 2.72271363311 0.0525980382663
-0.533333333333 2.93215314335 0.216355656895
-0.533333333333 3.14159265359 0.331398002407
-0.533333333333 3.35103216383 0.144512216089
-0.533333333333 3.56047167407 0.0253314549926
-0.533333333333 3.76991118431 0.0162114628187
-0.533333333333 3.97935069455 0.0175704149176
-0.533333333333 4.18879020479 0.0104940919416
-0.533333333333 4.39822971503 0.116832418332
-0.533333333333 4.60766922527 0.280119739264
-0.533333333333 4.8171087355 0.0626812917164
-0.533333333333 5.02654824574 0.204361405093
-0.533333333333 5.23598775598 0.221607290653
-0.533333333333 5.44542726622 0.141124159421
-0.533333333333 5.65486677646 0.143875714438
-0.533333333333 5.8643062867 0.050674423263
-0.533333333333 6.07374579694 0.253199837771

-0.466666666667 0 0.0951740179013
-0.466666666667 0.209439510239 0.153286255815
-0.466666666667 0.418879020479 0.0308751530719
-0.466666666667 0.628318530718 0.179872037804
-0.466666666667 0.837758040957 0.208220933258
-0.466666666667 1.0471975512 0.184795374658
-0.466666666667 1.25663706144 0.377700888457
-0.466666666667 1.46607657168 0.385770409834
-0.466666666667 1.67551608191 0.207886406214
-0.466666666667 1.88495559215 0.0238707698929
-0.466666666667 2.09439510239 0.17455129455
-0.466666666667 2.30383461263 0.0681367140677
-0.466666666667 2.51327412287 0.177359811401
-0.466666666667 2.72271363311 0.0535402975192
-0.466666666667 2.93215314335 0.250075348141
-0.466666666667 3.14159265359 0.309243544232
-0.466666666667 3.35103216383 0.0916712867476
-0.466666666667 3.56047167407 0.0148662236031
-0.466666666667 3.76991118431 0.0191054592415
-0.466666666667 3.97935069455 0.0448155805532
-0.466666666667 4.18879020479 0.0241933424442
-0.466666666667 4.39822971503 0.0310221737248
-0.466666666667 4.60766922527 0.278924410206
-0.466666666667 4.8171087355 0.0731744424934
-0.466666666667 5.02654824574 0.239616062515
-0.466666666667 5.23598775598 0.225918350492
-0.466666666667 5.44542726622 0.155535806315
-0.466666666667 5.65486677646 0.127690440415
-0.466666666667 5.8643062867 0.0564537260407
-0.466666666667 6.07374579694 0.22700835499

-0.4 0 0.118641752874
-0.4 0.209439510239 0.127752207313
-0.4 0.418879020479 0.0543622655487
-0.4 0.628318530718 0.24486486255
-0.4 0.837758040957 0.288371611547
-0.4 1.0471975512 0.222497871773
-0.4 1.25663706144 0.367164841926
-0.4 1.46607657168 0.423685190286
-0.4 1.67551608191 0.203038533743
-0.4 1.88495559215 0.0218932486338
-0.4 2.09439510239 0.187859265071
-0.4 2.30383461263 0.0568383894889
-0.4 2.51327412287 0.18356184307
-0.4 2.72271363311 0.0585610054598
-0.4 2.93215314335 0.272552955335
-0.4 3.14159265359 0.280842861099
-0.4 3.35103216383 0.0595707389551
-0.4 3.56047167407 0.0159748172685
-0.4 3.76991118431 0.0351498715937
-0.4 3.97935069455 0.0993303484432
-0.4 4.18879020479 0.0966088117726
-0.4 4.39822971503 0.00617450995342
-0.4 4.60766922527 0.240168069995
-0.4 4.8171087355 0.0901443768312
-0.4 5.02654824574 0.269714047739
-0.4 5.23598775598 0.229145511953
-0.4 5.44542726622 0.165317551633
-0.4 5.65486677646 0.1113631605
-0.4 5.8643062867 0.0676541090328
-0.4 6.07374579694 0.19563377584

-0.333333333333 0 0.141122104909
-0.333333333333 0.209439510239 0.106512860224
-0.333333333333 0.418879020479 0.0700591666411
-0.333333333333 0.628318530718 0.258876931538
-0.333333333333 0.837758040957 0.324058177657
-0.333333333333 1.0471975512 0.261301104534
-0.333333333333 1.25663706144 0.353338609757
-0.333333333333 1.46607657168 0.466331804839
-0.333333333333 1.67551608191 0.190417306215
-0.333333333333 1.88495559215 0.0302787917366
-0.333333333333 2.09439510239 0.193863227405
-0.333333333333 2.30383461263 0.049959098671
-0.333333333333 2.51327412287 0.186795809061
-0.333333333333 2.72271363311 0.0660389724498
-0.333333333333 2.93215314335 0.286843795823
-0.333333333333 3.14159265359 0.253164402363
-0.333333333333 3.35103216383 0.0440210824283
-0.333333333333 3.56047167407 0.0210588325503
-0.333333333333 3.76991118431 0.0564519113372
-0.333333333333 3.97935069455 0.154726942475
-0.333333333333 4.18879020479 0.183187256658
-0.333333333333 4.39822971503 0.0391841655056
-0.333333333333 4.60766922527 0.189205634507
-0.333333333333 4.8171087355 0.110055667311
-0.333333333333 5.02654824574 0.289270689003
-0.333333333333 5.23598775598 0.232623389144
-0.333333333333 5.44542726622 0.172164695838
-0.333333333333 5.65486677646 0.0968657733148
-0.333333333333 5.8643062867 0.0793473329487
-0.333333333333 6.07374579694 0.168251356862

-0.266666666667 0 0.156443371568
-0.266666666667 0.209439510239 0.0935549082822
-0.266666666667 0.418879020479 0.0718547073472
-0.266666666667 0.628318530718 0.242170117889
-0.266666666667 0.837758040957 0.322354993857
-0.266666666667 1.0471975512 0.287006200201
-0.266666666667 1.25663706144 0.339367819179
-0.266666666667 1.46607657168 0.501568496934
-0.266666666667 1.67551608191 0.178475611137
-0.266666666667 1.88495559215 0.0435051572501
-0.266666666667 2.09439510239 0.194112989551
-0.266666666667 2.30383461263 0.046068553495
-0.266666666667 2.51327412287 0.187807089054
-0.266666666667 2.72271363311 0.0744497308359
-0.266666666667 2.93215314335 0.295725873245
-0.266666666667 3.14159265359 0.229674785555
-0.266666666667 3.35103216383 0.0393762718913
-0.266666666667 3.56047167407 0.026910760649
-0.266666666667 3.76991118431 0.0764201145117
-0.266666666667 3.97935069455 0.193178007122
-0.266666666667 4.18879020479 0.249628744602
-0.266666666667 4.39822971503 0.0971601015239
-0.266666666667 4.60766922527 0.145945942377
-0.266666666667 4.8171087355 0.128865252611
-0.266666666667 5.02654824574 0.29883976539
-0.266666666667 5.23598775598 0.236102019036
-0.266666666667 5.44542726622 0.177325142743
-0.266666666667 5.65486677646 0.0849151888014
-0.266666666667 5.8643062867 0.0893621095472
-0.266666666667 6.07374579694 0.147877564492

-0.2 0 0.164559742273
-0.2 0.209439510239 0.0876864373283
-0.2 0.418879020479 0.0648766596062
-0.2 0.628318530718 0.220454629243
-0.2 0.837758040957 0.303003932434
-0.2 1.0471975512 0.297029384618
-0.2 1.25663706144 0.327756559948
-0.2 1.46607657168 0.525013975945
-0.2 1.67551608191 0.170319502629
-0.2 1.88495559215 0.0575774769581
-0.2 2.09439510239 0.190372851917
-0.2 2.30383461263 0.0440254913834
-0.2 2.51327412287 0.187172607007
-0.2 2.72271363311 0.0825843778518
-0.2 2.93215314335 0.301594357757
-0.2 3.14159265359 0.211648645681
-0.2 3.35103216383 0.0411051705898
-0.2 3.56047167407 0.032772378337
-0.2 3.76991118431 0.0913927283868
-0.2 3.97935069455 0.210073207338
-0.2 4.18879020479 0.283799805012
-0.2 4.39822971503 0.152250643899
-0.2 4.60766922527 0.117708315843
-0.2 4.8171087355 0.144191947791
-0.2 5.02654824574 0.301592052464
-0.2 5.23598775598 0.238760302878
-0.2 5.44542726622 0.181576712081
-0.2 5.65486677646 0.0756477691197
-0.2 5.8643062867 0.0970749465843
-0.2 6.07374579694 0.134422432535

-0.133333333333 0 0.167197983889
-0.133333333333 0.209439510239 0.0868432076866
-0.133333333333 0.418879020479 0.0551251472126
-0.133333333333 0.628318530718 0.206101157146
-0.133333333333 0.837758040957 0.280643162256
-0.133333333333 1.0471975512 0.294303880216
-0.133333333333 1.25663706144 0.31993082983
-0.133333333333 1.46607657168 0.537329092036
-0.133333333333 1.67551608191 0.165696810013
-0.133333333333 1.88495559215 0.0702573889291
-0.133333333333 2.09439510239 0.184190713271
-0.133333333333 2.30383461263 0.0429786727627
-0.133333333333 2.51327412287 0.185303173681
-0.133333333333 2.72271363311 0.0895893965622
-0.133333333333 2.93215314335 0.306504044181
-0.133333333333 3.14159265359 0.19917914012
-0.133333333333 3.35103216383 0.0464254903536
-0.133333333333 3.56047167407 0.0390609442006
-0.133333333333 3.76991118431 0.101151758026
-0.133333333333 3.97935069455 0.210479600274
-0.133333333333 4.18879020479 0.290345344116
-0.133333333333 4.39822971503 0.19156834719
-0.133333333333 4.60766922527 0.102969363931
-0.133333333333 4.8171087355 0.155240987602
-0.133333333333 5.02654824574 0.301157367291
-0.133333333333 5.23598775598 0.239742035301
-0.133333333333 5.44542726622 0.185328682453
-0.133333333333 5.65486677646 0.0689775589468
-0.133333333333 5.8643062867 0.102577619777
-0.133333333333 6.07374579694 0.126749719021

-0.0666666666667 0 0.165860320989
-0.0666666666667 0.209439510239 0.0897152997389
-0.0666666666667 0.418879020479 0.0453012437156
-0.0666666666667 0.628318530718 0.199099072169
-0.0666666666667 0.837758040957 0.261104171834
-0.0666666666667 1.0471975512 0.282487996626
-0.0666666666667 1.25663706144 0.317014946581
-0.0666666666667 1.46607657168 0.541123884201
-0.0666666666667 1.67551608191 0.162939334245
-0.0666666666667 1.88495559215 0.0807407810306
-0.0666666666667 2.09439510239 0.176747489165
-0.0666666666667 2.30383461263 0.0423396483208
-0.0666666666667 2.51327412287 0.182469033295
-0.0666666666667 2.72271363311 0.0949379108013
-0.0666666666667 2.93215314335 0.312203385431
-0.0666666666667 3.14159265359 0.191766908603
-0.0666666666667 3.35103216383 0.0540263278731
-0.0666666666667 3.56047167407 0.0468357824718
-0.0666666666667 3.76991118431 0.108124282208
-0.0666666666667 3.97935069455 0.202823816531
-0.0666666666667 4.18879020479 0.280519255887
-0.0666666666667 4.39822971503 0.21317768827
-0.0666666666667 4.60766922527 0.0972878748742
-0.0666666666667 4.8171087355 0.162113631917
-0.0666666666667 5.02654824574 0.300620911662
-0.0666666666667 5.23598775598 0.23836543395
-0.0666666666667 5.44542726622 0.188735733894
-0.0666666666667 5.65486677646 0.0647769586956
-0.0666666666667 5.8643062867 0.106208485552
-0.0666666666667 6.07374579694 0.12366936996

6.12323399574e-17 0 0.16130103931
6.12323399574e-17 0.209439510239 0.0959189009247
6.12323399574e-17 0.418879020479 0.0354577400514
6.12323399574e-17 0.628318530718 0.193886139155
6.12323399574e-17 0.837758040957 0.244096047758
6.12323399574e-17 1.0471975512 0.264573557193
6.12323399574e-17 1.25663706144 0.320704608872
6.12323399574e-17 1.46607657168 0.538999708609
6.12323399574e-17 1.67551608191 0.160158922805
6.12323399574e-17 1.88495559215 0.0892305292605
6.12323399574e-17 2.09439510239 0.168849455789
6.12323399574e-17 2.30383461263 0.0417482800677
6.12323399574e-17 2.51327412287 0.178837938025
6.12323399574e-17 2.72271363311 0.0983913146241
6.12323399574e-17 2.93215314335 0.320114839929
6.12323399574e-17 3.14159265359 0.188661565379
6.12323399574e-17 3.35103216383 0.0635557849746
6.12323399574e-17 3.56047167407 0.0574972597471
6.12323399574e-17 3.76991118431 0.116023578578
6.12323399574e-17 3.97935069455 0.194391968372
6.12323399574e-17 4.18879020479 0.264508619962
6.12323399574e-17 4.39822971503 0.219942069392
6.12323399574e-17 4.60766922527 0.096883842979
6.12323399574e-17 4.8171087355 0.165185635149
6.12323399574e-17 5.02654824574 0.302240412474
6.12323399574e-17 5.23598775598 0.234164631153
6.12323399574e-17 5.44542726622 0.191789935755
6.12323399574e-17 5.65486677646 0.0629645416896
6.12323399574e-17 5.8643062867 0.108325421095
6.12323399574e-17 6.07374579694 0.124273053611

0.0666666666667 0 0.15363063913
0.0666666666667 0.209439510239 0.105657954743
0.0666666666667 0.418879020479 0.0249274132005
0.0666666666667 0.628318530718 0.184301775941
0.0666666666667 0.837758040957 0.226772195213
0.0666666666667 1.0471975512 0.24397428126
0.0666666666667 1.25663706144 0.333987111972
0.0666666666667 1.46607657168 0.532644779422
0.0666666666667 1.67551608191 0.155743970058
0.0666666666667 1.88495559215 0.0965828515992
0.0666666666667 2.09439510239 0.160983360312
0.0666666666667 2.30383461263 0.041041607294
0.0666666666667 2.51327412287 0.174524894242
0.0666666666667 2.72271363311 0.0999791898803
0.0666666666667 2.93215314335 0.331211539698
0.0666666666667 3.14159265359 0.189108309155
0.0666666666667 3.35103216383 0.075136130455
0.0666666666667 3.56047167407 0.0722750845586
0.0666666666667 3.76991118431 0.128373847463
0.0666666666667 3.97935069455 0.189542170234
0.0666666666667 4.18879020479 0.248379542569
0.0666666666667 4.39822971503 0.215417563488
0.0666666666667 4.60766922527 0.0998526390268
0.0666666666667 4.8171087355 0.164705224207
0.0666666666667 5.02654824574 0.307493815731
0.0666666666667 5.23598775598 0.226868065675
0.0666666666667 5.44542726622 0.194386222229
0.0666666666667 5.65486677646 0.0635451758099
0.0666666666667 5.8643062867 0.109217468792
0.0666666666667 6.07374579694 0.127935330025

0.133333333333 0 0.142672960768
0.133333333333 0.209439510239 0.119197347433
0.133333333333 0.418879020479 0.0139580524453
0.133333333333 0.628318530718 0.165911952525
0.133333333333 0.837758040957 0.206743934048
0.133333333333 1.0471975512 0.227020428069
0.133333333333 1.25663706144 0.361409069176
0.133333333333 1.46607657168 0.522561171238
0.133333333333 1.67551608191 0.148412463811
0.133333333333 1.88495559215 0.104046053794
0.133333333333 2.09439510239 0.153395873353
0.133333333333 2.30383461263 0.0402308693427
0.133333333333 2.51327412287 0.169658273845
0.133333333333 2.72271363311 0.100007235278
0.133333333333 2.93215314335 0.345711896254
0.133333333333 3.14159265359 0.192633074576
0.133333333333 3.35103216383 0.0889434175387
0.133333333333 3.56047167407 0.0912663263488
0.133333333333 3.76991118431 0.146709634407
0.133333333333 3.97935069455 0.189299795258
0.133333333333 4.18879020479 0.234148192521
0.133333333333 4.39822971503 0.202079168669
0.133333333333 4.60766922527 0.106213581809
0.133333333333 4.8171087355 0.16059417105
0.133333333333 5.02654824574 0.317207432701
0.133333333333 5.23598775598 0.21636947258
0.133333333333 5.44542726622 0.196365788399
0.133333333333 5.65486677646 0.066623725729
0.133333333333 5.8643062867 0.10908968055
0.133333333333 6.07374579694 0.134153013847

0.2 0 0.12852652322
0.2 0.209439510239 0.136090766353
0.2 0.418879020479 0.00488849288084
0.2 0.628318530718 0.137383691229
0.2 0.837758040957 0.184899773317
0.2 1.0471975512 0.225667691195
0.2 1.25663706144 0.408048162088
0.2 1.46607657168 0.508099910308
0.2 1.67551608191 0.137092857297
0.2 1.88495559215 0.113021031364
0.2 2.09439510239 0.146187415315
0.2 2.30383461263 0.0394883026409
0.2 2.51327412287 0.164472056626
0.2 2.72271363311 0.0990889463612
0.2 2.93215314335 0.362508086954
0.2 3.14159265359 0.199486416891
0.2 3.35103216383 0.104859007971
0.2 3.56047167407 0.112113095687
0.2 3.76991118431 0.168338071145
0.2 3.97935069455 0.191212572429
0.2 4.18879020479 0.220926259947
0.2 4.39822971503 0.181189002707
0.2 4.60766922527 0.117565798173
0.2 4.8171087355 0.152427638753
0.2 5.02654824574 0.33162767508
0.2 5.23598775598 0.202718022924
0.2 5.44542726622 0.197544437431
0.2 5.65486677646 0.0724002887059
0.2 5.8643062867 0.108084660489
0.2 6.07374579694 0.142298209124

0.266666666667 0 0.112396754982
0.266666666667 0.209439510239 0.15404096844
0.266666666667 0.418879020479 0.00271379152038
0.266666666667 0.628318530718 0.102294337409
0.266666666667 0.837758040957 0.16814536749
0.266666666667 1.0471975512 0.257684825787
0.266666666667 1.25663706144 0.475702564274
0.266666666667 1.46607657168 0.487669702949
0.266666666667 1.67551608191 0.120933454355
0.266666666667 1.88495559215 0.124713038491
0.266666666667 2.09439510239 0.139431095482
0.266666666667 2.30383461263 0.0391438645152
0.266666666667 2.51327412287 0.159436984332
0.266666666667 2.72271363311 0.0981779395413
0.266666666667 2.93215314335 0.378317597031
0.266666666667 3.14159265359 0.21125362236
0.266666666667 3.35103216383 0.122326338508
0.266666666667 3.56047167407 0.12906385051
0.266666666667 3.76991118431 0.184809786782
0.266666666667 3.97935069455 0.189655643981
0.266666666667 4.18879020479 0.206068978743
0.266666666667 4.39822971503 0.153827246225
0.266666666667 4.60766922527 0.136506581803
0.266666666667 4.8171087355 0.139621400408
0.266666666667 5.02654824574 0.350367943172
0.266666666667 5.23598775598 0.186138501352
0.266666666667 5.44542726622 0.197732167224
0.266666666667 5.65486677646 0.0811453160443
0.266666666667 5.8643062867 0.10632226125
0.266666666667 6.07374579694 0.151330741029

0.333333333333 0 0.0976297238121
0.333333333333 0.209439510239 0.167652355449
0.333333333333 0.418879020479 0.0139668568736
0.333333333333 0.628318530718 0.0710332418527
0.333333333333 0.837758040957 0.170125963589
0.333333333333 1.0471975512 0.339195503292
0.333333333333 1.25663706144 0.555006289301
0.333333333333 1.46607657168 0.459154365857
0.333333333333 1.67551608191 0.0998686382885
0.333333333333 1.88495559215 0.139490676889
0.333333333333 2.09439510239 0.133348203008
0.333333333333 2.30383461263 0.0396908502538
0.333333333333 2.51327412287 0.155444208025
0.333333333333 2.72271363311 0.0985406381293
0.333333333333 2.93215314335 0.386822139275
0.333333333333 3.14159265359 0.231246030267
0.333333333333 3.35103216383 0.140803796619
0.333333333333 3.56047167407 0.134146601005
0.333333333333 3.76991118431 0.183873566264
0.333333333333 3.97935069455 0.177907900816
0.333333333333 4.18879020479 0.186113759599
0.333333333333 4.39822971503 0.122979109472
0.333333333333 4.60766922527 0.165528954549
0.333333333333 4.8171087355 0.121915648998
0.333333333333 5.02654824574 0.3721944675
0.333333333333 5.23598775598 0.167084318375
0.333333333333 5.44542726622 0.196749968812
0.333333333333 5.65486677646 0.0931464839958
0.333333333333 5.8643062867 0.103945398126
0.333333333333 6.07374579694 0.159563357072

0.4 0 0.0903567064078
0.4 0.209439510239 0.168486241921
0.4 0.418879020479 0.0419042972624
0.4 0.628318530718 0.0593335895968
0.4 0.837758040957 0.204955671762
0.4 1.0471975512 0.465203227613
0.4 1.25663706144 0.615443873711
0.4 1.46607657168 0.420649774304
0.4 1.67551608191 0.0762777386336
0.4 1.88495559215 0.155761922331
0.4 2.09439510239 0.128595451811
0.4 2.30383461263 0.0417979727396
0.4 2.51327412287 0.154042887047
0.4 2.72271363311 0.101534954058
0.4 2.93215314335 0.378699717302
0.4 3.14159265359 0.263424960049
0.4 3.35103216383 0.161478390862
0.4 3.56047167407 0.122877297719
0.4 3.76991118431 0.157009923213
0.4 3.97935069455 0.152474976478
0.4 4.18879020479 0.158166550403
0.4 4.39822971503 0.0963225793346
0.4 4.60766922527 0.204864677056
0.4 4.8171087355 0.100260875633
0.4 5.02654824574 0.394644743309
0.4 5.23598775598 0.146323299014
0.4 5.44542726622 0.194449063455
0.4 5.65486677646 0.108612117707
0.4 5.8643062867 0.101157596206
0.4 6.07374579694 0.16471444806

0.466666666667 0 0.0982373242891
0.466666666667 0.209439510239 0.14969063422
0.466666666667 0.418879020479 0.07756563493
0.466666666667 0.628318530718 0.0768782858162
0.466666666667 0.837758040957 0.268759863651
0.466666666667 1.0471975512 0.583736887817
0.466666666667 1.25663706144 0.604648037345
0.466666666667 1.46607657168 0.371539155076
0.466666666667 1.67551608191 0.0577767822057
0.466666666667 1.88495559215 0.168390263167
0.466666666667 2.09439510239 0.12674266791
0.466666666667 2.30383461263 0.0463218705107
0.466666666667 2.51327412287 0.157690854613
0.466666666667 2.72271363311 0.107934441505
0.466666666667 2.93215314335 0.34445637253
0.466666666667 3.14159265359 0.307448939555
0.466666666667 3.35103216383 0.190495895704
0.466666666667 3.56047167407 0.104673827276
0.466666666667 3.76991118431 0.110324957133
0.466666666667 3.97935069455 0.117392597188
0.466666666667 4.18879020479 0.123933275386
0.466666666667 4.39822971503 0.0879322967636
0.466666666667 4.60766922527 0.248872853325
0.466666666667 4.8171087355 0.0780784334258
0.466666666667 5.02654824574 0.413543759876
0.466666666667 5.23598775598 0.125048893484
0.466666666667 5.44542726622 0.1907382853
0.466666666667 5.65486677646 0.127510984092
0.466666666667 5.8643062867 0.0982249318669
0.466666666667 6.07374579694 0.164696306335

0.533333333333 0 0.125152943848
0.533333333333 0.209439510239 0.118383942371
0.533333333333 0.418879020479 0.0951306915864
0.533333333333 0.628318530718 0.104328157891
0.533333333333 0.837758040957 0.313412234236
0.533333333333 1.0471975512 0.590092159739
0.533333333333 1.25663706144 0.481818633921
0.533333333333 1.46607657168 0.314617473441
0.533333333333 1.67551608191 0.0588171231087
0.533333333333 1.88495559215 0.167550967573
0.533333333333 2.09439510239 0.130999239639
0.533333333333 2.30383461263 0.0543041080196
0.533333333333 2.51327412287 0.169843063837
0.533333333333 2.72271363311 0.116424248895
0.533333333333 2.93215314335 0.282485522218
0.533333333333 3.14159265359 0.347973848214
0.533333333333 3.35103216383 0.240241368354
0.533333333333 3.56047167407 0.10836887345
0.533333333333 3.76991118431 0.0723813087115
0.533333333333 3.97935069455 0.0873877764049
0.533333333333 4.18879020479 0.0972971872394
0.533333333333 4.39822971503 0.115264543872
0.533333333333 4.60766922527 0.282029252562
0.533333333333 4.8171087355 0.0624732240396
0.533333333333 5.02654824574 0.422681885565
0.533333333333 5.23598775598 0.104997557297
0.533333333333 5.44542726622 0.185626826212
0.533333333333 5.65486677646 0.149327765568
0.533333333333 5.8643062867 0.0953916818588
0.533333333333 6.07374579694 0.159661276358

0.6 0 0.161656543497
0.6 0.209439510239 0.108354371138
0.6 0.418879020479 0.0760200602718
0.6 0.628318530718 0.0876411732682
0.6 0.837758040957 0.249838329675
0.6 1.0471975512 0.398935810584
0.6 1.25663706144 0.295482583069
0.6 1.46607657168 0.262996415284
0.6 1.67551608191 0.0934695752303
0.6 1.88495559215 0.141113226292
0.6 2.09439510239 0.147007533539
0.6 2.30383461263 0.066910077675
0.6 2.51327412287 0.194337087834
0.6 2.72271363311 0.121196729196
0.6 2.93215314335 0.212022114994
0.6 3.14159265359 0.345661085586
0.6 3.35103216383 0.3147221145
0.6 3.56047167407 0.165442054802
0.6 3.76991118431 0.0864447361958
0.6 3.97935069455 0.0896532494624
0.6 4.18879020479 0.106161604343
0.6 4.39822971503 0.186843982304
0.6 4.60766922527 0.279918434736
0.6 4.8171087355 0.0642143416028
0.6 5.02654824574 0.414337074381
0.6 5.23598775598 0.0885226920072
0.6 5.44542726622 0.179294220893
0.6 5.65486677646 0.172728247687
0.6 5.8643062867 0.0926393352305
0.6 6.07374579694 0.155091594898

0.666666666667 0 0.180200542335
0.666666666667 0.209439510239 0.160070043187
0.666666666667 0.418879020479 0.072905588131
0.666666666667 0.628318530718 0.0256474024685
0.666666666667 0.837758040957 0.0777166874467
0.666666666667 1.0471975512 0.136885916834
0.666666666667 1.25663706144 0.21055206006
0.666666666667 1.46607657168 0.244622990516
0.666666666667 1.67551608191 0.148176259171
0.666666666667 1.88495559215 0.0866710106982
0.666666666667 2.09439510239 0.182515460125
0.666666666667 2.30383461263 0.0852108544331
0.666666666667 2.51327412287 0.232662697948
0.666666666667 2.72271363311 0.110617420553
0.666666666667 2.93215314335 0.178793737232
0.666666666667 3.14159265359 0.262566230615
0.666666666667 3.35103216383 0.367816677664
0.666666666667 3.56047167407 0.275830271117
0.666666666667 3.76991118431 0.173899967161
0.666666666667 3.97935069455 0.149891708851
0.666666666667 4.18879020479 0.175224546881
0.666666666667 4.39822971503 0.275373504017
0.666666666667 4.60766922527 0.225195693539
0.666666666667 4.8171087355 0.0939199292712
0.666666666667 5.02654824574 0.381864687438
0.666666666667 5.23598775598 0.0785179119212
0.666666666667 5.44542726622 0.172207101365
0.666666666667 5.65486677646 0.195183438622
0.666666666667 5.8643062867 0.0892701654118
0.666666666667 6.07374579694 0.163073511802

0.733333333333 0 0.162193093627
0.733333333333 0.209439510239 0.239013853612
0.733333333333 0.418879020479 0.195667737622
0.733333333333 0.628318530718 0.100777397843
0.733333333333 0.837758040957 0.077072611456
0.733333333333 1.0471975512 0.164040697066
0.733333333333 1.25663706144 0.326207073266
0.733333333333 1.46607657168 0.249504766636
0.733333333333 1.67551608191 0.150932635474
0.733333333333 1.88495559215 0.0369174285206
0.733333333333 2.09439510239 0.242081445825
0.733333333333 2.30383461263 0.109664531519
0.733333333333 2.51327412287 0.276462518199
0.733333333333 2.72271363311 0.0744877950356
0.733333333333 2.93215314335 0.215710952802
0.733333333333 3.14159265359 0.146932190285
0.733333333333 3.35103216383 0.311719628572
0.733333333333 3.56047167407 0.361372077786
0.733333333333 3.76991118431 0.29634005147
0.733333333333 3.97935069455 0.259143927942
0.733333333333 4.18879020479 0.279092479218
0.733333333333 4.39822971503 0.297826387905
0.733333333333 4.60766922527 0.137802239554
0.733333333333 4.8171087355 0.150203718336
0.733333333333 5.02654824574 0.325358613801
0.733333333333 5.23598775598 0.0779896373942
0.733333333333 5.44542726622 0.1653247869
0.733333333333 5.65486677646 0.212758551369
0.733333333333 5.8643062867 0.08365844159
0.733333333333 6.07374579694 0.194250084628

0.8 0 0.165800704775
0.8 0.209439510239 0.209922616762
0.8 0.418879020479 0.330515886038
0.8 0.628318530718 0.370085436393
0.8 0.837758040957 0.39298599518
0.8 1.0471975512 0.442719533974
0.8 1.25663706144 0.384484390675
0.8 1.46607657168 0.163064722601
0.8 1.67551608191 0.0506774054247
0.8 1.88495559215 0.0717501481081
0.8 2.09439510239 0.311376207704
0.8 2.30383461263 0.13952904421
0.8 2.51327412287 0.295925077193
0.8 2.72271363311 0.0294379232042
0.8 2.93215314335 0.237627328659
0.8 3.14159265359 0.146999357632
0.8 3.35103216383 0.178287749616
0.8 3.56047167407 0.297243537786
0.8 3.76991118431 0.323968816865
0.8 3.97935069455 0.310327850014
0.8 4.18879020479 0.287786230791
0.8 4.39822971503 0.201183442582
0.8 4.60766922527 0.0854445241272
0.8 4.8171087355 0.201999473559
0.8 5.02654824574 0.258399728939
0.8 5.23598775598 0.0890180806795
0.8 5.44542726622 0.160489812514
0.8 5.65486677646 0.220677242842
0.8 5.8643062867 0.0747582024147
0.8 6.07374579694 0.231077077185

0.866666666667 0 0.266410304893
0.866666666667 0.209439510239 0.171957553562
0.866666666667 0.418879020479 0.177311824892
0.866666666667 0.628318530718 0.256100354723
0.866666666667 0.837758040957 0.294065416081
0.866666666667 1.0471975512 0.235063923704
0.866666666667 1.25663706144 0.104686470194
0.866666666667 1.46607657168 0.0261146993946
0.866666666667 1.67551608191 0.0161639610733
0.866666666667 1.88495559215 0.217060507604
0.866666666667 2.09439510239 0.345680630385
0.866666666667 2.30383461263 0.174074884961
0.866666666667 2.51327412287 0.25156614174
0.866666666667 2.72271363311 0.0324432931716
0.866666666667 2.93215314335 0.102323862684
0.866666666667 3.14159265359 0.202257317805
0.866666666667 3.35103216383 0.156062220006
0.866666666667 3.56047167407 0.17050945457
0.866666666667 3.76991118431 0.202455500833
0.866666666667 3.97935069455 0.199908058339
0.866666666667 4.18879020479 0.157916160933
0.866666666667 4.39822971503 0.0991506420401
0.866666666667 4.60766922527 0.111950600848
0.866666666667 4.8171087355 0.204180226413
0.866666666667 5.02654824574 0.206580289843
0.866666666667 5.23598775598 0.111216024431
0.866666666667 5.44542726622 0.161274787278
0.866666666667 5.65486677646 0.216290057708
0.866666666667 5.8643062867 0.0698470130549
0.866666666667 6.07374579694 0.196253976257

0.933333333333 0 0.174345889572
0.933333333333 0.209439510239 0.272122579944
0.933333333333 0.418879020479 0.268596163941
0.933333333333 0.628318530718 0.220608570113
0.933333333333 0.837758040957 0.177206417603
0.933333333333 1.0471975512 0.147713259926
0.933333333333 1.25663706144 0.124961399258
0.933333333333 1.46607657168 0.109782788921
0.933333333333 1.67551608191 0.163582206919
0.933333333333 1.88495559215 0.301865705634
0.933333333333 2.09439510239 0.319461427107
0.933333333333 2.30383461263 0.215375775667
0.933333333333 2.51327412287 0.178688790081
0.933333333333 2.72271363311 0.0930386169355
0.933333333333 2.93215314335 0.00524066769577
0.933333333333 3.14159265359 0.0302864942002
0.933333333333 3.35103216383 0.079867011519
0.933333333333 3.56047167407 0.099555233021
0.933333333333 3.76991118431 0.0990758639911
0.933333333333 3.97935069455 0.0899528355614
0.933333333333 4.18879020479 0.0827615163999
0.933333333333 4.39822971503 0.0954041139667
0.933333333333 4.60766922527 0.137847601347
0.933333333333 4.8171087355 0.184515051526
0.933333333333 5.02654824574 0.180606108956
0.933333333333 5.23598775598 0.142509745721
0.933333333333 5.44542726622 0.17536966802
0.933333333333 5.65486677646 0.208671696518
0.933333333333 5.8643062867 0.106293564485
0.933333333333 6.07374579694 0.0609002872087

