-1 0 0.0188686695724
-1 0.209439510239 0.0188686695724
-1 0.418879020479 0.0188686695724
-1 0.628318530718 0.0188686695725
-1 0.837758040957 0.0188686695725
-1 1.0471975512 0.0188686695725
-1 1.25663706144 0.0188686695724
-1 1.46607657168 0.0188686695724
-1 1.67551608191 0.0188686695724
-1 1.88495559215 0.0188686695724
-1 2.09439510239 0.0188686695725
-1 2.30383461263 0.0188686695725
-1 2.51327412287 0.0188686695725
-1 2.72271363311 0.0188686695725
-1 2.93215314335 0.0188686695724
-1 3.14159265359 0.0188686695724
-1 3.35103216383 0.0188686695724
-1 3.56047167407 0.0188686695724
-1 3.76991118431 0.0188686695725
-1 3.97935069455 0.0188686695725
-1 4.18879020479 0.0188686695725
-1 4.39822971503 0.0188686695724
-1 4.60766922527 0.0188686695724
-1 4.8171087355 0.0188686695724
-1 5.02654824574 0.0188686695724
-1 5.23598775598 0.0188686695725
-1 5.44542726622 0.0188686695725
-1 5.65486677646 0.0188686695725
-1 5.8643062867 0.0188686695725
-1 6.07374579694 0.0188686695724

-0.933333333333 0 0.116520794497
-0.933333333333 0.209439510239 0.139109757877
-0.933333333333 0.418879020479 0.143291905674
-0.933333333333 0.628318530718 0.127299203769
-0.933333333333 0.837758040957 0.101276437156
-0.933333333333 1.0471975512 0.0645801541334
-0.933333333333 1.25663706144 0.0254851687268
-0.933333333333 1.46607657168 0.0453693706551
-0.933333333333 1.67551608191 0.200746742819
-0.933333333333 1.88495559215 0.365444779857
-0.933333333333 2.09439510239 0.271695010174
-0.933333333333 2.30383461263 0.113000321764
-0.933333333333 2.51327412287 0.248074652824
-0.933333333333 2.72271363311 0.338781645754
-0.933333333333 2.93215314335 0.193727684611
-0.933333333333 3.14159265359 0.157098315359
-0.933333333333 3.35103216383 0.282318581464
-0.933333333333 3.56047167407 0.379073252805
-0.933333333333 3.76991118431 0.395905663613
-0.933333333333 3.97935069455 0.379401949341
-0.933333333333 4.18879020479 0.353654653967
-0.933333333333 4.39822971503 0.293926508239
-0.933333333333 4.60766922527 0.166907067904
-0.933333333333 4.8171087355 0.0346977750816
-0.933333333333 5.02654824574 0.0463081358718
-0.933333333333 5.23598775598 0.130212628848
-0.933333333333 5.44542726622 0.0881570556721
-0.933333333333 5.65486677646 0.0548992155004
-0.933333333333 5.8643062867 0.104275858216
-0.933333333333 6.07374579694 0.111931196813

-0.866666666667 0 0.210048961631
-0.866666666667 0.209439510239 0.14950470396
-0.866666666667 0.418879020479 0.0756129065835
-0.866666666667 0.628318530718 0.0390134140204
-0.866666666667 0.837758040957 0.0455773587793
-0.866666666667 1.0471975512 0.0828596872399
-0.866666666667 1.25663706144 0.122629495472
-0.866666666667 1.46607657168 0.107008302094
-0.866666666667 1.67551608191 0.0598203257519
-0.866666666667 1.88495559215 0.185521154463
-0.866666666667 2.09439510239 0.234267742693
-0.866666666667 2.30383461263 0.103532756093
-0.866666666667 2.51327412287 0.417263028706
-0.866666666667 2.72271363311 0.369575939287
-0.866666666667 2.93215314335 0.210128736386
-0.866666666667 3.14159265359 0.345301019388
-0.866666666667 3.35103216383 0.25638071414
-0.866666666667 3.56047167407 0.0917634536649
-0.866666666667 3.76991118431 0.0492161381644
-0.866666666667 3.97935069455 0.0760983511999
-0.866666666667 4.18879020479 0.0964324042187
-0.866666666667 4.39822971503 0.122038393818
-0.866666666667 4.60766922527 0.220140548418
-0.866666666667 4.8171087355 0.222659438459
-0.866666666667 5.02654824574 0.0369842063488
-0.866666666667 5.23598775598 0.0418815316703
-0.866666666667 5.44542726622 0.100012364484
-0.866666666667 5.65486677646 0.0865839683737
-0.866666666667 5.8643062867 0.0620792821726
-0.866666666667 6.07374579694 0.124797789972

-0.8 0 0.13769968206
-0.8 0.209439510239 0.0745219052847
-0.8 0.418879020479 0.027835704078
-0.8 0.628318530718 0.00723465716512
-0.8 0.837758040957 0.0322854514099
-0.8 1.0471975512 0.0593014432833
-0.8 1.25663706144 0.0860908674134
-0.8 1.46607657168 0.125099434502
-0.8 1.67551608191 0.127169302902
-0.8 1.88495559215 0.146986527553
-0.8 2.09439510239 0.181931837014
-0.8 2.30383461263 0.0875168819221
-0.8 2.51327412287 0.51302233435
-0.8 2.72271363311 0.31556680453
-0.8 2.93215314335 0.273804709356
-0.8 3.14159265359 0.204651077894
-0.8 3.35103216383 0.010815795249
-0.8 3.56047167407 0.0619421951494
-0.8 3.76991118431 0.187972158718
-0.8 3.97935069455 0.302865237712
-0.8 4.18879020479 0.370794623436
-0.8 4.39822971503 0.282653905805
-0.8 4.60766922527 0.126020162607
-0.8 4.8171087355 0.227483394319
-0.8 5.02654824574 0.164839229971
-0.8 5.23598775598 0.0092549830096
-0.8 5.44542726622 0.0539339554155
-0.8 5.65486677646 0.08717698659
-0.8 5.8643062867 0.0945230555126
-0.8 6.07374579694 0.215195934388

-0.733333333333 0 0.112075710416
-0.733333333333 0.209439510239 0.118812342736
-0.733333333333 0.418879020479 0.0429734188519
-0.733333333333 0.628318530718 0.0590284048496
-0.733333333333 0.837758040957 0.0903118532962
-0.733333333333 1.0471975512 0.097469293706
-0.733333333333 1.25663706144 0.101014828594
-0.733333333333 1.46607657168 0.104412416606
-0.733333333333 1.67551608191 0.133267607557
-0.733333333333 1.88495559215 0.17889256834
-0.733333333333 2.09439510239 0.155519891143
-0.733333333333 2.30383461263 0.0785391513014
-0.733333333333 2.51327412287 0.551632161034
-0.733333333333 2.72271363311 0.26608588223
-0.733333333333 2.93215314335 0.267553582404
-0.733333333333 3.14159265359 0.0455873302551
-0.733333333333 3.35103216383 0.0605474755801
-0.733333333333 3.56047167407 0.146735409506
-0.733333333333 3.76991118431 0.187612164141
-0.733333333333 3.97935069455 0.23358269798
-0.733333333333 4.18879020479 0.344005532953
-0.733333333333 4.39822971503 0.451360947615
-0.733333333333 4.60766922527 0.237400931391
-0.733333333333 4.8171087355 0.154352310413
-0.733333333333 5.02654824574 0.221278908341
-0.733333333333 5.23598775598 0.0639454791251
-0.733333333333 5.44542726622 0.0266910023722
-0.733333333333 5.65486677646 0.0652774572048
-0.733333333333 5.8643062867 0.144779956529
-0.733333333333 6.07374579694 0.223920290008

-0.666666666667 0 0.151899821946
-0.666666666667 0.209439510239 0.147643780016
-0.666666666667 0.418879020479 0.118754430725
-0.666666666667 0.628318530718 0.157752664463
-0.666666666667 0.837758040957 0.14627332135
-0.666666666667 1.0471975512 0.111028825608
-0.666666666667 1.25663706144 0.104951120284
-0.666666666667 1.46607657168 0.108716166989
-0.666666666667 1.67551608191 0.106457182939
-0.666666666667 1.88495559215 0.204084107014
-0.666666666667 2.09439510239 0.153070126665
-0.666666666667 2.30383461263 0.0779926987479
-0.666666666667 2.51327412287 0.551921363268
-0.666666666667 2.72271363311 0.238845769598
-0.666666666667 2.93215314335 0.206287275272
-0.666666666667 3.14159265359 0.0320964787912
-0.666666666667 3.35103216383 0.131259854826
-0.666666666667 3.56047167407 0.119123708908
-0.666666666667 3.76991118431 0.156522718996
-0.666666666667 3.97935069455 0.141154309428
-0.666666666667 4.18879020479 0.134021931444
-0.666666666667 4.39822971503 0.299261289439
-0.666666666667 4.60766922527 0.292406525985
-0.666666666667 4.8171087355 0.118643787768
-0.666666666667 5.02654824574 0.193549280336
-0.666666666667 5.23598775598 0.124130408596
-0.666666666667 5.44542726622 0.0314053574927
-0.666666666667 5.65486677646 0.044795143264
-0.666666666667 5.8643062867 0.166361259455
-0.666666666667 6.07374579694 0.218663801752

-0.6 0 0.169771435894
-0.6 0.209439510239 0.201843036332
-0.6 0.418879020479 0.212457102879
-0.6 0.628318530718 0.196369241218
-0.6 0.837758040957 0.15570310882
-0.6 1.0471975512 0.108886764
-0.6 1.25663706144 0.0867580542348
-0.6 1.46607657168 0.113035497355
-0.6 1.67551608191 0.0884291087738
-0.6 1.88495559215 0.205000317428
-0.6 2.09439510239 0.164883529231
-0.6 2.30383461263 0.0840657386373
-0.6 2.51327412287 0.529224651853
-0.6 2.72271363311 0.228881929976
-0.6 2.93215314335 0.139135146734
-0.6 3.14159265359 0.0999716284773
-0.6 3.35103216383 0.12187781011
-0.6 3.56047167407 0.145717600998
-0.6 3.76991118431 0.266669523345
-0.6 3.97935069455 0.225788433491
-0.6 4.18879020479 0.115356878767
-0.6 4.39822971503 0.144518807426
-0.6 4.60766922527 0.2369940491
-0.6 4.8171087355 0.108943258417
-0.6 5.02654824574 0.146798360638
-0.6 5.23598775598 0.155924646212
-0.6 5.44542726622 0.0528240585308
-0.6 5.65486677646 0.0332953312144
-0.6 5.8643062867 0.1584895456
-0.6 6.07374579694 0.241743326883

-0.533333333333 0 0.16464894956
-0.533333333333 0.209439510239 0.275091007067
-0.533333333333 0.418879020479 0.215577418871
-0.533333333333 0.628318530718 0.142878515369
-0.533333333333 0.837758040957 0.118487656876
-0.533333333333 1.0471975512 0.099581780181
-0.533333333333 1.25663706144 0.069369063325
-0.533333333333 1.46607657168 0.10646208468
-0.533333333333 1.67551608191 0.0852665676377
-0.533333333333 1.88495559215 0.189424986112
-0.533333333333 2.09439510239 0.182816605692
-0.533333333333 2.30383461263 0.0944811954581
-0.533333333333 2.51327412287 0.494574758253
-0.533333333333 2.72271363311 0.227932307846
-0.533333333333 2.93215314335 0.093582858518
-0.533333333333 3.14159265359 0.16881094375
-0.533333333333 3.35103216383 0.0900458081441
-0.533333333333 3.56047167407 0.247821375797
-0.533333333333 3.76991118431 0.388418414782
-0.533333333333 3.97935069455 0.323360572221
-0.533333333333 4.18879020479 0.217316798166
-0.533333333333 4.39822971503 0.152939133393
-0.533333333333 4.60766922527 0.170631987101
-0.533333333333 4.8171087355 0.10071594628
-0.533333333333 5.02654824574 0.115643976096
-0.533333333333 5.23598775598 0.16294486718
-0.533333333333 5.44542726622 0.077642632012
-0.533333333333 5.65486677646 0.0290745491776
-0.533333333333 5.8643062867 0.137833332942
-0.533333333333 6.07374579694 0.279374304478

-0.466666666667 0 0.167531988797
-0.466666666667 0.209439510239 0.313240070308
-0.466666666667 0.418879020479 0.14006407146
-0.466666666667 0.628318530718 0.0756517178677
-0.466666666667 0.837758040957 0.0738265466441
-0.466666666667 1.0471975512 0.0852758108576
-0.466666666667 1.25663706144 0.0630606417234
-0.466666666667 1.46607657168 0.0932849741321
-0.466666666667 1.67551608191 0.090434219488
-0.466666666667 1.88495559215 0.167840923594
-0.466666666667 2.09439510239 0.20183653902
-0.466666666667 2.30383461263 0.107340501353
-0.466666666667 2.51327412287 0.455336846402
-0.466666666667 2.72271363311 0.229982246974
-0.466666666667 2.93215314335 0.0742511078898
-0.466666666667 3.14159265359 0.205681305687
-0.466666666667 3.35103216383 0.0811264736676
-0.466666666667 3.56047167407 0.350777517272
-0.466666666667 3.76991118431 0.414925049802
-0.466666666667 3.97935069455 0.322120290749
-0.466666666667 4.18879020479 0.287479962587
-0.466666666667 4.39822971503 0.253074043399
-0.466666666667 4.60766922527 0.156920984905
-0.466666666667 4.8171087355 0.0873901565254
-0.466666666667 5.02654824574 0.103453800733
-0.466666666667 5.23598775598 0.156877296043
-0.466666666667 5.44542726622 0.0992644563184
-0.466666666667 5.65486677646 0.0291228507739
-0.466666666667 5.8643062867 0.117425395717
-0.466666666667 6.07374579694 0.30959642858

-0.4 0 0.189748166234
-0.4 0.209439510239 0.299016567205
-0.4 0.418879020479 0.0637324744142
-0.4 0.628318530718 0.0559396007584
-0.4 0.837758040957 0.0486984259474
-0.4 1.0471975512 0.0675380796825
-0.4 1.25663706144 0.0653267685243
-0.4 1.46607657168 0.0791511550873
-0.4 1.67551608191 0.0984059627058
-0.4 1.88495559215 0.146734013083
-0.4 2.09439510239 0.219403826007
-0.4 2.30383461263 0.12129812516
-0.4 2.51327412287 0.416126894815
-0.4 2.72271363311 0.231774754331
-0.4 2.93215314335 0.0747881797441
-0.4 3.14159265359 0.211874407302
-0.4 3.35103216383 0.0977858781724
-0.4 3.56047167407 0.404934189806
-0.4 3.76991118431 0.353606010952
-0.4 3.97935069455 0.24540807682
-0.4 4.18879020479 0.278975967351
-0.4 4.39822971503 0.3450108951
-0.4 4.60766922527 0.191079411947
-0.4 4.8171087355 0.0724248926467
-0.4 5.02654824574 0.103103989294
-0.4 5.23598775598 0.146526639289
-0.4 5.44542726622 0.115511646677
-0.4 5.65486677646 0.031336829312
-0.4 5.8643062867 0.102704587339
-0.4 6.07374579694 0.323730756932

-0.333333333333 0 0.223875064505
-0.333333333333 0.209439510239 0.251669705898
-0.333333333333 0.418879020479 0.0341702925167
-0.333333333333 0.628318530718 0.0846459127695
-0.333333333333 0.837758040957 0.0459934378348
-0.333333333333 1.0471975512 0.0495683899007
-0.333333333333 1.25663706144 0.0702109884222
-0.333333333333 1.46607657168 0.0668881752136
-0.333333333333 1.67551608191 0.106554638032
-0.333333333333 1.88495559215 0.128708665177
-0.333333333333 2.09439510239 0.234525122823
-0.333333333333 2.30383461263 0.135505578984
-0.333333333333 2.51327412287 0.379643831536
-0.333333333333 2.72271363311 0.231981085359
-0.333333333333 2.93215314335 0.0865150798293
-0.333333333333 3.14159265359 0.199917316829
-0.333333333333 3.35103216383 0.125692613732
-0.333333333333 3.56047167407 0.407623925947
-0.333333333333 3.76991118431 0.260210255372
-0.333333333333 3.97935069455 0.157265624809
-0.333333333333 4.18879020479 0.226912102887
-0.333333333333 4.39822971503 0.387531678813
-0.333333333333 4.60766922527 0.244326728038
-0.333333333333 4.8171087355 0.0601749528601
-0.333333333333 5.02654824574 0.107687220316
-0.333333333333 5.23598775598 0.136534193601
-0.333333333333 5.44542726622 0.12635223123
-0.333333333333 5.65486677646 0.0345336477475
-0.333333333333 5.8643062867 0.094021305258
-0.333333333333 6.07374579694 0.324065189668

-0.266666666667 0 0.25856622441
-0.266666666667 0.209439510239 0.19761779491
-0.266666666667 0.418879020479 0.0503511027522
-0.266666666667 0.628318530718 0.133444546585
-0.266666666667 0.837758040957 0.0564856012097
-0.266666666667 1.0471975512 0.034900546379
-0.266666666667 1.25663706144 0.0735147541215
-0.266666666667 1.46607657168 0.0571339675134
-0.266666666667 1.67551608191 0.113855907151
-0.266666666667 1.88495559215 0.11414758295
-0.266666666667 2.09439510239 0.247006206072
-0.266666666667 2.30383461263 0.149493713622
-0.266666666667 2.51327412287 0.347320418434
-0.266666666667 2.72271363311 0.230320774158
-0.266666666667 2.93215314335 0.102319942527
-0.266666666667 3.14159265359 0.181144947154
-0.266666666667 3.35103216383 0.15204304092
-0.266666666667 3.56047167407 0.37945486252
-0.266666666667 3.76991118431 0.1762878127
-0.266666666667 3.97935069455 0.0939881416877
-0.266666666667 4.18879020479 0.174396892531
-0.266666666667 4.39822971503 0.387937556096
-0.266666666667 4.60766922527 0.294406197014
-0.266666666667 4.8171087355 0.0524891881581
-0.266666666667 5.02654824574 0.113119386645
-0.266666666667 5.23598775598 0.128655664292
-0.266666666667 5.44542726622 0.132585751329
-0.266666666667 5.65486677646 0.0381104578999
-0.266666666667 5.8643062867 0.0894969181144
-0.266666666667 6.07374579694 0.316922262432

-0.2 0 0.286193969132
-0.2 0.209439510239 0.154079948981
-0.2 0.418879020479 0.0887334632216
-0.2 0.628318530718 0.176774931612
-0.2 0.837758040957 0.0698035156215
-0.2 1.0471975512 0.0254945851066
-0.2 1.25663706144 0.0737817546159
-0.2 1.46607657168 0.0495178839423
-0.2 1.67551608191 0.119886692634
-0.2 1.88495559215 0.10256511582
-0.2 2.09439510239 0.256977303006
-0.2 2.30383461263 0.163056322487
-0.2 2.51327412287 0.319795198376
-0.2 2.72271363311 0.226955371304
-0.2 2.93215314335 0.117659489198
-0.2 3.14159265359 0.162454752073
-0.2 3.35103216383 0.170513807224
-0.2 3.56047167407 0.341581993517
-0.2 3.76991118431 0.116916422142
-0.2 3.97935069455 0.0612590125521
-0.2 4.18879020479 0.140966597733
-0.2 4.39822971503 0.368223211916
-0.2 4.60766922527 0.33165195689
-0.2 4.8171087355 0.0490696573503
-0.2 5.02654824574 0.117697495298
-0.2 5.23598775598 0.123105603185
-0.2 5.44542726622 0.135206848149
-0.2 5.65486677646 0.0417918861909
-0.2 5.8643062867 0.0867820043686
-0.2 6.07374579694 0.308385455254

-0.133333333333 0 0.303412432564
-0.133333333333 0.209439510239 0.127490477575
-0.133333333333 0.418879020479 0.126840980009
-0.133333333333 0.628318530718 0.202114099021
-0.133333333333 0.837758040957 0.0788598543168
-0.133333333333 1.0471975512 0.0213089637235
-0.133333333333 1.25663706144 0.0713753717426
-0.133333333333 1.46607657168 0.0433617696778
-0.133333333333 1.67551608191 0.124456479214
-0.133333333333 1.88495559215 0.0933475060538
-0.133333333333 2.09439510239 0.264628762467
-0.133333333333 2.30383461263 0.176155236427
-0.133333333333 2.51327412287 0.297237165371
-0.133333333333 2.72271363311 0.222154616262
-0.133333333333 2.93215314335 0.130299942557
-0.133333333333 3.14159265359 0.146972277118
-0.133333333333 3.35103216383 0.179809195761
-0.133333333333 3.56047167407 0.307130451445
-0.133333333333 3.76991118431 0.0815236045305
-0.133333333333 3.97935069455 0.0513790705247
-0.133333333333 4.18879020479 0.127293620106
-0.133333333333 4.39822971503 0.345460007068
-0.133333333333 4.60766922527 0.354833965477
-0.133333333333 4.8171087355 0.0487653428923
-0.133333333333 5.02654824574 0.121097298073
-0.133333333333 5.23598775598 0.119442409931
-0.133333333333 5.44542726622 0.135137999215
-0.133333333333 5.65486677646 0.0454893713718
-0.133333333333 5.8643062867 0.0838778665622
-0.133333333333 6.07374579694 0.302855603116

-0.0666666666667 0 0.309204399988
-0.0666666666667 0.209439510239 0.118118762426
-0.0666666666667 0.418879020479 0.151923099087
-0.0666666666667 0.628318530718 0.207773198231
-0.0666666666667 0.837758040957 0.0807627561871
-0.0666666666667 1.0471975512 0.0212092775793
-0.0666666666667 1.25663706144 0.0673131824871
-0.0666666666667 1.46607657168 0.0380038650909
-0.0666666666667 1.67551608191 0.12752496906
-0.0666666666667 1.88495559215 0.086051435437
-0.0666666666667 2.09439510239 0.270078988359
-0.0666666666667 2.30383461263 0.188848734161
-0.0666666666667 2.51327412287 0.279558333352
-0.0666666666667 2.72271363311 0.216160360036
-0.0666666666667 2.93215314335 0.1397272146
-0.0666666666667 3.14159265359 0.135454755728
-0.0666666666667 3.35103216383 0.18103156413
-0.0666666666667 3.56047167407 0.281676780169
-0.0666666666667 3.76991118431 0.064727325763
-0.0666666666667 3.97935069455 0.0552422313372
-0.0666666666667 4.18879020479 0.127033888138
-0.0666666666667 4.39822971503 0.328229127736
-0.0666666666667 4.60766922527 0.366159664427
-0.0666666666667 4.8171087355 0.0504929625486
-0.0666666666667 5.02654824574 0.123595075526
-0.0666666666667 5.23598775598 0.117044770098
-0.0666666666667 5.44542726622 0.133143637452
-0.0666666666667 5.65486677646 0.0492260560903
-0.0666666666667 5.8643062867 0.0794327336209
-0.0666666666667 6.07374579694 0.3030502746

6.12323399574e-17 0 0.303067227627
6.12323399574e-17 0.209439510239 0.124641046323
6.12323399574e-17 0.418879020479 0.160737820998
6.12323399574e-17 0.628318530718 0.198378800333
6.12323399574e-17 0.837758040957 0.0767316235551
6.12323399574e-17 1.0471975512 0.0242251955866
6.12323399574e-17 1.25663706144 0.0624983624176
6.12323399574e-17 1.46607657168 0.0329434679059
6.12323399574e-17 1.67551608191 0.129169979501
6.12323399574e-17 1.88495559215 0.0804783126476
6.12323399574e-17 2.09439510239 0.273315080402
6.12323399574e-17 2.30383461263 0.201239668592
6.12323399574e-17 2.51327412287 0.26654313148
6.12323399574e-17 2.72271363311 0.209186623621
6.12323399574e-17 2.93215314335 0.146634114475
6.12323399574e-17 3.14159265359 0.127317006862
6.12323399574e-17 3.35103216383 0.175909416982
6.12323399574e-17 3.56047167407 0.266196780628
6.12323399574e-17 3.76991118431 0.061938723578
6.12323399574e-17 3.97935069455 0.0669141019902
6.12323399574e-17 4.18879020479 0.134105247191
6.12323399574e-17 4.39822971503 0.319487142927
6.12323399574e-17 4.60766922527 0.368246633431
6.12323399574e-17 4.8171087355 0.0536255089872
6.12323399574e-17 5.02654824574 0.125614300963
6.12323399574e-17 5.23598775598 0.115330141447
6.12323399574e-17 5.44542726622 0.12982531834
6.12323399574e-17 5.65486677646 0.0530879698435
6.12323399574e-17 5.8643062867 0.0728135458626
6.12323399574e-17 6.07374579694 0.310374840156

0.0666666666667 0 0.284187859104
0.0666666666667 0.209439510239 0.146346058174
0.0666666666667 0.418879020479 0.157035359716
0.0666666666667 0.628318530718 0.181913749536
0.0666666666667 0.837758040957 0.0718266953995
0.0666666666667 1.0471975512 0.0304097166362
0.0666666666667 1.25663706144 0.0573586732786
0.0666666666667 1.46607657168 0.0279211828599
0.0666666666667 1.67551608191 0.129538631324
0.0666666666667 1.88495559215 0.0766692461462
0.0666666666667 2.09439510239 0.274167643878
0.0666666666667 2.30383461263 0.21343724905
0.0666666666667 2.51327412287 0.257914749529
0.0666666666667 2.72271363311 0.201527684953
0.0666666666667 2.93215314335 0.152582179346
0.0666666666667 3.14159265359 0.121134730686
0.0666666666667 3.35103216383 0.166154567757
0.0666666666667 3.56047167407 0.259470094231
0.0666666666667 3.76991118431 0.0711473550615
0.0666666666667 3.97935069455 0.0841716670742
0.0666666666667 4.18879020479 0.145264581176
0.0666666666667 4.39822971503 0.319656569196
0.0666666666667 4.60766922527 0.362906412183
0.0666666666667 4.8171087355 0.0580527056708
0.0666666666667 5.02654824574 0.127504875067
0.0666666666667 5.23598775598 0.113837790372
0.0666666666667 5.44542726622 0.125649132939
0.0666666666667 5.65486677646 0.0571776685145
0.0666666666667 5.8643062867 0.0641182527259
0.0666666666667 6.07374579694 0.325113324498

0.133333333333 0 0.251767775819
0.133333333333 0.209439510239 0.182775007216
0.133333333333 0.418879020479 0.14942398835
0.133333333333 0.628318530718 0.168390311424
0.133333333333 0.837758040957 0.0743411272722
0.133333333333 1.0471975512 0.0409127193814
0.133333333333 1.25663706144 0.0517147690073
0.133333333333 1.46607657168 0.0230022458436
0.133333333333 1.67551608191 0.128792135343
0.133333333333 1.88495559215 0.0748929628872
0.133333333333 2.09439510239 0.272298934879
0.133333333333 2.30383461263 0.225526657248
0.133333333333 2.51327412287 0.253351129078
0.133333333333 2.72271363311 0.193781205121
0.133333333333 2.93215314335 0.159754544429
0.133333333333 3.14159265359 0.114817689738
0.133333333333 3.35103216383 0.153640943842
0.133333333333 3.56047167407 0.259459161209
0.133333333333 3.76991118431 0.0927113141513
0.133333333333 3.97935069455 0.107589071692
0.133333333333 4.18879020479 0.160309061257
0.133333333333 4.39822971503 0.328167875546
0.133333333333 4.60766922527 0.350983513855
0.133333333333 4.8171087355 0.0640965014763
0.133333333333 5.02654824574 0.129447328912
0.133333333333 5.23598775598 0.112253358002
0.133333333333 5.44542726622 0.120981593942
0.133333333333 5.65486677646 0.061556296676
0.133333333333 5.8643062867 0.0541968615797
0.133333333333 6.07374579694 0.346228491778

0.2 0 0.206525239047
0.2 0.209439510239 0.231232980955
0.2 0.418879020479 0.14947889321
0.2 0.628318530718 0.168742034998
0.2 0.837758040957 0.0939529627837
0.2 1.0471975512 0.0569212483681
0.2 1.25663706144 0.0447931268473
0.2 1.46607657168 0.0187108852563
0.2 1.67551608191 0.127075861671
0.2 1.88495559215 0.0756528111314
0.2 2.09439510239 0.267196108547
0.2 2.30383461263 0.237541586635
0.2 2.51327412287 0.252453660349
0.2 2.72271363311 0.187220846956
0.2 2.93215314335 0.170580841921
0.2 3.14159265359 0.105804343276
0.2 3.35103216383 0.140973504039
0.2 3.56047167407 0.264195606038
0.2 3.76991118431 0.128177336955
0.2 3.97935069455 0.139377875559
0.2 4.18879020479 0.181415772272
0.2 4.39822971503 0.343557526953
0.2 4.60766922527 0.332745992477
0.2 4.8171087355 0.0723612218519
0.2 5.02654824574 0.131405358385
0.2 5.23598775598 0.110419807979
0.2 5.44542726622 0.116123435367
0.2 5.65486677646 0.0661678832168
0.2 5.8643062867 0.0446841507295
0.2 6.07374579694 0.37077623858

0.266666666667 0 0.15320395361
0.266666666667 0.209439510239 0.283091823997
0.266666666667 0.418879020479 0.168527026774
0.266666666667 0.628318530718 0.19201868095
0.266666666667 0.837758040957 0.13716066051
0.266666666667 1.0471975512 0.0771335612577
0.266666666667 1.25663706144 0.0355878496477
0.266666666667 1.46607657168 0.0162358540313
0.266666666667 1.67551608191 0.124549470183
0.266666666667 1.88495559215 0.0797103872991
0.266666666667 2.09439510239 0.258174043008
0.266666666667 2.30383461263 0.249435051517
0.266666666667 2.51327412287 0.25466643802
0.266666666667 2.72271363311 0.184368182706
0.266666666667 2.93215314335 0.186879067275
0.266666666667 3.14159265359 0.0918433561373
0.266666666667 3.35103216383 0.13176503709
0.266666666667 3.56047167407 0.272885569583
0.266666666667 3.76991118431 0.178752465468
0.266666666667 3.97935069455 0.182269154659
0.266666666667 4.18879020479 0.21188593315
0.266666666667 4.39822971503 0.362626752509
0.266666666667 4.60766922527 0.30863951709
0.266666666667 4.8171087355 0.0835182399196
0.266666666667 5.02654824574 0.133081906308
0.266666666667 5.23598775598 0.10835770156
0.266666666667 5.44542726622 0.111336367616
0.266666666667 5.65486677646 0.0707465365941
0.266666666667 5.8643062867 0.0379924645524
0.266666666667 6.07374579694 0.39316374389

0.333333333333 0 0.103140007324
0.333333333333 0.209439510239 0.321154265897
0.333333333333 0.418879020479 0.211398313726
0.333333333333 0.628318530718 0.239380258829
0.333333333333 0.837758040957 0.199263399744
0.333333333333 1.0471975512 0.0944409636754
0.333333333333 1.25663706144 0.0242321308927
0.333333333333 1.46607657168 0.017639421258
0.333333333333 1.67551608191 0.121523526107
0.333333333333 1.88495559215 0.0880952715191
0.333333333333 2.09439510239 0.244406316207
0.333333333333 2.30383461263 0.261046515555
0.333333333333 2.51327412287 0.259137843795
0.333333333333 2.72271363311 0.189785216619
0.333333333333 2.93215314335 0.208068743251
0.333333333333 3.14159265359 0.0731930718718
0.333333333333 3.35103216383 0.129308771538
0.333333333333 3.56047167407 0.287313930286
0.333333333333 3.76991118431 0.243830065349
0.333333333333 3.97935069455 0.2379965124
0.333333333333 4.18879020479 0.253649782527
0.333333333333 4.39822971503 0.379356880504
0.333333333333 4.60766922527 0.280327286879
0.333333333333 4.8171087355 0.097991203213
0.333333333333 5.02654824574 0.133859477844
0.333333333333 5.23598775598 0.106306311536
0.333333333333 5.44542726622 0.106859330341
0.333333333333 5.65486677646 0.074718272054
0.333333333333 5.8643062867 0.0371551693416
0.333333333333 6.07374579694 0.404830993601

0.4 0 0.0743501323342
0.4 0.209439510239 0.322628550599
0.4 0.418879020479 0.267718752322
0.4 0.628318530718 0.296074654722
0.4 0.837758040957 0.256417241001
0.4 1.0471975512 0.0957950182201
0.4 1.25663706144 0.0153056976221
0.4 1.46607657168 0.025815831111
0.4 1.67551608191 0.118770716786
0.4 1.88495559215 0.102014328552
0.4 2.09439510239 0.225034262391
0.4 2.30383461263 0.272066521111
0.4 2.51327412287 0.264522555807
0.4 2.72271363311 0.210956950838
0.4 2.93215314335 0.228240824435
0.4 3.14159265359 0.0569563901604
0.4 3.35103216383 0.131987020025
0.4 3.56047167407 0.311708928647
0.4 3.76991118431 0.318857953486
0.4 3.97935069455 0.303997446287
0.4 4.18879020479 0.30287832317
0.4 4.39822971503 0.384869552983
0.4 4.60766922527 0.251713782031
0.4 4.8171087355 0.11553462251
0.4 5.02654824574 0.13272974604
0.4 5.23598775598 0.104785737456
0.4 5.44542726622 0.102910835572
0.4 5.65486677646 0.077127965402
0.4 5.8643062867 0.0453453694594
0.4 6.07374579694 0.395436289552

0.466666666667 0 0.0850160161513
0.466666666667 0.209439510239 0.273183819196
0.466666666667 0.418879020479 0.307703432662
0.466666666667 0.628318530718 0.329099435799
0.466666666667 0.837758040957 0.269933402681
0.466666666667 1.0471975512 0.0734884474056
0.466666666667 1.25663706144 0.0225370966096
0.466666666667 1.46607657168 0.0437412276591
0.466666666667 1.67551608191 0.11809748793
0.466666666667 1.88495559215 0.122451940504
0.466666666667 2.09439510239 0.199462717061
0.466666666667 2.30383461263 0.282011264982
0.466666666667 2.51327412287 0.268757414526
0.466666666667 2.72271363311 0.258659517528
0.466666666667 2.93215314335 0.233127405693
0.466666666667 3.14159265359 0.0623244088517
0.466666666667 3.35103216383 0.126849743919
0.466666666667 3.56047167407 0.346213312738
0.466666666667 3.76991118431 0.390804092671
0.466666666667 3.97935069455 0.367220763221
0.466666666667 4.18879020479 0.345243250718
0.466666666667 4.39822971503 0.370609240565
0.466666666667 4.60766922527 0.2290305543
0.466666666667 4.8171087355 0.134835195087
0.466666666667 5.02654824574 0.128256331053
0.466666666667 5.23598775598 0.10466442835
0.466666666667 5.44542726622 0.0996713486702
0.466666666667 5.65486677646 0.0766522230622
0.466666666667 5.8643062867 0.0648443862706
0.466666666667 6.07374579694 0.357007238934

0.533333333333 0 0.137768259162
0.533333333333 0.209439510239 0.190276614314
0.533333333333 0.418879020479 0.297330237133
0.533333333333 0.628318530718 0.305763351121
0.533333333333 0.837758040957 0.219560565633
0.533333333333 1.0471975512 0.0513621042508
0.533333333333 1.25663706144 0.0681026458493
0.533333333333 1.46607657168 0.0727283298221
0.533333333333 1.67551608191 0.123134120052
0.533333333333 1.88495559215 0.149039506206
0.533333333333 2.09439510239 0.168074650107
0.533333333333 2.30383461263 0.290244214924
0.533333333333 2.51327412287 0.268979850083
0.533333333333 2.72271363311 0.345003138862
0.533333333333 2.93215314335 0.20141145397
0.533333333333 3.14159265359 0.118743076537
0.533333333333 3.35103216383 0.0939872630184
0.533333333333 3.56047167407 0.369045355499
0.533333333333 3.76991118431 0.433360302832
0.533333333333 3.97935069455 0.399993979062
0.533333333333 4.18879020479 0.357430339961
0.533333333333 4.39822971503 0.336518801498
0.533333333333 4.60766922527 0.218329629216
0.533333333333 4.8171087355 0.153551882072
0.533333333333 5.02654824574 0.118686282701
0.533333333333 5.23598775598 0.107183931433
0.533333333333 5.44542726622 0.097236075118
0.533333333333 5.65486677646 0.0718034592676
0.533333333333 5.8643062867 0.0952824260908
0.533333333333 6.07374579694 0.291836504673

0.6 0 0.202244912338
0.6 0.209439510239 0.130494420327
0.6 0.418879020479 0.240662017421
0.6 0.628318530718 0.241243948457
0.6 0.837758040957 0.158938286732
0.6 1.0471975512 0.0987652222991
0.6 1.25663706144 0.16018721275
0.6 1.46607657168 0.110659677655
0.6 1.67551608191 0.139394590473
0.6 1.88495559215 0.177671710809
0.6 2.09439510239 0.13381181927
0.6 2.30383461263 0.296134531002
0.6 2.51327412287 0.262160165227
0.6 2.72271363311 0.474960840777
0.6 2.93215314335 0.120330732155
0.6 3.14159265359 0.237272064395
0.6 3.35103216383 0.0431927083795
0.6 3.56047167407 0.324447716437
0.6 3.76991118431 0.408790134778
0.6 3.97935069455 0.371213369202
0.6 4.18879020479 0.324812812793
0.6 4.39822971503 0.299844549041
0.6 4.60766922527 0.219244188409
0.6 4.8171087355 0.169420150818
0.6 5.02654824574 0.102436581219
0.6 5.23598775598 0.1138252785
0.6 5.44542726622 0.0955220849627
0.6 5.65486677646 0.0614880599869
0.6 5.8643062867 0.131328751163
0.6 6.07374579694 0.221318127032

0.666666666667 0 0.22392095494
0.666666666667 0.209439510239 0.136523476145
0.666666666667 0.418879020479 0.203340269901
0.666666666667 0.628318530718 0.225885009852
0.666666666667 0.837758040957 0.209397844964
0.666666666667 1.0471975512 0.25627527116
0.666666666667 1.25663706144 0.248317827811
0.666666666667 1.46607657168 0.155052230723
0.666666666667 1.67551608191 0.169707165611
0.666666666667 1.88495559215 0.197619166026
0.666666666667 2.09439510239 0.105270655654
0.666666666667 2.30383461263 0.299497560818
0.666666666667 2.51327412287 0.247994952054
0.666666666667 2.72271363311 0.62508666775
0.666666666667 2.93215314335 0.0251583758282
0.666666666667 3.14159265359 0.347541999711
0.666666666667 3.35103216383 0.0584000505473
0.666666666667 3.56047167407 0.189109481993
0.666666666667 3.76991118431 0.292839885152
0.666666666667 3.97935069455 0.281500177799
0.666666666667 4.18879020479 0.273946097084
0.666666666667 4.39822971503 0.285439496081
0.666666666667 4.60766922527 0.218892990603
0.666666666667 4.8171087355 0.182161971041
0.666666666667 5.02654824574 0.0792877801027
0.666666666667 5.23598775598 0.125772091246
0.666666666667 5.44542726622 0.0941047631809
0.666666666667 5.65486677646 0.0461194550047
0.666666666667 5.8643062867 0.161084615513
0.666666666667 6.07374579694 0.185155936606

0.733333333333 0 0.193998881244
0.733333333333 0.209439510239 0.153442114934
0.733333333333 0.418879020479 0.209750004803
0.733333333333 0.628318530718 0.291069261164
0.733333333333 0.837758040957 0.350778209877
0.733333333333 1.0471975512 0.371626362288
0.733333333333 1.25663706144 0.240714861887
0.733333333333 1.46607657168 0.216365426289
0.733333333333 1.67551608191 0.198189354255
0.733333333333 1.88495559215 0.195301834605
0.733333333333 2.09439510239 0.101046214825
0.733333333333 2.30383461263 0.301178405347
0.733333333333 2.51327412287 0.236626412888
0.733333333333 2.72271363311 0.712891536741
0.733333333333 2.93215314335 0.0319928626244
0.733333333333 3.14159265359 0.30496354889
0.733333333333 3.35103216383 0.202150948628
0.733333333333 3.56047167407 0.106357247917
0.733333333333 3.76991118431 0.167479095799
0.733333333333 3.97935069455 0.211834516232
0.733333333333 4.18879020479 0.26588084939
0.733333333333 4.39822971503 0.280331831592
0.733333333333 4.60766922527 0.202911741259
0.733333333333 4.8171087355 0.192510972562
0.733333333333 5.02654824574 0.0525559542169
0.733333333333 5.23598775598 0.14249774843
0.733333333333 5.44542726622 0.0919455123781
0.733333333333 5.65486677646 0.0294086298087
0.733333333333 5.8643062867 0.168718516947
0.733333333333 6.07374579694 0.213384444476

0.8 0 0.216374667377
0.8 0.209439510239 0.12834577446
0.8 0.418879020479 0.139288919373
0.8 0.628318530718 0.222384017446
0.8 0.837758040957 0.273688474624
0.8 1.0471975512 0.232752883533
0.8 1.25663706144 0.191826628739
0.8 1.46607657168 0.290282321434
0.8 1.67551608191 0.174605560214
0.8 1.88495559215 0.184743906291
0.8 2.09439510239 0.148068487808
0.8 2.30383461263 0.301327648841
0.8 2.51327412287 0.256861045728
0.8 2.72271363311 0.615356097976
0.8 2.93215314335 0.214017610625
0.8 3.14159265359 0.14770666848
0.8 3.35103216383 0.292038316186
0.8 3.56047167407 0.203142697813
0.8 3.76991118431 0.189284330241
0.8 3.97935069455 0.233730777241
0.8 4.18879020479 0.265586283138
0.8 4.39822971503 0.229398910399
0.8 4.60766922527 0.200447332183
0.8 4.8171087355 0.19101923264
0.8 5.02654824574 0.0319640003658
0.8 5.23598775598 0.15868920393
0.8 5.44542726622 0.0869549242305
0.8 5.65486677646 0.0204116448316
0.8 5.8643062867 0.147747515526
0.8 6.07374579694 0.268875173203

0.866666666667 0 0.305573068123
0.866666666667 0.209439510239 0.240779984663
0.866666666667 0.418879020479 0.148469666462
0.866666666667 0.628318530718 0.113294436187
0.866666666667 0.837758040957 0.1279925544
0.866666666667 1.0471975512 0.18517474177
0.866666666667 1.25663706144 0.272637067076
0.866666666667 1.46607657168 0.226691836714
0.866666666667 1.67551608191 0.10929450587
0.866666666667 1.88495559215 0.259314101598
0.866666666667 2.09439510239 0.247465685351
0.866666666667 2.30383461263 0.287101833391
0.866666666667 2.51327412287 0.32111160786
0.866666666667 2.72271363311 0.362328087154
0.866666666667 2.93215314335 0.303701607577
0.866666666667 3.14159265359 0.188896306836
0.866666666667 3.35103216383 0.250121631718
0.866666666667 3.56047167407 0.264373921319
0.866666666667 3.76991118431 0.238146164426
0.866666666667 3.97935069455 0.225450609884
0.866666666667 4.18879020479 0.219291276968
0.866666666667 4.39822971503 0.234380459997
0.866666666667 4.60766922527 0.258277331944
0.866666666667 4.8171087355 0.1409339049
0.866666666667 5.02654824574 0.0343920853817
0.866666666667 5.23598775598 0.158634785619
0.866666666667 5.44542726622 0.0753323582366
0.866666666667 5.65486677646 0.0332283904378
0.866666666667 5.8643062867 0.128124227526
0.866666666667 6.07374579694 0.243080448259

0.933333333333 0 0.220460785714
0.933333333333 0.209439510239 0.239042318731
0.933333333333 0.418879020479 0.251755180965
0.933333333333 0.628318530718 0.245638552608
0.933333333333 0.837758040957 0.22361235906
0.933333333333 1.0471975512 0.179492118061
0.933333333333 1.25663706144 0.122872268417
0.933333333333 1.46607657168 0.14938115822
0.933333333333 1.67551608191 0.338756323175
0.933333333333 1.88495559215 0.455031817663
0.933333333333 2.09439510239 0.297692018135
0.933333333333 2.30383461263 0.215424644056
0.933333333333 2.51327412287 0.302097102527
0.933333333333 2.72271363311 0.252315229236
0.933333333333 2.93215314335 0.135276048501
0.933333333333 3.14159265359 0.141821069141
0.933333333333 3.35103216383 0.242317516887
0.933333333333 3.56047167407 0.329245120024
0.933333333333 3.76991118431 0.36528749475
0.933333333333 3.97935069455 0.367983495224
0.933333333333 4.18879020479 0.347102386005
0.933333333333 4.39822971503 0.279546656922
0.933333333333 4.60766922527 0.148054640863
0.933333333333 4.8171087355 0.0367273201702
0.933333333333 5.02654824574 0.0642937345485
0.933333333333 5.23598775598 0.109523260076
0.933333333333 5.44542726622 0.0508577448058
0.933333333333 5.65486677646 0.0728714282314
0.933333333333 5.8643062867 0.179232467992
0.933333333333 6.07374579694 0.216882971493

