-1 0 0.17300261788
-1 0.209439510239 0.17300261788
-1 0.418879020479 0.17300261788
-1 0.628318530718 0.17300261788
-1 0.837758040957 0.17300261788
-1 1.0471975512 0.17300261788
-1 1.25663706144 0.17300261788
-1 1.46607657168 0.17300261788
-1 1.67551608191 0.17300261788
-1 1.88495559215 0.17300261788
-1 2.09439510239 0.173002617881
-1 2.30383461263 0.17300261788
-1 2.51327412287 0.17300261788
-1 2.72271363311 0.17300261788
-1 2.93215314335 0.17300261788
-1 3.14159265359 0.17300261788
-1 3.35103216383 0.17300261788
-1 3.56047167407 0.17300261788
-1 3.76991118431 0.17300261788
-1 3.97935069455 0.17300261788
-1 4.18879020479 0.17300261788
-1 4.39822971503 0.17300261788
-1 4.60766922527 0.17300261788
-1 4.8171087355 0.17300261788
-1 5.02654824574 0.17300261788
-1 5.23598775598 0.173002617881
-1 5.44542726622 0.17300261788
-1 5.65486677646 0.17300261788
-1 5.8643062867 0.17300261788
-1 6.07374579694 0.17300261788

-0.933333333333 0 0.174335357148
-0.933333333333 0.209439510239 0.199062512355
-0.933333333333 0.418879020479 0.175754488161
-0.933333333333 0.628318530718 0.146921593811
-0.933333333333 0.837758040957 0.133076484197
-0.933333333333 1.0471975512 0.125020562368
-0.933333333333 1.25663706144 0.095822020271
-0.933333333333 1.46607657168 0.0399460614655
-0.933333333333 1.67551608191 0.0453003364014
-0.933333333333 1.88495559215 0.215098989167
-0.933333333333 2.09439510239 0.357122575741
-0.933333333333 2.30383461263 0.221893792293
-0.933333333333 2.51327412287 0.128905055901
-0.933333333333 2.72271363311 0.283842766526
-0.933333333333 2.93215314335 0.303476956412
-0.933333333333 3.14159265359 0.160668144263
-0.933333333333 3.35103216383 0.128292636769
-0.933333333333 3.56047167407 0.208495726851
-0.933333333333 3.76991118431 0.276550791292
-0.933333333333 3.97935069455 0.284772354467
-0.933333333333 4.18879020479 0.232998592506
-0.933333333333 4.39822971503 0.130433917379
-0.933333333333 4.60766922527 0.0319617440607
-0.933333333333 4.8171087355 0.0422173201129
-0.933333333333 5.02654824574 0.124881990429
-0.933333333333 5.23598775598 0.0972892776536
-0.933333333333 5.44542726622 0.0478629022804
-0.933333333333 5.65486677646 0.103880796411
-0.933333333333 5.8643062867 0.111981941843
-0.933333333333 6.07374579694 0.114465414221

-0.866666666667 0 0.174720953385
-0.866666666667 0.209439510239 0.0750963228842
-0.866666666667 0.418879020479 0.0226714122021
-0.866666666667 0.628318530718 0.00222214939797
-0.866666666667 0.837758040957 0.0137762236746
-0.866666666667 1.0471975512 0.0423232153393
-0.866666666667 1.25663706144 0.0867186878323
-0.866666666667 1.46607657168 0.131075195433
-0.866666666667 1.67551608191 0.105604068135
-0.866666666667 1.88495559215 0.0944258598333
-0.866666666667 2.09439510239 0.236958492
-0.866666666667 2.30383461263 0.143352557117
-0.866666666667 2.51327412287 0.21610523913
-0.866666666667 2.72271363311 0.468867321484
-0.866666666667 2.93215314335 0.245309196683
-0.866666666667 3.14159265359 0.249678906883
-0.866666666667 3.35103216383 0.374283263209
-0.866666666667 3.56047167407 0.300782971768
-0.866666666667 3.76991118431 0.193108335206
-0.866666666667 3.97935069455 0.159852013748
-0.866666666667 4.18879020479 0.189601065806
-0.866666666667 4.39822971503 0.262854376085
-0.866666666667 4.60766922527 0.274843514942
-0.866666666667 4.8171087355 0.096565964421
-0.866666666667 5.02654824574 0.00914386816296
-0.866666666667 5.23598775598 0.088458717168
-0.866666666667 5.44542726622 0.0856102844875
-0.866666666667 5.65486677646 0.0967158316308
-0.866666666667 5.8643062867 0.0780334154889
-0.866666666667 6.07374579694 0.211026364634

-0.8 0 0.089622701865
-0.8 0.209439510239 0.10159515903
-0.8 0.418879020479 0.0435662888077
-0.8 0.628318530718 0.0413335471648
-0.8 0.837758040957 0.0686950312524
-0.8 1.0471975512 0.081889009214
-0.8 1.25663706144 0.086207334405
-0.8 1.46607657168 0.100811327665
-0.8 1.67551608191 0.135394840417
-0.8 1.88495559215 0.137980681367
-0.8 2.09439510239 0.187286769867
-0.8 2.30383461263 0.0827792036434
-0.8 2.51327412287 0.310394489994
-0.8 2.72271363311 0.48391313536
-0.8 2.93215314335 0.223145511606
-0.8 3.14159265359 0.320108445571
-0.8 3.35103216383 0.149548066748
-0.8 3.56047167407 0.0166255934949
-0.8 3.76991118431 0.0716616475207
-0.8 3.97935069455 0.170709228295
-0.8 4.18879020479 0.196348918831
-0.8 4.39822971503 0.127983573269
-0.8 4.60766922527 0.187547655587
-0.8 4.8171087355 0.258614167704
-0.8 5.02654824574 0.050465070786
-0.8 5.23598775598 0.0145757467058
-0.8 5.44542726622 0.0705173971788
-0.8 5.65486677646 0.103692170126
-0.8 5.8643062867 0.144302164035
-0.8 6.07374579694 0.211220530881

-0.733333333333 0 0.147074530765
-0.733333333333 0.209439510239 0.148891718985
-0.733333333333 0.418879020479 0.0892865086039
-0.733333333333 0.628318530718 0.124648144309
-0.733333333333 0.837758040957 0.129402319119
-0.733333333333 1.0471975512 0.108441814955
-0.733333333333 1.25663706144 0.101700864718
-0.733333333333 1.46607657168 0.103657488693
-0.733333333333 1.67551608191 0.108952648782
-0.733333333333 1.88495559215 0.16838350577
-0.733333333333 2.09439510239 0.190156400754
-0.733333333333 2.30383461263 0.0444039762763
-0.733333333333 2.51327412287 0.383661421845
-0.733333333333 2.72271363311 0.425046569761
-0.733333333333 2.93215314335 0.251747461362
-0.733333333333 3.14159265359 0.197252874591
-0.733333333333 3.35103216383 0.00743163260466
-0.733333333333 3.56047167407 0.0865595544687
-0.733333333333 3.76991118431 0.21506514586
-0.733333333333 3.97935069455 0.338785063149
-0.733333333333 4.18879020479 0.450384969583
-0.733333333333 4.39822971503 0.363269920978
-0.733333333333 4.60766922527 0.128091697815
-0.733333333333 4.8171087355 0.243357340222
-0.733333333333 5.02654824574 0.157022786482
-0.733333333333 5.23598775598 0.0141296794632
-0.733333333333 5.44542726622 0.0393130023182
-0.733333333333 5.65486677646 0.0996470352953
-0.733333333333 5.8643062867 0.195455290023
-0.733333333333 6.07374579694 0.172970917106

-0.666666666667 0 0.199917257624
-0.666666666667 0.209439510239 0.182606621193
-0.666666666667 0.418879020479 0.162337708721
-0.666666666667 0.628318530718 0.162321638519
-0.666666666667 0.837758040957 0.140268543834
-0.666666666667 1.0471975512 0.108336735542
-0.666666666667 1.25663706144 0.086132732366
-0.666666666667 1.46607657168 0.105960380349
-0.666666666667 1.67551608191 0.0946901107128
-0.666666666667 1.88495559215 0.161070454163
-0.666666666667 2.09439510239 0.21507053572
-0.666666666667 2.30383461263 0.0229284009314
-0.666666666667 2.51327412287 0.430928403719
-0.666666666667 2.72271363311 0.355067603982
-0.666666666667 2.93215314335 0.263585488599
-0.666666666667 3.14159265359 0.0721325037921
-0.666666666667 3.35103216383 0.0628048143792
-0.666666666667 3.56047167407 0.141539907953
-0.666666666667 3.76991118431 0.17191370942
-0.666666666667 3.97935069455 0.207954725082
-0.666666666667 4.18879020479 0.333111266612
-0.666666666667 4.39822971503 0.468026301377
-0.666666666667 4.60766922527 0.200466134363
-0.666666666667 4.8171087355 0.163453575856
-0.666666666667 5.02654824574 0.191821959634
-0.666666666667 5.23598775598 0.0602805103003
-0.666666666667 5.44542726622 0.02674069852
-0.666666666667 5.65486677646 0.0900372631865
-0.666666666667 5.8643062867 0.20901598118
-0.666666666667 6.07374579694 0.17507504737

-0.6 0 0.218528446547
-0.6 0.209439510239 0.223307721208
-0.6 0.418879020479 0.144179905363
-0.6 0.628318530718 0.0950338023282
-0.6 0.837758040957 0.0908340196315
-0.6 1.0471975512 0.0932144377329
-0.6 1.25663706144 0.0708185769706
-0.6 1.46607657168 0.093195162726
-0.6 1.67551608191 0.09606424446
-0.6 1.88495559215 0.136150476005
-0.6 2.09439510239 0.243805733714
-0.6 2.30383461263 0.0126987354683
-0.6 2.51327412287 0.455317774721
-0.6 2.72271363311 0.298871813062
-0.6 2.93215314335 0.243434522621
-0.6 3.14159265359 0.0381203980604
-0.6 3.35103216383 0.131034594255
-0.6 3.56047167407 0.112384694715
-0.6 3.76991118431 0.140881510721
-0.6 3.97935069455 0.11658363923
-0.6 4.18879020479 0.118866104097
-0.6 4.39822971503 0.326628813444
-0.6 4.60766922527 0.24647669434
-0.6 4.8171087355 0.117429507323
-0.6 5.02654824574 0.164276066107
-0.6 5.23598775598 0.105721452366
-0.6 5.44542726622 0.0346900475409
-0.6 5.65486677646 0.0796625762847
-0.6 5.8643062867 0.206765291037
-0.6 6.07374579694 0.194853567531

-0.533333333333 0 0.242599223299
-0.533333333333 0.209439510239 0.216883042719
-0.533333333333 0.418879020479 0.0580351513578
-0.533333333333 0.628318530718 0.0334343100821
-0.533333333333 0.837758040957 0.0411754438787
-0.533333333333 1.0471975512 0.0685616136014
-0.533333333333 1.25663706144 0.0678433022679
-0.533333333333 1.46607657168 0.0758989109692
-0.533333333333 1.67551608191 0.102474743136
-0.533333333333 1.88495559215 0.110270950571
-0.533333333333 2.09439510239 0.268692180766
-0.533333333333 2.30383461263 0.00939635364878
-0.533333333333 2.51327412287 0.462222453279
-0.533333333333 2.72271363311 0.261125152941
-0.533333333333 2.93215314335 0.206252007622
-0.533333333333 3.14159265359 0.0730150719247
-0.533333333333 3.35103216383 0.139600883392
-0.533333333333 3.56047167407 0.114732787341
-0.533333333333 3.76991118431 0.228752281176
-0.533333333333 3.97935069455 0.185204768791
-0.533333333333 4.18879020479 0.0763467157892
-0.533333333333 4.39822971503 0.177329697383
-0.533333333333 4.60766922527 0.223475896978
-0.533333333333 4.8171087355 0.106908461563
-0.533333333333 5.02654824574 0.120950130361
-0.533333333333 5.23598775598 0.133852466936
-0.533333333333 5.44542726622 0.0544475797576
-0.533333333333 5.65486677646 0.0703602766119
-0.533333333333 5.8643062867 0.20745759988
-0.533333333333 6.07374579694 0.20113252461

-0.466666666667 0 0.280628838972
-0.466666666667 0.209439510239 0.157460256067
-0.466666666667 0.418879020479 0.0177610739122
-0.466666666667 0.628318530718 0.0581568174233
-0.466666666667 0.837758040957 0.0311306989831
-0.466666666667 1.0471975512 0.0417098334112
-0.466666666667 1.25663706144 0.0710513148822
-0.466666666667 1.46607657168 0.0621666220854
-0.466666666667 1.67551608191 0.108930470089
-0.466666666667 1.88495559215 0.0899268669977
-0.466666666667 2.09439510239 0.287921804799
-0.466666666667 2.30383461263 0.0100925834675
-0.466666666667 2.51327412287 0.456978787191
-0.466666666667 2.72271363311 0.238648835184
-0.466666666667 2.93215314335 0.168875281085
-0.466666666667 3.14159265359 0.129962215092
-0.466666666667 3.35103216383 0.112905761198
-0.466666666667 3.56047167407 0.178212551524
-0.466666666667 3.76991118431 0.355067832211
-0.466666666667 3.97935069455 0.300803515652
-0.466666666667 4.18879020479 0.16465483709
-0.466666666667 4.39822971503 0.151302735689
-0.466666666667 4.60766922527 0.178129528966
-0.466666666667 4.8171087355 0.108422741152
-0.466666666667 5.02654824574 0.0877368047093
-0.466666666667 5.23598775598 0.14602791678
-0.466666666667 5.44542726622 0.0783325762907
-0.466666666667 5.65486677646 0.062874806666
-0.466666666667 5.8643062867 0.216752555413
-0.466666666667 6.07374579694 0.188102228169

-0.4 0 0.318346919637
-0.4 0.209439510239 0.0846953097287
-0.4 0.418879020479 0.0686818342054
-0.4 0.628318530718 0.150020841161
-0.4 0.837758040957 0.0581949092136
-0.4 1.0471975512 0.0210438368805
-0.4 1.25663706144 0.0724574093468
-0.4 1.46607657168 0.0537776278161
-0.4 1.67551608191 0.114362427447
-0.4 1.88495559215 0.0755570890311
-0.4 2.09439510239 0.302189047415
-0.4 2.30383461263 0.0129421065464
-0.4 2.51327412287 0.444043775044
-0.4 2.72271363311 0.226544116049
-0.4 2.93215314335 0.140411009024
-0.4 3.14159265359 0.178672187487
-0.4 3.35103216383 0.0854858923413
-0.4 3.56047167407 0.265794033831
-0.4 3.76991118431 0.435874864841
-0.4 3.97935069455 0.364301171989
-0.4 4.18879020479 0.266837852605
-0.4 4.39822971503 0.216766707337
-0.4 4.60766922527 0.152479205226
-0.4 4.8171087355 0.108296234831
-0.4 5.02654824574 0.0700164582453
-0.4 5.23598775598 0.148170786704
-0.4 5.44542726622 0.101718564357
-0.4 5.65486677646 0.0574346963643
-0.4 5.8643062867 0.232625144729
-0.4 6.07374579694 0.164300802844

-0.333333333333 0 0.344536333611
-0.333333333333 0.209439510239 0.0337474008245
-0.333333333333 0.418879020479 0.178473404386
-0.333333333333 0.628318530718 0.254896520462
-0.333333333333 0.837758040957 0.102664603895
-0.333333333333 1.0471975512 0.0121195056681
-0.333333333333 1.25663706144 0.0688118382414
-0.333333333333 1.46607657168 0.0496024934397
-0.333333333333 1.67551608191 0.118542413524
-0.333333333333 1.88495559215 0.0655499773009
-0.333333333333 2.09439510239 0.312882567424
-0.333333333333 2.30383461263 0.016857981808
-0.333333333333 2.51327412287 0.426824351095
-0.333333333333 2.72271363311 0.220583967159
-0.333333333333 2.93215314335 0.12306080164
-0.333333333333 3.14159265359 0.208834009508
-0.333333333333 3.35103216383 0.071510433473
-0.333333333333 3.56047167407 0.339746686061
-0.333333333333 3.76991118431 0.449272550567
-0.333333333333 3.97935069455 0.358593739986
-0.333333333333 4.18879020479 0.320900889653
-0.333333333333 4.39822971503 0.303776594018
-0.333333333333 4.60766922527 0.155155760434
-0.333333333333 4.8171087355 0.10388775379
-0.333333333333 5.02654824574 0.0643528180386
-0.333333333333 5.23598775598 0.145412561812
-0.333333333333 5.44542726622 0.122321050171
-0.333333333333 5.65486677646 0.0539132828607
-0.333333333333 5.8643062867 0.250872522456
-0.333333333333 6.07374579694 0.139285883583

-0.266666666667 0 0.357653627641
-0.266666666667 0.209439510239 0.0144194406241
-0.266666666667 0.418879020479 0.296701133899
-0.266666666667 0.628318530718 0.335489661438
-0.266666666667 0.837758040957 0.146257229771
-0.266666666667 1.0471975512 0.015073580522
-0.266666666667 1.25663706144 0.0610332203852
-0.266666666667 1.46607657168 0.0479234076279
-0.266666666667 1.67551608191 0.121211565741
-0.266666666667 1.88495559215 0.0582291692255
-0.266666666667 2.09439510239 0.321292968568
-0.266666666667 2.30383461263 0.0212539799524
-0.266666666667 2.51327412287 0.407769940626
-0.266666666667 2.72271363311 0.217829641516
-0.266666666667 2.93215314335 0.115346329463
-0.266666666667 3.14159265359 0.221725929828
-0.266666666667 3.35103216383 0.0700343615677
-0.266666666667 3.56047167407 0.384516926145
-0.266666666667 3.76991118431 0.416308995079
-0.266666666667 3.97935069455 0.314003066103
-0.266666666667 4.18879020479 0.32635694413
-0.266666666667 4.39822971503 0.370667111559
-0.266666666667 4.60766922527 0.175779343626
-0.266666666667 4.8171087355 0.0972776410531
-0.266666666667 5.02654824574 0.0657719228441
-0.266666666667 5.23598775598 0.140981075457
-0.266666666667 5.44542726622 0.139247437659
-0.266666666667 5.65486677646 0.0519705620166
-0.266666666667 5.8643062867 0.267728155666
-0.266666666667 6.07374579694 0.118589922512

-0.2 0 0.3619940519
-0.2 0.209439510239 0.0180157263
-0.2 0.418879020479 0.390110289375
-0.2 0.628318530718 0.379605121511
-0.2 0.837758040957 0.177354209295
-0.2 1.0471975512 0.0256102235444
-0.2 1.25663706144 0.0515817706624
-0.2 1.46607657168 0.0472567919663
-0.2 1.67551608191 0.122216350415
-0.2 1.88495559215 0.0524335096665
-0.2 2.09439510239 0.328357434118
-0.2 2.30383461263 0.0258622400592
-0.2 2.51327412287 0.388550018751
-0.2 2.72271363311 0.216554427594
-0.2 2.93215314335 0.114630247654
-0.2 3.14159265359 0.222491721926
-0.2 3.35103216383 0.0751494249394
-0.2 3.56047167407 0.402290446757
-0.2 3.76991118431 0.366619095482
-0.2 3.97935069455 0.263569925683
-0.2 4.18879020479 0.307353124321
-0.2 4.39822971503 0.408221569773
-0.2 4.60766922527 0.201569498715
-0.2 4.8171087355 0.0910191784798
-0.2 5.02654824574 0.070421155039
-0.2 5.23598775598 0.136523771878
-0.2 5.44542726622 0.152325564966
-0.2 5.65486677646 0.0511936073102
-0.2 5.8643062867 0.280537237717
-0.2 6.07374579694 0.10393775822

-0.133333333333 0 0.363032887477
-0.133333333333 0.209439510239 0.0305406587132
-0.133333333333 0.418879020479 0.446228059973
-0.133333333333 0.628318530718 0.39010760848
-0.133333333333 0.837758040957 0.190726455163
-0.133333333333 1.0471975512 0.0379664972685
-0.133333333333 1.25663706144 0.0425787448818
-0.133333333333 1.46607657168 0.0465340214877
-0.133333333333 1.67551608191 0.121682768931
-0.133333333333 1.88495559215 0.0474934707918
-0.133333333333 2.09439510239 0.334642466087
-0.133333333333 2.30383461263 0.0306125245203
-0.133333333333 2.51327412287 0.370236984392
-0.133333333333 2.72271363311 0.2159880043
-0.133333333333 2.93215314335 0.118473323849
-0.133333333333 3.14159265359 0.21601619834
-0.133333333333 3.35103216383 0.0815540855331
-0.133333333333 3.56047167407 0.402327973172
-0.133333333333 3.76991118431 0.321013173536
-0.133333333333 3.97935069455 0.225794689367
-0.133333333333 4.18879020479 0.285031809467
-0.133333333333 4.39822971503 0.423551532511
-0.133333333333 4.60766922527 0.224079929677
-0.133333333333 4.8171087355 0.0867236825392
-0.133333333333 5.02654824574 0.0759558600352
-0.133333333333 5.23598775598 0.132690382953
-0.133333333333 5.44542726622 0.161704052158
-0.133333333333 5.65486677646 0.0512081968051
-0.133333333333 5.8643062867 0.287617354233
-0.133333333333 6.07374579694 0.0950527312922

-0.0666666666667 0 0.364766926032
-0.0666666666667 0.209439510239 0.0410759600685
-0.0666666666667 0.418879020479 0.465209052301
-0.0666666666667 0.628318530718 0.374785714298
-0.0666666666667 0.837758040957 0.185791871891
-0.0666666666667 1.0471975512 0.0474585041687
-0.0666666666667 1.25663706144 0.0352081139677
-0.0666666666667 1.46607657168 0.0450736071633
-0.0666666666667 1.67551608191 0.120001880463
-0.0666666666667 1.88495559215 0.0430642825467
-0.0666666666667 2.09439510239 0.340407402078
-0.0666666666667 2.30383461263 0.0355561958827
-0.0666666666667 2.51327412287 0.353462998313
-0.0666666666667 2.72271363311 0.216092436948
-0.0666666666667 2.93215314335 0.125140662913
-0.0666666666667 3.14159265359 0.205535977359
-0.0666666666667 3.35103216383 0.0861646173998
-0.0666666666667 3.56047167407 0.393683034837
-0.0666666666667 3.76991118431 0.289766281556
-0.0666666666667 3.97935069455 0.206648669504
-0.0666666666667 4.18879020479 0.270148757931
-0.0666666666667 4.39822971503 0.426871015688
-0.0666666666667 4.60766922527 0.23947300603
-0.0666666666667 4.8171087355 0.0850938198682
-0.0666666666667 5.02654824574 0.0811730256085
-0.0666666666667 5.23598775598 0.129609853784
-0.0666666666667 5.44542726622 0.167635151723
-0.0666666666667 5.65486677646 0.0517530317368
-0.0666666666667 5.8643062867 0.287928185934
-0.0666666666667 6.07374579694 0.0913077696673

6.12323399574e-17 0 0.368667475636
6.12323399574e-17 0.209439510239 0.0448093023912
6.12323399574e-17 0.418879020479 0.452148765574
6.12323399574e-17 0.628318530718 0.341075318761
6.12323399574e-17 0.837758040957 0.164808044725
6.12323399574e-17 1.0471975512 0.051664354023
6.12323399574e-17 1.25663706144 0.0298917786634
6.12323399574e-17 1.46607657168 0.0424872725449
6.12323399574e-17 1.67551608191 0.117709213743
6.12323399574e-17 1.88495559215 0.0389932452959
6.12323399574e-17 2.09439510239 0.345675559452
6.12323399574e-17 2.30383461263 0.040820305808
6.12323399574e-17 2.51327412287 0.338541154469
6.12323399574e-17 2.72271363311 0.217439663857
6.12323399574e-17 2.93215314335 0.133607235527
6.12323399574e-17 3.14159265359 0.192619390425
6.12323399574e-17 3.35103216383 0.087917377827
6.12323399574e-17 3.56047167407 0.382452963898
6.12323399574e-17 3.76991118431 0.276485607567
6.12323399574e-17 3.97935069455 0.205939119649
6.12323399574e-17 4.18879020479 0.265959428527
6.12323399574e-17 4.39822971503 0.425790992525
6.12323399574e-17 4.60766922527 0.246841591521
6.12323399574e-17 4.8171087355 0.0863267592306
6.12323399574e-17 5.02654824574 0.0855453072773
6.12323399574e-17 5.23598775598 0.12720400036
6.12323399574e-17 5.44542726622 0.170366057045
6.12323399574e-17 5.65486677646 0.0527192710875
6.12323399574e-17 5.8643062867 0.280810700815
6.12323399574e-17 6.07374579694 0.0927721010522

0.0666666666667 0 0.373322933625
0.0666666666667 0.209439510239 0.0433220107693
0.0666666666667 0.418879020479 0.41322966745
0.0666666666667 0.628318530718 0.294955286724
0.0666666666667 0.837758040957 0.131930276749
0.0666666666667 1.0471975512 0.0506333193186
0.0666666666667 1.25663706144 0.0266615050838
0.0666666666667 1.46607657168 0.0385770338474
0.0666666666667 1.67551608191 0.115361473022
0.0666666666667 1.88495559215 0.0352582178043
0.0666666666667 2.09439510239 0.350283512139
0.0666666666667 2.30383461263 0.0465802836525
0.0666666666667 2.51327412287 0.32555150757
0.0666666666667 2.72271363311 0.221200593627
0.0666666666667 2.93215314335 0.143273409392
0.0666666666667 3.14159265359 0.177698219282
0.0666666666667 3.35103216383 0.0871030537513
0.0666666666667 3.56047167407 0.37172652882
0.0666666666667 3.76991118431 0.28165060318
0.0666666666667 3.97935069455 0.221694205946
0.0666666666667 4.18879020479 0.272434074553
0.0666666666667 4.39822971503 0.424291401694
0.0666666666667 4.60766922527 0.246728330871
0.0666666666667 4.8171087355 0.0904338168024
0.0666666666667 5.02654824574 0.0888555326529
0.0666666666667 5.23598775598 0.125371782352
0.0666666666667 5.44542726622 0.170091052172
0.0666666666667 5.65486677646 0.0541590912976
0.0666666666667 5.8643062867 0.265885373327
0.0666666666667 6.07374579694 0.100677507715

0.133333333333 0 0.374290112704
0.133333333333 0.209439510239 0.0438330151742
0.133333333333 0.418879020479 0.355343785015
0.133333333333 0.628318530718 0.242319125347
0.133333333333 0.837758040957 0.0936285401588
0.133333333333 1.0471975512 0.0468287110066
0.133333333333 1.25663706144 0.0254024563962
0.133333333333 1.46607657168 0.033264509769
0.133333333333 1.67551608191 0.113455940545
0.133333333333 1.88495559215 0.0319667910542
0.133333333333 2.09439510239 0.353898774825
0.133333333333 2.30383461263 0.0530428480196
0.133333333333 2.51327412287 0.314396407146
0.133333333333 2.72271363311 0.229228477617
0.133333333333 2.93215314335 0.153465978581
0.133333333333 3.14159265359 0.160904020941
0.133333333333 3.35103216383 0.0846779256704
0.133333333333 3.56047167407 0.362572424446
0.133333333333 3.76991118431 0.304262998909
0.133333333333 3.97935069455 0.251873301116
0.133333333333 4.18879020479 0.288631511503
0.133333333333 4.39822971503 0.423275486135
0.133333333333 4.60766922527 0.240359363264
0.133333333333 4.8171087355 0.0973814388462
0.133333333333 5.02654824574 0.0909540191108
0.133333333333 5.23598775598 0.124090964186
0.133333333333 5.44542726622 0.166937150151
0.133333333333 5.65486677646 0.0562635354166
0.133333333333 5.8643062867 0.243134108147
0.133333333333 6.07374579694 0.11735917541

0.2 0 0.36434026407
0.2 0.209439510239 0.0574283611399
0.2 0.418879020479 0.28790804096
0.2 0.628318530718 0.191423895035
0.2 0.837758040957 0.0601395454624
0.2 1.0471975512 0.0450571512842
0.2 1.25663706144 0.0258320634755
0.2 1.46607657168 0.0266056191143
0.2 1.67551608191 0.112398400669
0.2 1.88495559215 0.0294014713352
0.2 2.09439510239 0.356002545183
0.2 2.30383461263 0.0604325759355
0.2 2.51327412287 0.304830869852
0.2 2.72271363311 0.244193677393
0.2 2.93215314335 0.162733896366
0.2 3.14159265359 0.143302950004
0.2 3.35103216383 0.0814360456005
0.2 3.56047167407 0.355241458128
0.2 3.76991118431 0.341800070711
0.2 3.97935069455 0.294158418455
0.2 4.18879020479 0.313062367653
0.2 4.39822971503 0.42124905251
0.2 4.60766922527 0.22947088174
0.2 4.8171087355 0.107082346366
0.2 5.02654824574 0.0916099742763
0.2 5.23598775598 0.123473870214
0.2 5.44542726622 0.160969045789
0.2 5.65486677646 0.0593052986986
0.2 5.8643062867 0.21317116554
0.2 6.07374579694 0.145599226496

0.266666666667 0 0.334947120005
0.266666666667 0.209439510239 0.0950922116281
0.266666666667 0.418879020479 0.225186253733
0.266666666667 0.628318530718 0.154916826155
0.266666666667 0.837758040957 0.0463784316733
0.266666666667 1.0471975512 0.0517437537934
0.266666666667 1.25663706144 0.0271601299751
0.266666666667 1.46607657168 0.0189810805278
0.266666666667 1.67551608191 0.112515757974
0.266666666667 1.88495559215 0.0281049494301
0.266666666667 2.09439510239 0.355835041607
0.266666666667 2.30383461263 0.0689774029466
0.266666666667 2.51327412287 0.296478176704
0.266666666667 2.72271363311 0.26967708643
0.266666666667 2.93215314335 0.168007927971
0.266666666667 3.14159265359 0.12867096773
0.266666666667 3.35103216383 0.0767645897378
0.266666666667 3.56047167407 0.350064879481
0.266666666667 3.76991118431 0.389005041539
0.266666666667 3.97935069455 0.3444127908
0.266666666667 4.18879020479 0.342614939527
0.266666666667 4.39822971503 0.414952721086
0.266666666667 4.60766922527 0.216435734211
0.266666666667 4.8171087355 0.119286213962
0.266666666667 5.02654824574 0.0904311717298
0.266666666667 5.23598775598 0.123797313562
0.266666666667 5.44542726622 0.152206795733
0.266666666667 5.65486677646 0.0635385734501
0.266666666667 5.8643062867 0.177689237289
0.266666666667 6.07374579694 0.187188644459

0.333333333333 0 0.280247072907
0.333333333333 0.209439510239 0.16031977105
0.333333333333 0.418879020479 0.186366112529
0.333333333333 0.628318530718 0.148869579284
0.333333333333 0.837758040957 0.0689757411994
0.333333333333 1.0471975512 0.0718930586542
0.333333333333 1.25663706144 0.0275652607939
0.333333333333 1.46607657168 0.0116125793793
0.333333333333 1.67551608191 0.114123717839
0.333333333333 1.88495559215 0.0290073323753
0.333333333333 2.09439510239 0.352301688245
0.333333333333 2.30383461263 0.0788898985095
0.333333333333 2.51327412287 0.288847015161
0.333333333333 2.72271363311 0.310020191439
0.333333333333 2.93215314335 0.163997011766
0.333333333333 3.14159265359 0.125460606717
0.333333333333 3.35103216383 0.0672978271946
0.333333333333 3.56047167407 0.346978745013
0.333333333333 3.76991118431 0.436182491382
0.333333333333 3.97935069455 0.394292259209
0.333333333333 4.18879020479 0.370873912598
0.333333333333 4.39822971503 0.400482617318
0.333333333333 4.60766922527 0.204321115865
0.333333333333 4.8171087355 0.133425106027
0.333333333333 5.02654824574 0.0868490481325
0.333333333333 5.23598775598 0.125511572443
0.333333333333 5.44542726622 0.140655996529
0.333333333333 5.65486677646 0.0690494488531
0.333333333333 5.8643062867 0.140015544358
0.333333333333 6.07374579694 0.240584330645

0.4 0 0.2040054321
0.4 0.209439510239 0.239515653106
0.4 0.418879020479 0.189189651168
0.4 0.628318530718 0.185018402112
0.4 0.837758040957 0.135100526358
0.4 1.0471975512 0.102248470479
0.4 1.25663706144 0.0244092353102
0.4 1.46607657168 0.00753075362073
0.4 1.67551608191 0.117677626116
0.4 1.88495559215 0.0335887669541
0.4 2.09439510239 0.343846792293
0.4 2.30383461263 0.0903452732184
0.4 2.51327412287 0.281386395781
0.4 2.72271363311 0.369516861968
0.4 2.93215314335 0.143916164162
0.4 3.14159265359 0.146976455384
0.4 3.35103216383 0.0478624183062
0.4 3.56047167407 0.341560671092
0.4 3.76991118431 0.468284172764
0.4 3.97935069455 0.429498258896
0.4 4.18879020479 0.387387690039
0.4 4.39822971503 0.375654678874
0.4 4.60766922527 0.196407921275
0.4 4.8171087355 0.148485863822
0.4 5.02654824574 0.0802030590359
0.4 5.23598775598 0.129213867451
0.4 5.44542726622 0.126353802636
0.4 5.65486677646 0.0755584899199
0.4 5.8643062867 0.105600075608
0.4 6.07374579694 0.297998724279

0.466666666667 0 0.126895569639
0.466666666667 0.209439510239 0.297454992068
0.466666666667 0.418879020479 0.234231441284
0.466666666667 0.628318530718 0.25462281152
0.466666666667 0.837758040957 0.223429995303
0.466666666667 1.0471975512 0.124171608147
0.466666666667 1.25663706144 0.0177825450249
0.466666666667 1.46607657168 0.0126858757905
0.466666666667 1.67551608191 0.124026355786
0.466666666667 1.88495559215 0.0440098930442
0.466666666667 2.09439510239 0.32834116488
0.466666666667 2.30383461263 0.103464054166
0.466666666667 2.51327412287 0.273660574091
0.466666666667 2.72271363311 0.450178010023
0.466666666667 2.93215314335 0.103863018138
0.466666666667 3.14159265359 0.204538144654
0.466666666667 3.35103216383 0.0200937423948
0.466666666667 3.56047167407 0.317390940807
0.466666666667 3.76991118431 0.466117421186
0.466666666667 3.97935069455 0.431829118899
0.466666666667 4.18879020479 0.380540242668
0.466666666667 4.39822971503 0.34356446532
0.466666666667 4.60766922527 0.194724920644
0.466666666667 4.8171087355 0.162986463296
0.466666666667 5.02654824574 0.0700058041615
0.466666666667 5.23598775598 0.135547511635
0.466666666667 5.44542726622 0.109439526059
0.466666666667 5.65486677646 0.0822039792536
0.466666666667 5.8643062867 0.0820517042695
0.466666666667 6.07374579694 0.343419790989

0.533333333333 0 0.0850536016008
0.533333333333 0.209439510239 0.292395069306
0.533333333333 0.418879020479 0.287698239678
0.533333333333 0.628318530718 0.31445058524
0.533333333333 0.837758040957 0.275636050191
0.533333333333 1.0471975512 0.112077212609
0.533333333333 1.25663706144 0.0201664086085
0.533333333333 1.46607657168 0.0354888129362
0.533333333333 1.67551608191 0.134749721416
0.533333333333 1.88495559215 0.0629305261116
0.533333333333 2.09439510239 0.303155656843
0.533333333333 2.30383461263 0.118325437667
0.533333333333 2.51327412287 0.265819785063
0.533333333333 2.72271363311 0.546910791682
0.533333333333 2.93215314335 0.0540943137819
0.533333333333 3.14159265359 0.286620445791
0.533333333333 3.35103216383 0.0110366357056
0.533333333333 3.56047167407 0.248360948105
0.533333333333 3.76991118431 0.409549325846
0.533333333333 3.97935069455 0.387541366611
0.533333333333 4.18879020479 0.346974873833
0.533333333333 4.39822971503 0.314267335614
0.533333333333 4.60766922527 0.197772123004
0.533333333333 4.8171087355 0.175014134275
0.533333333333 5.02654824574 0.0565163407779
0.533333333333 5.23598775598 0.144950775344
0.533333333333 5.44542726622 0.0902641244481
0.533333333333 5.65486677646 0.0873898609623
0.533333333333 5.8643062867 0.0780388613974
0.533333333333 6.07374579694 0.35502256364

0.6 0 0.106840519492
0.6 0.209439510239 0.220345233866
0.6 0.418879020479 0.292470106771
0.6 0.628318530718 0.306037516209
0.6 0.837758040957 0.238741008022
0.6 1.0471975512 0.0766045298312
0.6 1.25663706144 0.0649469916442
0.6 1.46607657168 0.0810809554226
0.6 1.67551608191 0.152621891423
0.6 1.88495559215 0.0921649973358
0.6 2.09439510239 0.265955469717
0.6 2.30383461263 0.135066046837
0.6 2.51327412287 0.25968801611
0.6 2.72271363311 0.639295621131
0.6 2.93215314335 0.0368262998665
0.6 3.14159265359 0.331682379526
0.6 3.35103216383 0.0782396007717
0.6 3.56047167407 0.14194983887
0.6 3.76991118431 0.29345806022
0.6 3.97935069455 0.304405197257
0.6 4.18879020479 0.305355332558
0.6 4.39822971503 0.297267040241
0.6 4.60766922527 0.199692195315
0.6 4.8171087355 0.181927974772
0.6 5.02654824574 0.0417424791592
0.6 5.23598775598 0.15713203694
0.6 5.44542726622 0.069563251058
0.6 5.65486677646 0.0888901415838
0.6 5.8643062867 0.100081165105
0.6 6.07374579694 0.317058345263

0.666666666667 0 0.170052425021
0.666666666667 0.209439510239 0.151780223185
0.666666666667 0.418879020479 0.238086792692
0.666666666667 0.628318530718 0.235774680613
0.666666666667 0.837758040957 0.166635870588
0.666666666667 1.0471975512 0.109800961276
0.666666666667 1.25663706144 0.178379669361
0.666666666667 1.46607657168 0.139049152167
0.666666666667 1.67551608191 0.181984185116
0.666666666667 1.88495559215 0.12834583049
0.666666666667 2.09439510239 0.217650683996
0.666666666667 2.30383461263 0.154135921353
0.666666666667 2.51327412287 0.260717674579
0.666666666667 2.72271363311 0.683224275764
0.666666666667 2.93215314335 0.128889162008
0.666666666667 3.14159265359 0.253046292498
0.666666666667 3.35103216383 0.235602530222
0.666666666667 3.56047167407 0.0976502687176
0.666666666667 3.76991118431 0.179223325671
0.666666666667 3.97935069455 0.235965518022
0.666666666667 4.18879020479 0.289650737692
0.666666666667 4.39822971503 0.283023364073
0.666666666667 4.60766922527 0.196670264734
0.666666666667 4.8171087355 0.179034912737
0.666666666667 5.02654824574 0.0307900587763
0.666666666667 5.23598775598 0.170103287159
0.666666666667 5.44542726622 0.0487359521231
0.666666666667 5.65486677646 0.0845864090312
0.666666666667 5.8643062867 0.146414260058
0.666666666667 6.07374579694 0.242762935504

0.733333333333 0 0.193726759616
0.733333333333 0.209439510239 0.154903435933
0.733333333333 0.418879020479 0.212801056797
0.733333333333 0.628318530718 0.23260044556
0.733333333333 0.837758040957 0.230606379548
0.733333333333 1.0471975512 0.281483494813
0.733333333333 1.25663706144 0.287716003098
0.733333333333 1.46607657168 0.183140140328
0.733333333333 1.67551608191 0.223841804457
0.733333333333 1.88495559215 0.155063041279
0.733333333333 2.09439510239 0.170458245545
0.733333333333 2.30383461263 0.176600886171
0.733333333333 2.51327412287 0.279075644972
0.733333333333 2.72271363311 0.620948308151
0.733333333333 2.93215314335 0.360029878786
0.733333333333 3.14159265359 0.0922260918042
0.733333333333 3.35103216383 0.329683670434
0.733333333333 3.56047167407 0.200200440927
0.733333333333 3.76991118431 0.18320273045
0.733333333333 3.97935069455 0.241983169575
0.733333333333 4.18879020479 0.287534336957
0.733333333333 4.39822971503 0.244818209391
0.733333333333 4.60766922527 0.202001945015
0.733333333333 4.8171087355 0.157679149908
0.733333333333 5.02654824574 0.0326998161662
0.733333333333 5.23598775598 0.178649975775
0.733333333333 5.44542726622 0.0303045684541
0.733333333333 5.65486677646 0.0744882365247
0.733333333333 5.8643062867 0.199042984989
0.733333333333 6.07374579694 0.191312788924

0.8 0 0.161340008554
0.8 0.209439510239 0.143604425894
0.8 0.418879020479 0.21230363074
0.8 0.628318530718 0.29617895916
0.8 0.837758040957 0.353526271193
0.8 1.0471975512 0.353232166784
0.8 1.25663706144 0.241170488421
0.8 1.46607657168 0.223131668166
0.8 1.67551608191 0.248654970218
0.8 1.88495559215 0.147806251355
0.8 2.09439510239 0.162054185834
0.8 2.30383461263 0.203358639596
0.8 2.51327412287 0.318758510606
0.8 2.72271363311 0.45241637169
0.8 2.93215314335 0.532536846421
0.8 3.14159265359 0.115309571437
0.8 3.35103216383 0.240034329223
0.8 3.56047167407 0.283583596683
0.8 3.76991118431 0.25168311737
0.8 3.97935069455 0.252353429339
0.8 4.18879020479 0.240934619822
0.8 4.39822971503 0.21845177056
0.8 4.60766922527 0.233076510261
0.8 4.8171087355 0.108031467791
0.8 5.02654824574 0.0575450451366
0.8 5.23598775598 0.172537156606
0.8 5.44542726622 0.0187094477042
0.8 5.65486677646 0.0649463230365
0.8 5.8643062867 0.222082332662
0.8 6.07374579694 0.228130317695

0.866666666667 0 0.239077026141
0.866666666667 0.209439510239 0.129844606852
0.866666666667 0.418879020479 0.0955058820225
0.866666666667 0.628318530718 0.127462746069
0.866666666667 0.837758040957 0.153914868379
0.866666666667 1.0471975512 0.150959099241
0.866666666667 1.25663706144 0.191935143758
0.866666666667 1.46607657168 0.276481305745
0.866666666667 1.67551608191 0.173599772067
0.866666666667 1.88495559215 0.146586066339
0.866666666667 2.09439510239 0.250025350063
0.866666666667 2.30383461263 0.230475056661
0.866666666667 2.51327412287 0.333219716435
0.866666666667 2.72271363311 0.328126302469
0.866666666667 2.93215314335 0.37224994255
0.866666666667 3.14159265359 0.279712373492
0.866666666667 3.35103216383 0.258963979106
0.866666666667 3.56047167407 0.301156768734
0.866666666667 3.76991118431 0.29974694802
0.866666666667 3.97935069455 0.286269807469
0.866666666667 4.18879020479 0.289776119853
0.866666666667 4.39822971503 0.29698654906
0.866666666667 4.60766922527 0.209582916268
0.866666666667 4.8171087355 0.0439601744861
0.866666666667 5.02654824574 0.100554757324
0.866666666667 5.23598775598 0.136614290773
0.866666666667 5.44542726622 0.0218272448518
0.866666666667 5.65486677646 0.0755083794891
0.866666666667 5.8643062867 0.191068128047
0.866666666667 6.07374579694 0.291811982887

0.933333333333 0 0.265155081487
0.933333333333 0.209439510239 0.288725012711
0.933333333333 0.418879020479 0.27083102803
0.933333333333 0.628318530718 0.247529968004
0.933333333333 0.837758040957 0.242525107226
0.933333333333 1.0471975512 0.24422911935
0.933333333333 1.25663706144 0.208750305471
0.933333333333 1.46607657168 0.125359791305
0.933333333333 1.67551608191 0.140472832552
0.933333333333 1.88495559215 0.341505705
0.933333333333 2.09439510239 0.409079884211
0.933333333333 2.30383461263 0.24418741337
0.933333333333 2.51327412287 0.217478054244
0.933333333333 2.72271363311 0.277991531016
0.933333333333 2.93215314335 0.212981646767
0.933333333333 3.14159265359 0.131183587834
0.933333333333 3.35103216383 0.14803443044
0.933333333333 3.56047167407 0.221712204024
0.933333333333 3.76991118431 0.276722953406
0.933333333333 3.97935069455 0.281353410104
0.933333333333 4.18879020479 0.229405888159
0.933333333333 4.39822971503 0.128565687965
0.933333333333 4.60766922527 0.0374055879994
0.933333333333 4.8171087355 0.0457024064957
0.933333333333 5.02654824574 0.0989648449559
0.933333333333 5.23598775598 0.0638919505657
0.933333333333 5.44542726622 0.0547939321877
0.933333333333 5.65486677646 0.142976614655
0.933333333333 5.8643062867 0.189202353
0.933333333333 6.07374579694 0.2144946214

