-1 0 0.879621332445
-1 0.209439510239 0.879621332445
-1 0.418879020479 0.879621332445
-1 0.628318530718 0.879621332445
-1 0.837758040957 0.879621332445
-1 1.0471975512 0.879621332445
-1 1.25663706144 0.879621332445
-1 1.46607657168 0.879621332445
-1 1.67551608191 0.879621332445
-1 1.88495559215 0.879621332445
-1 2.09439510239 0.879621332445
-1 2.30383461263 0.879621332445
-1 2.51327412287 0.879621332445
-1 2.72271363311 0.879621332445
-1 2.93215314335 0.879621332445
-1 3.14159265359 0.879621332445
-1 3.35103216383 0.879621332445
-1 3.56047167407 0.879621332445
-1 3.76991118431 0.879621332445
-1 3.97935069455 0.879621332445
-1 4.18879020479 0.879621332445
-1 4.39822971503 0.879621332445
-1 4.60766922527 0.879621332445
-1 4.8171087355 0.879621332445
-1 5.02654824574 0.879621332445
-1 5.23598775598 0.879621332445
-1 5.44542726622 0.879621332445
-1 5.65486677646 0.879621332445
-1 5.8643062867 0.879621332445
-1 6.07374579694 0.879621332445

-0.933333333333 0 0.827402197871
-0.933333333333 0.209439510239 0.616259662221
-0.933333333333 0.418879020479 0.593069840243
-0.933333333333 0.628318530718 0.648923164416
-0.933333333333 0.837758040957 0.739087312863
-0.933333333333 1.0471975512 0.968212917394
-0.933333333333 1.25663706144 1.45120381872
-0.933333333333 1.46607657168 2.02994233774
-0.933333333333 1.67551608191 2.11915829514
-0.933333333333 1.88495559215 1.39722239147
-0.933333333333 2.09439510239 0.636845688488
-0.933333333333 2.30383461263 0.527533924662
-0.933333333333 2.51327412287 0.614305165202
-0.933333333333 2.72271363311 0.465819972878
-0.933333333333 2.93215314335 0.278333750289
-0.933333333333 3.14159265359 0.169776493291
-0.933333333333 3.35103216383 0.0990177684556
-0.933333333333 3.56047167407 0.0540269260633
-0.933333333333 3.76991118431 0.0384930950749
-0.933333333333 3.97935069455 0.0593807599901
-0.933333333333 4.18879020479 0.152946562689
-0.933333333333 4.39822971503 0.366687885569
-0.933333333333 4.60766922527 0.656832195419
-0.933333333333 4.8171087355 0.799054481998
-0.933333333333 5.02654824574 0.67104387113
-0.933333333333 5.23598775598 0.626574902995
-0.933333333333 5.44542726622 0.868940005327
-0.933333333333 5.65486677646 1.05047102709
-0.933333333333 5.8643062867 1.10817445359
-0.933333333333 6.07374579694 1.07380154614

-0.866666666667 0 0.60635631894
-0.866666666667 0.209439510239 1.43422150415
-0.866666666667 0.418879020479 1.62849762173
-0.866666666667 0.628318530718 1.34350269384
-0.866666666667 0.837758040957 1.00676533575
-0.866666666667 1.0471975512 0.665703804184
-0.866666666667 1.25663706144 0.403677003305
-0.866666666667 1.46607657168 0.760189817874
-0.866666666667 1.67551608191 1.98658476116
-0.866666666667 1.88495559215 2.40394306854
-0.866666666667 2.09439510239 1.09678090786
-0.866666666667 2.30383461263 0.439513785269
-0.866666666667 2.51327412287 0.510693553576
-0.866666666667 2.72271363311 0.223831455604
-0.866666666667 2.93215314335 0.0448204763231
-0.866666666667 3.14159265359 0.0403538834643
-0.866666666667 3.35103216383 0.109210530047
-0.866666666667 3.56047167407 0.180250163543
-0.866666666667 3.76991118431 0.184192507924
-0.866666666667 3.97935069455 0.144029114209
-0.866666666667 4.18879020479 0.098831728863
-0.866666666667 4.39822971503 0.135631698461
-0.866666666667 4.60766922527 0.39469403246
-0.866666666667 4.8171087355 0.712936036531
-0.866666666667 5.02654824574 0.649556681178
-0.866666666667 5.23598775598 0.506345342388
-0.866666666667 5.44542726622 0.844590393701
-0.866666666667 5.65486677646 1.12168959835
-0.866666666667 5.8643062867 1.1049559478
-0.866666666667 6.07374579694 0.526094084395

-0.8 0 2.13845414028
-0.8 0.209439510239 2.11564211158
-0.8 0.418879020479 1.31906745136
-0.8 0.628318530718 1.02135690424
-0.8 0.837758040957 0.800573340466
-0.8 1.0471975512 0.627335770671
-0.8 1.25663706144 0.457544263496
-0.8 1.46607657168 0.218365967419
-0.8 1.67551608191 0.985331335496
-0.8 1.88495559215 2.50774861479
-0.8 2.09439510239 1.63453601264
-0.8 2.30383461263 0.419672146644
-0.8 2.51327412287 0.417686277954
-0.8 2.72271363311 0.0755255856099
-0.8 2.93215314335 0.0561824593101
-0.8 3.14159265359 0.152140969892
-0.8 3.35103216383 0.276067404812
-0.8 3.56047167407 0.267239874082
-0.8 3.76991118431 0.201040850079
-0.8 3.97935069455 0.181813164096
-0.8 4.18879020479 0.193901287699
-0.8 4.39822971503 0.211622326761
-0.8 4.60766922527 0.410868385723
-0.8 4.8171087355 0.748173965943
-0.8 5.02654824574 0.593710061109
-0.8 5.23598775598 0.445569171824
-0.8 5.44542726622 0.930196925417
-0.8 5.65486677646 1.21297307968
-0.8 5.8643062867 0.707156066755
-0.8 6.07374579694 0.505526157893

-0.733333333333 0 2.54064491308
-0.733333333333 0.209439510239 1.25037134323
-0.733333333333 0.418879020479 1.62161993152
-0.733333333333 0.628318530718 1.69190303109
-0.733333333333 0.837758040957 1.12924459829
-0.733333333333 1.0471975512 0.591348356145
-0.733333333333 1.25663706144 0.386995211666
-0.733333333333 1.46607657168 0.261301270204
-0.733333333333 1.67551608191 0.387471313826
-0.733333333333 1.88495559215 2.12078833627
-0.733333333333 2.09439510239 2.03538244421
-0.733333333333 2.30383461263 0.429369863839
-0.733333333333 2.51327412287 0.347326371016
-0.733333333333 2.72271363311 0.0232101205545
-0.733333333333 2.93215314335 0.128999896742
-0.733333333333 3.14159265359 0.240067303697
-0.733333333333 3.35103216383 0.316592897024
-0.733333333333 3.56047167407 0.206497938559
-0.733333333333 3.76991118431 0.156617656041
-0.733333333333 3.97935069455 0.190236845973
-0.733333333333 4.18879020479 0.282073611247
-0.733333333333 4.39822971503 0.400700387023
-0.733333333333 4.60766922527 0.512719451441
-0.733333333333 4.8171087355 0.78620120546
-0.733333333333 5.02654824574 0.597437451329
-0.733333333333 5.23598775598 0.463206732762
-0.733333333333 5.44542726622 0.979559095359
-0.733333333333 5.65486677646 1.12724878886
-0.733333333333 5.8643062867 0.314170371367
-0.733333333333 6.07374579694 1.425450378

-0.666666666667 0 1.56262147917
-0.666666666667 0.209439510239 1.64574544089
-0.666666666667 0.418879020479 3.10482813243
-0.666666666667 0.628318530718 2.43352553122
-0.666666666667 0.837758040957 1.53796378972
-0.666666666667 1.0471975512 0.816789274748
-0.666666666667 1.25663706144 0.33123116282
-0.666666666667 1.46607657168 0.281815396906
-0.666666666667 1.67551608191 0.215685794053
-0.666666666667 1.88495559215 1.66245547215
-0.666666666667 2.09439510239 2.26462931758
-0.666666666667 2.30383461263 0.450075105966
-0.666666666667 2.51327412287 0.299916776234
-0.666666666667 2.72271363311 0.0321244671309
-0.666666666667 2.93215314335 0.176861202126
-0.666666666667 3.14159265359 0.299176516816
-0.666666666667 3.35103216383 0.282031104458
-0.666666666667 3.56047167407 0.144784632645
-0.666666666667 3.76991118431 0.146104046459
-0.666666666667 3.97935069455 0.19613113678
-0.666666666667 4.18879020479 0.285727861683
-0.666666666667 4.39822971503 0.53176338425
-0.666666666667 4.60766922527 0.74513852339
-0.666666666667 4.8171087355 0.808848506312
-0.666666666667 5.02654824574 0.603384548643
-0.666666666667 5.23598775598 0.518067577525
-0.666666666667 5.44542726622 0.965366981418
-0.666666666667 5.65486677646 0.94928676922
-0.666666666667 5.8643062867 0.289361321902
-0.666666666667 6.07374579694 2.17885395414

-0.6 0 0.817585546513
-0.6 0.209439510239 3.02222906346
-0.6 0.418879020479 3.52014516676
-0.6 0.628318530718 2.29195062186
-0.6 0.837758040957 1.58483006126
-0.6 1.0471975512 0.991236022796
-0.6 1.25663706144 0.393113760256
-0.6 1.46607657168 0.231202905633
-0.6 1.67551608191 0.216644040717
-0.6 1.88495559215 1.3042037707
-0.6 2.09439510239 2.35727148087
-0.6 2.30383461263 0.472558706302
-0.6 2.51327412287 0.270557799844
-0.6 2.72271363311 0.0705792143393
-0.6 2.93215314335 0.196545754808
-0.6 3.14159265359 0.335337179893
-0.6 3.35103216383 0.210209805717
-0.6 3.56047167407 0.100104806616
-0.6 3.76991118431 0.134293067069
-0.6 3.97935069455 0.208416387467
-0.6 4.18879020479 0.279345105824
-0.6 4.39822971503 0.483889357094
-0.6 4.60766922527 0.926512411124
-0.6 4.8171087355 0.877255021533
-0.6 5.02654824574 0.603182200122
-0.6 5.23598775598 0.572117430911
-0.6 5.44542726622 0.92457512273
-0.6 5.65486677646 0.786929540975
-0.6 5.8643062867 0.528863221391
-0.6 6.07374579694 2.2052577127

-0.533333333333 0 0.89577073481
-0.533333333333 0.209439510239 3.77567670785
-0.533333333333 0.418879020479 2.86590937412
-0.533333333333 0.628318530718 2.26345852395
-0.533333333333 0.837758040957 1.74133602237
-0.533333333333 1.0471975512 1.10885494195
-0.533333333333 1.25663706144 0.504867270338
-0.533333333333 1.46607657168 0.183655144432
-0.533333333333 1.67551608191 0.23977811488
-0.533333333333 1.88495559215 1.07210494217
-0.533333333333 2.09439510239 2.36248930539
-0.533333333333 2.30383461263 0.492601124776
-0.533333333333 2.51327412287 0.253796204556
-0.533333333333 2.72271363311 0.118218759624
-0.533333333333 2.93215314335 0.203873572771
-0.533333333333 3.14159265359 0.340817346514
-0.533333333333 3.35103216383 0.13427215475
-0.533333333333 3.56047167407 0.0684002280261
-0.533333333333 3.76991118431 0.119212064401
-0.533333333333 3.97935069455 0.24597566713
-0.533333333333 4.18879020479 0.375877189826
-0.533333333333 4.39822971503 0.412200648239
-0.533333333333 4.60766922527 0.936991107968
-0.533333333333 4.8171087355 0.9710598136
-0.533333333333 5.02654824574 0.615085564095
-0.533333333333 5.23598775598 0.611160387506
-0.533333333333 5.44542726622 0.885979003275
-0.533333333333 5.65486677646 0.674859211177
-0.533333333333 5.8643062867 0.833091971707
-0.533333333333 6.07374579694 1.78116615943

-0.466666666667 0 1.41980856876
-0.466666666667 0.209439510239 3.52040570851
-0.466666666667 0.418879020479 2.3021847452
-0.466666666667 0.628318530718 2.82917498443
-0.466666666667 0.837758040957 2.1438296484
-0.466666666667 1.0471975512 1.23668538634
-0.466666666667 1.25663706144 0.612241435733
-0.466666666667 1.46607657168 0.168270732835
-0.466666666667 1.67551608191 0.243459562143
-0.466666666667 1.88495559215 0.937480466622
-0.466666666667 2.09439510239 2.32164909849
-0.466666666667 2.30383461263 0.508713592885
-0.466666666667 2.51327412287 0.245298534595
-0.466666666667 2.72271363311 0.164105633887
-0.466666666667 2.93215314335 0.208846384135
-0.466666666667 3.14159265359 0.318313319158
-0.466666666667 3.35103216383 0.0762035651416
-0.466666666667 3.56047167407 0.0482297050511
-0.466666666667 3.76991118431 0.115774590046
-0.466666666667 3.97935069455 0.296497729286
-0.466666666667 4.18879020479 0.540559717799
-0.466666666667 4.39822971503 0.453132983102
-0.466666666667 4.60766922527 0.830542176416
-0.466666666667 4.8171087355 1.04154930287
-0.466666666667 5.02654824574 0.64721739042
-0.466666666667 5.23598775598 0.634621068229
-0.466666666667 5.44542726622 0.860632691183
-0.466666666667 5.65486677646 0.607944365895
-0.466666666667 5.8643062867 1.08983479584
-0.466666666667 6.07374579694 1.29255081566

-0.4 0 1.91494942981
-0.4 0.209439510239 2.76728237684
-0.4 0.418879020479 2.25009889889
-0.4 0.628318530718 3.63084496665
-0.4 0.837758040957 2.59244279871
-0.4 1.0471975512 1.36118359111
-0.4 1.25663706144 0.697555486555
-0.4 1.46607657168 0.178846972645
-0.4 1.67551608191 0.230779159387
-0.4 1.88495559215 0.863223108031
-0.4 2.09439510239 2.26320299945
-0.4 2.30383461263 0.520829864107
-0.4 2.51327412287 0.242102276551
-0.4 2.72271363311 0.203300746344
-0.4 2.93215314335 0.214140441171
-0.4 3.14159265359 0.280273001559
-0.4 3.35103216383 0.0408680249579
-0.4 3.56047167407 0.0396040693488
-0.4 3.76991118431 0.132445382312
-0.4 3.97935069455 0.344429449569
-0.4 4.18879020479 0.681901967889
-0.4 4.39822971503 0.590015804914
-0.4 4.60766922527 0.703123013381
-0.4 4.8171087355 1.06424333131
-0.4 5.02654824574 0.695603053298
-0.4 5.23598775598 0.646547303871
-0.4 5.44542726622 0.849476331066
-0.4 5.65486677646 0.57181829235
-0.4 5.8643062867 1.26814218304
-0.4 6.07374579694 0.932867674216

-0.333333333333 0 2.18040214041
-0.333333333333 0.209439510239 2.0145101385
-0.333333333333 0.418879020479 2.46070519082
-0.333333333333 0.628318530718 4.19445691373
-0.333333333333 0.837758040957 2.90703496898
-0.333333333333 1.0471975512 1.45195652196
-0.333333333333 1.25663706144 0.758245174903
-0.333333333333 1.46607657168 0.20101436533
-0.333333333333 1.67551608191 0.212596590862
-0.333333333333 1.88495559215 0.820897137002
-0.333333333333 2.09439510239 2.20429708548
-0.333333333333 2.30383461263 0.529551012596
-0.333333333333 2.51327412287 0.24236007688
-0.333333333333 2.72271363311 0.23417411135
-0.333333333333 2.93215314335 0.219198562908
-0.333333333333 3.14159265359 0.239800559779
-0.333333333333 3.35103216383 0.0231340287352
-0.333333333333 3.56047167407 0.0412155906645
-0.333333333333 3.76991118431 0.165535731098
-0.333333333333 3.97935069455 0.382738977876
-0.333333333333 4.18879020479 0.751834079994
-0.333333333333 4.39822971503 0.737823100223
-0.333333333333 4.60766922527 0.609152588576
-0.333333333333 4.8171087355 1.04233558024
-0.333333333333 5.02654824574 0.751792610705
-0.333333333333 5.23598775598 0.651508920815
-0.333333333333 5.44542726622 0.849564187632
-0.333333333333 5.65486677646 0.554112612067
-0.333333333333 5.8643062867 1.37622122069
-0.333333333333 6.07374579694 0.736164158768

-0.266666666667 0 2.22544471966
-0.266666666667 0.209439510239 1.46805941789
-0.266666666667 0.418879020479 2.60914493993
-0.266666666667 0.628318530718 4.32052716904
-0.266666666667 0.837758040957 3.03895967704
-0.266666666667 1.0471975512 1.50480155128
-0.266666666667 1.25663706144 0.796656840147
-0.266666666667 1.46607657168 0.223993520001
-0.266666666667 1.67551608191 0.19592197319
-0.266666666667 1.88495559215 0.793212331461
-0.266666666667 2.09439510239 2.15408925685
-0.266666666667 2.30383461263 0.535720832074
-0.266666666667 2.51327412287 0.244982718812
-0.266666666667 2.72271363311 0.256667153965
-0.266666666667 2.93215314335 0.223158133796
-0.266666666667 3.14159265359 0.20542072738
-0.266666666667 3.35103216383 0.0160572917025
-0.266666666667 3.56047167407 0.0500287489227
-0.266666666667 3.76991118431 0.205333723333
-0.266666666667 3.97935069455 0.410532089878
-0.266666666667 4.18879020479 0.755141285129
-0.266666666667 4.39822971503 0.836317047882
-0.266666666667 4.60766922527 0.559209609399
-0.266666666667 4.8171087355 0.991163738445
-0.266666666667 5.02654824574 0.807952941844
-0.266666666667 5.23598775598 0.653204684488
-0.266666666667 5.44542726622 0.857164062507
-0.266666666667 5.65486677646 0.546398390447
-0.266666666667 5.8643062867 1.43332046012
-0.266666666667 6.07374579694 0.664989521348

-0.2 0 2.13114665178
-0.2 0.209439510239 1.13014113401
-0.2 0.418879020479 2.55857589349
-0.2 0.628318530718 4.06998003431
-0.2 0.837758040957 3.02245363195
-0.2 1.0471975512 1.53224475921
-0.2 1.25663706144 0.81806597553
-0.2 1.46607657168 0.242241030156
-0.2 1.67551608191 0.183179915936
-0.2 1.88495559215 0.771249460041
-0.2 2.09439510239 2.11680863422
-0.2 2.30383461263 0.540200737528
-0.2 2.51327412287 0.249327522678
-0.2 2.72271363311 0.271273469921
-0.2 2.93215314335 0.225922976811
-0.2 3.14159265359 0.180670940628
-0.2 3.35103216383 0.0146169821939
-0.2 3.56047167407 0.0628248764535
-0.2 3.76991118431 0.244194979384
-0.2 3.97935069455 0.430773294177
-0.2 4.18879020479 0.719809220314
-0.2 4.39822971503 0.871221563634
-0.2 4.60766922527 0.542434801323
-0.2 4.8171087355 0.926052807396
-0.2 5.02654824574 0.858657837664
-0.2 5.23598775598 0.654205370653
-0.2 5.44542726622 0.868984835849
-0.2 5.65486677646 0.543392464423
-0.2 5.8643062867 1.45742425709
-0.2 6.07374579694 0.667302028271

-0.133333333333 0 1.97401381341
-0.133333333333 0.209439510239 0.934104343549
-0.133333333333 0.418879020479 2.33030698863
-0.133333333333 0.628318530718 3.60827390491
-0.133333333333 0.837758040957 2.91014717136
-0.133333333333 1.0471975512 1.54698497312
-0.133333333333 1.25663706144 0.828736811745
-0.133333333333 1.46607657168 0.253801353393
-0.133333333333 1.67551608191 0.174179086932
-0.133333333333 1.88495559215 0.751015205721
-0.133333333333 2.09439510239 2.0940235271
-0.133333333333 2.30383461263 0.543764193652
-0.133333333333 2.51327412287 0.254964222203
-0.133333333333 2.72271363311 0.278486555289
-0.133333333333 2.93215314335 0.228231487484
-0.133333333333 3.14159265359 0.165802071991
-0.133333333333 3.35103216383 0.0162559641507
-0.133333333333 3.56047167407 0.0777210897856
-0.133333333333 3.76991118431 0.280122842997
-0.133333333333 3.97935069455 0.44878180668
-0.133333333333 4.18879020479 0.672806675346
-0.133333333333 4.39822971503 0.855152870335
-0.133333333333 4.60766922527 0.54435555305
-0.133333333333 4.8171087355 0.857620235525
-0.133333333333 5.02654824574 0.90089809861
-0.133333333333 5.23598775598 0.65609503952
-0.133333333333 5.44542726622 0.882528995454
-0.133333333333 5.65486677646 0.541850128907
-0.133333333333 5.8643062867 1.46174245834
-0.133333333333 6.07374579694 0.700886163985

-0.0666666666667 0 1.80357753482
-0.0666666666667 0.209439510239 0.818735876602
-0.0666666666667 0.418879020479 2.00401272783
-0.0666666666667 0.628318530718 3.08643912124
-0.0666666666667 0.837758040957 2.74342742384
-0.0666666666667 1.0471975512 1.55582888301
-0.0666666666667 1.25663706144 0.833535450012
-0.0666666666667 1.46607657168 0.258532717059
-0.0666666666667 1.67551608191 0.16782329138
-0.0666666666667 1.88495559215 0.730859393951
-0.0666666666667 2.09439510239 2.08613315478
-0.0666666666667 2.30383461263 0.547063865509
-0.0666666666667 2.51327412287 0.261507661484
-0.0666666666667 2.72271363311 0.278534022803
-0.0666666666667 2.93215314335 0.231436514613
-0.0666666666667 3.14159265359 0.159502800939
-0.0666666666667 3.35103216383 0.0202806332241
-0.0666666666667 3.56047167407 0.094597739882
-0.0666666666667 3.76991118431 0.316116861445
-0.0666666666667 3.97935069455 0.470532446058
-0.0666666666667 4.18879020479 0.630382594676
-0.0666666666667 4.39822971503 0.807155675293
-0.0666666666667 4.60766922527 0.554830638425
-0.0666666666667 4.8171087355 0.791573017168
-0.0666666666667 5.02654824574 0.933440841376
-0.0666666666667 5.23598775598 0.659702047077
-0.0666666666667 5.44542726622 0.896086454508
-0.0666666666667 5.65486677646 0.539761979545
-0.0666666666667 5.8643062867 1.45478283567
-0.0666666666667 6.07374579694 0.739023214749

6.12323399574e-17 0 1.64411005751
6.12323399574e-17 0.209439510239 0.748304361504
6.12323399574e-17 0.418879020479 1.65264453324
6.12323399574e-17 0.628318530718 2.59830444558
6.12323399574e-17 0.837758040957 2.55046015304
6.12323399574e-17 1.0471975512 1.56029496076
6.12323399574e-17 1.25663706144 0.834439670451
6.12323399574e-17 1.46607657168 0.257047531748
6.12323399574e-17 1.67551608191 0.163033084923
6.12323399574e-17 1.88495559215 0.709908515408
6.12323399574e-17 2.09439510239 2.09324637498
6.12323399574e-17 2.30383461263 0.550646989265
6.12323399574e-17 2.51327412287 0.268495154753
6.12323399574e-17 2.72271363311 0.271292609428
6.12323399574e-17 2.93215314335 0.237326662074
6.12323399574e-17 3.14159265359 0.159913703208
6.12323399574e-17 3.35103216383 0.0271978412244
6.12323399574e-17 3.56047167407 0.114509929935
6.12323399574e-17 3.76991118431 0.357461301979
6.12323399574e-17 3.97935069455 0.500341545
6.12323399574e-17 4.18879020479 0.597559009076
6.12323399574e-17 4.39822971503 0.742807942702
6.12323399574e-17 4.60766922527 0.569254709145
6.12323399574e-17 4.8171087355 0.730116936986
6.12323399574e-17 5.02654824574 0.956099817282
6.12323399574e-17 5.23598775598 0.665307549241
6.12323399574e-17 5.44542726622 0.908606570153
6.12323399574e-17 5.65486677646 0.535892431028
6.12323399574e-17 5.8643062867 1.44139462264
6.12323399574e-17 6.07374579694 0.768321625618

0.0666666666667 0 1.50271906224
0.0666666666667 0.209439510239 0.708255390376
0.0666666666667 0.418879020479 1.32117918085
0.0666666666667 0.628318530718 2.18279636145
0.0666666666667 0.837758040957 2.35099822039
0.0666666666667 1.0471975512 1.55784856167
0.0666666666667 1.25663706144 0.82999757247
0.0666666666667 1.46607657168 0.250330885092
0.0666666666667 1.67551608191 0.159106909913
0.0666666666667 1.88495559215 0.687270139365
0.0666666666667 2.09439510239 2.11559135051
0.0666666666667 2.30383461263 0.555013153932
0.0666666666667 2.51327412287 0.275287602035
0.0666666666667 2.72271363311 0.256336811714
0.0666666666667 2.93215314335 0.248050785073
0.0666666666667 3.14159265359 0.164963706427
0.0666666666667 3.35103216383 0.0382990914868
0.0666666666667 3.56047167407 0.138443640708
0.0666666666667 3.76991118431 0.407903495505
0.0666666666667 3.97935069455 0.537792560914
0.0666666666667 4.18879020479 0.570852615268
0.0666666666667 4.39822971503 0.672572931184
0.0666666666667 4.60766922527 0.586812486959
0.0666666666667 4.8171087355 0.673593548331
0.0666666666667 5.02654824574 0.969142533808
0.0666666666667 5.23598775598 0.672799106608
0.0666666666667 5.44542726622 0.919546980807
0.0666666666667 5.65486677646 0.529568521044
0.0666666666667 5.8643062867 1.42374984265
0.0666666666667 6.07374579694 0.784673290321

0.133333333333 0 1.37691165801
0.133333333333 0.209439510239 0.695466053191
0.133333333333 0.418879020479 1.0303075487
0.133333333333 0.628318530718 1.83890890491
0.133333333333 0.837758040957 2.15528804964
0.133333333333 1.0471975512 1.54064882734
0.133333333333 1.25663706144 0.815383641315
0.133333333333 1.46607657168 0.239824808072
0.133333333333 1.67551608191 0.155805404143
0.133333333333 1.88495559215 0.661789661567
0.133333333333 2.09439510239 2.15352883522
0.133333333333 2.30383461263 0.560724680356
0.133333333333 2.51327412287 0.280977592971
0.133333333333 2.72271363311 0.233125434521
0.133333333333 2.93215314335 0.266050532461
0.133333333333 3.14159265359 0.172318196365
0.133333333333 3.35103216383 0.0554445577932
0.133333333333 3.56047167407 0.165682369801
0.133333333333 3.76991118431 0.464880600436
0.133333333333 3.97935069455 0.574577516723
0.133333333333 4.18879020479 0.541510141333
0.133333333333 4.39822971503 0.604131827394
0.133333333333 4.60766922527 0.607901872474
0.133333333333 4.8171087355 0.621936997857
0.133333333333 5.02654824574 0.972901195756
0.133333333333 5.23598775598 0.681774564569
0.133333333333 5.44542726622 0.928737936662
0.133333333333 5.65486677646 0.520631150193
0.133333333333 5.8643062867 1.40196416978
0.133333333333 6.07374579694 0.789781566933

0.2 0 1.26020487406
0.2 0.209439510239 0.7093961046
0.2 0.418879020479 0.78885248551
0.2 0.628318530718 1.54069206477
0.2 0.837758040957 1.95652891569
0.2 1.0471975512 1.49233658279
0.2 1.25663706144 0.783472762521
0.2 1.46607657168 0.227716801926
0.2 1.67551608191 0.153290947843
0.2 1.88495559215 0.632306820651
0.2 2.09439510239 2.20714578067
0.2 2.30383461263 0.568599801321
0.2 2.51327412287 0.284296154179
0.2 2.72271363311 0.201376106558
0.2 2.93215314335 0.293790337301
0.2 3.14159265359 0.179323684833
0.2 3.35103216383 0.0808339775529
0.2 3.56047167407 0.192310780964
0.2 3.76991118431 0.514981287005
0.2 3.97935069455 0.593203473986
0.2 4.18879020479 0.499416815597
0.2 4.39822971503 0.545908420754
0.2 4.60766922527 0.631440272194
0.2 4.8171087355 0.575919871353
0.2 5.02654824574 0.96759888629
0.2 5.23598775598 0.691613150445
0.2 5.44542726622 0.936273110484
0.2 5.65486677646 0.509492355766
0.2 5.8643062867 1.37434628177
0.2 6.07374579694 0.788806169155

0.266666666667 0 1.14654760324
0.266666666667 0.209439510239 0.74455150203
0.266666666667 0.418879020479 0.606218832529
0.266666666667 0.628318530718 1.25402701138
0.266666666667 0.837758040957 1.72676132558
0.266666666667 1.0471975512 1.38823471268
0.266666666667 1.25663706144 0.728510592621
0.266666666667 1.46607657168 0.216987817277
0.266666666667 1.67551608191 0.151862627809
0.266666666667 1.88495559215 0.598542460723
0.266666666667 2.09439510239 2.27531403566
0.266666666667 2.30383461263 0.580046080587
0.266666666667 2.51327412287 0.283519067771
0.266666666667 2.72271363311 0.161720586529
0.266666666667 2.93215314335 0.332940920284
0.266666666667 3.14159265359 0.183514122623
0.266666666667 3.35103216383 0.116389406713
0.266666666667 3.56047167407 0.211333178178
0.266666666667 3.76991118431 0.533560100437
0.266666666667 3.97935069455 0.570897434556
0.266666666667 4.18879020479 0.439127297098
0.266666666667 4.39822971503 0.509810684334
0.266666666667 4.60766922527 0.652337336834
0.266666666667 4.8171087355 0.538161599882
0.266666666667 5.02654824574 0.953391093623
0.266666666667 5.23598775598 0.701536825592
0.266666666667 5.44542726622 0.942428298797
0.266666666667 5.65486677646 0.497269695625
0.266666666667 5.8643062867 1.33737924317
0.266666666667 6.07374579694 0.788823608784

0.333333333333 0 1.03483590239
0.333333333333 0.209439510239 0.784188108171
0.333333333333 0.418879020479 0.499157288846
0.333333333333 0.628318530718 0.960420485329
0.333333333333 0.837758040957 1.43202692172
0.333333333333 1.0471975512 1.20813476293
0.333333333333 1.25663706144 0.654177384623
0.333333333333 1.46607657168 0.210516943296
0.333333333333 1.67551608191 0.151256704409
0.333333333333 1.88495559215 0.562863218432
0.333333333333 2.09439510239 2.35401419814
0.333333333333 2.30383461263 0.597629709968
0.333333333333 2.51327412287 0.276394996427
0.333333333333 2.72271363311 0.11676546202
0.333333333333 2.93215314335 0.382533098609
0.333333333333 3.14159265359 0.184556789071
0.333333333333 3.35103216383 0.162203064155
0.333333333333 3.56047167407 0.216907506946
0.333333333333 3.76991118431 0.49484322026
0.333333333333 3.97935069455 0.492298716422
0.333333333333 4.18879020479 0.368599619134
0.333333333333 4.39822971503 0.510562556048
0.333333333333 4.60766922527 0.659923833627
0.333333333333 4.8171087355 0.513615636519
0.333333333333 5.02654824574 0.930631740355
0.333333333333 5.23598775598 0.710680991058
0.333333333333 5.44542726622 0.947605132403
0.333333333333 5.65486677646 0.485983170698
0.333333333333 5.8643062867 1.28560695476
0.333333333333 6.07374579694 0.79745776122

0.4 0 0.934107655827
0.4 0.209439510239 0.798383690639
0.4 0.418879020479 0.485039570567
0.4 0.628318530718 0.684171911047
0.4 0.837758040957 1.07389967848
0.4 1.0471975512 0.96506137539
0.4 1.25663706144 0.58327022322
0.4 1.46607657168 0.208899283819
0.4 1.67551608191 0.149330443921
0.4 1.88495559215 0.532994091576
0.4 2.09439510239 2.43372372276
0.4 2.30383461263 0.626026557286
0.4 2.51327412287 0.260167938985
0.4 2.72271363311 0.0726494074112
0.4 2.93215314335 0.435604038274
0.4 3.14159265359 0.188581750696
0.4 3.35103216383 0.213768641067
0.4 3.56047167407 0.213754529791
0.4 3.76991118431 0.395797924428
0.4 3.97935069455 0.370445391002
0.4 4.18879020479 0.317130197861
0.4 4.39822971503 0.557919671802
0.4 4.60766922527 0.639274325835
0.4 4.8171087355 0.50882651982
0.4 5.02654824574 0.900375790862
0.4 5.23598775598 0.718185900583
0.4 5.44542726622 0.952295981824
0.4 5.65486677646 0.478801287009
0.4 5.8643062867 1.21171866179
0.4 6.07374579694 0.820862868738

0.466666666667 0 0.867411703564
0.466666666667 0.209439510239 0.754794530636
0.466666666667 0.418879020479 0.553340657992
0.466666666667 0.628318530718 0.499211133918
0.466666666667 0.837758040957 0.730913409013
0.466666666667 1.0471975512 0.732251399871
0.466666666667 1.25663706144 0.550994476843
0.466666666667 1.46607657168 0.208814084415
0.466666666667 1.67551608191 0.140790040775
0.466666666667 1.88495559215 0.524745129914
0.466666666667 2.09439510239 2.49588640941
0.466666666667 2.30383461263 0.673536584095
0.466666666667 2.51327412287 0.231898124194
0.466666666667 2.72271363311 0.0409573353373
0.466666666667 2.93215314335 0.474484497201
0.466666666667 3.14159265359 0.214079054044
0.466666666667 3.35103216383 0.259781274561
0.466666666667 3.56047167407 0.224908474165
0.466666666667 3.76991118431 0.282075287662
0.466666666667 3.97935069455 0.263426955192
0.466666666667 4.18879020479 0.331231985547
0.466666666667 4.39822971503 0.640193386471
0.466666666667 4.60766922527 0.578289837833
0.466666666667 4.8171087355 0.528918524975
0.466666666667 5.02654824574 0.86509435486
0.466666666667 5.23598775598 0.723300017663
0.466666666667 5.44542726622 0.957067243225
0.466666666667 5.65486677646 0.480302757171
0.466666666667 5.8643062867 1.10732954548
0.466666666667 6.07374579694 0.860172742732

0.533333333333 0 0.867228885673
0.533333333333 0.209439510239 0.652433295091
0.533333333333 0.418879020479 0.626929321272
0.533333333333 0.628318530718 0.474595048519
0.533333333333 0.837758040957 0.537988959959
0.533333333333 1.0471975512 0.62028491773
0.533333333333 1.25663706144 0.555140742687
0.533333333333 1.46607657168 0.20684328544
0.533333333333 1.67551608191 0.118907342967
0.533333333333 1.88495559215 0.561054191082
0.533333333333 2.09439510239 2.50934501731
0.533333333333 2.30383461263 0.754230168742
0.533333333333 2.51327412287 0.189635479623
0.533333333333 2.72271363311 0.0400705193221
0.533333333333 2.93215314335 0.467364854007
0.533333333333 3.14159265359 0.291594106615
0.533333333333 3.35103216383 0.287713170226
0.533333333333 3.56047167407 0.279226783454
0.533333333333 3.76991118431 0.24169693522
0.533333333333 3.97935069455 0.257772423115
0.533333333333 4.18879020479 0.441483686519
0.533333333333 4.39822971503 0.708636723458
0.533333333333 4.60766922527 0.481927885964
0.533333333333 4.8171087355 0.571824298178
0.533333333333 5.02654824574 0.829469037815
0.533333333333 5.23598775598 0.725460506181
0.533333333333 5.44542726622 0.962554981243
0.533333333333 5.65486677646 0.496668474748
0.533333333333 5.8643062867 0.965274626236
0.533333333333 6.07374579694 0.905892556683

0.6 0 0.950891712154
0.6 0.209439510239 0.573025341662
0.6 0.418879020479 0.58392720888
0.6 0.628318530718 0.548139754231
0.6 0.837758040957 0.547218833395
0.6 1.0471975512 0.63874175237
0.6 1.25663706144 0.513165844775
0.6 1.46607657168 0.210569618984
0.6 1.67551608191 0.0856953604859
0.6 1.88495559215 0.659164833758
0.6 2.09439510239 2.42998036262
0.6 2.30383461263 0.889977259976
0.6 2.51327412287 0.135886356325
0.6 2.72271363311 0.0929876489572
0.6 2.93215314335 0.375728829005
0.6 3.14159265359 0.437438178807
0.6 3.35103216383 0.307618083801
0.6 3.56047167407 0.370019657304
0.6 3.76991118431 0.332897166975
0.6 3.97935069455 0.392952169565
0.6 4.18879020479 0.602138925554
0.6 4.39822971503 0.690775046598
0.6 4.60766922527 0.386907657591
0.6 4.8171087355 0.621953702749
0.6 5.02654824574 0.80086217764
0.6 5.23598775598 0.724291859993
0.6 5.44542726622 0.969460067859
0.6 5.65486677646 0.535602543835
0.6 5.8643062867 0.784607718034
0.6 6.07374579694 0.931595866045

0.666666666667 0 1.07203560243
0.666666666667 0.209439510239 0.684556512939
0.666666666667 0.418879020479 0.446685346548
0.666666666667 0.628318530718 0.503309522569
0.666666666667 0.837758040957 0.554583177657
0.666666666667 1.0471975512 0.580121471845
0.666666666667 1.25663706144 0.395537690199
0.666666666667 1.46607657168 0.240698632529
0.666666666667 1.67551608191 0.0740158486742
0.666666666667 1.88495559215 0.798817463765
0.666666666667 2.09439510239 2.21195057138
0.666666666667 2.30383461263 1.1081214327
0.666666666667 2.51327412287 0.0866255891056
0.666666666667 2.72271363311 0.214635964495
0.666666666667 2.93215314335 0.194438318526
0.666666666667 3.14159265359 0.588780131851
0.666666666667 3.35103216383 0.376634086399
0.666666666667 3.56047167407 0.439727712269
0.666666666667 3.76991118431 0.483526666683
0.666666666667 3.97935069455 0.566647471523
0.666666666667 4.18879020479 0.674131210085
0.666666666667 4.39822971503 0.55968159761
0.666666666667 4.60766922527 0.353271737972
0.666666666667 4.8171087355 0.651146423881
0.666666666667 5.02654824574 0.788474948948
0.666666666667 5.23598775598 0.719502006378
0.666666666667 5.44542726622 0.978502420927
0.666666666667 5.65486677646 0.605545331138
0.666666666667 5.8643062867 0.579624331869
0.666666666667 6.07374579694 0.893453100596

0.733333333333 0 1.08134655008
0.733333333333 0.209439510239 1.04795243974
0.733333333333 0.418879020479 0.579576803956
0.733333333333 0.628318530718 0.416410387609
0.733333333333 0.837758040957 0.433734245942
0.733333333333 1.0471975512 0.445043898387
0.733333333333 1.25663706144 0.393758378229
0.733333333333 1.46607657168 0.279697177069
0.733333333333 1.67551608191 0.172599780114
0.733333333333 1.88495559215 0.893829542634
0.733333333333 2.09439510239 1.84474119009
0.733333333333 2.30383461263 1.41917819711
0.733333333333 2.51327412287 0.0898241008835
0.733333333333 2.72271363311 0.379647084763
0.733333333333 2.93215314335 0.0348961677265
0.733333333333 3.14159265359 0.565826841173
0.733333333333 3.35103216383 0.534373140989
0.733333333333 3.56047167407 0.477800617409
0.733333333333 3.76991118431 0.53683073678
0.733333333333 3.97935069455 0.592419033793
0.733333333333 4.18879020479 0.570159562392
0.733333333333 4.39822971503 0.4140816593
0.733333333333 4.60766922527 0.403985790899
0.733333333333 4.8171087355 0.640186084624
0.733333333333 5.02654824574 0.798999300112
0.733333333333 5.23598775598 0.710910624005
0.733333333333 5.44542726622 0.99020802015
0.733333333333 5.65486677646 0.713256714645
0.733333333333 5.8643062867 0.393037165419
0.733333333333 6.07374579694 0.749940491581

0.8 0 0.814155656489
0.8 0.209439510239 1.23531970283
0.8 0.418879020479 1.14174550907
0.8 0.628318530718 0.857278032885
0.8 0.837758040957 0.718981657566
0.8 1.0471975512 0.667791364976
0.8 1.25663706144 0.531094729006
0.8 1.46607657168 0.265609811363
0.8 1.67551608191 0.512143315117
0.8 1.88495559215 0.844001712381
0.8 2.09439510239 1.41136761021
0.8 2.30383461263 1.73944445328
0.8 2.51327412287 0.239027153485
0.8 2.72271363311 0.491195352723
0.8 2.93215314335 0.125413894648
0.8 3.14159265359 0.266350055627
0.8 3.35103216383 0.603768876483
0.8 3.56047167407 0.565882650095
0.8 3.76991118431 0.528337328508
0.8 3.97935069455 0.507881164131
0.8 4.18879020479 0.44845482579
0.8 4.39822971503 0.391097823097
0.8 4.60766922527 0.455793340701
0.8 4.8171087355 0.623538126038
0.8 5.02654824574 0.824928822599
0.8 5.23598775598 0.699696263105
0.8 5.44542726622 1.0041216368
0.8 5.65486677646 0.857799801398
0.8 5.8643062867 0.307667132887
0.8 6.07374579694 0.517242170813

0.866666666667 0 0.438014020857
0.866666666667 0.209439510239 0.680281942779
0.866666666667 0.418879020479 0.985595447043
0.866666666667 0.628318530718 1.06240758944
0.866666666667 0.837758040957 0.929043410631
0.866666666667 1.0471975512 0.665057546257
0.866666666667 1.25663706144 0.413220787788
0.866666666667 1.46607657168 0.607359209218
0.866666666667 1.67551608191 1.06919502
0.866666666667 1.88495559215 0.666327659017
0.866666666667 2.09439510239 1.05980207928
0.866666666667 2.30383461263 1.78360799548
0.866666666667 2.51327412287 0.586314396929
0.866666666667 2.72271363311 0.485996426738
0.866666666667 2.93215314335 0.482756034021
0.866666666667 3.14159265359 0.114440542405
0.866666666667 3.35103216383 0.27075459485
0.866666666667 3.56047167407 0.469060749077
0.866666666667 3.76991118431 0.502153759699
0.866666666667 3.97935069455 0.462455936087
0.866666666667 4.18879020479 0.405129982415
0.866666666667 4.39822971503 0.376890118162
0.866666666667 4.60766922527 0.456394854182
0.866666666667 4.8171087355 0.698151566282
0.866666666667 5.02654824574 0.825144039975
0.866666666667 5.23598775598 0.694017818695
0.866666666667 5.44542726622 1.01599422002
0.866666666667 5.65486677646 1.01637629825
0.866666666667 5.8643062867 0.432205279139
0.866666666667 6.07374579694 0.352691334922

0.933333333333 0 0.534279331473
0.933333333333 0.209439510239 0.551291090609
0.933333333333 0.418879020479 0.551945809733
0.933333333333 0.628318530718 0.58085283878
0.933333333333 0.837758040957 0.666412361733
0.933333333333 1.0471975512 0.86840775915
0.933333333333 1.25663706144 1.20709718903
0.933333333333 1.46607657168 1.41396812221
0.933333333333 1.67551608191 1.02035682886
0.933333333333 1.88495559215 0.470053821619
0.933333333333 2.09439510239 0.807428092816
0.933333333333 2.30383461263 1.29548512108
0.933333333333 2.51327412287 0.884784972043
0.933333333333 2.72271363311 0.576298494839
0.933333333333 2.93215314335 0.685608142227
0.933333333333 3.14159265359 0.591094476749
0.933333333333 3.35103216383 0.352963352863
0.933333333333 3.56047167407 0.236548583157
0.933333333333 3.76991118431 0.229773414104
0.933333333333 3.97935069455 0.266035717687
0.933333333333 4.18879020479 0.34230271603
0.933333333333 4.39822971503 0.490655896536
0.933333333333 4.60766922527 0.697070716129
0.933333333333 4.8171087355 0.818475455861
0.933333333333 5.02654824574 0.738702588709
0.933333333333 5.23598775598 0.724845768796
0.933333333333 5.44542726622 1.00618345047
0.933333333333 5.65486677646 1.10871383897
0.933333333333 5.8643062867 0.786617516971
0.933333333333 6.07374579694 0.54289142339

