-1 0 0.143828204494
-1 0.209439510239 0.143828204493
-1 0.418879020479 0.143828204493
-1 0.628318530718 0.143828204493
-1 0.837758040957 0.143828204493
-1 1.0471975512 0.143828204494
-1 1.25663706144 0.143828204494
-1 1.46607657168 0.143828204494
-1 1.67551608191 0.143828204493
-1 1.88495559215 0.143828204493
-1 2.09439510239 0.143828204493
-1 2.30383461263 0.143828204493
-1 2.51327412287 0.143828204494
-1 2.72271363311 0.143828204494
-1 2.93215314335 0.143828204494
-1 3.14159265359 0.143828204494
-1 3.35103216383 0.143828204493
-1 3.56047167407 0.143828204493
-1 3.76991118431 0.143828204493
-1 3.97935069455 0.143828204493
-1 4.18879020479 0.143828204494
-1 4.39822971503 0.143828204494
-1 4.60766922527 0.143828204494
-1 4.8171087355 0.143828204493
-1 5.02654824574 0.143828204493
-1 5.23598775598 0.143828204493
-1 5.44542726622 0.143828204493
-1 5.65486677646 0.143828204494
-1 5.8643062867 0.143828204494
-1 6.07374579694 0.143828204494

-0.933333333333 0 0.304477688
-0.933333333333 0.209439510239 0.184509880122
-0.933333333333 0.418879020479 0.152729250973
-0.933333333333 0.628318530718 0.157699767641
-0.933333333333 0.837758040957 0.191806123492
-0.933333333333 1.0471975512 0.26435125755
-0.933333333333 1.25663706144 0.351722513445
-0.933333333333 1.46607657168 0.3813672605
-0.933333333333 1.67551608191 0.321438388454
-0.933333333333 1.88495559215 0.29765912885
-0.933333333333 2.09439510239 0.429696906634
-0.933333333333 2.30383461263 0.544810774017
-0.933333333333 2.51327412287 0.52536230749
-0.933333333333 2.72271363311 0.601482358261
-0.933333333333 2.93215314335 0.735384006144
-0.933333333333 3.14159265359 0.660496259811
-0.933333333333 3.35103216383 0.449506991085
-0.933333333333 3.56047167407 0.29594090843
-0.933333333333 3.76991118431 0.230228249456
-0.933333333333 3.97935069455 0.213670261875
-0.933333333333 4.18879020479 0.236247715943
-0.933333333333 4.39822971503 0.317063805108
-0.933333333333 4.60766922527 0.463837037339
-0.933333333333 4.8171087355 0.60960469832
-0.933333333333 5.02654824574 0.644980286345
-0.933333333333 5.23598775598 0.595716087276
-0.933333333333 5.44542726622 0.563283848279
-0.933333333333 5.65486677646 0.582144255698
-0.933333333333 5.8643062867 0.610021541116
-0.933333333333 6.07374579694 0.503233456187

-0.866666666667 0 0.103958999171
-0.866666666667 0.209439510239 0.326404383099
-0.866666666667 0.418879020479 0.407986796247
-0.866666666667 0.628318530718 0.390221470405
-0.866666666667 0.837758040957 0.287378440138
-0.866666666667 1.0471975512 0.156857780487
-0.866666666667 1.25663706144 0.130474196792
-0.866666666667 1.46607657168 0.223739774193
-0.866666666667 1.67551608191 0.258241701002
-0.866666666667 1.88495559215 0.225570612501
-0.866666666667 2.09439510239 0.452365481774
-0.866666666667 2.30383461263 0.776779212561
-0.866666666667 2.51327412287 0.60073682142
-0.866666666667 2.72271363311 0.467009790356
-0.866666666667 2.93215314335 0.395990008982
-0.866666666667 3.14159265359 0.222370126972
-0.866666666667 3.35103216383 0.290249326614
-0.866666666667 3.56047167407 0.387298357439
-0.866666666667 3.76991118431 0.37056814189
-0.866666666667 3.97935069455 0.324566995947
-0.866666666667 4.18879020479 0.293690113117
-0.866666666667 4.39822971503 0.270603324412
-0.866666666667 4.60766922527 0.229125505251
-0.866666666667 4.8171087355 0.21281642184
-0.866666666667 5.02654824574 0.299828458689
-0.866666666667 5.23598775598 0.478613940597
-0.866666666667 5.44542726622 0.695034597779
-0.866666666667 5.65486677646 0.77550254224
-0.866666666667 5.8643062867 0.65571445939
-0.866666666667 6.07374579694 0.168809619508

-0.8 0 0.547452141962
-0.8 0.209439510239 0.669037319791
-0.8 0.418879020479 0.687373876839
-0.8 0.628318530718 0.713236071094
-0.8 0.837758040957 0.602122848756
-0.8 1.0471975512 0.36526065452
-0.8 1.25663706144 0.15537036955
-0.8 1.46607657168 0.177517245312
-0.8 1.67551608191 0.217588899753
-0.8 1.88495559215 0.144110697433
-0.8 2.09439510239 0.391488104068
-0.8 2.30383461263 0.892907532386
-0.8 2.51327412287 0.589767200978
-0.8 2.72271363311 0.307281436653
-0.8 2.93215314335 0.192216745694
-0.8 3.14159265359 0.317176676828
-0.8 3.35103216383 0.599244295271
-0.8 3.56047167407 0.521370510939
-0.8 3.76991118431 0.405745008738
-0.8 3.97935069455 0.386695334387
-0.8 4.18879020479 0.392850709918
-0.8 4.39822971503 0.395821976374
-0.8 4.60766922527 0.372902730067
-0.8 4.8171087355 0.21390414871
-0.8 5.02654824574 0.205730379189
-0.8 5.23598775598 0.382435548333
-0.8 5.44542726622 0.753700456369
-0.8 5.65486677646 0.827893123989
-0.8 5.8643062867 0.460492189408
-0.8 6.07374579694 0.0860453354168

-0.733333333333 0 0.622202022586
-0.733333333333 0.209439510239 0.475732084587
-0.733333333333 0.418879020479 0.556427648102
-0.733333333333 0.628318530718 0.584858950643
-0.733333333333 0.837758040957 0.586582431905
-0.733333333333 1.0471975512 0.483403284847
-0.733333333333 1.25663706144 0.21109307592
-0.733333333333 1.46607657168 0.146717599822
-0.733333333333 1.67551608191 0.250615669175
-0.733333333333 1.88495559215 0.101927267081
-0.733333333333 2.09439510239 0.329191966522
-0.733333333333 2.30383461263 0.941103569824
-0.733333333333 2.51327412287 0.549020944671
-0.733333333333 2.72271363311 0.200569419385
-0.733333333333 2.93215314335 0.138151925277
-0.733333333333 3.14159265359 0.62294470668
-0.733333333333 3.35103216383 0.743574570448
-0.733333333333 3.56047167407 0.464178241316
-0.733333333333 3.76991118431 0.385721673155
-0.733333333333 3.97935069455 0.388798473542
-0.733333333333 4.18879020479 0.400365765238
-0.733333333333 4.39822971503 0.425607286229
-0.733333333333 4.60766922527 0.475693650064
-0.733333333333 4.8171087355 0.277697330512
-0.733333333333 5.02654824574 0.180267987333
-0.733333333333 5.23598775598 0.367634591718
-0.733333333333 5.44542726622 0.818167288167
-0.733333333333 5.65486677646 0.804460607872
-0.733333333333 5.8643062867 0.270429568026
-0.733333333333 6.07374579694 0.269964730234

-0.666666666667 0 0.366534541738
-0.666666666667 0.209439510239 0.329151305261
-0.666666666667 0.418879020479 0.365822910851
-0.666666666667 0.628318530718 0.35010637408
-0.666666666667 0.837758040957 0.478100709297
-0.666666666667 1.0471975512 0.571412999876
-0.666666666667 1.25663706144 0.344554750594
-0.666666666667 1.46607657168 0.120681376639
-0.666666666667 1.67551608191 0.286307457869
-0.666666666667 1.88495559215 0.103535358907
-0.666666666667 2.09439510239 0.286715372479
-0.666666666667 2.30383461263 0.952646911564
-0.666666666667 2.51327412287 0.498533975537
-0.666666666667 2.72271363311 0.139429651443
-0.666666666667 2.93215314335 0.199590347988
-0.666666666667 3.14159265359 0.922453877802
-0.666666666667 3.35103216383 0.677592817833
-0.666666666667 3.56047167407 0.377658317822
-0.666666666667 3.76991118431 0.348093278346
-0.666666666667 3.97935069455 0.30559636574
-0.666666666667 4.18879020479 0.264138343657
-0.666666666667 4.39822971503 0.282831499954
-0.666666666667 4.60766922527 0.442592804668
-0.666666666667 4.8171087355 0.362228388102
-0.666666666667 5.02654824574 0.13095926148
-0.666666666667 5.23598775598 0.362922507594
-0.666666666667 5.44542726622 0.873729801147
-0.666666666667 5.65486677646 0.749238067069
-0.666666666667 5.8643062867 0.184912789022
-0.666666666667 6.07374579694 0.365628339362

-0.6 0 0.227468518323
-0.6 0.209439510239 0.366528013654
-0.6 0.418879020479 0.255597796162
-0.6 0.628318530718 0.246099570773
-0.6 0.837758040957 0.400272253234
-0.6 1.0471975512 0.598414017695
-0.6 1.25663706144 0.50668482353
-0.6 1.46607657168 0.14988597099
-0.6 1.67551608191 0.294259279106
-0.6 1.88495559215 0.133741976809
-0.6 2.09439510239 0.263678201861
-0.6 2.30383461263 0.94672500833
-0.6 2.51327412287 0.446482913242
-0.6 2.72271363311 0.108232626131
-0.6 2.93215314335 0.349019534687
-0.6 3.14159265359 1.08761426266
-0.6 3.35103216383 0.512663142004
-0.6 3.56047167407 0.334707889638
-0.6 3.76991118431 0.324017163816
-0.6 3.97935069455 0.300954301892
-0.6 4.18879020479 0.25055380503
-0.6 4.39822971503 0.164152152768
-0.6 4.60766922527 0.30651053826
-0.6 4.8171087355 0.42676944115
-0.6 5.02654824574 0.0871219909032
-0.6 5.23598775598 0.344468245054
-0.6 5.44542726622 0.908710004304
-0.6 5.65486677646 0.688536570873
-0.6 5.8643062867 0.176120947877
-0.6 6.07374579694 0.314168721596

-0.533333333333 0 0.288664637654
-0.533333333333 0.209439510239 0.426215727193
-0.533333333333 0.418879020479 0.231731523852
-0.533333333333 0.628318530718 0.239073050344
-0.533333333333 0.837758040957 0.322520890309
-0.533333333333 1.0471975512 0.526383914471
-0.533333333333 1.25663706144 0.598995634763
-0.533333333333 1.46607657168 0.223438217646
-0.533333333333 1.67551608191 0.284258235171
-0.533333333333 1.88495559215 0.174499559058
-0.533333333333 2.09439510239 0.254225126493
-0.533333333333 2.30383461263 0.934419066916
-0.533333333333 2.51327412287 0.396856520505
-0.533333333333 2.72271363311 0.0963362415295
-0.533333333333 2.93215314335 0.545883765673
-0.533333333333 3.14159265359 1.09253877795
-0.533333333333 3.35103216383 0.365836505876
-0.533333333333 3.56047167407 0.316998385868
-0.533333333333 3.76991118431 0.299755095401
-0.533333333333 3.97935069455 0.381393273964
-0.533333333333 4.18879020479 0.433387959193
-0.533333333333 4.39822971503 0.234790340042
-0.533333333333 4.60766922527 0.194745789483
-0.533333333333 4.8171087355 0.44631256535
-0.533333333333 5.02654824574 0.0674441134558
-0.533333333333 5.23598775598 0.317386153759
-0.533333333333 5.44542726622 0.925914990385
-0.533333333333 5.65486677646 0.632291117904
-0.533333333333 5.8643062867 0.201953386663
-0.533333333333 6.07374579694 0.214587548722

-0.466666666667 0 0.428003104553
-0.466666666667 0.209439510239 0.430822978958
-0.466666666667 0.418879020479 0.243573301757
-0.466666666667 0.628318530718 0.229666658621
-0.466666666667 0.837758040957 0.229518264135
-0.466666666667 1.0471975512 0.391987337112
-0.466666666667 1.25663706144 0.592589806714
-0.466666666667 1.46607657168 0.299980093326
-0.466666666667 1.67551608191 0.271525132611
-0.466666666667 1.88495559215 0.212980762076
-0.466666666667 2.09439510239 0.252740613842
-0.466666666667 2.30383461263 0.92164498774
-0.466666666667 2.51327412287 0.351908250842
-0.466666666667 2.72271363311 0.0972466754211
-0.466666666667 2.93215314335 0.747397753056
-0.466666666667 3.14159265359 0.983342991675
-0.466666666667 3.35103216383 0.280691462481
-0.466666666667 3.56047167407 0.282835747116
-0.466666666667 3.76991118431 0.253027478367
-0.466666666667 3.97935069455 0.441432872328
-0.466666666667 4.18879020479 0.645163187564
-0.466666666667 4.39822971503 0.437210176408
-0.466666666667 4.60766922527 0.16934619767
-0.466666666667 4.8171087355 0.429303832654
-0.466666666667 5.02654824574 0.0683798379696
-0.466666666667 5.23598775598 0.289407588388
-0.466666666667 5.44542726622 0.931908958385
-0.466666666667 5.65486677646 0.582913770043
-0.466666666667 5.8643062867 0.238885056963
-0.466666666667 6.07374579694 0.137958163678

-0.4 0 0.546118995982
-0.4 0.209439510239 0.396054514973
-0.4 0.418879020479 0.245345231673
-0.4 0.628318530718 0.184784308384
-0.4 0.837758040957 0.148307055833
-0.4 1.0471975512 0.259853347037
-0.4 1.25663706144 0.52019667638
-0.4 1.46607657168 0.351589129832
-0.4 1.67551608191 0.263122225731
-0.4 1.88495559215 0.242806081257
-0.4 2.09439510239 0.255294896958
-0.4 2.30383461263 0.911178609555
-0.4 2.51327412287 0.312958726741
-0.4 2.72271363311 0.106512711683
-0.4 2.93215314335 0.922753987829
-0.4 3.14159265359 0.82487347161
-0.4 3.35103216383 0.24409880249
-0.4 3.56047167407 0.223109325813
-0.4 3.76991118431 0.199089821681
-0.4 3.97935069455 0.432726729351
-0.4 4.18879020479 0.743045915312
-0.4 4.39822971503 0.637146596626
-0.4 4.60766922527 0.21577949545
-0.4 4.8171087355 0.394232224153
-0.4 5.02654824574 0.080475286656
-0.4 5.23598775598 0.264678430062
-0.4 5.44542726622 0.931934881248
-0.4 5.65486677646 0.540630174968
-0.4 5.8643062867 0.276695166394
-0.4 6.07374579694 0.102125658245

-0.333333333333 0 0.61296905913
-0.333333333333 0.209439510239 0.352611366476
-0.333333333333 0.418879020479 0.22369851251
-0.333333333333 0.628318530718 0.124541244983
-0.333333333333 0.837758040957 0.103072294686
-0.333333333333 1.0471975512 0.170848950233
-0.333333333333 1.25663706144 0.427498256293
-0.333333333333 1.46607657168 0.372885267102
-0.333333333333 1.67551608191 0.259232803102
-0.333333333333 1.88495559215 0.262286215037
-0.333333333333 2.09439510239 0.259571449117
-0.333333333333 2.30383461263 0.903988329478
-0.333333333333 2.51327412287 0.280715144968
-0.333333333333 2.72271363311 0.120584038333
-0.333333333333 2.93215314335 1.05742690292
-0.333333333333 3.14159265359 0.666627480217
-0.333333333333 3.35103216383 0.229345585731
-0.333333333333 3.56047167407 0.156505953086
-0.333333333333 3.76991118431 0.167797386261
-0.333333333333 3.97935069455 0.378566104533
-0.333333333333 4.18879020479 0.710891894152
-0.333333333333 4.39822971503 0.757739452046
-0.333333333333 4.60766922527 0.296187414689
-0.333333333333 4.8171087355 0.354962187728
-0.333333333333 5.02654824574 0.0962751298312
-0.333333333333 5.23598775598 0.24454333255
-0.333333333333 5.44542726622 0.929143760816
-0.333333333333 5.65486677646 0.505233063375
-0.333333333333 5.8643062867 0.311151790593
-0.333333333333 6.07374579694 0.0988149705529

-0.266666666667 0 0.637183073295
-0.266666666667 0.209439510239 0.316103175099
-0.266666666667 0.418879020479 0.188001925717
-0.266666666667 0.628318530718 0.0740361119812
-0.266666666667 0.837758040957 0.0935588129265
-0.266666666667 1.0471975512 0.131221547124
-0.266666666667 1.25663706144 0.345513262984
-0.266666666667 1.46607657168 0.371597665186
-0.266666666667 1.67551608191 0.25750747645
-0.266666666667 1.88495559215 0.272241887327
-0.266666666667 2.09439510239 0.2644057126
-0.266666666667 2.30383461263 0.900078127915
-0.266666666667 2.51327412287 0.255469363882
-0.266666666667 2.72271363311 0.136431734712
-0.266666666667 2.93215314335 1.14995719749
-0.266666666667 3.14159265359 0.534322041686
-0.266666666667 3.35103216383 0.218691392169
-0.266666666667 3.56047167407 0.103743761664
-0.266666666667 3.76991118431 0.173199094524
-0.266666666667 3.97935069455 0.320045730441
-0.266666666667 4.18879020479 0.605971699663
-0.266666666667 4.39822971503 0.793529124677
-0.266666666667 4.60766922527 0.380032760239
-0.266666666667 4.8171087355 0.318718034614
-0.266666666667 5.02654824574 0.111526187585
-0.266666666667 5.23598775598 0.229017243965
-0.266666666667 5.44542726622 0.925098613042
-0.266666666667 5.65486677646 0.47642361362
-0.266666666667 5.8643062867 0.340475904674
-0.266666666667 6.07374579694 0.114357045581

-0.2 0 0.636986852232
-0.2 0.209439510239 0.289363007132
-0.2 0.418879020479 0.151556008856
-0.2 0.628318530718 0.0430058809466
-0.2 0.837758040957 0.104653686465
-0.2 1.0471975512 0.127089292015
-0.2 1.25663706144 0.286771702936
-0.2 1.46607657168 0.358423983938
-0.2 1.67551608191 0.255795420902
-0.2 1.88495559215 0.274409880372
-0.2 2.09439510239 0.269341896459
-0.2 2.30383461263 0.898996409018
-0.2 2.51327412287 0.237268192604
-0.2 2.72271363311 0.151490628809
-0.2 2.93215314335 1.20637488117
-0.2 3.14159265359 0.435449981556
-0.2 3.35103216383 0.205932415684
-0.2 3.56047167407 0.0736002811991
-0.2 3.76991118431 0.208711945685
-0.2 3.97935069455 0.282483568196
-0.2 4.18879020479 0.490120653041
-0.2 4.39822971503 0.772417683988
-0.2 4.60766922527 0.450186431224
-0.2 4.8171087355 0.288265382758
-0.2 5.02654824574 0.124317072712
-0.2 5.23598775598 0.217683557365
-0.2 5.44542726622 0.920382668026
-0.2 5.65486677646 0.453829252568
-0.2 5.8643062867 0.363987615577
-0.2 6.07374579694 0.137855007307

-0.133333333333 0 0.627606724332
-0.133333333333 0.209439510239 0.270142703457
-0.133333333333 0.418879020479 0.122203092732
-0.133333333333 0.628318530718 0.028810595208
-0.133333333333 0.837758040957 0.120925094615
-0.133333333333 1.0471975512 0.140844027371
-0.133333333333 1.25663706144 0.251750920765
-0.133333333333 1.46607657168 0.341774256336
-0.133333333333 1.67551608191 0.252970446259
-0.133333333333 1.88495559215 0.27055802685
-0.133333333333 2.09439510239 0.274315904891
-0.133333333333 2.30383461263 0.900124942085
-0.133333333333 2.51327412287 0.226068002624
-0.133333333333 2.72271363311 0.163671347726
-0.133333333333 2.93215314335 1.23533462848
-0.133333333333 3.14159265359 0.367810223519
-0.133333333333 3.35103216383 0.191576296874
-0.133333333333 3.56047167407 0.0634737666784
-0.133333333333 3.76991118431 0.257548822134
-0.133333333333 3.97935069455 0.271985190799
-0.133333333333 4.18879020479 0.399949215231
-0.133333333333 4.39822971503 0.724839584857
-0.133333333333 4.60766922527 0.49974093532
-0.133333333333 4.8171087355 0.26412013913
-0.133333333333 5.02654824574 0.13409307962
-0.133333333333 5.23598775598 0.210100453949
-0.133333333333 5.44542726622 0.915041422329
-0.133333333333 5.65486677646 0.43701401886
-0.133333333333 5.8643062867 0.381558526897
-0.133333333333 6.07374579694 0.162556924644

-0.0666666666667 0 0.618840130758
-0.0666666666667 0.209439510239 0.255551117366
-0.0666666666667 0.418879020479 0.101920593555
-0.0666666666667 0.628318530718 0.0244455815671
-0.0666666666667 0.837758040957 0.133187256333
-0.0666666666667 1.0471975512 0.159647332278
-0.0666666666667 1.25663706144 0.236027394445
-0.0666666666667 1.46607657168 0.326431157985
-0.0666666666667 1.67551608191 0.248760925162
-0.0666666666667 1.88495559215 0.262120974041
-0.0666666666667 2.09439510239 0.279467014919
-0.0666666666667 2.30383461263 0.902824348048
-0.0666666666667 2.51327412287 0.221868153545
-0.0666666666667 2.72271363311 0.171361271416
-0.0666666666667 2.93215314335 1.24490100555
-0.0666666666667 3.14159265359 0.325985960729
-0.0666666666667 3.35103216383 0.178236687828
-0.0666666666667 3.56047167407 0.0655789307338
-0.0666666666667 3.76991118431 0.303547239904
-0.0666666666667 3.97935069455 0.284427836225
-0.0666666666667 4.18879020479 0.346895389396
-0.0666666666667 4.39822971503 0.671811228216
-0.0666666666667 4.60766922527 0.527675926668
-0.0666666666667 4.8171087355 0.245987204547
-0.0666666666667 5.02654824574 0.140994647635
-0.0666666666667 5.23598775598 0.205940236694
-0.0666666666667 5.44542726622 0.908859505368
-0.0666666666667 5.65486677646 0.425523194984
-0.0666666666667 5.8643062867 0.393323647597
-0.0666666666667 6.07374579694 0.184886352788

6.12323399574e-17 0 0.616284279756
6.12323399574e-17 0.209439510239 0.243568120238
6.12323399574e-17 0.418879020479 0.0895504928069
6.12323399574e-17 0.628318530718 0.0235775298441
6.12323399574e-17 0.837758040957 0.138260061942
6.12323399574e-17 1.0471975512 0.176955100472
6.12323399574e-17 1.25663706144 0.234743974609
6.12323399574e-17 1.46607657168 0.313953166318
6.12323399574e-17 1.67551608191 0.243338495821
6.12323399574e-17 1.88495559215 0.250141703117
6.12323399574e-17 2.09439510239 0.285052036274
6.12323399574e-17 2.30383461263 0.906488487926
6.12323399574e-17 2.51327412287 0.224817493012
6.12323399574e-17 2.72271363311 0.173422809182
6.12323399574e-17 2.93215314335 1.24081892934
6.12323399574e-17 3.14159265359 0.304949478063
6.12323399574e-17 3.35103216383 0.168245809761
6.12323399574e-17 3.56047167407 0.0723080968096
6.12323399574e-17 3.76991118431 0.336535957854
6.12323399574e-17 3.97935069455 0.313171704615
6.12323399574e-17 4.18879020479 0.326907022775
6.12323399574e-17 4.39822971503 0.624138640979
6.12323399574e-17 4.60766922527 0.535745800816
6.12323399574e-17 4.8171087355 0.233571878656
6.12323399574e-17 5.02654824574 0.145499183829
6.12323399574e-17 5.23598775598 0.205005709477
6.12323399574e-17 5.44542726622 0.901525613761
6.12323399574e-17 5.65486677646 0.4189418213
6.12323399574e-17 5.8643062867 0.399498520319
6.12323399574e-17 6.07374579694 0.203139263974

0.0666666666667 0 0.62304270381
0.0666666666667 0.209439510239 0.233329135379
0.0666666666667 0.418879020479 0.0832166927671
0.0666666666667 0.628318530718 0.0223604541491
0.0666666666667 0.837758040957 0.136349451591
0.0666666666667 1.0471975512 0.190765580125
0.0666666666667 1.25663706144 0.244335066517
0.0666666666667 1.46607657168 0.303376088947
0.0666666666667 1.67551608191 0.237023042621
0.0666666666667 1.88495559215 0.235370360047
0.0666666666667 2.09439510239 0.291436978494
0.0666666666667 2.30383461263 0.910538986336
0.0666666666667 2.51327412287 0.235290724472
0.0666666666667 2.72271363311 0.169230000243
0.0666666666667 2.93215314335 1.22578769555
0.0666666666667 3.14159265359 0.301539727723
0.0666666666667 3.35103216383 0.162979952914
0.0666666666667 3.56047167407 0.0789286760785
0.0666666666667 3.76991118431 0.352549486524
0.0666666666667 3.97935069455 0.351105131759
0.0666666666667 4.18879020479 0.328582362218
0.0666666666667 4.39822971503 0.585386098218
0.0666666666667 4.60766922527 0.526774046049
0.0666666666667 4.8171087355 0.226951120364
0.0666666666667 5.02654824574 0.14826317767
0.0666666666667 5.23598775598 0.207191914901
0.0666666666667 5.44542726622 0.892732666844
0.0666666666667 5.65486677646 0.416948249526
0.0666666666667 5.8643062867 0.400266469015
0.0666666666667 6.07374579694 0.216479286603

0.133333333333 0 0.640857331783
0.133333333333 0.209439510239 0.225187576166
0.133333333333 0.418879020479 0.0815817168557
0.133333333333 0.628318530718 0.0197236127381
0.133333333333 0.837758040957 0.128799333448
0.133333333333 1.0471975512 0.201158648169
0.133333333333 1.25663706144 0.262354657542
0.133333333333 1.46607657168 0.291684824118
0.133333333333 1.67551608191 0.230186572665
0.133333333333 1.88495559215 0.21843987725
0.133333333333 2.09439510239 0.299149439026
0.133333333333 2.30383461263 0.914379577527
0.133333333333 2.51327412287 0.253931756235
0.133333333333 2.72271363311 0.158786690843
0.133333333333 2.93215314335 1.19937167361
0.133333333333 3.14159265359 0.314617818248
0.133333333333 3.35103216383 0.163008427607
0.133333333333 3.56047167407 0.08414669819
0.133333333333 3.76991118431 0.351131707793
0.133333333333 3.97935069455 0.388458401683
0.133333333333 4.18879020479 0.337517601747
0.133333333333 4.39822971503 0.55531669827
0.133333333333 4.60766922527 0.504009311728
0.133333333333 4.8171087355 0.226601976101
0.133333333333 5.02654824574 0.150080614293
0.133333333333 5.23598775598 0.212419163134
0.133333333333 5.44542726622 0.882246972295
0.133333333333 5.65486677646 0.419355121245
0.133333333333 5.8643062867 0.395724923501
0.133333333333 6.07374579694 0.224309971931

0.2 0 0.670479363402
0.2 0.209439510239 0.220947027774
0.2 0.418879020479 0.0841183642711
0.2 0.628318530718 0.0172884490864
0.2 0.837758040957 0.117120514461
0.2 1.0471975512 0.208305291174
0.2 1.25663706144 0.286143224532
0.2 1.46607657168 0.274251299157
0.2 1.67551608191 0.223285439273
0.2 1.88495559215 0.20008483207
0.2 2.09439510239 0.308976563949
0.2 2.30383461263 0.91732119469
0.2 2.51327412287 0.281660859537
0.2 2.72271363311 0.142953066631
0.2 2.93215314335 1.15848132897
0.2 3.14159265359 0.344201720007
0.2 3.35103216383 0.168598274011
0.2 3.56047167407 0.0894573328713
0.2 3.76991118431 0.332101701352
0.2 3.97935069455 0.410206507435
0.2 4.18879020479 0.339075239792
0.2 4.39822971503 0.533052790051
0.2 4.60766922527 0.471134071319
0.2 4.8171087355 0.233126142222
0.2 5.02654824574 0.151898312021
0.2 5.23598775598 0.22054559989
0.2 5.44542726622 0.869966765338
0.2 5.65486677646 0.42613654223
0.2 5.8643062867 0.38588031658
0.2 6.07374579694 0.225949522987

0.266666666667 0 0.711318152538
0.266666666667 0.209439510239 0.224365407775
0.266666666667 0.418879020479 0.0906937769537
0.266666666667 0.628318530718 0.0191983489553
0.266666666667 0.837758040957 0.103478622079
0.266666666667 1.0471975512 0.211774733299
0.266666666667 1.25663706144 0.311037015249
0.266666666667 1.46607657168 0.246030892339
0.266666666667 1.67551608191 0.216832019942
0.266666666667 1.88495559215 0.181391801476
0.266666666667 2.09439510239 0.322087074425
0.266666666667 2.30383461263 0.918485180207
0.266666666667 2.51327412287 0.319640049138
0.266666666667 2.72271363311 0.123768423908
0.266666666667 2.93215314335 1.09876183325
0.266666666667 3.14159265359 0.389281970292
0.266666666667 3.35103216383 0.180706278491
0.266666666667 3.56047167407 0.0979360486962
0.266666666667 3.76991118431 0.294331548797
0.266666666667 3.97935069455 0.397812054524
0.266666666667 4.18879020479 0.323052779306
0.266666666667 4.39822971503 0.519886779406
0.266666666667 4.60766922527 0.432487793591
0.266666666667 4.8171087355 0.246709296318
0.266666666667 5.02654824574 0.154840428358
0.266666666667 5.23598775598 0.231266963522
0.266666666667 5.44542726622 0.855978857939
0.266666666667 5.65486677646 0.437442773224
0.266666666667 5.8643062867 0.370680348594
0.266666666667 6.07374579694 0.220533150851

0.333333333333 0 0.760416245286
0.333333333333 0.209439510239 0.241907051433
0.333333333333 0.418879020479 0.100750873669
0.333333333333 0.628318530718 0.03146030862
0.333333333333 0.837758040957 0.0927979214544
0.333333333333 1.0471975512 0.212399269698
0.333333333333 1.25663706144 0.329459690209
0.333333333333 1.46607657168 0.204659773349
0.333333333333 1.67551608191 0.210982651568
0.333333333333 1.88495559215 0.164057179226
0.333333333333 2.09439510239 0.340122548633
0.333333333333 2.30383461263 0.916692091834
0.333333333333 2.51327412287 0.369190527269
0.333333333333 2.72271363311 0.104783086118
0.333333333333 2.93215314335 1.01761704076
0.333333333333 3.14159265359 0.443684853818
0.333333333333 3.35103216383 0.203050947032
0.333333333333 3.56047167407 0.113306471058
0.333333333333 3.76991118431 0.239484498543
0.333333333333 3.97935069455 0.340025282539
0.333333333333 4.18879020479 0.292598622505
0.333333333333 4.39822971503 0.520939090375
0.333333333333 4.60766922527 0.393004281018
0.333333333333 4.8171087355 0.26643252295
0.333333333333 5.02654824574 0.160188380787
0.333333333333 5.23598775598 0.244025823902
0.333333333333 5.44542726622 0.840613321986
0.333333333333 5.65486677646 0.4536005069
0.333333333333 5.8643062867 0.35007349877
0.333333333333 6.07374579694 0.207117001311

0.4 0 0.810780498071
0.4 0.209439510239 0.283562811812
0.4 0.418879020479 0.112728213769
0.4 0.628318530718 0.0597992796755
0.4 0.837758040957 0.0958563504818
0.4 1.0471975512 0.217203455429
0.4 1.25663706144 0.333173949685
0.4 1.46607657168 0.155789793101
0.4 1.67551608191 0.204385164387
0.4 1.88495559215 0.150574741556
0.4 2.09439510239 0.365138295404
0.4 2.30383461263 0.910352715334
0.4 2.51327412287 0.431653836818
0.4 2.72271363311 0.0911931889337
0.4 2.93215314335 0.91964629922
0.4 3.14159265359 0.490174897642
0.4 3.35103216383 0.245222573258
0.4 3.56047167407 0.141461007225
0.4 3.76991118431 0.182221902341
0.4 3.97935069455 0.253498843224
0.4 4.18879020479 0.27475150778
0.4 4.39822971503 0.543155605068
0.4 4.60766922527 0.357398308915
0.4 4.8171087355 0.289720526417
0.4 5.02654824574 0.169247251743
0.4 5.23598775598 0.257983930639
0.4 5.44542726622 0.824481431853
0.4 5.65486677646 0.475087652377
0.4 5.8643062867 0.324100014027
0.4 6.07374579694 0.185014770701

0.466666666667 0 0.849148075641
0.466666666667 0.209439510239 0.363035920468
0.466666666667 0.418879020479 0.125473456883
0.466666666667 0.628318530718 0.104728381582
0.466666666667 0.837758040957 0.129009918467
0.466666666667 1.0471975512 0.242518466054
0.466666666667 1.25663706144 0.319535201006
0.466666666667 1.46607657168 0.117280481507
0.466666666667 1.67551608191 0.19245666907
0.466666666667 1.88495559215 0.144156656725
0.466666666667 2.09439510239 0.399153740204
0.466666666667 2.30383461263 0.897402167698
0.466666666667 2.51327412287 0.508173882553
0.466666666667 2.72271363311 0.0894489009301
0.466666666667 2.93215314335 0.82398205514
0.466666666667 3.14159265359 0.497013070325
0.466666666667 3.35103216383 0.322615093793
0.466666666667 3.56047167407 0.197916392387
0.466666666667 3.76991118431 0.161711782466
0.466666666667 3.97935069455 0.200851192306
0.466666666667 4.18879020479 0.319714611534
0.466666666667 4.39822971503 0.586166675427
0.466666666667 4.60766922527 0.328624088137
0.466666666667 4.8171087355 0.312377149683
0.466666666667 5.02654824574 0.183040516297
0.466666666667 5.23598775598 0.272167216312
0.466666666667 5.44542726622 0.808459354434
0.466666666667 5.65486677646 0.502449787442
0.466666666667 5.8643062867 0.293053217977
0.466666666667 6.07374579694 0.154453109588

0.533333333333 0 0.85356941544
0.533333333333 0.209439510239 0.494819746928
0.533333333333 0.418879020479 0.145285357466
0.533333333333 0.628318530718 0.154598948554
0.533333333333 0.837758040957 0.200559368502
0.533333333333 1.0471975512 0.301150092639
0.533333333333 1.25663706144 0.294801903465
0.533333333333 1.46607657168 0.112263878004
0.533333333333 1.67551608191 0.16710201623
0.533333333333 1.88495559215 0.148034739877
0.533333333333 2.09439510239 0.442924243384
0.533333333333 2.30383461263 0.875384998278
0.533333333333 2.51327412287 0.599286357465
0.533333333333 2.72271363311 0.106075620469
0.533333333333 2.93215314335 0.76835731984
0.533333333333 3.14159265359 0.430357878592
0.533333333333 3.35103216383 0.440090150735
0.533333333333 3.56047167407 0.318247085531
0.533333333333 3.76991118431 0.238204532466
0.533333333333 3.97935069455 0.273652831265
0.533333333333 4.18879020479 0.466927379491
0.533333333333 4.39822971503 0.626884291944
0.533333333333 4.60766922527 0.306915191267
0.533333333333 4.8171087355 0.32953035813
0.533333333333 5.02654824574 0.201896386225
0.533333333333 5.23598775598 0.285965942904
0.533333333333 5.44542726622 0.793544329333
0.533333333333 5.65486677646 0.536082127262
0.533333333333 5.8643062867 0.257835120522
0.533333333333 6.07374579694 0.117647642783

0.6 0 0.792610626939
0.6 0.209439510239 0.681314322687
0.6 0.418879020479 0.201927842411
0.6 0.628318530718 0.187135486504
0.6 0.837758040957 0.280465472552
0.6 1.0471975512 0.364176797513
0.6 1.25663706144 0.261509380706
0.6 1.46607657168 0.141857732717
0.6 1.67551608191 0.12267007089
0.6 1.88495559215 0.163865126776
0.6 2.09439510239 0.493528035787
0.6 2.30383461263 0.841988548768
0.6 2.51327412287 0.703849393505
0.6 2.72271363311 0.146192654224
0.6 2.93215314335 0.794949689339
0.6 3.14159265359 0.302674509464
0.6 3.35103216383 0.548137259036
0.6 3.56047167407 0.539711353267
0.6 3.76991118431 0.453559839836
0.6 3.97935069455 0.508649581566
0.6 4.18879020479 0.673420881241
0.6 4.39822971503 0.613696179883
0.6 4.60766922527 0.292166886419
0.6 4.8171087355 0.336978386406
0.6 5.02654824574 0.225408299713
0.6 5.23598775598 0.300225311529
0.6 5.44542726622 0.780439256533
0.6 5.65486677646 0.575711077317
0.6 5.8643062867 0.220786282291
0.6 6.07374579694 0.0802699521546

0.666666666667 0 0.632924888056
0.666666666667 0.209439510239 0.878046548397
0.666666666667 0.418879020479 0.359819740636
0.666666666667 0.628318530718 0.207612142157
0.666666666667 0.837758040957 0.296498633682
0.666666666667 1.0471975512 0.344399292965
0.666666666667 1.25663706144 0.205038778909
0.666666666667 1.46607657168 0.160285864541
0.666666666667 1.67551608191 0.0713265394498
0.666666666667 1.88495559215 0.190182881825
0.666666666667 2.09439510239 0.541195825475
0.666666666667 2.30383461263 0.796805138436
0.666666666667 2.51327412287 0.81579525671
0.666666666667 2.72271363311 0.214063250496
0.666666666667 2.93215314335 0.896474304312
0.666666666667 3.14159265359 0.242562550453
0.666666666667 3.35103216383 0.521741201507
0.666666666667 3.56047167407 0.796024490791
0.666666666667 3.76991118431 0.746455863274
0.666666666667 3.97935069455 0.775601900354
0.666666666667 4.18879020479 0.77376267436
0.666666666667 4.39822971503 0.503281152237
0.666666666667 4.60766922527 0.289769782833
0.666666666667 4.8171087355 0.331344184146
0.666666666667 5.02654824574 0.254188472771
0.666666666667 5.23598775598 0.319041543287
0.666666666667 5.44542726622 0.768606325816
0.666666666667 5.65486677646 0.619232010283
0.666666666667 5.8643062867 0.187452855111
0.666666666667 6.07374579694 0.0527570557094

0.733333333333 0 0.37198383669
0.733333333333 0.209439510239 0.93997198838
0.733333333333 0.418879020479 0.650220832546
0.733333333333 0.628318530718 0.319809855947
0.733333333333 0.837758040957 0.257138201627
0.733333333333 1.0471975512 0.225827053306
0.733333333333 1.25663706144 0.134816437366
0.733333333333 1.46607657168 0.120653150431
0.733333333333 1.67551608191 0.0547096240999
0.733333333333 1.88495559215 0.225181452405
0.733333333333 2.09439510239 0.569505535181
0.733333333333 2.30383461263 0.745794576637
0.733333333333 2.51327412287 0.915511557914
0.733333333333 2.72271363311 0.318547495276
0.733333333333 2.93215314335 0.943370314739
0.733333333333 3.14159265359 0.443071508083
0.733333333333 3.35103216383 0.317222569874
0.733333333333 3.56047167407 0.813899323865
0.733333333333 3.76991118431 0.873251874288
0.733333333333 3.97935069455 0.804141075991
0.733333333333 4.18879020479 0.617593310131
0.733333333333 4.39822971503 0.343430823779
0.733333333333 4.60766922527 0.305532162838
0.733333333333 4.8171087355 0.310152690373
0.733333333333 5.02654824574 0.296023239512
0.733333333333 5.23598775598 0.351633861747
0.733333333333 5.44542726622 0.754312607606
0.733333333333 5.65486677646 0.660217286949
0.733333333333 5.8643062867 0.169580381892
0.733333333333 6.07374579694 0.0497754036355

0.8 0 0.10909310942
0.8 0.209439510239 0.656652843171
0.8 0.418879020479 0.832229758764
0.8 0.628318530718 0.585945212538
0.8 0.837758040957 0.352981310674
0.8 1.0471975512 0.203726515159
0.8 1.25663706144 0.117265191595
0.8 1.46607657168 0.0813497934532
0.8 1.67551608191 0.121713476172
0.8 1.88495559215 0.277827200141
0.8 2.09439510239 0.570392158186
0.8 2.30383461263 0.706603514329
0.8 2.51327412287 0.956967638271
0.8 2.72271363311 0.47455177801
0.8 2.93215314335 0.764244132275
0.8 3.14159265359 0.798642293197
0.8 3.35103216383 0.240229712373
0.8 3.56047167407 0.448535030927
0.8 3.76991118431 0.592928098078
0.8 3.97935069455 0.508453441286
0.8 4.18879020479 0.345791461354
0.8 4.39822971503 0.268614586241
0.8 4.60766922527 0.308428325492
0.8 4.8171087355 0.289990471273
0.8 5.02654824574 0.377447431463
0.8 5.23598775598 0.41107947153
0.8 5.44542726622 0.726794094799
0.8 5.65486677646 0.682778204436
0.8 5.8643062867 0.187497335247
0.8 6.07374579694 0.0851398663845

0.866666666667 0 0.0708498519396
0.866666666667 0.209439510239 0.174245244437
0.866666666667 0.418879020479 0.438174606282
0.866666666667 0.628318530718 0.51207623448
0.866666666667 0.837758040957 0.398102019455
0.866666666667 1.0471975512 0.247643833797
0.866666666667 1.25663706144 0.165050580673
0.866666666667 1.46607657168 0.193382327888
0.866666666667 1.67551608191 0.284369548933
0.866666666667 1.88495559215 0.368180547106
0.866666666667 2.09439510239 0.567892668751
0.866666666667 2.30383461263 0.686303175795
0.866666666667 2.51327412287 0.881830190717
0.866666666667 2.72271363311 0.66832256634
0.866666666667 2.93215314335 0.533819499817
0.866666666667 3.14159265359 0.765972414637
0.866666666667 3.35103216383 0.487459029239
0.866666666667 3.56047167407 0.258271959352
0.866666666667 3.76991118431 0.242112937618
0.866666666667 3.97935069455 0.239093975394
0.866666666667 4.18879020479 0.233135932836
0.866666666667 4.39822971503 0.250412544936
0.866666666667 4.60766922527 0.27269698009
0.866666666667 4.8171087355 0.385239820526
0.866666666667 5.02654824574 0.543526678848
0.866666666667 5.23598775598 0.499101808563
0.866666666667 5.44542726622 0.660861308498
0.866666666667 5.65486677646 0.651461988983
0.866666666667 5.8643062867 0.260559822794
0.866666666667 6.07374579694 0.162701555356

0.933333333333 0 0.288899483584
0.933333333333 0.209439510239 0.28067691662
0.933333333333 0.418879020479 0.263942224584
0.933333333333 0.628318530718 0.27808067417
0.933333333333 0.837758040957 0.312594632919
0.933333333333 1.0471975512 0.364727029251
0.933333333333 1.25663706144 0.430846496593
0.933333333333 1.46607657168 0.467649375872
0.933333333333 1.67551608191 0.446788463605
0.933333333333 1.88495559215 0.45502039917
0.933333333333 2.09439510239 0.529402159123
0.933333333333 2.30383461263 0.579238060008
0.933333333333 2.51327412287 0.674681652536
0.933333333333 2.72271363311 0.775459351373
0.933333333333 2.93215314335 0.755106536439
0.933333333333 3.14159265359 0.706434330792
0.933333333333 3.35103216383 0.62024074108
0.933333333333 3.56047167407 0.480239001262
0.933333333333 3.76991118431 0.365877718513
0.933333333333 3.97935069455 0.320102744378
0.933333333333 4.18879020479 0.344940460561
0.933333333333 4.39822971503 0.449842506469
0.933333333333 4.60766922527 0.636789754587
0.933333333333 4.8171087355 0.800288386744
0.933333333333 5.02654824574 0.74392595841
0.933333333333 5.23598775598 0.544172393458
0.933333333333 5.44542726622 0.502325060367
0.933333333333 5.65486677646 0.49360292262
0.933333333333 5.8643062867 0.341543460034
0.933333333333 6.07374579694 0.265333614574

