-1 0 0.58659879523
-1 0.209439510239 0.58659879523
-1 0.418879020479 0.58659879523
-1 0.628318530718 0.586598795229
-1 0.837758040957 0.586598795228
-1 1.0471975512 0.586598795229
-1 1.25663706144 0.586598795229
-1 1.46607657168 0.58659879523
-1 1.67551608191 0.58659879523
-1 1.88495559215 0.58659879523
-1 2.09439510239 0.586598795229
-1 2.30383461263 0.586598795229
-1 2.51327412287 0.586598795228
-1 2.72271363311 0.586598795229
-1 2.93215314335 0.58659879523
-1 3.14159265359 0.58659879523
-1 3.35103216383 0.58659879523
-1 3.56047167407 0.58659879523
-1 3.76991118431 0.586598795229
-1 3.97935069455 0.586598795228
-1 4.18879020479 0.586598795229
-1 4.39822971503 0.586598795229
-1 4.60766922527 0.58659879523
-1 4.8171087355 0.58659879523
-1 5.02654824574 0.58659879523
-1 5.23598775598 0.586598795229
-1 5.44542726622 0.586598795229
-1 5.65486677646 0.586598795228
-1 5.8643062867 0.586598795229
-1 6.07374579694 0.58659879523

-0.933333333333 0 0.822955723479
-0.933333333333 0.209439510239 0.80859812318
-0.933333333333 0.418879020479 0.766397509639
-0.933333333333 0.628318530718 0.753709060376
-0.933333333333 0.837758040957 0.812169107098
-0.933333333333 1.0471975512 0.94679034299
-0.933333333333 1.25663706144 1.07363327311
-0.933333333333 1.46607657168 1.00082025266
-0.933333333333 1.67551608191 0.627837397895
-0.933333333333 1.88495559215 0.22509219669
-0.933333333333 2.09439510239 0.103816163436
-0.933333333333 2.30383461263 0.114746978354
-0.933333333333 2.51327412287 0.204913234538
-0.933333333333 2.72271363311 0.669702840253
-0.933333333333 2.93215314335 1.37005541781
-0.933333333333 3.14159265359 1.80495942874
-0.933333333333 3.35103216383 1.78454982034
-0.933333333333 3.56047167407 1.49768371367
-0.933333333333 3.76991118431 1.19966232558
-0.933333333333 3.97935069455 1.00666880867
-0.933333333333 4.18879020479 0.904679338908
-0.933333333333 4.39822971503 0.814065176567
-0.933333333333 4.60766922527 0.611643224084
-0.933333333333 4.8171087355 0.350861762732
-0.933333333333 5.02654824574 0.541233308938
-0.933333333333 5.23598775598 1.18091891104
-0.933333333333 5.44542726622 1.17362363614
-0.933333333333 5.65486677646 0.581267854688
-0.933333333333 5.8643062867 0.463545117999
-0.933333333333 6.07374579694 0.707242965484

-0.866666666667 0 0.407898807538
-0.866666666667 0.209439510239 0.239890571323
-0.866666666667 0.418879020479 0.171842643329
-0.866666666667 0.628318530718 0.155750392944
-0.866666666667 0.837758040957 0.145447144763
-0.866666666667 1.0471975512 0.189513689196
-0.866666666667 1.25663706144 0.437722979154
-0.866666666667 1.46607657168 0.898812319297
-0.866666666667 1.67551608191 1.01626595616
-0.866666666667 1.88495559215 0.438480846963
-0.866666666667 2.09439510239 0.0913824601195
-0.866666666667 2.30383461263 0.0704889063181
-0.866666666667 2.51327412287 0.352195303632
-0.866666666667 2.72271363311 1.51438931372
-0.866666666667 2.93215314335 2.07537979783
-0.866666666667 3.14159265359 1.46059388366
-0.866666666667 3.35103216383 0.703377606971
-0.866666666667 3.56047167407 0.443186751995
-0.866666666667 3.76991118431 0.604611817313
-0.866666666667 3.97935069455 0.865063570816
-0.866666666667 4.18879020479 0.917926257959
-0.866666666667 4.39822971503 0.596816076071
-0.866666666667 4.60766922527 0.3135372878
-0.866666666667 4.8171087355 0.388591270425
-0.866666666667 5.02654824574 0.263754185993
-0.866666666667 5.23598775598 0.820907478484
-0.866666666667 5.44542726622 1.05238047396
-0.866666666667 5.65486677646 0.53260058526
-0.866666666667 5.8643062867 0.876883154242
-0.866666666667 6.07374579694 0.792409993394

-0.8 0 0.240494795238
-0.8 0.209439510239 0.312105086678
-0.8 0.418879020479 0.419784339346
-0.8 0.628318530718 0.467945108333
-0.8 0.837758040957 0.347049831191
-0.8 1.0471975512 0.193122488576
-0.8 1.25663706144 0.184582656011
-0.8 1.46607657168 0.557510318079
-0.8 1.67551608191 1.039252094
-0.8 1.88495559215 0.569449416872
-0.8 2.09439510239 0.0991487639452
-0.8 2.30383461263 0.11206896811
-0.8 2.51327412287 0.539482207226
-0.8 2.72271363311 2.04952885876
-0.8 2.93215314335 1.76393326927
-0.8 3.14159265359 0.648179910729
-0.8 3.35103216383 0.334615103356
-0.8 3.56047167407 0.62096081748
-0.8 3.76991118431 1.02017040523
-0.8 3.97935069455 1.43073536215
-0.8 4.18879020479 1.91830134924
-0.8 4.39822971503 1.98276799899
-0.8 4.60766922527 0.886012558219
-0.8 4.8171087355 0.389760713679
-0.8 5.02654824574 0.562181256012
-0.8 5.23598775598 0.510783419472
-0.8 5.44542726622 0.752136352844
-0.8 5.65486677646 0.640737316846
-0.8 5.8643062867 1.00200810479
-0.8 6.07374579694 0.397614537468

-0.733333333333 0 0.402829739621
-0.733333333333 0.209439510239 0.43989785349
-0.733333333333 0.418879020479 0.650614263782
-0.733333333333 0.628318530718 0.654767251608
-0.733333333333 0.837758040957 0.472194961174
-0.733333333333 1.0471975512 0.253971599775
-0.733333333333 1.25663706144 0.112045661923
-0.733333333333 1.46607657168 0.359206552306
-0.733333333333 1.67551608191 1.01585354321
-0.733333333333 1.88495559215 0.668506759264
-0.733333333333 2.09439510239 0.08710499044
-0.733333333333 2.30383461263 0.188012752997
-0.733333333333 2.51327412287 0.697218572292
-0.733333333333 2.72271363311 2.27073537572
-0.733333333333 2.93215314335 1.23664369265
-0.733333333333 3.14159265359 0.299797942994
-0.733333333333 3.35103216383 0.348588924422
-0.733333333333 3.56047167407 0.58197588953
-0.733333333333 3.76991118431 0.680789132219
-0.733333333333 3.97935069455 0.787352249493
-0.733333333333 4.18879020479 1.20303356874
-0.733333333333 4.39822971503 2.09652901236
-0.733333333333 4.60766922527 1.81035036243
-0.733333333333 4.8171087355 0.463384276099
-0.733333333333 5.02654824574 0.796956617557
-0.733333333333 5.23598775598 0.474347287088
-0.733333333333 5.44542726622 0.512853549021
-0.733333333333 5.65486677646 0.762785524549
-0.733333333333 5.8643062867 0.858988595992
-0.733333333333 6.07374579694 0.207959616314

-0.666666666667 0 0.431594828491
-0.666666666667 0.209439510239 0.386906776768
-0.666666666667 0.418879020479 0.633986586266
-0.666666666667 0.628318530718 0.589945652962
-0.666666666667 0.837758040957 0.556303603468
-0.666666666667 1.0471975512 0.428945782503
-0.666666666667 1.25663706144 0.141869848995
-0.666666666667 1.46607657168 0.187440064039
-0.666666666667 1.67551608191 0.97066732496
-0.666666666667 1.88495559215 0.780062223106
-0.666666666667 2.09439510239 0.0642171872354
-0.666666666667 2.30383461263 0.273277360625
-0.666666666667 2.51327412287 0.813134845481
-0.666666666667 2.72271363311 2.3007683831
-0.666666666667 2.93215314335 0.814094166041
-0.666666666667 3.14159265359 0.185537978253
-0.666666666667 3.35103216383 0.320093753992
-0.666666666667 3.56047167407 0.413190097915
-0.666666666667 3.76991118431 0.426213048525
-0.666666666667 3.97935069455 0.472795855958
-0.666666666667 4.18879020479 0.575477998863
-0.666666666667 4.39822971503 1.27045580196
-0.666666666667 4.60766922527 2.01657031721
-0.666666666667 4.8171087355 0.721570953577
-0.666666666667 5.02654824574 0.782135417373
-0.666666666667 5.23598775598 0.54929860404
-0.666666666667 5.44542726622 0.374679203153
-0.666666666667 5.65486677646 0.841803066019
-0.666666666667 5.8643062867 0.66174574126
-0.666666666667 6.07374579694 0.240538765943

-0.6 0 0.297289403865
-0.6 0.209439510239 0.28911508876
-0.6 0.418879020479 0.433416026652
-0.6 0.628318530718 0.371019913798
-0.6 0.837758040957 0.583683685868
-0.6 1.0471975512 0.667887526295
-0.6 1.25663706144 0.326943668758
-0.6 1.46607657168 0.0778488785886
-0.6 1.67551608191 0.873487535538
-0.6 1.88495559215 0.901285998137
-0.6 2.09439510239 0.0430892951499
-0.6 2.30383461263 0.35485906961
-0.6 2.51327412287 0.89101959088
-0.6 2.72271363311 2.23715147773
-0.6 2.93215314335 0.530078124723
-0.6 3.14159265359 0.136995886536
-0.6 3.35103216383 0.285026298042
-0.6 3.56047167407 0.330336426678
-0.6 3.76991118431 0.423962725718
-0.6 3.97935069455 0.579774792834
-0.6 4.18879020479 0.666830520532
-0.6 4.39822971503 0.871933990224
-0.6 4.60766922527 1.7209955242
-0.6 4.8171087355 1.00887267949
-0.6 5.02654824574 0.687073467318
-0.6 5.23598775598 0.609558394045
-0.6 5.44542726622 0.302664875108
-0.6 5.65486677646 0.880758722944
-0.6 5.8643062867 0.507718150465
-0.6 6.07374579694 0.324115571168

-0.533333333333 0 0.144273473375
-0.533333333333 0.209439510239 0.239080713052
-0.533333333333 0.418879020479 0.234228924541
-0.533333333333 0.628318530718 0.184584593472
-0.533333333333 0.837758040957 0.540445190165
-0.533333333333 1.0471975512 0.808259432568
-0.533333333333 1.25663706144 0.559554453341
-0.533333333333 1.46607657168 0.0678133104374
-0.533333333333 1.67551608191 0.737709505202
-0.533333333333 1.88495559215 1.01396746795
-0.533333333333 2.09439510239 0.0301264509868
-0.533333333333 2.30383461263 0.426423097318
-0.533333333333 2.51327412287 0.938390656143
-0.533333333333 2.72271363311 2.13798963597
-0.533333333333 2.93215314335 0.34705357378
-0.533333333333 3.14159265359 0.116881965273
-0.533333333333 3.35103216383 0.273492877495
-0.533333333333 3.56047167407 0.327518401781
-0.533333333333 3.76991118431 0.482975793838
-0.533333333333 3.97935069455 0.644637790622
-0.533333333333 4.18879020479 0.874293390835
-0.533333333333 4.39822971503 0.999031468015
-0.533333333333 4.60766922527 1.45185261695
-0.533333333333 4.8171087355 1.19614846956
-0.533333333333 5.02654824574 0.639366886968
-0.533333333333 5.23598775598 0.623744172651
-0.533333333333 5.44542726622 0.264864714521
-0.533333333333 5.65486677646 0.895206729688
-0.533333333333 5.8643062867 0.408861800754
-0.533333333333 6.07374579694 0.370513855373

-0.466666666667 0 0.0567011757939
-0.466666666667 0.209439510239 0.254998351716
-0.466666666667 0.418879020479 0.182449964348
-0.466666666667 0.628318530718 0.15091536869
-0.466666666667 0.837758040957 0.480506368051
-0.466666666667 1.0471975512 0.814193963906
-0.466666666667 1.25663706144 0.73065010238
-0.466666666667 1.46607657168 0.13139494266
-0.466666666667 1.67551608191 0.596960071555
-0.466666666667 1.88495559215 1.10476729855
-0.466666666667 2.09439510239 0.0262520723764
-0.466666666667 2.30383461263 0.485419164781
-0.466666666667 2.51327412287 0.96252682106
-0.466666666667 2.72271363311 2.03388116692
-0.466666666667 2.93215314335 0.229488949783
-0.466666666667 3.14159265359 0.119009290476
-0.466666666667 3.35103216383 0.278758858516
-0.466666666667 3.56047167407 0.379589406384
-0.466666666667 3.76991118431 0.531452094955
-0.466666666667 3.97935069455 0.557758002785
-0.466666666667 4.18879020479 0.844002240172
-0.466666666667 4.39822971503 1.20206049083
-0.466666666667 4.60766922527 1.3819427926
-0.466666666667 4.8171087355 1.27457445829
-0.466666666667 5.02654824574 0.662776479373
-0.466666666667 5.23598775598 0.601918186282
-0.466666666667 5.44542726622 0.243415849585
-0.466666666667 5.65486677646 0.897483622747
-0.466666666667 5.8643062867 0.350469282333
-0.466666666667 6.07374579694 0.370600981285

-0.4 0 0.0415907719043
-0.4 0.209439510239 0.31867302342
-0.4 0.418879020479 0.280180477497
-0.4 0.628318530718 0.252683036344
-0.4 0.837758040957 0.444903912271
-0.4 1.0471975512 0.740839559904
-0.4 1.25663706144 0.81147697419
-0.4 1.46607657168 0.222305333371
-0.4 1.67551608191 0.476595052085
-0.4 1.88495559215 1.1696293004
-0.4 2.09439510239 0.0295265892404
-0.4 2.30383461263 0.531375744299
-0.4 2.51327412287 0.969349215838
-0.4 2.72271363311 1.93972114511
-0.4 2.93215314335 0.154719454036
-0.4 3.14159265359 0.134792804402
-0.4 3.35103216383 0.29535098187
-0.4 3.56047167407 0.468866879648
-0.4 3.76991118431 0.573139590501
-0.4 3.97935069455 0.423389675307
-0.4 4.18879020479 0.645615699736
-0.4 4.39822971503 1.2374279461
-0.4 4.60766922527 1.43388780232
-0.4 4.8171087355 1.28763344445
-0.4 5.02654824574 0.733215198379
-0.4 5.23598775598 0.56165704492
-0.4 5.44542726622 0.229640724134
-0.4 5.65486677646 0.89510343833
-0.4 5.8643062867 0.316646753673
-0.4 6.07374579694 0.343120008988

-0.333333333333 0 0.0739424726207
-0.333333333333 0.209439510239 0.401111714806
-0.333333333333 0.418879020479 0.447291437054
-0.333333333333 0.628318530718 0.409024862538
-0.333333333333 0.837758040957 0.438356709663
-0.333333333333 1.0471975512 0.647936775021
-0.333333333333 1.25663706144 0.825173491362
-0.333333333333 1.46607657168 0.308569810499
-0.333333333333 1.67551608191 0.386479031635
-0.333333333333 1.88495559215 1.2111482556
-0.333333333333 2.09439510239 0.0371650752513
-0.333333333333 2.30383461263 0.564879471237
-0.333333333333 2.51327412287 0.963291817158
-0.333333333333 2.72271363311 1.86224637038
-0.333333333333 2.93215314335 0.10896185665
-0.333333333333 3.14159265359 0.154420418976
-0.333333333333 3.35103216383 0.321831758085
-0.333333333333 3.56047167407 0.570869347321
-0.333333333333 3.76991118431 0.613517228
-0.333333333333 3.97935069455 0.332829071433
-0.333333333333 4.18879020479 0.445554397984
-0.333333333333 4.39822971503 1.12128065146
-0.333333333333 4.60766922527 1.50249593736
-0.333333333333 4.8171087355 1.27493451503
-0.333333333333 5.02654824574 0.820722100236
-0.333333333333 5.23598775598 0.516677586454
-0.333333333333 5.44542726622 0.219524939083
-0.333333333333 5.65486677646 0.892234767822
-0.333333333333 5.8643062867 0.296340122308
-0.333333333333 6.07374579694 0.306895927053

-0.266666666667 0 0.127191738257
-0.266666666667 0.209439510239 0.478480488993
-0.266666666667 0.418879020479 0.609280515049
-0.266666666667 0.628318530718 0.552651435338
-0.266666666667 0.837758040957 0.448629370789
-0.266666666667 1.0471975512 0.5680686625
-0.266666666667 1.25663706144 0.804852002099
-0.266666666667 1.46607657168 0.377709759786
-0.266666666667 1.67551608191 0.325703223551
-0.266666666667 1.88495559215 1.23478225201
-0.266666666667 2.09439510239 0.0466199284874
-0.266666666667 2.30383461263 0.586975911089
-0.266666666667 2.51327412287 0.947481641628
-0.266666666667 2.72271363311 1.80417258547
-0.266666666667 2.93215314335 0.0832430887067
-0.266666666667 3.14159265359 0.171069558513
-0.266666666667 3.35103216383 0.355024028298
-0.266666666667 3.56047167407 0.661052035375
-0.266666666667 3.76991118431 0.65106604511
-0.266666666667 3.97935069455 0.312141909853
-0.266666666667 4.18879020479 0.328319117336
-0.266666666667 4.39822971503 0.949630371418
-0.266666666667 4.60766922527 1.53732440472
-0.266666666667 4.8171087355 1.25800404476
-0.266666666667 5.02654824574 0.904487862945
-0.266666666667 5.23598775598 0.475208837111
-0.266666666667 5.44542726622 0.211230228595
-0.266666666667 5.65486677646 0.891132586283
-0.266666666667 5.8643062867 0.282858658066
-0.266666666667 6.07374579694 0.273442542624

-0.2 0 0.183318942249
-0.2 0.209439510239 0.537878424092
-0.2 0.418879020479 0.729796245778
-0.2 0.628318530718 0.654000860064
-0.2 0.837758040957 0.463544552983
-0.2 1.0471975512 0.510733807296
-0.2 1.25663706144 0.77443880586
-0.2 1.46607657168 0.429090418472
-0.2 1.67551608191 0.289067783522
-0.2 1.88495559215 1.24608201352
-0.2 2.09439510239 0.055988946918
-0.2 2.30383461263 0.598832579055
-0.2 2.51327412287 0.9239791209
-0.2 2.72271363311 1.7662828125
-0.2 2.93215314335 0.0713718918365
-0.2 3.14159265359 0.181516168713
-0.2 3.35103216383 0.389645487275
-0.2 3.56047167407 0.724287997711
-0.2 3.76991118431 0.685062860455
-0.2 3.97935069455 0.348945607362
-0.2 4.18879020479 0.295057434159
-0.2 4.39822971503 0.791174661975
-0.2 4.60766922527 1.53359486576
-0.2 4.8171087355 1.24490377227
-0.2 5.02654824574 0.973970079287
-0.2 5.23598775598 0.441242805999
-0.2 5.44542726622 0.203899541064
-0.2 5.65486677646 0.893045459033
-0.2 5.8643062867 0.272251059111
-0.2 6.07374579694 0.247882567413

-0.133333333333 0 0.23286974196
-0.133333333333 0.209439510239 0.575680484481
-0.133333333333 0.418879020479 0.802884238954
-0.133333333333 0.628318530718 0.711520393379
-0.133333333333 0.837758040957 0.475997111399
-0.133333333333 1.0471975512 0.473708669897
-0.133333333333 1.25663706144 0.746876486898
-0.133333333333 1.46607657168 0.466096293349
-0.133333333333 1.67551608191 0.271373377595
-0.133333333333 1.88495559215 1.24918791499
-0.133333333333 2.09439510239 0.0640575637814
-0.133333333333 2.30383461263 0.601561813112
-0.133333333333 2.51327412287 0.893995455331
-0.133333333333 2.72271363311 1.74840764697
-0.133333333333 2.93215314335 0.069181585591
-0.133333333333 3.14159265359 0.184866881576
-0.133333333333 3.35103216383 0.420974881205
-0.133333333333 3.56047167407 0.756079435604
-0.133333333333 3.76991118431 0.717343458597
-0.133333333333 3.97935069455 0.420787313405
-0.133333333333 4.18879020479 0.313291988747
-0.133333333333 4.39822971503 0.671534957141
-0.133333333333 4.60766922527 1.5053496411
-0.133333333333 4.8171087355 1.23715080762
-0.133333333333 5.02654824574 1.02571305664
-0.133333333333 5.23598775598 0.416140427036
-0.133333333333 5.44542726622 0.197118367535
-0.133333333333 5.65486677646 0.898706844072
-0.133333333333 5.8643062867 0.262040775918
-0.133333333333 6.07374579694 0.231548470734

-0.0666666666667 0 0.272197192292
-0.0666666666667 0.209439510239 0.593563288415
-0.0666666666667 0.418879020479 0.836256549217
-0.0666666666667 0.628318530718 0.73538025151
-0.0666666666667 0.837758040957 0.482907151531
-0.0666666666667 1.0471975512 0.451105983108
-0.0666666666667 1.25663706144 0.728369408155
-0.0666666666667 1.46607657168 0.491673129949
-0.0666666666667 1.67551608191 0.269383599107
-0.0666666666667 1.88495559215 1.24621991841
-0.0666666666667 2.09439510239 0.0701910528206
-0.0666666666667 2.30383461263 0.596139390365
-0.0666666666667 2.51327412287 0.858064902524
-0.0666666666667 2.72271363311 1.74981857214
-0.0666666666667 2.93215314335 0.0742767628161
-0.0666666666667 3.14159265359 0.181243323024
-0.0666666666667 3.35103216383 0.446840423103
-0.0666666666667 3.56047167407 0.758599699737
-0.0666666666667 3.76991118431 0.749372992716
-0.0666666666667 3.97935069455 0.508027116981
-0.0666666666667 4.18879020479 0.351270638553
-0.0666666666667 4.39822971503 0.59078468589
-0.0666666666667 4.60766922527 1.46875151198
-0.0666666666667 4.8171087355 1.23403766346
-0.0666666666667 5.02654824574 1.05998649394
-0.0666666666667 5.23598775598 0.399895219911
-0.0666666666667 5.44542726622 0.190688998853
-0.0666666666667 5.65486677646 0.908568521366
-0.0666666666667 5.8643062867 0.250487246428
-0.0666666666667 6.07374579694 0.224042718537

6.12323399574e-17 0 0.300928879197
6.12323399574e-17 0.209439510239 0.595335007373
6.12323399574e-17 0.418879020479 0.840140466113
6.12323399574e-17 0.628318530718 0.736879475981
6.12323399574e-17 0.837758040957 0.48329681113
6.12323399574e-17 1.0471975512 0.437584306279
6.12323399574e-17 1.25663706144 0.722660912756
6.12323399574e-17 1.46607657168 0.506452246719
6.12323399574e-17 1.67551608191 0.282404125678
6.12323399574e-17 1.88495559215 1.23715932783
6.12323399574e-17 2.09439510239 0.0741973402029
6.12323399574e-17 2.30383461263 0.583379346296
6.12323399574e-17 2.51327412287 0.816176632473
6.12323399574e-17 2.72271363311 1.76928064555
6.12323399574e-17 2.93215314335 0.085938284614
6.12323399574e-17 3.14159265359 0.171048316532
6.12323399574e-17 3.35103216383 0.46792576206
6.12323399574e-17 3.56047167407 0.736772078241
6.12323399574e-17 3.76991118431 0.779081259529
6.12323399574e-17 3.97935069455 0.596295805995
6.12323399574e-17 4.18879020479 0.388956023175
6.12323399574e-17 4.39822971503 0.540131400749
6.12323399574e-17 4.60766922527 1.43635848076
6.12323399574e-17 4.8171087355 1.23447411808
6.12323399574e-17 5.02654824574 1.0783694361
6.12323399574e-17 5.23598775598 0.391980249912
6.12323399574e-17 5.44542726622 0.184553045555
6.12323399574e-17 5.65486677646 0.922884195412
6.12323399574e-17 5.8643062867 0.236227993563
6.12323399574e-17 6.07374579694 0.224428251181

0.0666666666667 0 0.320353359515
0.0666666666667 0.209439510239 0.585305579986
0.0666666666667 0.418879020479 0.823116992956
0.0666666666667 0.628318530718 0.724632158434
0.0666666666667 0.837758040957 0.477510912425
0.0666666666667 1.0471975512 0.430667235178
0.0666666666667 1.25663706144 0.733483768522
0.0666666666667 1.46607657168 0.508019670937
0.0666666666667 1.67551608191 0.312243779039
0.0666666666667 1.88495559215 1.21998095002
0.0666666666667 2.09439510239 0.0762139134064
0.0666666666667 2.30383461263 0.56393821996
0.0666666666667 2.51327412287 0.767879117415
0.0666666666667 2.72271363311 1.80486179183
0.0666666666667 2.93215314335 0.105093868636
0.0666666666667 3.14159265359 0.154828833728
0.0666666666667 3.35103216383 0.486760138507
0.0666666666667 3.56047167407 0.696950419258
0.0666666666667 3.76991118431 0.799338759822
0.0666666666667 3.97935069455 0.674586414552
0.0666666666667 4.18879020479 0.416336207213
0.0666666666667 4.39822971503 0.510452719356
0.0666666666667 4.60766922527 1.41701292919
0.0666666666667 4.8171087355 1.23745898724
0.0666666666667 5.02654824574 1.08226579525
0.0666666666667 5.23598775598 0.39186933379
0.0666666666667 5.44542726622 0.17878772218
0.0666666666667 5.65486677646 0.941702295118
0.0666666666667 5.8643062867 0.218163670403
0.0666666666667 6.07374579694 0.231750117211

0.133333333333 0 0.332587780326
0.133333333333 0.209439510239 0.567783104371
0.133333333333 0.418879020479 0.7922359771
0.133333333333 0.628318530718 0.705254895373
0.133333333333 0.837758040957 0.468266267056
0.133333333333 1.0471975512 0.43289787659
0.133333333333 1.25663706144 0.764613992773
0.133333333333 1.46607657168 0.490673995569
0.133333333333 1.67551608191 0.362808322914
0.133333333333 1.88495559215 1.19099892227
0.133333333333 2.09439510239 0.0766348783687
0.133333333333 2.30383461263 0.538336455463
0.133333333333 2.51327412287 0.712378493469
0.133333333333 2.72271363311 1.85351121268
0.133333333333 2.93215314335 0.134333042193
0.133333333333 3.14159265359 0.133666316563
0.133333333333 3.35103216383 0.505689814792
0.133333333333 3.56047167407 0.648395464025
0.133333333333 3.76991118431 0.798637308356
0.133333333333 3.97935069455 0.732013998369
0.133333333333 4.18879020479 0.428147144097
0.133333333333 4.39822971503 0.495477177901
0.133333333333 4.60766922527 1.4173309538
0.133333333333 4.8171087355 1.24199771096
0.133333333333 5.02654824574 1.0720640164
0.133333333333 5.23598775598 0.399334300694
0.133333333333 5.44542726622 0.173643719209
0.133333333333 5.65486677646 0.964792321854
0.133333333333 5.8643062867 0.195518943171
0.133333333333 6.07374579694 0.245115645518

0.2 0 0.340210612373
0.2 0.209439510239 0.547023038078
0.2 0.418879020479 0.75484294765
0.2 0.628318530718 0.686578104806
0.2 0.837758040957 0.463920209833
0.2 1.0471975512 0.454385184706
0.2 1.25663706144 0.816649459383
0.2 1.46607657168 0.446221465134
0.2 1.67551608191 0.439038892911
0.2 1.88495559215 1.14557432943
0.2 2.09439510239 0.0760738204955
0.2 2.30383461263 0.506987094067
0.2 2.51327412287 0.648665036115
0.2 2.72271363311 1.91037930499
0.2 2.93215314335 0.177898532466
0.2 3.14159265359 0.11016090282
0.2 3.35103216383 0.523687606077
0.2 3.56047167407 0.606030440171
0.2 3.76991118431 0.764694063291
0.2 3.97935069455 0.754849316734
0.2 4.18879020479 0.419418612283
0.2 4.39822971503 0.49334283505
0.2 4.60766922527 1.44277219128
0.2 4.8171087355 1.24686819034
0.2 5.02654824574 1.04671190124
0.2 5.23598775598 0.414585511875
0.2 5.44542726622 0.16961419006
0.2 5.65486677646 0.991511998922
0.2 5.8643062867 0.168076290824
0.2 6.07374579694 0.263464389371

0.266666666667 0 0.346062656982
0.266666666667 0.209439510239 0.527040139508
0.266666666667 0.418879020479 0.720138536899
0.266666666667 0.628318530718 0.681700014676
0.266666666667 0.837758040957 0.483243709214
0.266666666667 1.0471975512 0.513806240313
0.266666666667 1.25663706144 0.879470787711
0.266666666667 1.46607657168 0.367672531135
0.266666666667 1.67551608191 0.544418631482
0.266666666667 1.88495559215 1.07949548207
0.266666666667 2.09439510239 0.0753505269424
0.266666666667 2.30383461263 0.470231830143
0.266666666667 2.51327412287 0.575721839937
0.266666666667 2.72271363311 1.96783635075
0.266666666667 2.93215314335 0.241457290198
0.266666666667 3.14159265359 0.0901936494279
0.266666666667 3.35103216383 0.531987560907
0.266666666667 3.56047167407 0.590750897167
0.266666666667 3.76991118431 0.691699212875
0.266666666667 3.97935069455 0.726154525445
0.266666666667 4.18879020479 0.38430761922
0.266666666667 4.39822971503 0.508759032758
0.266666666667 4.60766922527 1.49734202419
0.266666666667 4.8171087355 1.25034325243
0.266666666667 5.02654824574 1.00364104409
0.266666666667 5.23598775598 0.438280206284
0.266666666667 5.44542726622 0.16753302143
0.266666666667 5.65486677646 1.02061009602
0.266666666667 5.8643062867 0.136619317803
0.266666666667 6.07374579694 0.285075034844

0.333333333333 0 0.352947669337
0.333333333333 0.209439510239 0.510914276417
0.333333333333 0.418879020479 0.698262012627
0.333333333333 0.628318530718 0.710550423839
0.333333333333 0.837758040957 0.557181950218
0.333333333333 1.0471975512 0.63165701116
0.333333333333 1.25663706144 0.921911465094
0.333333333333 1.46607657168 0.258317427344
0.333333333333 1.67551608191 0.676082596133
0.333333333333 1.88495559215 0.991392071694
0.333333333333 2.09439510239 0.0754906769573
0.333333333333 2.30383461263 0.428386584973
0.333333333333 2.51327412287 0.492910639251
0.333333333333 2.72271363311 2.01419840724
0.333333333333 2.93215314335 0.331239021737
0.333333333333 3.14159265359 0.0854813903235
0.333333333333 3.35103216383 0.510266414125
0.333333333333 3.56047167407 0.6206974641
0.333333333333 3.76991118431 0.589665562033
0.333333333333 3.97935069455 0.631855722858
0.333333333333 4.18879020479 0.320874923655
0.333333333333 4.39822971503 0.555950413006
0.333333333333 4.60766922527 1.58149421933
0.333333333333 4.8171087355 1.24973037951
0.333333333333 5.02654824574 0.939190200989
0.333333333333 5.23598775598 0.471377682017
0.333333333333 5.44542726622 0.168704800391
0.333333333333 5.65486677646 1.04996020788
0.333333333333 5.8643062867 0.103627156989
0.333333333333 6.07374579694 0.306839814896

0.4 0 0.36295084135
0.4 0.209439510239 0.499679272914
0.4 0.418879020479 0.694361993985
0.4 0.628318530718 0.79182126267
0.4 0.837758040957 0.716302434098
0.4 1.0471975512 0.806783983092
0.4 1.25663706144 0.888625766653
0.4 1.46607657168 0.145723749296
0.4 1.67551608191 0.817546490852
0.4 1.88495559215 0.88627250762
0.4 2.09439510239 0.0777466381556
0.4 2.30383461263 0.381809400089
0.4 2.51327412287 0.400694462268
0.4 2.72271363311 2.0323513449
0.4 2.93215314335 0.451863915977
0.4 3.14159265359 0.115888423991
0.4 3.35103216383 0.42962114062
0.4 3.56047167407 0.687201403435
0.4 3.76991118431 0.488009358674
0.4 3.97935069455 0.475793663616
0.4 4.18879020479 0.24332988658
0.4 4.39822971503 0.659678969149
0.4 4.60766922527 1.6885374511
0.4 4.8171087355 1.24029419158
0.4 5.02654824574 0.849917808921
0.4 5.23598775598 0.5147819983
0.4 5.44542726622 0.175068053454
0.4 5.65486677646 1.07623114279
0.4 5.8643062867 0.0742027894048
0.4 6.07374579694 0.323451614142

0.466666666667 0 0.376060225087
0.466666666667 0.209439510239 0.491649494911
0.466666666667 0.418879020479 0.697503237343
0.466666666667 0.628318530718 0.916524607979
0.466666666667 0.837758040957 0.949743000341
0.466666666667 1.0471975512 0.977481768249
0.466666666667 1.25663706144 0.725962386206
0.466666666667 1.46607657168 0.0887761990269
0.466666666667 1.67551608191 0.933040106052
0.466666666667 1.88495559215 0.779201756041
0.466666666667 2.09439510239 0.0837087456378
0.466666666667 2.30383461263 0.331014810675
0.466666666667 2.51327412287 0.30194507825
0.466666666667 2.72271363311 1.99901077852
0.466666666667 2.93215314335 0.602102496078
0.466666666667 3.14159265359 0.207465370608
0.466666666667 3.35103216383 0.275004236206
0.466666666667 3.56047167407 0.723293839606
0.466666666667 3.76991118431 0.418069508711
0.466666666667 3.97935069455 0.296766404911
0.466666666667 4.18879020479 0.196236028519
0.466666666667 4.39822971503 0.848544635886
0.466666666667 4.60766922527 1.80121311031
0.466666666667 4.8171087355 1.21285252293
0.466666666667 5.02654824574 0.735397990614
0.466666666667 5.23598775598 0.568688191729
0.466666666667 5.44542726622 0.189386912819
0.466666666667 5.65486677646 1.09453178615
0.466666666667 5.8643062867 0.0570241832743
0.466666666667 6.07374579694 0.327010074901

0.533333333333 0 0.387915239844
0.533333333333 0.209439510239 0.483410780592
0.533333333333 0.418879020479 0.673597962124
0.533333333333 0.628318530718 1.0091133059
0.533333333333 0.837758040957 1.14439786209
0.533333333333 1.0471975512 1.00582868914
0.533333333333 1.25663706144 0.45058719727
0.533333333333 1.46607657168 0.147842528376
0.533333333333 1.67551608191 0.975816975651
0.533333333333 1.88495559215 0.695611327995
0.533333333333 2.09439510239 0.0957293998925
0.533333333333 2.30383461263 0.276877478939
0.533333333333 2.51327412287 0.20412310324
0.533333333333 2.72271363311 1.88670279834
0.533333333333 2.93215314335 0.768748444812
0.533333333333 3.14159265359 0.376834302354
0.533333333333 3.35103216383 0.0969031212709
0.533333333333 3.56047167407 0.611688133824
0.533333333333 3.76991118431 0.369284901835
0.533333333333 3.97935069455 0.165010116768
0.533333333333 4.18879020479 0.252847511722
0.533333333333 4.39822971503 1.13620881567
0.533333333333 4.60766922527 1.89098992716
0.533333333333 4.8171087355 1.14978071274
0.533333333333 5.02654824574 0.603012136898
0.533333333333 5.23598775598 0.631573517322
0.533333333333 5.44542726622 0.215448442271
0.533333333333 5.65486677646 1.09814676424
0.533333333333 5.8643062867 0.0646608997214
0.533333333333 6.07374579694 0.308295392872

0.6 0 0.387529748804
0.6 0.209439510239 0.471463401456
0.6 0.418879020479 0.585263389366
0.6 0.628318530718 0.930188615529
0.6 0.837758040957 1.08709749272
0.6 1.0471975512 0.767306416964
0.6 1.25663706144 0.204889597674
0.6 1.46607657168 0.299554108986
0.6 1.67551608191 0.929094253664
0.6 1.88495559215 0.660918834438
0.6 2.09439510239 0.118158827386
0.6 2.30383461263 0.220991231696
0.6 2.51327412287 0.122273109725
0.6 2.72271363311 1.67343364802
0.6 2.93215314335 0.922782645455
0.6 3.14159265359 0.591461185975
0.6 3.35103216383 0.057905470775
0.6 3.56047167407 0.315306926906
0.6 3.76991118431 0.275685866304
0.6 3.97935069455 0.145792645931
0.6 4.18879020479 0.482147850838
0.6 4.39822971503 1.49889101518
0.6 4.60766922527 1.91901262264
0.6 4.8171087355 1.02233021679
0.6 5.02654824574 0.474234310225
0.6 5.23598775598 0.698929328991
0.6 5.44542726622 0.258201471072
0.6 5.65486677646 1.0786378207
0.6 5.8643062867 0.111761189432
0.6 6.07374579694 0.262010860916

0.666666666667 0 0.359504136828
0.666666666667 0.209439510239 0.447808628321
0.666666666667 0.418879020479 0.448496731996
0.666666666667 0.628318530718 0.615650254073
0.666666666667 0.837758040957 0.673019315409
0.666666666667 1.0471975512 0.356612209969
0.666666666667 1.25663706144 0.151548111664
0.666666666667 1.46607657168 0.390815822459
0.666666666667 1.67551608191 0.869705958029
0.666666666667 1.88495559215 0.672307076797
0.666666666667 2.09439510239 0.159948092664
0.666666666667 2.30383461263 0.166268050918
0.666666666667 2.51327412287 0.0808065188006
0.666666666667 2.72271363311 1.36886724579
0.666666666667 2.93215314335 1.03189413148
0.666666666667 3.14159265359 0.728184732239
0.666666666667 3.35103216383 0.337119870496
0.666666666667 3.56047167407 0.108752782554
0.666666666667 3.76991118431 0.173799839743
0.666666666667 3.97935069455 0.301436832026
0.666666666667 4.18879020479 0.91552122317
0.666666666667 4.39822971503 1.86689710587
0.666666666667 4.60766922527 1.82713911906
0.666666666667 4.8171087355 0.801145925808
0.666666666667 5.02654824574 0.388760417001
0.666666666667 5.23598775598 0.762260331946
0.666666666667 5.44542726622 0.323678526683
0.666666666667 5.65486677646 1.02690900827
0.666666666667 5.8643062867 0.208414129862
0.666666666667 6.07374579694 0.198496480063

0.733333333333 0 0.302688746534
0.733333333333 0.209439510239 0.388067861654
0.733333333333 0.418879020479 0.347174403234
0.733333333333 0.628318530718 0.280934397463
0.733333333333 0.837758040957 0.213035630854
0.733333333333 1.0471975512 0.11747540512
0.733333333333 1.25663706144 0.220326270369
0.733333333333 1.46607657168 0.348794262081
0.733333333333 1.67551608191 0.934343052543
0.733333333333 1.88495559215 0.669928512958
0.733333333333 2.09439510239 0.236593431579
0.733333333333 2.30383461263 0.117868844698
0.733333333333 2.51327412287 0.105321914471
0.733333333333 2.72271363311 1.0590238963
0.733333333333 2.93215314335 1.11353889115
0.733333333333 3.14159265359 0.660991930025
0.733333333333 3.35103216383 0.776199011646
0.733333333333 3.56047167407 0.477199497599
0.733333333333 3.76991118431 0.460209776025
0.733333333333 3.97935069455 0.80886404507
0.733333333333 4.18879020479 1.53824278176
0.733333333333 4.39822971503 2.09427741273
0.733333333333 4.60766922527 1.51537311577
0.733333333333 4.8171087355 0.503762029075
0.733333333333 5.02654824574 0.396317759356
0.733333333333 5.23598775598 0.809829428061
0.733333333333 5.44542726622 0.418317751734
0.733333333333 5.65486677646 0.936440248919
0.733333333333 5.8643062867 0.345336755707
0.733333333333 6.07374579694 0.159151538449

0.8 0 0.275472292193
0.8 0.209439510239 0.287749634204
0.8 0.418879020479 0.288449143753
0.8 0.628318530718 0.205618281284
0.8 0.837758040957 0.136031128077
0.8 1.0471975512 0.159708283162
0.8 1.25663706144 0.220672019227
0.8 1.46607657168 0.449858055662
0.8 1.67551608191 1.04100812595
0.8 1.88495559215 0.593768454994
0.8 2.09439510239 0.356270805691
0.8 2.30383461263 0.0847197903629
0.8 2.51327412287 0.184651381705
0.8 2.72271363311 0.903238001068
0.8 2.93215314335 1.30129136472
0.8 3.14159265359 0.634824306999
0.8 3.35103216383 0.798783132176
0.8 3.56047167407 1.11968142986
0.8 3.76991118431 1.30659854041
0.8 3.97935069455 1.6491781115
0.8 4.18879020479 2.01657108718
0.8 4.39822971503 1.83191952255
0.8 4.60766922527 0.917788193624
0.8 4.8171087355 0.282437255594
0.8 5.02654824574 0.519078360899
0.8 5.23598775598 0.832246542452
0.8 5.44542726622 0.546714371279
0.8 5.65486677646 0.810977470932
0.8 5.8643062867 0.471467316267
0.8 6.07374579694 0.210440041861

0.866666666667 0 0.395877188989
0.866666666667 0.209439510239 0.333602794472
0.866666666667 0.418879020479 0.258916287704
0.866666666667 0.628318530718 0.225338897151
0.866666666667 0.837758040957 0.216051920282
0.866666666667 1.0471975512 0.247907552036
0.866666666667 1.25663706144 0.394203584156
0.866666666667 1.46607657168 0.750879427014
0.866666666667 1.67551608191 0.858105854023
0.866666666667 1.88495559215 0.550373959842
0.866666666667 2.09439510239 0.45906155337
0.866666666667 2.30383461263 0.083457875858
0.866666666667 2.51327412287 0.218687306764
0.866666666667 2.72271363311 0.876849595237
0.866666666667 2.93215314335 1.6205333537
0.866666666667 3.14159265359 1.33548649791
0.866666666667 3.35103216383 0.797919579265
0.866666666667 3.56047167407 0.927666684947
0.866666666667 3.76991118431 1.29123269526
0.866666666667 3.97935069455 1.50337411613
0.866666666667 4.18879020479 1.38509867687
0.866666666667 4.39822971503 0.902981299969
0.866666666667 4.60766922527 0.426712757545
0.866666666667 4.8171087355 0.396751368432
0.866666666667 5.02654824574 0.682701262269
0.866666666667 5.23598775598 0.837060691318
0.866666666667 5.44542726622 0.704967943944
0.866666666667 5.65486677646 0.680502086765
0.866666666667 5.8643062867 0.487081785373
0.866666666667 6.07374579694 0.345781890487

0.933333333333 0 0.454598304074
0.933333333333 0.209439510239 0.602569224831
0.933333333333 0.418879020479 0.638698234423
0.933333333333 0.628318530718 0.622637820073
0.933333333333 0.837758040957 0.626367603311
0.933333333333 1.0471975512 0.672174636996
0.933333333333 1.25663706144 0.725963646373
0.933333333333 1.46607657168 0.706540679168
0.933333333333 1.67551608191 0.613010727308
0.933333333333 1.88495559215 0.551192510259
0.933333333333 2.09439510239 0.40302834173
0.933333333333 2.30383461263 0.156772756263
0.933333333333 2.51327412287 0.161797553098
0.933333333333 2.72271363311 0.517852632552
0.933333333333 2.93215314335 1.21004106128
0.933333333333 3.14159265359 1.81953980699
0.933333333333 3.35103216383 1.88079264163
0.933333333333 3.56047167407 1.59416711495
0.933333333333 3.76991118431 1.31499070594
0.933333333333 3.97935069455 1.12202788733
0.933333333333 4.18879020479 0.965166170041
0.933333333333 4.39822971503 0.828045414357
0.933333333333 4.60766922527 0.723127649989
0.933333333333 4.8171087355 0.669619475021
0.933333333333 5.02654824574 0.729040395809
0.933333333333 5.23598775598 0.86499009384
0.933333333333 5.44542726622 0.858053420309
0.933333333333 5.65486677646 0.628224955114
0.933333333333 5.8643062867 0.361268618514
0.933333333333 6.07374579694 0.300977926388

