-1 0 0.793688098176
-1 0.209439510239 0.793688098175
-1 0.418879020479 0.793688098174
-1 0.628318530718 0.793688098174
-1 0.837758040957 0.793688098175
-1 1.0471975512 0.793688098176
-1 1.25663706144 0.793688098177
-1 1.46607657168 0.793688098176
-1 1.67551608191 0.793688098175
-1 1.88495559215 0.793688098174
-1 2.09439510239 0.793688098174
-1 2.30383461263 0.793688098175
-1 2.51327412287 0.793688098176
-1 2.72271363311 0.793688098177
-1 2.93215314335 0.793688098177
-1 3.14159265359 0.793688098176
-1 3.35103216383 0.793688098175
-1 3.56047167407 0.793688098174
-1 3.76991118431 0.793688098174
-1 3.97935069455 0.793688098175
-1 4.18879020479 0.793688098176
-1 4.39822971503 0.793688098177
-1 4.60766922527 0.793688098176
-1 4.8171087355 0.793688098175
-1 5.02654824574 0.793688098174
-1 5.23598775598 0.793688098174
-1 5.44542726622 0.793688098175
-1 5.65486677646 0.793688098176
-1 5.8643062867 0.793688098177
-1 6.07374579694 0.793688098177

-0.933333333333 0 0.51518796371
-0.933333333333 0.209439510239 0.446004400786
-0.933333333333 0.418879020479 0.387080485927
-0.933333333333 0.628318530718 0.372669100857
-0.933333333333 0.837758040957 0.380911133654
-0.933333333333 1.0471975512 0.370183877904
-0.933333333333 1.25663706144 0.311984394635
-0.933333333333 1.46607657168 0.248487238483
-0.933333333333 1.67551608191 0.289180019108
-0.933333333333 1.88495559215 0.439270611136
-0.933333333333 2.09439510239 0.544588518977
-0.933333333333 2.30383461263 0.599672996636
-0.933333333333 2.51327412287 0.689552190119
-0.933333333333 2.72271363311 0.62253773311
-0.933333333333 2.93215314335 0.368313139536
-0.933333333333 3.14159265359 0.22523777778
-0.933333333333 3.35103216383 0.251145823887
-0.933333333333 3.56047167407 0.290648418697
-0.933333333333 3.76991118431 0.282573174597
-0.933333333333 3.97935069455 0.253542093499
-0.933333333333 4.18879020479 0.228669869353
-0.933333333333 4.39822971503 0.218726365282
-0.933333333333 4.60766922527 0.233337730406
-0.933333333333 4.8171087355 0.299266753674
-0.933333333333 5.02654824574 0.449136117726
-0.933333333333 5.23598775598 0.627452042762
-0.933333333333 5.44542726622 0.712195065077
-0.933333333333 5.65486677646 0.66329503837
-0.933333333333 5.8643062867 0.567472097165
-0.933333333333 6.07374579694 0.536881495385

-0.866666666667 0 0.322012043867
-0.866666666667 0.209439510239 0.0853946354304
-0.866666666667 0.418879020479 0.0638802216206
-0.866666666667 0.628318530718 0.0716520007983
-0.866666666667 0.837758040957 0.102077084498
-0.866666666667 1.0471975512 0.193688322399
-0.866666666667 1.25663706144 0.305981261272
-0.866666666667 1.46607657168 0.304306852835
-0.866666666667 1.67551608191 0.244765820388
-0.866666666667 1.88495559215 0.456331911917
-0.866666666667 2.09439510239 0.759288063577
-0.866666666667 2.30383461263 0.620469678653
-0.866666666667 2.51327412287 0.457682321278
-0.866666666667 2.72271363311 0.303891243451
-0.866666666667 2.93215314335 0.202089971309
-0.866666666667 3.14159265359 0.441868855909
-0.866666666667 3.35103216383 0.53430792747
-0.866666666667 3.56047167407 0.448371203682
-0.866666666667 3.76991118431 0.402464057941
-0.866666666667 3.97935069455 0.399734979706
-0.866666666667 4.18879020479 0.387065073075
-0.866666666667 4.39822971503 0.347466721398
-0.866666666667 4.60766922527 0.311601117586
-0.866666666667 4.8171087355 0.285478068573
-0.866666666667 5.02654824574 0.263011924082
-0.866666666667 5.23598775598 0.32624600277
-0.866666666667 5.44542726622 0.573463941395
-0.866666666667 5.65486677646 0.840034888541
-0.866666666667 5.8643062867 0.797717886473
-0.866666666667 6.07374579694 0.678611854172

-0.8 0 0.063574098987
-0.8 0.209439510239 0.236626889468
-0.8 0.418879020479 0.328112146633
-0.8 0.628318530718 0.303389807496
-0.8 0.837758040957 0.20910136322
-0.8 1.0471975512 0.112359850313
-0.8 1.25663706144 0.162671555534
-0.8 1.46607657168 0.247859097173
-0.8 1.67551608191 0.189987500188
-0.8 1.88495559215 0.347856291834
-0.8 2.09439510239 0.853655496457
-0.8 2.30383461263 0.679171385466
-0.8 2.51327412287 0.301709895764
-0.8 2.72271363311 0.163183046948
-0.8 2.93215314335 0.358317322874
-0.8 3.14159265359 0.763322051147
-0.8 3.35103216383 0.612205114677
-0.8 3.56047167407 0.467319684238
-0.8 3.76991118431 0.432127298056
-0.8 3.97935069455 0.39741150357
-0.8 4.18879020479 0.387481565687
-0.8 4.39822971503 0.42165628327
-0.8 4.60766922527 0.458940492789
-0.8 4.8171087355 0.403293477893
-0.8 5.02654824574 0.235694823077
-0.8 5.23598775598 0.276510311058
-0.8 5.44542726622 0.514960381876
-0.8 5.65486677646 0.955925345087
-0.8 5.8643062867 0.832123090345
-0.8 6.07374579694 0.468072896673

-0.733333333333 0 0.24251605033
-0.733333333333 0.209439510239 0.545304822318
-0.733333333333 0.418879020479 0.541666501327
-0.733333333333 0.628318530718 0.592745429304
-0.733333333333 0.837758040957 0.477838685013
-0.733333333333 1.0471975512 0.229289212862
-0.733333333333 1.25663706144 0.129484834731
-0.733333333333 1.46607657168 0.223760482821
-0.733333333333 1.67551608191 0.153498384582
-0.733333333333 1.88495559215 0.244568462797
-0.733333333333 2.09439510239 0.850796137832
-0.733333333333 2.30383461263 0.736629306125
-0.733333333333 2.51327412287 0.203210399464
-0.733333333333 2.72271363311 0.108864504033
-0.733333333333 2.93215314335 0.648463572724
-0.733333333333 3.14159265359 0.901740610472
-0.733333333333 3.35103216383 0.49961194891
-0.733333333333 3.56047167407 0.374798084869
-0.733333333333 3.76991118431 0.291639331227
-0.733333333333 3.97935069455 0.215391146046
-0.733333333333 4.18879020479 0.160731691971
-0.733333333333 4.39822971503 0.156865990052
-0.733333333333 4.60766922527 0.326631977665
-0.733333333333 4.8171087355 0.509211964883
-0.733333333333 5.02654824574 0.236522554451
-0.733333333333 5.23598775598 0.268415974042
-0.733333333333 5.44542726622 0.501321359805
-0.733333333333 5.65486677646 1.0254438587
-0.733333333333 5.8643062867 0.742462419619
-0.733333333333 6.07374579694 0.243269290605

-0.666666666667 0 0.412063501083
-0.666666666667 0.209439510239 0.446278655804
-0.666666666667 0.418879020479 0.477508425582
-0.666666666667 0.628318530718 0.597749069237
-0.666666666667 0.837758040957 0.539137442143
-0.666666666667 1.0471975512 0.31048816345
-0.666666666667 1.25663706144 0.111462723113
-0.666666666667 1.46607657168 0.223468954601
-0.666666666667 1.67551608191 0.161607445378
-0.666666666667 1.88495559215 0.172143121918
-0.666666666667 2.09439510239 0.804669166126
-0.666666666667 2.30383461263 0.779727111763
-0.666666666667 2.51327412287 0.143280385695
-0.666666666667 2.72271363311 0.111418489198
-0.666666666667 2.93215314335 0.9490170762
-0.666666666667 3.14159265359 0.807930377454
-0.666666666667 3.35103216383 0.352675103656
-0.666666666667 3.56047167407 0.269943634121
-0.666666666667 3.76991118431 0.199971066689
-0.666666666667 3.97935069455 0.239785120155
-0.666666666667 4.18879020479 0.274460365427
-0.666666666667 4.39822971503 0.136807126416
-0.666666666667 4.60766922527 0.100130597258
-0.666666666667 4.8171087355 0.468378860237
-0.666666666667 5.02654824574 0.278012777441
-0.666666666667 5.23598775598 0.239774013014
-0.666666666667 5.44542726622 0.491049667647
-0.666666666667 5.65486677646 1.06227661816
-0.666666666667 5.8643062867 0.617517084438
-0.666666666667 6.07374579694 0.167932771005

-0.6 0 0.349364961302
-0.6 0.209439510239 0.254173383099
-0.6 0.418879020479 0.369991574189
-0.6 0.628318530718 0.431102091588
-0.6 0.837758040957 0.474312665167
-0.6 1.0471975512 0.379380417685
-0.6 1.25663706144 0.118807127927
-0.6 1.46607657168 0.203093207169
-0.6 1.67551608191 0.204802444129
-0.6 1.88495559215 0.127135484655
-0.6 2.09439510239 0.751004825909
-0.6 2.30383461263 0.806016298982
-0.6 2.51327412287 0.109285142547
-0.6 2.72271363311 0.158075966499
-0.6 2.93215314335 1.16396822091
-0.6 3.14159265359 0.595430634173
-0.6 3.35103216383 0.261099274736
-0.6 3.56047167407 0.170925071865
-0.6 3.76991118431 0.159617688597
-0.6 3.97935069455 0.312803775373
-0.6 4.18879020479 0.518563265153
-0.6 4.39822971503 0.447872594104
-0.6 4.60766922527 0.0909994345017
-0.6 4.8171087355 0.344159243465
-0.6 5.02654824574 0.328978185369
-0.6 5.23598775598 0.202776659385
-0.6 5.44542726622 0.47402194252
-0.6 5.65486677646 1.07520420175
-0.6 5.8643062867 0.50794332723
-0.6 6.07374579694 0.181782755229

-0.533333333333 0 0.199240221044
-0.533333333333 0.209439510239 0.238580861692
-0.533333333333 0.418879020479 0.306981241301
-0.533333333333 0.628318530718 0.281987207669
-0.533333333333 0.837758040957 0.426643349316
-0.533333333333 1.0471975512 0.472782669229
-0.533333333333 1.25663706144 0.185751311182
-0.533333333333 1.46607657168 0.171657457694
-0.533333333333 1.67551608191 0.256545396622
-0.533333333333 1.88495559215 0.103061426978
-0.533333333333 2.09439510239 0.706640216951
-0.533333333333 2.30383461263 0.817378561172
-0.533333333333 2.51327412287 0.0928731795825
-0.533333333333 2.72271363311 0.235329521707
-0.533333333333 2.93215314335 1.25805591357
-0.533333333333 3.14159265359 0.389981530138
-0.533333333333 3.35103216383 0.205404350881
-0.533333333333 3.56047167407 0.0895719774729
-0.533333333333 3.76991118431 0.163355919593
-0.533333333333 3.97935069455 0.297497228238
-0.533333333333 4.18879020479 0.564514921717
-0.533333333333 4.39822971503 0.744566618999
-0.533333333333 4.60766922527 0.282371419751
-0.533333333333 4.8171087355 0.235952830861
-0.533333333333 5.02654824574 0.364991785912
-0.533333333333 5.23598775598 0.170198542253
-0.533333333333 5.44542726622 0.454088382
-0.533333333333 5.65486677646 1.07208234774
-0.533333333333 5.8643062867 0.425998935792
-0.533333333333 6.07374579694 0.207692495217

-0.466666666667 0 0.109653711531
-0.466666666667 0.209439510239 0.357549226862
-0.466666666667 0.418879020479 0.280377468174
-0.466666666667 0.628318530718 0.230593557924
-0.466666666667 0.837758040957 0.423840250365
-0.466666666667 1.0471975512 0.561042945517
-0.466666666667 1.25663706144 0.293622923847
-0.466666666667 1.46607657168 0.151830013438
-0.466666666667 1.67551608191 0.298392651427
-0.466666666667 1.88495559215 0.0942925338673
-0.466666666667 2.09439510239 0.676540943533
-0.466666666667 2.30383461263 0.817108687013
-0.466666666667 2.51327412287 0.0881514285303
-0.466666666667 2.72271363311 0.328531136886
-0.466666666667 2.93215314335 1.24625178836
-0.466666666667 3.14159265359 0.248992720165
-0.466666666667 3.35103216383 0.15445381801
-0.466666666667 3.56047167407 0.0652405497769
-0.466666666667 3.76991118431 0.243763584892
-0.466666666667 3.97935069455 0.251105831363
-0.466666666667 4.18879020479 0.410559856742
-0.466666666667 4.39822971503 0.834034409148
-0.466666666667 4.60766922527 0.526359256633
-0.466666666667 4.8171087355 0.180263933161
-0.466666666667 5.02654824574 0.38123503339
-0.466666666667 5.23598775598 0.145665098972
-0.466666666667 5.44542726622 0.436144649091
-0.466666666667 5.65486677646 1.05843436604
-0.466666666667 5.8643062867 0.368983118206
-0.466666666667 6.07374579694 0.218177840434

-0.4 0 0.113667743828
-0.4 0.209439510239 0.488939666435
-0.4 0.418879020479 0.272564664346
-0.4 0.628318530718 0.248309003452
-0.4 0.837758040957 0.429284149084
-0.4 1.0471975512 0.606220108732
-0.4 1.25663706144 0.400389936546
-0.4 1.46607657168 0.15131515406
-0.4 1.67551608191 0.324835800048
-0.4 1.88495559215 0.0959532556068
-0.4 2.09439510239 0.659815544393
-0.4 2.30383461263 0.808592820246
-0.4 2.51327412287 0.0906890360105
-0.4 2.72271363311 0.42491653044
-0.4 2.93215314335 1.16559021648
-0.4 3.14159265359 0.173112064512
-0.4 3.35103216383 0.103648236013
-0.4 3.56047167407 0.114204130756
-0.4 3.76991118431 0.397925280463
-0.4 3.97935069455 0.251970105154
-0.4 4.18879020479 0.208599945414
-0.4 4.39822971503 0.749111465515
-0.4 4.60766922527 0.724677763168
-0.4 4.8171087355 0.171573767522
-0.4 5.02654824574 0.38218570919
-0.4 5.23598775598 0.128423214728
-0.4 5.44542726622 0.422915201367
-0.4 5.65486677646 1.03787922978
-0.4 5.8643062867 0.331604509699
-0.4 6.07374579694 0.214460663056

-0.333333333333 0 0.18041202717
-0.333333333333 0.209439510239 0.57124595858
-0.333333333333 0.418879020479 0.271039077848
-0.333333333333 0.628318530718 0.279914952204
-0.333333333333 0.837758040957 0.415422904727
-0.333333333333 1.0471975512 0.600308746464
-0.333333333333 1.25663706144 0.477446234673
-0.333333333333 1.46607657168 0.164406106178
-0.333333333333 1.67551608191 0.33795283344
-0.333333333333 1.88495559215 0.103877844543
-0.333333333333 2.09439510239 0.653449635505
-0.333333333333 2.30383461263 0.794768506645
-0.333333333333 2.51327412287 0.0970480500735
-0.333333333333 2.72271363311 0.515397294994
-0.333333333333 2.93215314335 1.05342647197
-0.333333333333 3.14159265359 0.140894674137
-0.333333333333 3.35103216383 0.0620640712141
-0.333333333333 3.56047167407 0.215345734247
-0.333333333333 3.76991118431 0.580870622427
-0.333333333333 3.97935069455 0.310248425557
-0.333333333333 4.18879020479 0.0682589831792
-0.333333333333 4.39822971503 0.592448221744
-0.333333333333 4.60766922527 0.849321141846
-0.333333333333 4.8171087355 0.192630797314
-0.333333333333 5.02654824574 0.373903371504
-0.333333333333 5.23598775598 0.116695249864
-0.333333333333 5.44542726622 0.415205330961
-0.333333333333 5.65486677646 1.01305224887
-0.333333333333 5.8643062867 0.308998264649
-0.333333333333 6.07374579694 0.204255504546

-0.266666666667 0 0.270568353214
-0.266666666667 0.209439510239 0.601835539157
-0.266666666667 0.418879020479 0.268297739644
-0.266666666667 0.628318530718 0.29366278816
-0.266666666667 0.837758040957 0.381242533075
-0.266666666667 1.0471975512 0.55967720128
-0.266666666667 1.25663706144 0.518227187421
-0.266666666667 1.46607657168 0.18175692134
-0.266666666667 1.67551608191 0.341942811378
-0.266666666667 1.88495559215 0.114776261261
-0.266666666667 2.09439510239 0.654237841787
-0.266666666667 2.30383461263 0.777964861297
-0.266666666667 2.51327412287 0.104568296076
-0.266666666667 2.72271363311 0.594701322991
-0.266666666667 2.93215314335 0.937477102159
-0.266666666667 3.14159265359 0.13092140888
-0.266666666667 3.35103216383 0.0364052636195
-0.266666666667 3.56047167407 0.332112771196
-0.266666666667 3.76991118431 0.740696676934
-0.266666666667 3.97935069455 0.388567972984
-0.266666666667 4.18879020479 0.0141118680652
-0.266666666667 4.39822971503 0.44008764856
-0.266666666667 4.60766922527 0.909501464619
-0.266666666667 4.8171087355 0.227179635737
-0.266666666667 5.02654824574 0.361233457419
-0.266666666667 5.23598775598 0.108912680528
-0.266666666667 5.44542726622 0.412693702851
-0.266666666667 5.65486677646 0.986120398245
-0.266666666667 5.8643062867 0.296961084632
-0.266666666667 6.07374579694 0.1933886461

-0.2 0 0.358119736351
-0.2 0.209439510239 0.600274822216
-0.2 0.418879020479 0.261514813592
-0.2 0.628318530718 0.285362317431
-0.2 0.837758040957 0.33916838764
-0.2 1.0471975512 0.50689147611
-0.2 1.25663706144 0.530145481727
-0.2 1.46607657168 0.196381836239
-0.2 1.67551608191 0.340381705082
-0.2 1.88495559215 0.126333735362
-0.2 2.09439510239 0.659599765906
-0.2 2.30383461263 0.759915762465
-0.2 2.51327412287 0.111258068255
-0.2 2.72271363311 0.660568850678
-0.2 2.93215314335 0.834316383947
-0.2 3.14159265359 0.129137736538
-0.2 3.35103216383 0.0265343489736
-0.2 3.56047167407 0.434340946047
-0.2 3.76991118431 0.84502041273
-0.2 3.97935069455 0.446561901635
-0.2 4.18879020479 0.0216222706877
-0.2 4.39822971503 0.325674361306
-0.2 4.60766922527 0.925400098353
-0.2 4.8171087355 0.263010669819
-0.2 5.02654824574 0.347409141597
-0.2 5.23598775598 0.103983392041
-0.2 5.44542726622 0.414526834997
-0.2 5.65486677646 0.958944082925
-0.2 5.8643062867 0.291886298249
-0.2 6.07374579694 0.184717651762

-0.133333333333 0 0.431312876452
-0.133333333333 0.209439510239 0.586123441102
-0.133333333333 0.418879020479 0.251296982401
-0.133333333333 0.628318530718 0.264356290485
-0.133333333333 0.837758040957 0.301321358969
-0.133333333333 1.0471975512 0.459192032139
-0.133333333333 1.25663706144 0.524733528424
-0.133333333333 1.46607657168 0.204931835029
-0.133333333333 1.67551608191 0.335517042924
-0.133333333333 1.88495559215 0.137159875725
-0.133333333333 2.09439510239 0.667802456085
-0.133333333333 2.30383461263 0.741843701708
-0.133333333333 2.51327412287 0.115728253912
-0.133333333333 2.72271363311 0.712669453715
-0.133333333333 2.93215314335 0.751789319588
-0.133333333333 3.14159265359 0.128469888317
-0.133333333333 3.35103216383 0.0279342391416
-0.133333333333 3.56047167407 0.506484046279
-0.133333333333 3.76991118431 0.886609473569
-0.133333333333 3.97935069455 0.464781276668
-0.133333333333 4.18879020479 0.0573294867417
-0.133333333333 4.39822971503 0.254977909582
-0.133333333333 4.60766922527 0.916137706156
-0.133333333333 4.8171087355 0.291937233033
-0.133333333333 5.02654824574 0.334397910991
-0.133333333333 5.23598775598 0.101254354059
-0.133333333333 5.44542726622 0.419656810844
-0.133333333333 5.65486677646 0.933092645427
-0.133333333333 5.8643062867 0.290789074361
-0.133333333333 6.07374579694 0.179077212928

-0.0666666666667 0 0.487297195669
-0.0666666666667 0.209439510239 0.572569158555
-0.0666666666667 0.418879020479 0.239815489567
-0.0666666666667 0.628318530718 0.241505604594
-0.0666666666667 0.837758040957 0.274369175435
-0.0666666666667 1.0471975512 0.425696282664
-0.0666666666667 1.25663706144 0.511726201654
-0.0666666666667 1.46607657168 0.20670397853
-0.0666666666667 1.67551608191 0.328439659733
-0.0666666666667 1.88495559215 0.146636048979
-0.0666666666667 2.09439510239 0.677910330794
-0.0666666666667 2.30383461263 0.724564909153
-0.0666666666667 2.51327412287 0.117152690172
-0.0666666666667 2.72271363311 0.751616769798
-0.0666666666667 2.93215314335 0.6922813624
-0.0666666666667 3.14159265359 0.126239877824
-0.0666666666667 3.35103216383 0.0350820018716
-0.0666666666667 3.56047167407 0.545739918475
-0.0666666666667 3.76991118431 0.876349289842
-0.0666666666667 3.97935069455 0.446312459504
-0.0666666666667 4.18879020479 0.0988006401017
-0.0666666666667 4.39822971503 0.22179408876
-0.0666666666667 4.60766922527 0.895806656024
-0.0666666666667 4.8171087355 0.309073296801
-0.0666666666667 5.02654824574 0.323331013121
-0.0666666666667 5.23598775598 0.100419760316
-0.0666666666667 5.44542726622 0.42700089268
-0.0666666666667 5.65486677646 0.909833701584
-0.0666666666667 5.8643062867 0.291351524023
-0.0666666666667 6.07374579694 0.176267802726

6.12323399574e-17 0 0.52706331268
6.12323399574e-17 0.209439510239 0.567200651103
6.12323399574e-17 0.418879020479 0.229373262202
6.12323399574e-17 0.628318530718 0.224204542408
6.12323399574e-17 0.837758040957 0.26037554653
6.12323399574e-17 1.0471975512 0.409210104914
6.12323399574e-17 1.25663706144 0.496879240863
6.12323399574e-17 1.46607657168 0.20235866813
6.12323399574e-17 1.67551608191 0.319428045235
6.12323399574e-17 1.88495559215 0.154736832658
6.12323399574e-17 2.09439510239 0.689632094554
6.12323399574e-17 2.30383461263 0.708595704057
6.12323399574e-17 2.51327412287 0.115255203515
6.12323399574e-17 2.72271363311 0.77823086732
6.12323399574e-17 2.93215314335 0.65540971852
6.12323399574e-17 3.14159265359 0.121882411227
6.12323399574e-17 3.35103216383 0.0433697182844
6.12323399574e-17 3.56047167407 0.556618908091
6.12323399574e-17 3.76991118431 0.833409854575
6.12323399574e-17 3.97935069455 0.408430537396
6.12323399574e-17 4.18879020479 0.138220096775
6.12323399574e-17 4.39822971503 0.217590129996
6.12323399574e-17 4.60766922527 0.872872081351
6.12323399574e-17 4.8171087355 0.312101838185
6.12323399574e-17 5.02654824574 0.314821706974
6.12323399574e-17 5.23598775598 0.101445939767
6.12323399574e-17 5.44542726622 0.435497325813
6.12323399574e-17 5.65486677646 0.890138057578
6.12323399574e-17 5.8643062867 0.291929535582
6.12323399574e-17 6.07374579694 0.175675619669

0.0666666666667 0 0.552254383281
0.0666666666667 0.209439510239 0.574312988712
0.0666666666667 0.418879020479 0.221825681232
0.0666666666667 0.628318530718 0.216013963074
0.0666666666667 0.837758040957 0.259303571976
0.0666666666667 1.0471975512 0.40892913777
0.0666666666667 1.25663706144 0.481774601139
0.0666666666667 1.46607657168 0.193195979496
0.0666666666667 1.67551608191 0.308197435339
0.0666666666667 1.88495559215 0.16187860079
0.0666666666667 2.09439510239 0.703131290541
0.0666666666667 2.30383461263 0.694258209303
0.0666666666667 2.51327412287 0.110330820343
0.0666666666667 2.72271363311 0.793079713814
0.0666666666667 2.93215314335 0.639703263136
0.0666666666667 3.14159265359 0.115606788363
0.0666666666667 3.35103216383 0.049650743214
0.0666666666667 3.56047167407 0.546012486129
0.0666666666667 3.76991118431 0.777775818601
0.0666666666667 3.97935069455 0.37383982682
0.0666666666667 4.18879020479 0.178860922892
0.0666666666667 4.39822971503 0.235381841636
0.0666666666667 4.60766922527 0.850757704357
0.0666666666667 4.8171087355 0.300774527709
0.0666666666667 5.02654824574 0.309143256564
0.0666666666667 5.23598775598 0.104520468592
0.0666666666667 5.44542726622 0.444109106859
0.0666666666667 5.65486677646 0.874700026561
0.0666666666667 5.8643062867 0.29152237547
0.0666666666667 6.07374579694 0.176583075165

0.133333333333 0 0.563557147725
0.133333333333 0.209439510239 0.596635797786
0.133333333333 0.418879020479 0.218678708441
0.133333333333 0.628318530718 0.217706589331
0.133333333333 0.837758040957 0.270824306028
0.133333333333 1.0471975512 0.422291386965
0.133333333333 1.25663706144 0.464348271531
0.133333333333 1.46607657168 0.181139687828
0.133333333333 1.67551608191 0.294021603237
0.133333333333 1.88495559215 0.168818909598
0.133333333333 2.09439510239 0.718802339784
0.133333333333 2.30383461263 0.68179272201
0.133333333333 2.51327412287 0.103305538604
0.133333333333 2.72271363311 0.796302342043
0.133333333333 2.93215314335 0.643248795744
0.133333333333 3.14159265359 0.107922009134
0.133333333333 3.35103216383 0.0521891378548
0.133333333333 3.56047167407 0.52011901511
0.133333333333 3.76991118431 0.726156630311
0.133333333333 3.97935069455 0.364714019187
0.133333333333 4.18879020479 0.229695711672
0.133333333333 4.39822971503 0.269827160795
0.133333333333 4.60766922527 0.828758883542
0.133333333333 4.8171087355 0.276735920169
0.133333333333 5.02654824574 0.306288710414
0.133333333333 5.23598775598 0.110014486174
0.133333333333 5.44542726622 0.451808583947
0.133333333333 5.65486677646 0.863959785822
0.133333333333 5.8643062867 0.2897332078
0.133333333333 6.07374579694 0.178298917322

0.2 0 0.560083925179
0.2 0.209439510239 0.636019721971
0.2 0.418879020479 0.221613745522
0.2 0.628318530718 0.227947443684
0.2 0.837758040957 0.294735485934
0.2 1.0471975512 0.445618621105
0.2 1.25663706144 0.439817671436
0.2 1.46607657168 0.169217368901
0.2 1.67551608191 0.275814671856
0.2 1.88495559215 0.176607558238
0.2 2.09439510239 0.73696954842
0.2 2.30383461263 0.671491472196
0.2 2.51327412287 0.0958328022762
0.2 2.72271363311 0.787740160841
0.2 2.93215314335 0.663352669254
0.2 3.14159265359 0.0998334986093
0.2 3.35103216383 0.0506049936091
0.2 3.56047167407 0.483108886636
0.2 3.76991118431 0.690040147225
0.2 3.97935069455 0.398137348095
0.2 4.18879020479 0.299017907154
0.2 4.39822971503 0.315208372459
0.2 4.60766922527 0.803126528419
0.2 4.8171087355 0.243639823719
0.2 5.02654824574 0.305950884455
0.2 5.23598775598 0.118442001534
0.2 5.44542726622 0.457566541114
0.2 5.65486677646 0.858110025876
0.2 5.8643062867 0.286751712242
0.2 6.07374579694 0.1802000806

0.266666666667 0 0.539366193316
0.266666666667 0.209439510239 0.693060623364
0.266666666667 0.418879020479 0.233415726914
0.266666666667 0.628318530718 0.243178608612
0.266666666667 0.837758040957 0.329733761585
0.266666666667 1.0471975512 0.473564266562
0.266666666667 1.25663706144 0.402440053382
0.266666666667 1.46607657168 0.161952536009
0.266666666667 1.67551608191 0.252360029112
0.266666666667 1.88495559215 0.186574923844
0.266666666667 2.09439510239 0.757433685225
0.266666666667 2.30383461263 0.663875548233
0.266666666667 2.51327412287 0.0904111589913
0.266666666667 2.72271363311 0.767450557104
0.266666666667 2.93215314335 0.695247561893
0.266666666667 3.14159265359 0.0936278346536
0.266666666667 3.35103216383 0.0459144366351
0.266666666667 3.56047167407 0.436858851604
0.266666666667 3.76991118431 0.673498271394
0.266666666667 3.97935069455 0.479443938155
0.266666666667 4.18879020479 0.386140806146
0.266666666667 4.39822971503 0.362905026632
0.266666666667 4.60766922527 0.768599188002
0.266666666667 4.8171087355 0.207361406722
0.266666666667 5.02654824574 0.307476296684
0.266666666667 5.23598775598 0.130395140021
0.266666666667 5.44542726622 0.460367016352
0.266666666667 5.65486677646 0.857068138336
0.266666666667 5.8643062867 0.283389827719
0.266666666667 6.07374579694 0.181734392922

0.333333333333 0 0.497861411196
0.333333333333 0.209439510239 0.76557563335
0.333333333333 0.418879020479 0.259517557808
0.333333333333 0.628318530718 0.257337641624
0.333333333333 0.837758040957 0.370231260819
0.333333333333 1.0471975512 0.497149286678
0.333333333333 1.25663706144 0.348665793757
0.333333333333 1.46607657168 0.164477860317
0.333333333333 1.67551608191 0.22300590697
0.333333333333 1.88495559215 0.200328560391
0.333333333333 2.09439510239 0.778780824026
0.333333333333 2.30383461263 0.65993629309
0.333333333333 2.51327412287 0.0904843952114
0.333333333333 2.72271363311 0.736706622758
0.333333333333 2.93215314335 0.730038102795
0.333333333333 3.14159265359 0.094199587082
0.333333333333 3.35103216383 0.0402762563925
0.333333333333 3.56047167407 0.380952770228
0.333333333333 3.76991118431 0.668259765071
0.333333333333 3.97935069455 0.590958710186
0.333333333333 4.18879020479 0.472020820066
0.333333333333 4.39822971503 0.400768831144
0.333333333333 4.60766922527 0.720815350704
0.333333333333 4.8171087355 0.175888463548
0.333333333333 5.02654824574 0.309869686924
0.333333333333 5.23598775598 0.14643376591
0.333333333333 5.44542726622 0.459272826363
0.333333333333 5.65486677646 0.860391243587
0.333333333333 5.8643062867 0.28120232724
0.333333333333 6.07374579694 0.182391819325

0.4 0 0.432133108713
0.4 0.209439510239 0.845624663206
0.4 0.418879020479 0.31020226682
0.4 0.628318530718 0.263419607406
0.4 0.837758040957 0.401890436575
0.4 1.0471975512 0.500506322382
0.4 1.25663706144 0.281135272794
0.4 1.46607657168 0.178755886046
0.4 1.67551608191 0.189209765835
0.4 1.88495559215 0.219697973587
0.4 2.09439510239 0.797413071303
0.4 2.30383461263 0.661449908461
0.4 2.51327412287 0.100445530638
0.4 2.72271363311 0.699501415027
0.4 2.93215314335 0.752850033431
0.4 3.14159265359 0.110447638067
0.4 3.35103216383 0.0362870503751
0.4 3.56047167407 0.312591650697
0.4 3.76991118431 0.646913973038
0.4 3.97935069455 0.680368808525
0.4 4.18879020479 0.515920373033
0.4 4.39822971503 0.417927123838
0.4 4.60766922527 0.659573368837
0.4 4.8171087355 0.158249296196
0.4 5.02654824574 0.311951962929
0.4 5.23598775598 0.166909270497
0.4 5.44542726622 0.453574694015
0.4 5.65486677646 0.867106729832
0.4 5.8643062867 0.282723279813
0.4 6.07374579694 0.181618667388

0.466666666667 0 0.341132899499
0.466666666667 0.209439510239 0.914661984664
0.466666666667 0.418879020479 0.401843834079
0.466666666667 0.628318530718 0.260756726167
0.466666666667 0.837758040957 0.400864903924
0.466666666667 1.0471975512 0.460178708333
0.466666666667 1.25663706144 0.210641832457
0.466666666667 1.46607657168 0.196920749194
0.466666666667 1.67551608191 0.156894630229
0.466666666667 1.88495559215 0.246502779945
0.466666666667 2.09439510239 0.806463165017
0.466666666667 2.30383461263 0.671309679599
0.466666666667 2.51327412287 0.125400724342
0.466666666667 2.72271363311 0.664173550826
0.466666666667 2.93215314335 0.744052771801
0.466666666667 3.14159265359 0.154715532518
0.466666666667 3.35103216383 0.0382586940533
0.466666666667 3.56047167407 0.228458997149
0.466666666667 3.76991118431 0.565340422714
0.466666666667 3.97935069455 0.667781970225
0.466666666667 4.18879020479 0.473819239946
0.466666666667 4.39822971503 0.417285419688
0.466666666667 4.60766922527 0.591403941899
0.466666666667 4.8171087355 0.161837172623
0.466666666667 5.02654824574 0.312754282
0.466666666667 5.23598775598 0.191725443843
0.466666666667 5.44542726622 0.443070118789
0.466666666667 5.65486677646 0.875421964466
0.466666666667 5.8643062867 0.291824766808
0.466666666667 6.07374579694 0.178641443741

0.533333333333 0 0.230218886609
0.533333333333 0.209439510239 0.937335063043
0.533333333333 0.418879020479 0.550432673124
0.533333333333 0.628318530718 0.270912937353
0.533333333333 0.837758040957 0.349753639191
0.533333333333 1.0471975512 0.35935543176
0.533333333333 1.25663706144 0.152223241095
0.533333333333 1.46607657168 0.198329587174
0.533333333333 1.67551608191 0.137856527299
0.533333333333 1.88495559215 0.281903199062
0.533333333333 2.09439510239 0.795329634072
0.533333333333 2.30383461263 0.693610455169
0.533333333333 2.51327412287 0.170435778225
0.533333333333 2.72271363311 0.64369225821
0.533333333333 2.93215314335 0.689349148771
0.533333333333 3.14159265359 0.235325745232
0.533333333333 3.35103216383 0.0631748446189
0.533333333333 3.56047167407 0.136033945833
0.533333333333 3.76991118431 0.397257887559
0.533333333333 3.97935069455 0.503161509784
0.533333333333 4.18879020479 0.351794683887
0.533333333333 4.39822971503 0.42906864501
0.533333333333 4.60766922527 0.527690379796
0.533333333333 4.8171087355 0.188257284704
0.533333333333 5.02654824574 0.31209425506
0.533333333333 5.23598775598 0.220112937464
0.533333333333 5.44542726622 0.428532172346
0.533333333333 5.65486677646 0.882276382526
0.533333333333 5.8643062867 0.31408760944
0.533333333333 6.07374579694 0.172275168344

0.6 0 0.116987588454
0.6 0.209439510239 0.859627778168
0.6 0.418879020479 0.742726723719
0.6 0.628318530718 0.348701914589
0.6 0.837758040957 0.280134900484
0.6 1.0471975512 0.226901983941
0.6 1.25663706144 0.116469706301
0.6 1.46607657168 0.165457946838
0.6 1.67551608191 0.145453714838
0.6 1.88495559215 0.325047726412
0.6 2.09439510239 0.751900694728
0.6 2.30383461263 0.732609315497
0.6 2.51327412287 0.23890908475
0.6 2.72271363311 0.651146316547
0.6 2.93215314335 0.604549739036
0.6 3.14159265359 0.33681005986
0.6 3.35103216383 0.164430467698
0.6 3.56047167407 0.0839001452742
0.6 3.76991118431 0.206887317083
0.6 3.97935069455 0.273821189999
0.6 4.18879020479 0.265464085359
0.6 4.39822971503 0.499992118198
0.6 4.60766922527 0.474520733892
0.6 4.8171087355 0.229977929392
0.6 5.02654824574 0.310908755651
0.6 5.23598775598 0.250685148308
0.6 5.44542726622 0.412441437676
0.6 5.65486677646 0.882720840961
0.6 5.8643062867 0.356721939414
0.6 6.07374579694 0.161247722112

0.666666666667 0 0.035509549692
0.666666666667 0.209439510239 0.632263783168
0.666666666667 0.418879020479 0.877778073049
0.666666666667 0.628318530718 0.531740280939
0.666666666667 0.837758040957 0.291562721261
0.666666666667 1.0471975512 0.156078400148
0.666666666667 1.25663706144 0.105136181395
0.666666666667 1.46607657168 0.121903018498
0.666666666667 1.67551608191 0.181073778178
0.666666666667 1.88495559215 0.371545325008
0.666666666667 2.09439510239 0.671752012314
0.666666666667 2.30383461263 0.788176513887
0.666666666667 2.51327412287 0.328821704387
0.666666666667 2.72271363311 0.685584093852
0.666666666667 2.93215314335 0.564187371102
0.666666666667 3.14159265359 0.399552676701
0.666666666667 3.35103216383 0.419381069733
0.666666666667 3.56047167407 0.193805122287
0.666666666667 3.76991118431 0.183801896416
0.666666666667 3.97935069455 0.235910151685
0.666666666667 4.18879020479 0.389642059089
0.666666666667 4.39822971503 0.626606277798
0.666666666667 4.60766922527 0.419171627015
0.666666666667 4.8171087355 0.272751634168
0.666666666667 5.02654824574 0.310406202642
0.666666666667 5.23598775598 0.282460993583
0.666666666667 5.44542726622 0.400048064354
0.666666666667 5.65486677646 0.869214689337
0.666666666667 5.8643062867 0.426706167215
0.666666666667 6.07374579694 0.146721215693

0.733333333333 0 0.0267133528364
0.733333333333 0.209439510239 0.295061659036
0.733333333333 0.418879020479 0.752271819625
0.733333333333 0.628318530718 0.680241199305
0.733333333333 0.837758040957 0.406799562228
0.733333333333 1.0471975512 0.196280054749
0.733333333333 1.25663706144 0.120436342438
0.733333333333 1.46607657168 0.139826888997
0.733333333333 1.67551608191 0.226429454957
0.733333333333 1.88495559215 0.416260933937
0.733333333333 2.09439510239 0.578288854234
0.733333333333 2.30383461263 0.843095693976
0.733333333333 2.51327412287 0.425769539751
0.733333333333 2.72271363311 0.710697671861
0.733333333333 2.93215314335 0.672527234025
0.733333333333 3.14159265359 0.35886984183
0.733333333333 3.35103216383 0.757266611096
0.733333333333 3.56047167407 0.57585894932
0.733333333333 3.76991118431 0.48743790342
0.733333333333 3.97935069455 0.548726908306
0.733333333333 4.18879020479 0.6940211691
0.733333333333 4.39822971503 0.673469515226
0.733333333333 4.60766922527 0.339146994444
0.733333333333 4.8171087355 0.305869276468
0.733333333333 5.02654824574 0.309564618975
0.733333333333 5.23598775598 0.318327082965
0.733333333333 5.44542726622 0.400760391814
0.733333333333 5.65486677646 0.831275933698
0.733333333333 5.8643062867 0.524087909207
0.733333333333 6.07374579694 0.140096557365

0.8 0 0.0981880859713
0.8 0.209439510239 0.0780955308757
0.8 0.418879020479 0.334685239034
0.8 0.628318530718 0.484365357264
0.8 0.837758040957 0.384988224242
0.8 1.0471975512 0.235988046841
0.8 1.25663706144 0.199889076692
0.8 1.46607657168 0.251728067023
0.8 1.67551608191 0.276635211315
0.8 1.88495559215 0.469463180059
0.8 2.09439510239 0.535339503739
0.8 2.30383461263 0.843005006074
0.8 2.51327412287 0.495739702195
0.8 2.72271363311 0.660777032737
0.8 2.93215314335 0.891124143091
0.8 3.14159265359 0.295734050895
0.8 3.35103216383 0.77201401161
0.8 3.56047167407 0.938837741824
0.8 3.76991118431 0.872450793425
0.8 3.97935069455 0.844464264457
0.8 4.18879020479 0.754578133937
0.8 4.39822971503 0.480578673627
0.8 4.60766922527 0.260856100309
0.8 4.8171087355 0.324178784536
0.8 5.02654824574 0.30649414761
0.8 5.23598775598 0.373454682953
0.8 5.44542726622 0.429583495019
0.8 5.65486677646 0.756990320909
0.8 5.8643062867 0.62519901916
0.8 6.07374579694 0.175270973464

0.866666666667 0 0.189204001577
0.866666666667 0.209439510239 0.190542490933
0.866666666667 0.418879020479 0.193661432014
0.866666666667 0.628318530718 0.247917432977
0.866666666667 0.837758040957 0.295625633293
0.866666666667 1.0471975512 0.342126031643
0.866666666667 1.25663706144 0.396291444068
0.866666666667 1.46607657168 0.377731029668
0.866666666667 1.67551608191 0.380725635245
0.866666666667 1.88495559215 0.550297405096
0.866666666667 2.09439510239 0.561889920894
0.866666666667 2.30383461263 0.71811650927
0.866666666667 2.51327412287 0.51526269521
0.866666666667 2.72271363311 0.539626253523
0.866666666667 2.93215314335 0.900364875882
0.866666666667 3.14159265359 0.440010640029
0.866666666667 3.35103216383 0.36263931218
0.866666666667 3.56047167407 0.592961392929
0.866666666667 3.76991118431 0.642170430285
0.866666666667 3.97935069455 0.543013153457
0.866666666667 4.18879020479 0.373397200221
0.866666666667 4.39822971503 0.241302151677
0.866666666667 4.60766922527 0.260208564455
0.866666666667 4.8171087355 0.302508114995
0.866666666667 5.02654824574 0.331567000794
0.866666666667 5.23598775598 0.49038932597
0.866666666667 5.44542726622 0.507314485234
0.866666666667 5.65486677646 0.641346436318
0.866666666667 5.8643062867 0.653597294105
0.866666666667 6.07374579694 0.29270871248

0.933333333333 0 0.26099753986
0.933333333333 0.209439510239 0.269103794075
0.933333333333 0.418879020479 0.346706794007
0.933333333333 0.628318530718 0.420368729445
0.933333333333 0.837758040957 0.466515964291
0.933333333333 1.0471975512 0.471492896153
0.933333333333 1.25663706144 0.433972097566
0.933333333333 1.46607657168 0.410742427274
0.933333333333 1.67551608191 0.461834310001
0.933333333333 1.88495559215 0.49423830947
0.933333333333 2.09439510239 0.470586548794
0.933333333333 2.30383461263 0.545740932211
0.933333333333 2.51327412287 0.594174415546
0.933333333333 2.72271363311 0.583636142718
0.933333333333 2.93215314335 0.639146274348
0.933333333333 3.14159265359 0.556675718454
0.933333333333 3.35103216383 0.355815478513
0.933333333333 3.56047167407 0.233475366352
0.933333333333 3.76991118431 0.1986407554
0.933333333333 3.97935069455 0.190192427358
0.933333333333 4.18879020479 0.194610196024
0.933333333333 4.39822971503 0.214917433586
0.933333333333 4.60766922527 0.249197945626
0.933333333333 4.8171087355 0.347783549126
0.933333333333 5.02654824574 0.570926957128
0.933333333333 5.23598775598 0.7432777611
0.933333333333 5.44542726622 0.653347531667
0.933333333333 5.65486677646 0.520336540614
0.933333333333 5.8643062867 0.484419702712
0.933333333333 6.07374579694 0.375747681082

