-1 0 5.13204175083
-1 0.209439510239 5.13204175083
-1 0.418879020479 5.13204175083
-1 0.628318530718 5.13204175083
-1 0.837758040957 5.13204175083
-1 1.0471975512 5.13204175083
-1 1.25663706144 5.13204175083
-1 1.46607657168 5.13204175083
-1 1.67551608191 5.13204175083
-1 1.88495559215 5.13204175083
-1 2.09439510239 5.13204175083
-1 2.30383461263 5.13204175083
-1 2.51327412287 5.13204175083
-1 2.72271363311 5.13204175083
-1 2.93215314335 5.13204175083
-1 3.14159265359 5.13204175083
-1 3.35103216383 5.13204175083
-1 3.56047167407 5.13204175083
-1 3.76991118431 5.13204175083
-1 3.97935069455 5.13204175083
-1 4.18879020479 5.13204175083
-1 4.39822971503 5.13204175083
-1 4.60766922527 5.13204175083
-1 4.8171087355 5.13204175083
-1 5.02654824574 5.13204175083
-1 5.23598775598 5.13204175083
-1 5.44542726622 5.13204175083
-1 5.65486677646 5.13204175083
-1 5.8643062867 5.13204175083
-1 6.07374579694 5.13204175083

-0.933333333333 0 6.19567900788
-0.933333333333 0.209439510239 3.30558702034
-0.933333333333 0.418879020479 2.87080590623
-0.933333333333 0.628318530718 3.02670092484
-0.933333333333 0.837758040957 3.40603276997
-0.933333333333 1.0471975512 3.83314055942
-0.933333333333 1.25663706144 4.32559834838
-0.933333333333 1.46607657168 5.68945934061
-0.933333333333 1.67551608191 9.78276627245
-0.933333333333 1.88495559215 11.5968633142
-0.933333333333 2.09439510239 11.7066254151
-0.933333333333 2.30383461263 11.7472266466
-0.933333333333 2.51327412287 10.0694326978
-0.933333333333 2.72271363311 6.81436137613
-0.933333333333 2.93215314335 4.61102576732
-0.933333333333 3.14159265359 3.2225178183
-0.933333333333 3.35103216383 2.39536225034
-0.933333333333 3.56047167407 2.22613451293
-0.933333333333 3.76991118431 2.46104918741
-0.933333333333 3.97935069455 2.80560141186
-0.933333333333 4.18879020479 3.08481929262
-0.933333333333 4.39822971503 3.2606630198
-0.933333333333 4.60766922527 3.68479648543
-0.933333333333 4.8171087355 4.77839925394
-0.933333333333 5.02654824574 5.84369373706
-0.933333333333 5.23598775598 4.82738256376
-0.933333333333 5.44542726622 2.67024050426
-0.933333333333 5.65486677646 1.97331380974
-0.933333333333 5.8643062867 1.53355293856
-0.933333333333 6.07374579694 2.89494068007

-0.866666666667 0 2.83857890288
-0.866666666667 0.209439510239 0.867384684423
-0.866666666667 0.418879020479 4.56054517445
-0.866666666667 0.628318530718 3.73368162445
-0.866666666667 0.837758040957 3.58365401053
-0.866666666667 1.0471975512 4.64673945575
-0.866666666667 1.25663706144 6.13298171266
-0.866666666667 1.46607657168 6.34733339562
-0.866666666667 1.67551608191 7.44579892832
-0.866666666667 1.88495559215 12.1795972575
-0.866666666667 2.09439510239 14.8659582621
-0.866666666667 2.30383461263 14.2613272933
-0.866666666667 2.51327412287 8.1409336375
-0.866666666667 2.72271363311 3.31592524226
-0.866666666667 2.93215314335 1.75814408808
-0.866666666667 3.14159265359 1.10089083855
-0.866666666667 3.35103216383 1.28743999972
-0.866666666667 3.56047167407 1.36231497787
-0.866666666667 3.76991118431 1.36106937565
-0.866666666667 3.97935069455 1.66122874082
-0.866666666667 4.18879020479 2.47441021194
-0.866666666667 4.39822971503 3.61967640777
-0.866666666667 4.60766922527 4.18726341972
-0.866666666667 4.8171087355 3.99196917023
-0.866666666667 5.02654824574 5.32936454323
-0.866666666667 5.23598775598 5.62030980741
-0.866666666667 5.44542726622 2.93691086031
-0.866666666667 5.65486677646 2.06737967663
-0.866666666667 5.8643062867 3.13517635065
-0.866666666667 6.07374579694 5.45015872137

-0.8 0 0.265520984843
-0.8 0.209439510239 3.0578551723
-0.8 0.418879020479 3.50147847005
-0.8 0.628318530718 3.23284553415
-0.8 0.837758040957 3.27974510701
-0.8 1.0471975512 3.53032070682
-0.8 1.25663706144 4.27995535114
-0.8 1.46607657168 7.6395696705
-0.8 1.67551608191 8.51535729934
-0.8 1.88495559215 11.3009878784
-0.8 2.09439510239 16.2812900202
-0.8 2.30383461263 15.4236040077
-0.8 2.51327412287 5.54251397613
-0.8 2.72271363311 1.68012811411
-0.8 2.93215314335 0.785295499507
-0.8 3.14159265359 0.784414868572
-0.8 3.35103216383 0.57893192161
-0.8 3.56047167407 0.272364606842
-0.8 3.76991118431 0.322341166793
-0.8 3.97935069455 0.522424215065
-0.8 4.18879020479 0.981420309827
-0.8 4.39822971503 2.22721868712
-0.8 4.60766922527 4.23495186697
-0.8 4.8171087355 5.23386982363
-0.8 5.02654824574 5.83108486457
-0.8 5.23598775598 6.10021244886
-0.8 5.44542726622 2.80465691526
-0.8 5.65486677646 1.85173475144
-0.8 5.8643062867 2.5975271778
-0.8 6.07374579694 4.93167483602

-0.733333333333 0 1.51910950195
-0.733333333333 0.209439510239 5.46865909194
-0.733333333333 0.418879020479 2.54902610164
-0.733333333333 0.628318530718 2.28092422602
-0.733333333333 0.837758040957 3.23168380189
-0.733333333333 1.0471975512 3.79857163642
-0.733333333333 1.25663706144 4.27146230623
-0.733333333333 1.46607657168 5.99046440209
-0.733333333333 1.67551608191 9.8339616628
-0.733333333333 1.88495559215 11.4993739456
-0.733333333333 2.09439510239 16.7176854194
-0.733333333333 2.30383461263 15.6783890001
-0.733333333333 2.51327412287 3.46093536866
-0.733333333333 2.72271363311 0.994294467813
-0.733333333333 2.93215314335 0.525511644038
-0.733333333333 3.14159265359 0.505317561394
-0.733333333333 3.35103216383 0.208025559139
-0.733333333333 3.56047167407 0.50586261865
-0.733333333333 3.76991118431 0.825805544405
-0.733333333333 3.97935069455 1.0219267044
-0.733333333333 4.18879020479 1.39794233936
-0.733333333333 4.39822971503 2.3554321695
-0.733333333333 4.60766922527 3.94133038193
-0.733333333333 4.8171087355 5.90448851459
-0.733333333333 5.02654824574 6.47126629628
-0.733333333333 5.23598775598 6.20069229272
-0.733333333333 5.44542726622 2.36705363257
-0.733333333333 5.65486677646 1.65160268484
-0.733333333333 5.8643062867 1.82388915475
-0.733333333333 6.07374579694 0.858403276604

-0.666666666667 0 1.6713372601
-0.666666666667 0.209439510239 2.01097995009
-0.666666666667 0.418879020479 1.91223053404
-0.666666666667 0.628318530718 3.16239301421
-0.666666666667 0.837758040957 3.16414834783
-0.666666666667 1.0471975512 4.0615342561
-0.666666666667 1.25663706144 4.81148992171
-0.666666666667 1.46607657168 5.5772029436
-0.666666666667 1.67551608191 10.1705619864
-0.666666666667 1.88495559215 12.149073881
-0.666666666667 2.09439510239 16.7745355715
-0.666666666667 2.30383461263 15.3373834684
-0.666666666667 2.51327412287 2.03419029157
-0.666666666667 2.72271363311 0.713947199844
-0.666666666667 2.93215314335 0.450964190766
-0.666666666667 3.14159265359 0.261746077395
-0.666666666667 3.35103216383 0.37438132742
-0.666666666667 3.56047167407 0.707838386493
-0.666666666667 3.76991118431 0.771839320236
-0.666666666667 3.97935069455 0.946021934428
-0.666666666667 4.18879020479 1.34122548663
-0.666666666667 4.39822971503 2.88892480464
-0.666666666667 4.60766922527 4.63940995554
-0.666666666667 4.8171087355 6.06351644702
-0.666666666667 5.02654824574 6.89957778429
-0.666666666667 5.23598775598 5.9727328628
-0.666666666667 5.44542726622 1.91561045274
-0.666666666667 5.65486677646 1.50145092316
-0.666666666667 5.8643062867 1.45738473831
-0.666666666667 6.07374579694 0.166461490235

-0.6 0 1.51904453308
-0.6 0.209439510239 1.08220002098
-0.6 0.418879020479 2.63905076821
-0.6 0.628318530718 2.75967932002
-0.6 0.837758040957 3.15908504497
-0.6 1.0471975512 3.49314889975
-0.6 1.25663706144 5.15703643524
-0.6 1.46607657168 5.8456546481
-0.6 1.67551608191 9.57120393184
-0.6 1.88495559215 12.8769916745
-0.6 2.09439510239 16.7553878352
-0.6 2.30383461263 14.6431076138
-0.6 2.51327412287 1.13049930878
-0.6 2.72271363311 0.587049314722
-0.6 2.93215314335 0.399804914977
-0.6 3.14159265359 0.178913927278
-0.6 3.35103216383 0.493508232175
-0.6 3.56047167407 0.448431170176
-0.6 3.76991118431 0.463481004929
-0.6 3.97935069455 0.941212600792
-0.6 4.18879020479 1.3101523271
-0.6 4.39822971503 2.62166264903
-0.6 4.60766922527 5.65884113417
-0.6 4.8171087355 6.21697653313
-0.6 5.02654824574 7.01665499294
-0.6 5.23598775598 5.67837221367
-0.6 5.44542726622 1.55181345383
-0.6 5.65486677646 1.4278060615
-0.6 5.8643062867 1.20963170032
-0.6 6.07374579694 0.189984144305

-0.533333333333 0 0.910074466842
-0.533333333333 0.209439510239 1.6809529597
-0.533333333333 0.418879020479 1.83859653435
-0.533333333333 0.628318530718 3.83703862698
-0.533333333333 0.837758040957 3.18295591293
-0.533333333333 1.0471975512 3.4402421447
-0.533333333333 1.25663706144 4.62530652951
-0.533333333333 1.46607657168 6.31953065744
-0.533333333333 1.67551608191 9.00807593889
-0.533333333333 1.88495559215 13.5290850181
-0.533333333333 2.09439510239 16.760682277
-0.533333333333 2.30383461263 13.7745417648
-0.533333333333 2.51327412287 0.593660210525
-0.533333333333 2.72271363311 0.508683910876
-0.533333333333 2.93215314335 0.343917946251
-0.533333333333 3.14159265359 0.201464344905
-0.533333333333 3.35103216383 0.401284528142
-0.533333333333 3.56047167407 0.143418053026
-0.533333333333 3.76991118431 0.346751669274
-0.533333333333 3.97935069455 1.22371346589
-0.533333333333 4.18879020479 1.97433995448
-0.533333333333 4.39822971503 2.37391696425
-0.533333333333 4.60766922527 6.02763689859
-0.533333333333 4.8171087355 6.61336273409
-0.533333333333 5.02654824574 6.89997161585
-0.533333333333 5.23598775598 5.43945451223
-0.533333333333 5.44542726622 1.28781247052
-0.533333333333 5.65486677646 1.41282291259
-0.533333333333 5.8643062867 0.996166917826
-0.533333333333 6.07374579694 0.261772028478

-0.466666666667 0 0.589677845657
-0.466666666667 0.209439510239 1.73422018845
-0.466666666667 0.418879020479 2.574663866
-0.466666666667 0.628318530718 2.770367436
-0.466666666667 0.837758040957 2.89783098527
-0.466666666667 1.0471975512 3.32846847951
-0.466666666667 1.25663706144 4.29791844425
-0.466666666667 1.46607657168 6.74708360844
-0.466666666667 1.67551608191 8.76660866461
-0.466666666667 1.88495559215 14.0426070925
-0.466666666667 2.09439510239 16.8019625939
-0.466666666667 2.30383461263 12.854152104
-0.466666666667 2.51327412287 0.299232318518
-0.466666666667 2.72271363311 0.444409563371
-0.466666666667 2.93215314335 0.287059175175
-0.466666666667 3.14159265359 0.237549028498
-0.466666666667 3.35103216383 0.222953534529
-0.466666666667 3.56047167407 0.02240261319
-0.466666666667 3.76991118431 0.326137107165
-0.466666666667 3.97935069455 1.33968145867
-0.466666666667 4.18879020479 2.85062181847
-0.466666666667 4.39822971503 2.71223252879
-0.466666666667 4.60766922527 5.75563475603
-0.466666666667 4.8171087355 7.15891212279
-0.466666666667 5.02654824574 6.68197403895
-0.466666666667 5.23598775598 5.2523289218
-0.466666666667 5.44542726622 1.10890361091
-0.466666666667 5.65486677646 1.42563903913
-0.466666666667 5.8643062867 0.81415106454
-0.466666666667 6.07374579694 0.328081178322

-0.4 0 0.530379586497
-0.4 0.209439510239 1.396690461
-0.4 0.418879020479 2.69067428801
-0.4 0.628318530718 2.30611893547
-0.4 0.837758040957 2.94400342896
-0.4 1.0471975512 3.31934100205
-0.4 1.25663706144 4.15568819554
-0.4 1.46607657168 6.9023123446
-0.4 1.67551608191 8.74596490298
-0.4 1.88495559215 14.4109458364
-0.4 2.09439510239 16.8638634222
-0.4 2.30383461263 11.959387518
-0.4 2.51327412287 0.158192903477
-0.4 2.72271363311 0.387492089845
-0.4 2.93215314335 0.23661361141
-0.4 3.14159265359 0.246477104381
-0.4 3.35103216383 0.0861683661722
-0.4 3.56047167407 0.0463115754099
-0.4 3.76991118431 0.27657193947
-0.4 3.97935069455 1.11137620249
-0.4 4.18879020479 3.31567846959
-0.4 4.39822971503 3.4808562538
-0.4 4.60766922527 5.30368185769
-0.4 4.8171087355 7.65391187109
-0.4 5.02654824574 6.4668347694
-0.4 5.23598775598 5.09240286343
-0.4 5.44542726622 0.994386550604
-0.4 5.65486677646 1.44445709205
-0.4 5.8643062867 0.671466110778
-0.4 6.07374579694 0.379255407338

-0.333333333333 0 0.559687224646
-0.333333333333 0.209439510239 1.08819070308
-0.333333333333 0.418879020479 2.22129477086
-0.333333333333 0.628318530718 1.92534227811
-0.333333333333 0.837758040957 3.79487159704
-0.333333333333 1.0471975512 3.53270251405
-0.333333333333 1.25663706144 4.05450553141
-0.333333333333 1.46607657168 6.85032679818
-0.333333333333 1.67551608191 8.83227976055
-0.333333333333 1.88495559215 14.6609156674
-0.333333333333 2.09439510239 16.9284223069
-0.333333333333 2.30383461263 11.1350248243
-0.333333333333 2.51327412287 0.109551269099
-0.333333333333 2.72271363311 0.338718625585
-0.333333333333 2.93215314335 0.196767717476
-0.333333333333 3.14159265359 0.227650689736
-0.333333333333 3.35103216383 0.0333902908116
-0.333333333333 3.56047167407 0.1220563938
-0.333333333333 3.76991118431 0.221592139756
-0.333333333333 3.97935069455 0.727261580647
-0.333333333333 4.18879020479 3.25192168669
-0.333333333333 4.39822971503 4.28186949427
-0.333333333333 4.60766922527 4.97515220707
-0.333333333333 4.8171087355 7.98601269042
-0.333333333333 5.02654824574 6.30341678972
-0.333333333333 5.23598775598 4.94698255327
-0.333333333333 5.44542726622 0.924768312423
-0.333333333333 5.65486677646 1.4589935667
-0.333333333333 5.8643062867 0.56880701512
-0.333333333333 6.07374579694 0.40687225682

-0.266666666667 0 0.594448553207
-0.266666666667 0.209439510239 0.978380986397
-0.266666666667 0.418879020479 1.99694796418
-0.266666666667 0.628318530718 2.94761126521
-0.266666666667 0.837758040957 3.00375918966
-0.266666666667 1.0471975512 3.75414920329
-0.266666666667 1.25663706144 4.00276119504
-0.266666666667 1.46607657168 6.74865474884
-0.266666666667 1.67551608191 8.95756019258
-0.266666666667 1.88495559215 14.8291593631
-0.266666666667 2.09439510239 16.9822342477
-0.266666666667 2.30383461263 10.4037791347
-0.266666666667 2.51327412287 0.112560478201
-0.266666666667 2.72271363311 0.299258309227
-0.266666666667 2.93215314335 0.168163169417
-0.266666666667 3.14159265359 0.194245278504
-0.266666666667 3.35103216383 0.0470961023774
-0.266666666667 3.56047167407 0.199863727125
-0.266666666667 3.76991118431 0.227134572994
-0.266666666667 3.97935069455 0.423696995252
-0.266666666667 4.18879020479 2.89754912298
-0.266666666667 4.39822971503 4.84993003765
-0.266666666667 4.60766922527 4.83069820753
-0.266666666667 4.8171087355 8.1480373839
-0.266666666667 5.02654824574 6.19663824212
-0.266666666667 5.23598775598 4.81370884082
-0.266666666667 5.44542726622 0.884080026851
-0.266666666667 5.65486677646 1.46687465021
-0.266666666667 5.8643062867 0.500297964836
-0.266666666667 6.07374579694 0.410820556632

-0.2 0 0.609872801898
-0.2 0.209439510239 1.0612526259
-0.2 0.418879020479 1.89920311411
-0.2 0.628318530718 2.63897054903
-0.2 0.837758040957 2.78254325515
-0.2 1.0471975512 3.65795495061
-0.2 1.25663706144 4.01911262144
-0.2 1.46607657168 6.68635194739
-0.2 1.67551608191 9.08523312241
-0.2 1.88495559215 14.9472826585
-0.2 2.09439510239 17.0172791464
-0.2 2.30383461263 9.77430120104
-0.2 2.51327412287 0.14060248822
-0.2 2.72271363311 0.269151250712
-0.2 2.93215314335 0.14940092975
-0.2 3.14159265359 0.158888261708
-0.2 3.35103216383 0.0944157088559
-0.2 3.56047167407 0.266825792101
-0.2 3.76991118431 0.313845092716
-0.2 3.97935069455 0.298696846078
-0.2 4.18879020479 2.51645306512
-0.2 4.39822971503 5.13321300145
-0.2 4.60766922527 4.8168876662
-0.2 4.8171087355 8.18711559248
-0.2 5.02654824574 6.13084768348
-0.2 5.23598775598 4.69446072895
-0.2 5.44542726622 0.860247611446
-0.2 5.65486677646 1.46973768183
-0.2 5.8643062867 0.457277364426
-0.2 6.07374579694 0.398861134524

-0.133333333333 0 0.608511941822
-0.133333333333 0.209439510239 1.18461744787
-0.133333333333 0.418879020479 1.88148919828
-0.133333333333 0.628318530718 2.4684384717
-0.133333333333 0.837758040957 2.72424410705
-0.133333333333 1.0471975512 3.45017100934
-0.133333333333 1.25663706144 4.07140882632
-0.133333333333 1.46607657168 6.68634175355
-0.133333333333 1.67551608191 9.19677116931
-0.133333333333 1.88495559215 15.0365144182
-0.133333333333 2.09439510239 17.029922956
-0.133333333333 2.30383461263 9.24668554127
-0.133333333333 2.51327412287 0.17674851075
-0.133333333333 2.72271363311 0.247546725212
-0.133333333333 2.93215314335 0.138455603636
-0.133333333333 3.14159265359 0.12924629338
-0.133333333333 3.35103216383 0.150422217606
-0.133333333333 3.56047167407 0.323208041057
-0.133333333333 3.76991118431 0.452610927145
-0.133333333333 3.97935069455 0.3224794214
-0.133333333333 4.18879020479 2.24649347232
-0.133333333333 4.39822971503 5.20353671568
-0.133333333333 4.60766922527 4.86374384611
-0.133333333333 4.8171087355 8.15912876156
-0.133333333333 5.02654824574 6.08704020321
-0.133333333333 5.23598775598 4.5915666406
-0.133333333333 5.44542726622 0.844724104567
-0.133333333333 5.65486677646 1.47059362348
-0.133333333333 5.8643062867 0.4311652464
-0.133333333333 6.07374579694 0.380593198009

-0.0666666666667 0 0.598834391303
-0.0666666666667 0.209439510239 1.27125968309
-0.0666666666667 0.418879020479 1.882212299
-0.0666666666667 0.628318530718 2.37419590656
-0.0666666666667 0.837758040957 2.69426608516
-0.0666666666667 1.0471975512 3.3165158114
-0.0666666666667 1.25663706144 4.1213054583
-0.0666666666667 1.46607657168 6.74535225087
-0.0666666666667 1.67551608191 9.28540638911
-0.0666666666667 1.88495559215 15.107781108
-0.0666666666667 2.09439510239 17.0197570808
-0.0666666666667 2.30383461263 8.81598039962
-0.0666666666667 2.51327412287 0.210632768604
-0.0666666666667 2.72271363311 0.233205095557
-0.0666666666667 2.93215314335 0.133452272656
-0.0666666666667 3.14159265359 0.108410939374
-0.0666666666667 3.35103216383 0.202331710316
-0.0666666666667 3.56047167407 0.370375921668
-0.0666666666667 3.76991118431 0.595995499201
-0.0666666666667 3.97935069455 0.418102271867
-0.0666666666667 4.18879020479 2.11480905154
-0.0666666666667 4.39822971503 5.15566133763
-0.0666666666667 4.60766922527 4.92198400613
-0.0666666666667 4.8171087355 8.10647681536
-0.0666666666667 5.02654824574 6.05078225519
-0.0666666666667 5.23598775598 4.50609344277
-0.0666666666667 5.44542726622 0.831918060295
-0.0666666666667 5.65486677646 1.47241140074
-0.0666666666667 5.8643062867 0.414903930321
-0.0666666666667 6.07374579694 0.363142098831

6.12323399574e-17 0 0.587208200315
6.12323399574e-17 0.209439510239 1.31845014863
6.12323399574e-17 0.418879020479 1.87201577631
6.12323399574e-17 0.628318530718 2.32316369742
6.12323399574e-17 0.837758040957 2.66456190793
6.12323399574e-17 1.0471975512 3.23621230456
6.12323399574e-17 1.25663706144 4.14892200615
6.12323399574e-17 1.46607657168 6.85210325499
6.12323399574e-17 1.67551608191 9.3528904207
6.12323399574e-17 1.88495559215 15.1635982887
6.12323399574e-17 2.09439510239 16.9888186918
6.12323399574e-17 2.30383461263 8.47421332076
6.12323399574e-17 2.51327412287 0.236307675087
6.12323399574e-17 2.72271363311 0.22485457621
6.12323399574e-17 2.93215314335 0.132918876243
6.12323399574e-17 3.14159265359 0.0967961584536
6.12323399574e-17 3.35103216383 0.246139390437
6.12323399574e-17 3.56047167407 0.408652361256
6.12323399574e-17 3.76991118431 0.704035078072
6.12323399574e-17 3.97935069455 0.521726232941
6.12323399574e-17 4.18879020479 2.10016811279
6.12323399574e-17 4.39822971503 5.05738777162
6.12323399574e-17 4.60766922527 4.96865367628
6.12323399574e-17 4.8171087355 8.05321677511
6.12323399574e-17 5.02654824574 6.01441666855
6.12323399574e-17 5.23598775598 4.43715147578
6.12323399574e-17 5.44542726622 0.818656594611
6.12323399574e-17 5.65486677646 1.47749457437
6.12323399574e-17 5.8643062867 0.403393195254
6.12323399574e-17 6.07374579694 0.350266207757

0.0666666666667 0 0.577052400664
0.0666666666667 0.209439510239 1.33886075739
0.0666666666667 0.418879020479 1.85705207299
0.0666666666667 0.628318530718 2.30050704525
0.0666666666667 0.837758040957 2.62904202452
0.0666666666667 1.0471975512 3.18055090018
0.0666666666667 1.25663706144 4.14764787664
0.0666666666667 1.46607657168 6.983440067
0.0666666666667 1.67551608191 9.40772688185
0.0666666666667 1.88495559215 15.2000771356
0.0666666666667 2.09439510239 16.9413007199
0.0666666666667 2.30383461263 8.21135107686
0.0666666666667 2.51327412287 0.250841538154
0.0666666666667 2.72271363311 0.221363080265
0.0666666666667 2.93215314335 0.135761503832
0.0666666666667 3.14159265359 0.0939927119394
0.0666666666667 3.35103216383 0.282306422301
0.0666666666667 3.56047167407 0.439050841504
0.0666666666667 3.76991118431 0.755344830974
0.0666666666667 3.97935069455 0.606141796046
0.0666666666667 4.18879020479 2.17561239105
0.0666666666667 4.39822971503 4.94073372438
0.0666666666667 4.60766922527 5.00243130447
0.0666666666667 4.8171087355 8.00762612606
0.0666666666667 5.02654824574 5.97712929741
0.0666666666667 5.23598775598 4.38151638092
0.0666666666667 5.44542726622 0.803782114132
0.0666666666667 5.65486677646 1.48726035904
0.0666666666667 5.8643062867 0.393420092351
0.0666666666667 6.07374579694 0.343158018476

0.133333333333 0 0.570241116363
0.133333333333 0.209439510239 1.34345936436
0.133333333333 0.418879020479 1.85703774732
0.133333333333 0.628318530718 2.28650751554
0.133333333333 0.837758040957 2.58676571277
0.133333333333 1.0471975512 3.17373940441
0.133333333333 1.25663706144 4.11511422231
0.133333333333 1.46607657168 7.08899189399
0.133333333333 1.67551608191 9.46469101001
0.133333333333 1.88495559215 15.2088918038
0.133333333333 2.09439510239 16.8836523529
0.133333333333 2.30383461263 8.01548420014
0.133333333333 2.51327412287 0.253503283424
0.133333333333 2.72271363311 0.221777803789
0.133333333333 2.93215314335 0.141142327708
0.133333333333 3.14159265359 0.10013101623
0.133333333333 3.35103216383 0.312550017302
0.133333333333 3.56047167407 0.465679517653
0.133333333333 3.76991118431 0.750637960714
0.133333333333 3.97935069455 0.681378978306
0.133333333333 4.18879020479 2.32263429336
0.133333333333 4.39822971503 4.81008750383
0.133333333333 4.60766922527 5.03825667849
0.133333333333 4.8171087355 7.96575151052
0.133333333333 5.02654824574 5.94481070005
0.133333333333 5.23598775598 4.33324637904
0.133333333333 5.44542726622 0.78791638809
0.133333333333 5.65486677646 1.50216277653
0.133333333333 5.8643062867 0.383436683792
0.133333333333 6.07374579694 0.341368522105

0.2 0 0.568723796692
0.2 0.209439510239 1.34049267523
0.2 0.418879020479 1.8935930707
0.2 0.628318530718 2.24066541771
0.2 0.837758040957 2.52630793797
0.2 1.0471975512 3.41395405309
0.2 1.25663706144 4.0587539378
0.2 1.46607657168 7.0885020638
0.2 1.67551608191 9.54560155274
0.2 1.88495559215 15.1799182135
0.2 2.09439510239 16.8247780261
0.2 2.30383461263 7.87243734874
0.2 2.51327412287 0.24545742566
0.2 2.72271363311 0.225299785984
0.2 2.93215314335 0.148358774434
0.2 3.14159265359 0.116774386478
0.2 3.35103216383 0.337869439479
0.2 3.56047167407 0.497581206612
0.2 3.76991118431 0.715524712673
0.2 3.97935069455 0.785185150594
0.2 4.18879020479 2.52669295639
0.2 4.39822971503 4.65416492951
0.2 4.60766922527 5.10370414091
0.2 4.8171087355 7.91359724252
0.2 5.02654824574 5.93030484658
0.2 5.23598775598 4.28324051306
0.2 5.44542726622 0.773396900057
0.2 5.65486677646 1.52160522226
0.2 5.8643062867 0.373382019926
0.2 6.07374579694 0.34325573518

0.266666666667 0 0.575591144357
0.266666666667 0.209439510239 1.33357221237
0.266666666667 0.418879020479 1.96764815007
0.266666666667 0.628318530718 2.08773881629
0.266666666667 0.837758040957 2.38661199849
0.266666666667 1.0471975512 4.21987312381
0.266666666667 1.25663706144 4.03871414516
0.266666666667 1.46607657168 6.92573982688
0.266666666667 1.67551608191 9.6825233071
0.266666666667 1.88495559215 15.1054299721
0.266666666667 2.09439510239 16.7757551387
0.266666666667 2.30383461263 7.76494038785
0.266666666667 2.51327412287 0.229979608636
0.266666666667 2.72271363311 0.231274740942
0.266666666667 2.93215314335 0.156778055316
0.266666666667 3.14159265359 0.147334404009
0.266666666667 3.35103216383 0.357471074165
0.266666666667 3.56047167407 0.548616964984
0.266666666667 3.76991118431 0.700900875566
0.266666666667 3.97935069455 0.965944283012
0.266666666667 4.18879020479 2.76358034839
0.266666666667 4.39822971503 4.46031793186
0.266666666667 4.60766922527 5.23488234215
0.266666666667 4.8171087355 7.82827897359
0.266666666667 5.02654824574 5.95371966347
0.266666666667 5.23598775598 4.21894269173
0.266666666667 5.44542726622 0.764376645
0.266666666667 5.65486677646 1.54375319965
0.266666666667 5.8643062867 0.364640221135
0.266666666667 6.07374579694 0.345897116545

0.333333333333 0 0.595231813329
0.333333333333 0.209439510239 1.3153989385
0.333333333333 0.418879020479 2.0314619945
0.333333333333 0.628318530718 2.02056173441
0.333333333333 0.837758040957 2.01351207225
0.333333333333 1.0471975512 3.85102142669
0.333333333333 1.25663706144 4.3843937922
0.333333333333 1.46607657168 6.66740421732
0.333333333333 1.67551608191 9.92736708255
0.333333333333 1.88495559215 14.9859357272
0.333333333333 2.09439510239 16.7480076466
0.333333333333 2.30383461263 7.67147759882
0.333333333333 2.51327412287 0.213337698728
0.333333333333 2.72271363311 0.239349890874
0.333333333333 2.93215314335 0.165872579573
0.333333333333 3.14159265359 0.196726994527
0.333333333333 3.35103216383 0.368497187598
0.333333333333 3.56047167407 0.634090157608
0.333333333333 3.76991118431 0.768871111153
0.333333333333 3.97935069455 1.25369471027
0.333333333333 4.18879020479 2.98686902665
0.333333333333 4.39822971503 4.23544654507
0.333333333333 4.60766922527 5.46599920091
0.333333333333 4.8171087355 7.68038353954
0.333333333333 5.02654824574 6.04166615826
0.333333333333 5.23598775598 4.12474463638
0.333333333333 5.44542726622 0.767064613464
0.333333333333 5.65486677646 1.56519261143
0.333333333333 5.8643062867 0.360171214303
0.333333333333 6.07374579694 0.344623486338

0.4 0 0.633007565264
0.4 0.209439510239 1.26348086959
0.4 0.418879020479 2.0176831143
0.4 0.628318530718 2.25577834411
0.4 0.837758040957 2.87260699419
0.4 1.0471975512 3.2261974395
0.4 1.25663706144 6.90408266065
0.4 1.46607657168 6.53451120026
0.4 1.67551608191 10.3625785522
0.4 1.88495559215 14.8356376668
0.4 2.09439510239 16.7482351984
0.4 2.30383461263 7.564905113
0.4 2.51327412287 0.206746456774
0.4 2.72271363311 0.25015534495
0.4 2.93215314335 0.175445924567
0.4 3.14159265359 0.270155006498
0.4 3.35103216383 0.368394198046
0.4 3.56047167407 0.765469204108
0.4 3.76991118431 0.957251904408
0.4 3.97935069455 1.62501239292
0.4 4.18879020479 3.13435050545
0.4 4.39822971503 4.03566793555
0.4 4.60766922527 5.80529721063
0.4 4.8171087355 7.44229297559
0.4 5.02654824574 6.22344895586
0.4 5.23598775598 3.98412630324
0.4 5.44542726622 0.790059706042
0.4 5.65486677646 1.58040733836
0.4 5.8643062867 0.364835506743
0.4 6.07374579694 0.332709032461

0.466666666667 0 0.695060891574
0.466666666667 0.209439510239 1.15921740134
0.466666666667 0.418879020479 1.95335223868
0.466666666667 0.628318530718 2.31437902394
0.466666666667 0.837758040957 2.61742239664
0.466666666667 1.0471975512 2.5729000524
0.466666666667 1.25663706144 6.59824556105
0.466666666667 1.46607657168 6.76636835967
0.466666666667 1.67551608191 11.0088195468
0.466666666667 1.88495559215 14.6818125778
0.466666666667 2.09439510239 16.7678686374
0.466666666667 2.30383461263 7.41089134768
0.466666666667 2.51327412287 0.230417804129
0.466666666667 2.72271363311 0.267462462077
0.466666666667 2.93215314335 0.186344447282
0.466666666667 3.14159265359 0.372924217522
0.466666666667 3.35103216383 0.367070761218
0.466666666667 3.56047167407 0.941414173221
0.466666666667 3.76991118431 1.25481578016
0.466666666667 3.97935069455 2.00211550706
0.466666666667 4.18879020479 3.17526576991
0.466666666667 4.39822971503 3.98896160764
0.466666666667 4.60766922527 6.19745104877
0.466666666667 4.8171087355 7.11115068118
0.466666666667 5.02654824574 6.52132429211
0.466666666667 5.23598775598 3.78504299751
0.466666666667 5.44542726622 0.844667118535
0.466666666667 5.65486677646 1.58111325501
0.466666666667 5.8643062867 0.385902969001
0.466666666667 6.07374579694 0.302776094811

0.533333333333 0 0.781753130067
0.533333333333 0.209439510239 1.0681677126
0.533333333333 0.418879020479 1.91331816403
0.533333333333 0.628318530718 2.16349618737
0.533333333333 0.837758040957 2.14013540267
0.533333333333 1.0471975512 1.79896107813
0.533333333333 1.25663706144 4.44272676819
0.533333333333 1.46607657168 6.99375561445
0.533333333333 1.67551608191 11.4027201812
0.533333333333 1.88495559215 14.5479587499
0.533333333333 2.09439510239 16.7652558633
0.533333333333 2.30383461263 7.16653603597
0.533333333333 2.51327412287 0.3222776646
0.533333333333 2.72271363311 0.304408502049
0.533333333333 2.93215314335 0.202719081347
0.533333333333 3.14159265359 0.516000535982
0.533333333333 3.35103216383 0.412350173562
0.533333333333 3.56047167407 1.12255819807
0.533333333333 3.76991118431 1.62603203986
0.533333333333 3.97935069455 2.32940141285
0.533333333333 4.18879020479 3.19261496833
0.533333333333 4.39822971503 4.24970355027
0.533333333333 4.60766922527 6.49591094394
0.533333333333 4.8171087355 6.75585848796
0.533333333333 5.02654824574 6.93066613915
0.533333333333 5.23598775598 3.53002310557
0.533333333333 5.44542726622 0.944945546025
0.533333333333 5.65486677646 1.55564114515
0.533333333333 5.8643062867 0.433486922455
0.533333333333 6.07374579694 0.252921026713

0.6 0 0.86417219381
0.6 0.209439510239 1.15243040096
0.6 0.418879020479 1.76479333202
0.6 0.628318530718 2.15790556412
0.6 0.837758040957 2.17019544641
0.6 1.0471975512 3.0214549975
0.6 1.25663706144 4.27206883177
0.6 1.46607657168 6.68612125016
0.6 1.67551608191 10.9694561823
0.6 1.88495559215 14.4222430263
0.6 2.09439510239 16.6411371885
0.6 2.30383461263 6.78361573579
0.6 2.51327412287 0.557864236844
0.6 2.72271363311 0.400540214484
0.6 2.93215314335 0.239344590523
0.6 3.14159265359 0.721030185072
0.6 3.35103216383 0.58922702535
0.6 3.56047167407 1.24657571158
0.6 3.76991118431 2.00207962744
0.6 3.97935069455 2.64713909014
0.6 4.18879020479 3.40482362622
0.6 4.39822971503 4.80318764363
0.6 4.60766922527 6.50085895751
0.6 4.8171087355 6.57232340998
0.6 5.02654824574 7.38378386913
0.6 5.23598775598 3.25101097057
0.6 5.44542726622 1.10694501376
0.6 5.65486677646 1.48896618044
0.6 5.8643062867 0.519634637908
0.6 6.07374579694 0.199150350047

0.666666666667 0 0.836705577506
0.666666666667 0.209439510239 1.33912010716
0.666666666667 0.418879020479 1.47513692856
0.666666666667 0.628318530718 2.09517839717
0.666666666667 0.837758040957 2.34654234216
0.666666666667 1.0471975512 2.39661089439
0.666666666667 1.25663706144 5.66659120697
0.666666666667 1.46607657168 9.61120250953
0.666666666667 1.67551608191 10.6139348295
0.666666666667 1.88495559215 14.3480881671
0.666666666667 2.09439510239 16.2072156591
0.666666666667 2.30383461263 6.25352007764
0.666666666667 2.51327412287 1.09692878477
0.666666666667 2.72271363311 0.663426779586
0.666666666667 2.93215314335 0.345764460104
0.666666666667 3.14159265359 0.97766699616
0.666666666667 3.35103216383 0.977422919619
0.666666666667 3.56047167407 1.37651692595
0.666666666667 3.76991118431 2.2676548604
0.666666666667 3.97935069455 3.01507596216
0.666666666667 4.18879020479 3.90597293374
0.666666666667 4.39822971503 5.25230837929
0.666666666667 4.60766922527 6.15337734986
0.666666666667 4.8171087355 6.85062309449
0.666666666667 5.02654824574 7.69412804942
0.666666666667 5.23598775598 3.02592535057
0.666666666667 5.44542726622 1.34608273812
0.666666666667 5.65486677646 1.36490675203
0.666666666667 5.8643062867 0.651727523119
0.666666666667 6.07374579694 0.185678377969

0.733333333333 0 0.559344243872
0.733333333333 0.209439510239 1.53505411063
0.733333333333 0.418879020479 1.76609838242
0.733333333333 0.628318530718 2.05816867746
0.733333333333 0.837758040957 2.87078820932
0.733333333333 1.0471975512 3.67079313371
0.733333333333 1.25663706144 3.37371338481
0.733333333333 1.46607657168 8.85423168056
0.733333333333 1.67551608191 11.1092976962
0.733333333333 1.88495559215 15.1064395198
0.733333333333 2.09439510239 15.1006895321
0.733333333333 2.30383461263 5.93166116291
0.733333333333 2.51327412287 2.28316844932
0.733333333333 2.72271363311 1.33457744016
0.733333333333 2.93215314335 0.688859945584
0.733333333333 3.14159265359 1.18337339344
0.733333333333 3.35103216383 1.65008163411
0.733333333333 3.56047167407 1.68509970159
0.733333333333 3.76991118431 2.41914081196
0.733333333333 3.97935069455 3.29621209772
0.733333333333 4.18879020479 4.22466495815
0.733333333333 4.39822971503 5.13477130162
0.733333333333 4.60766922527 5.95481773587
0.733333333333 4.8171087355 7.71387447103
0.733333333333 5.02654824574 7.52921073793
0.733333333333 5.23598775598 2.99103451657
0.733333333333 5.44542726622 1.67101661259
0.733333333333 5.65486677646 1.17404341276
0.733333333333 5.8643062867 0.808120827452
0.733333333333 6.07374579694 0.272718919585

0.8 0 0.476960713449
0.8 0.209439510239 1.25941160345
0.8 0.418879020479 1.98834604248
0.8 0.628318530718 2.10847962906
0.8 0.837758040957 2.21164266071
0.8 1.0471975512 2.21269475421
0.8 1.25663706144 3.95273554808
0.8 1.46607657168 8.18700643074
0.8 1.67551608191 9.52747901686
0.8 1.88495559215 15.924292894
0.8 2.09439510239 12.3609641111
0.8 2.30383461263 7.67747320722
0.8 2.51327412287 4.75400145399
0.8 2.72271363311 2.77009507984
0.8 2.93215314335 1.75299083068
0.8 3.14159265359 1.45764842026
0.8 3.35103216383 2.32370572846
0.8 3.56047167407 2.45728527826
0.8 3.76991118431 2.68109572788
0.8 3.97935069455 3.31446956085
0.8 4.18879020479 4.12279165268
0.8 4.39822971503 5.16742917463
0.8 4.60766922527 6.90457076873
0.8 4.8171087355 8.65701586844
0.8 5.02654824574 6.66254284003
0.8 5.23598775598 3.34143894637
0.8 5.44542726622 2.07307269361
0.8 5.65486677646 0.935434166836
0.8 5.8643062867 0.878328522563
0.8 6.07374579694 0.516159501032

0.866666666667 0 0.905679394063
0.866666666667 0.209439510239 0.935240913497
0.866666666667 0.418879020479 1.0930483276
0.866666666667 0.628318530718 1.9132973664
0.866666666667 0.837758040957 2.11393288402
0.866666666667 1.0471975512 2.48706606107
0.866666666667 1.25663706144 9.29851388901
0.866666666667 1.46607657168 6.39566211367
0.866666666667 1.67551608191 9.01150626791
0.866666666667 1.88495559215 13.3208808607
0.866666666667 2.09439510239 10.0217744458
0.866666666667 2.30383461263 11.7240563183
0.866666666667 2.51327412287 8.84530667153
0.866666666667 2.72271363311 5.38167737499
0.866666666667 2.93215314335 4.1065762483
0.866666666667 3.14159265359 2.79318412664
0.866666666667 3.35103216383 2.95282080789
0.866666666667 3.56047167407 3.59552912488
0.866666666667 3.76991118431 4.01952234536
0.866666666667 3.97935069455 4.56620107888
0.866666666667 4.18879020479 5.52922231593
0.866666666667 4.39822971503 6.98439921261
0.866666666667 4.60766922527 8.45986915322
0.866666666667 4.8171087355 8.2299282607
0.866666666667 5.02654824574 5.77603170752
0.866666666667 5.23598775598 4.28302424483
0.866666666667 5.44542726622 2.51862524747
0.866666666667 5.65486677646 0.75291011437
0.866666666667 5.8643062867 0.659724955408
0.866666666667 6.07374579694 0.898434791003

0.933333333333 0 1.32681251167
0.933333333333 0.209439510239 1.78091792389
0.933333333333 0.418879020479 1.86111982115
0.933333333333 0.628318530718 2.03319275119
0.933333333333 0.837758040957 2.33994908524
0.933333333333 1.0471975512 2.73639691375
0.933333333333 1.25663706144 3.37017903395
0.933333333333 1.46607657168 5.7595509592
0.933333333333 1.67551608191 10.0263458454
0.933333333333 1.88495559215 11.1866029837
0.933333333333 2.09439510239 11.1760275475
0.933333333333 2.30383461263 11.6831934854
0.933333333333 2.51327412287 11.5947567192
0.933333333333 2.72271363311 9.59926066698
0.933333333333 2.93215314335 7.7703556534
0.933333333333 3.14159265359 6.553783203
0.933333333333 3.35103216383 5.69070976091
0.933333333333 3.56047167407 5.50968464107
0.933333333333 3.76991118431 5.9411161832
0.933333333333 3.97935069455 6.6398192373
0.933333333333 4.18879020479 7.35820743813
0.933333333333 4.39822971503 7.8038965511
0.933333333333 4.60766922527 7.65656384356
0.933333333333 4.8171087355 7.08352526937
0.933333333333 5.02654824574 6.62112223375
0.933333333333 5.23598775598 5.62963395842
0.933333333333 5.44542726622 3.00006367531
0.933333333333 5.65486677646 0.992338394601
0.933333333333 5.8643062867 0.439352992946
0.933333333333 6.07374579694 0.550667362038

