-1 0 0.599529330241
-1 0.209439510239 0.599529330241
-1 0.418879020479 0.599529330241
-1 0.628318530718 0.599529330241
-1 0.837758040957 0.599529330241
-1 1.0471975512 0.599529330241
-1 1.25663706144 0.599529330241
-1 1.46607657168 0.599529330241
-1 1.67551608191 0.599529330241
-1 1.88495559215 0.599529330241
-1 2.09439510239 0.599529330241
-1 2.30383461263 0.599529330241
-1 2.51327412287 0.599529330241
-1 2.72271363311 0.599529330241
-1 2.93215314335 0.599529330241
-1 3.14159265359 0.599529330241
-1 3.35103216383 0.599529330241
-1 3.56047167407 0.599529330241
-1 3.76991118431 0.599529330241
-1 3.97935069455 0.599529330241
-1 4.18879020479 0.599529330241
-1 4.39822971503 0.599529330241
-1 4.60766922527 0.599529330241
-1 4.8171087355 0.599529330241
-1 5.02654824574 0.599529330241
-1 5.23598775598 0.599529330241
-1 5.44542726622 0.599529330241
-1 5.65486677646 0.599529330241
-1 5.8643062867 0.599529330241
-1 6.07374579694 0.599529330241

-0.933333333333 0 0.06026437174
-0.933333333333 0.209439510239 0.0689781082575
-0.933333333333 0.418879020479 0.0844200576285
-0.933333333333 0.628318530718 0.0980353165759
-0.933333333333 0.837758040957 0.110411659334
-0.933333333333 1.0471975512 0.114940241479
-0.933333333333 1.25663706144 0.110322656201
-0.933333333333 1.46607657168 0.138842581469
-0.933333333333 1.67551608191 0.274324922807
-0.933333333333 1.88495559215 0.469756308945
-0.933333333333 2.09439510239 0.515415884981
-0.933333333333 2.30383461263 0.347399001146
-0.933333333333 2.51327412287 0.186761538485
-0.933333333333 2.72271363311 0.192063446692
-0.933333333333 2.93215314335 0.317402871912
-0.933333333333 3.14159265359 0.446803749822
-0.933333333333 3.35103216383 0.473730304635
-0.933333333333 3.56047167407 0.409835742762
-0.933333333333 3.76991118431 0.36687276929
-0.933333333333 3.97935069455 0.442906311302
-0.933333333333 4.18879020479 0.693792620694
-0.933333333333 4.39822971503 1.05406029812
-0.933333333333 4.60766922527 1.12364525748
-0.933333333333 4.8171087355 0.5823004776
-0.933333333333 5.02654824574 0.17595325623
-0.933333333333 5.23598775598 0.557624532705
-0.933333333333 5.44542726622 0.769820331643
-0.933333333333 5.65486677646 0.419542918157
-0.933333333333 5.8643062867 0.161568687356
-0.933333333333 6.07374579694 0.084600806871

-0.866666666667 0 0.0557818407628
-0.866666666667 0.209439510239 0.0184237185111
-0.866666666667 0.418879020479 0.0255243672617
-0.866666666667 0.628318530718 0.0411909271334
-0.866666666667 0.837758040957 0.0396889612629
-0.866666666667 1.0471975512 0.056237073092
-0.866666666667 1.25663706144 0.132261413989
-0.866666666667 1.46607657168 0.208625626773
-0.866666666667 1.67551608191 0.26845669
-0.866666666667 1.88495559215 0.42055583114
-0.866666666667 2.09439510239 0.428039304039
-0.866666666667 2.30383461263 0.201994776146
-0.866666666667 2.51327412287 0.201785364896
-0.866666666667 2.72271363311 0.384147295658
-0.866666666667 2.93215314335 0.376641691466
-0.866666666667 3.14159265359 0.219317246533
-0.866666666667 3.35103216383 0.139156627827
-0.866666666667 3.56047167407 0.401006173831
-0.866666666667 3.76991118431 1.02300125797
-0.866666666667 3.97935069455 1.60751858236
-0.866666666667 4.18879020479 1.55308648983
-0.866666666667 4.39822971503 0.97919188755
-0.866666666667 4.60766922527 1.22495087094
-0.866666666667 4.8171087355 1.79740672923
-0.866666666667 5.02654824574 0.751661160484
-0.866666666667 5.23598775598 0.491078122857
-0.866666666667 5.44542726622 0.738631849933
-0.866666666667 5.65486677646 0.255265323074
-0.866666666667 5.8643062867 0.251427725908
-0.866666666667 6.07374579694 0.165793618641

-0.8 0 0.0183244962075
-0.8 0.209439510239 0.11945374156
-0.8 0.418879020479 0.191195605742
-0.8 0.628318530718 0.206850846342
-0.8 0.837758040957 0.1721154605
-0.8 1.0471975512 0.0756028602883
-0.8 1.25663706144 0.0254345281716
-0.8 1.46607657168 0.153069065367
-0.8 1.67551608191 0.27537289904
-0.8 1.88495559215 0.446234622529
-0.8 2.09439510239 0.400163770057
-0.8 2.30383461263 0.109547177584
-0.8 2.51327412287 0.277966689827
-0.8 2.72271363311 0.407359670807
-0.8 2.93215314335 0.211390539486
-0.8 3.14159265359 0.145331539141
-0.8 3.35103216383 0.430324062917
-0.8 3.56047167407 1.34253441108
-0.8 3.76991118431 2.93402427387
-0.8 3.97935069455 4.42169196833
-0.8 4.18879020479 5.03063005869
-0.8 4.39822971503 3.78509889688
-0.8 4.60766922527 1.47277578263
-0.8 4.8171087355 1.58320895633
-0.8 5.02654824574 1.18355492257
-0.8 5.23598775598 0.484149316423
-0.8 5.44542726622 0.647244332878
-0.8 5.65486677646 0.16913166035
-0.8 5.8643062867 0.436491469321
-0.8 6.07374579694 0.131806015905

-0.733333333333 0 0.166859615416
-0.733333333333 0.209439510239 0.222364289888
-0.733333333333 0.418879020479 0.178705536967
-0.733333333333 0.628318530718 0.186504163294
-0.733333333333 0.837758040957 0.232059457532
-0.733333333333 1.0471975512 0.210117513404
-0.733333333333 1.25663706144 0.0570059136801
-0.733333333333 1.46607657168 0.0873977436036
-0.733333333333 1.67551608191 0.261586850649
-0.733333333333 1.88495559215 0.445656588219
-0.733333333333 2.09439510239 0.40497667883
-0.733333333333 2.30383461263 0.0561549993796
-0.733333333333 2.51327412287 0.343522023042
-0.733333333333 2.72271363311 0.321760436802
-0.733333333333 2.93215314335 0.151866838409
-0.733333333333 3.14159265359 0.199869399441
-0.733333333333 3.35103216383 0.749071442344
-0.733333333333 3.56047167407 2.6304295322
-0.733333333333 3.76991118431 4.94740709633
-0.733333333333 3.97935069455 5.74342259793
-0.733333333333 4.18879020479 5.68707833301
-0.733333333333 4.39822971503 5.24640490054
-0.733333333333 4.60766922527 2.50301052932
-0.733333333333 4.8171087355 1.04580325443
-0.733333333333 5.02654824574 1.03780400488
-0.733333333333 5.23598775598 0.461271905575
-0.733333333333 5.44542726622 0.605424280035
-0.733333333333 5.65486677646 0.120801577575
-0.733333333333 5.8643062867 0.565034401005
-0.733333333333 6.07374579694 0.0853823971098

-0.666666666667 0 0.28305209499
-0.666666666667 0.209439510239 0.12851934991
-0.666666666667 0.418879020479 0.0984748904833
-0.666666666667 0.628318530718 0.116987438683
-0.666666666667 0.837758040957 0.162207646476
-0.666666666667 1.0471975512 0.246947832026
-0.666666666667 1.25663706144 0.154398953131
-0.666666666667 1.46607657168 0.0556039048373
-0.666666666667 1.67551608191 0.268459102155
-0.666666666667 1.88495559215 0.417618143799
-0.666666666667 2.09439510239 0.419779589209
-0.666666666667 2.30383461263 0.0296382643324
-0.666666666667 2.51327412287 0.382034860444
-0.666666666667 2.72271363311 0.22404874958
-0.666666666667 2.93215314335 0.177181619079
-0.666666666667 3.14159265359 0.274131504782
-0.666666666667 3.35103216383 1.67726641138
-0.666666666667 3.56047167407 5.32711671508
-0.666666666667 3.76991118431 7.76008631646
-0.666666666667 3.97935069455 6.76002911732
-0.666666666667 4.18879020479 4.8489749414
-0.666666666667 4.39822971503 4.28975201921
-0.666666666667 4.60766922527 2.80081059396
-0.666666666667 4.8171087355 0.887710136796
-0.666666666667 5.02654824574 0.734514851747
-0.666666666667 5.23598775598 0.415537469225
-0.666666666667 5.44542726622 0.620091387253
-0.666666666667 5.65486677646 0.107124926243
-0.666666666667 5.8643062867 0.63458774123
-0.666666666667 6.07374579694 0.111709909619

-0.6 0 0.254418140871
-0.6 0.209439510239 0.0909717045822
-0.6 0.418879020479 0.222640696432
-0.6 0.628318530718 0.187634819352
-0.6 0.837758040957 0.11195853246
-0.6 1.0471975512 0.188373747924
-0.6 1.25663706144 0.225010582823
-0.6 1.46607657168 0.053127059603
-0.6 1.67551608191 0.287612501597
-0.6 1.88495559215 0.385953278686
-0.6 2.09439510239 0.433122732004
-0.6 2.30383461263 0.020580092358
-0.6 2.51327412287 0.395806901797
-0.6 2.72271363311 0.163103798255
-0.6 2.93215314335 0.207776814047
-0.6 3.14159265359 0.547880437232
-0.6 3.35103216383 3.41783699242
-0.6 3.56047167407 8.35630751949
-0.6 3.76991118431 9.46310884152
-0.6 3.97935069455 6.72939796064
-0.6 4.18879020479 3.94212563774
-0.6 4.39822971503 3.01566903751
-0.6 4.60766922527 2.41345014494
-0.6 4.8171087355 0.991724052121
-0.6 5.02654824574 0.590843759605
-0.6 5.23598775598 0.379374378516
-0.6 5.44542726622 0.66296489112
-0.6 5.65486677646 0.119162683801
-0.6 5.8643062867 0.660585351961
-0.6 6.07374579694 0.192199563737

-0.533333333333 0 0.159251653943
-0.533333333333 0.209439510239 0.222830504986
-0.533333333333 0.418879020479 0.447279687607
-0.533333333333 0.628318530718 0.313874622098
-0.533333333333 0.837758040957 0.122566708577
-0.533333333333 1.0471975512 0.11033308044
-0.533333333333 1.25663706144 0.238999396179
-0.533333333333 1.46607657168 0.0701067019437
-0.533333333333 1.67551608191 0.301206034271
-0.533333333333 1.88495559215 0.366345678764
-0.533333333333 2.09439510239 0.440993614923
-0.533333333333 2.30383461263 0.0221505399324
-0.533333333333 2.51327412287 0.392363961903
-0.533333333333 2.72271363311 0.149944354334
-0.533333333333 2.93215314335 0.216532830735
-0.533333333333 3.14159265359 1.1137310564
-0.533333333333 3.35103216383 5.41405308247
-0.533333333333 3.56047167407 10.2275212338
-0.533333333333 3.76991118431 8.97312794516
-0.533333333333 3.97935069455 5.29510520968
-0.533333333333 4.18879020479 3.02381181058
-0.533333333333 4.39822971503 2.45986265754
-0.533333333333 4.60766922527 2.04150294214
-0.533333333333 4.8171087355 1.13351904058
-0.533333333333 5.02654824574 0.649495454605
-0.533333333333 5.23598775598 0.371285284188
-0.533333333333 5.44542726622 0.712766506388
-0.533333333333 5.65486677646 0.145454016918
-0.533333333333 5.8643062867 0.659862338615
-0.533333333333 6.07374579694 0.278759481202

-0.466666666667 0 0.0891236412155
-0.466666666667 0.209439510239 0.427557859549
-0.466666666667 0.418879020479 0.591909048732
-0.466666666667 0.628318530718 0.385882151986
-0.466666666667 0.837758040957 0.164500804285
-0.466666666667 1.0471975512 0.061553695652
-0.466666666667 1.25663706144 0.209893491943
-0.466666666667 1.46607657168 0.0955118739672
-0.466666666667 1.67551608191 0.301893855442
-0.466666666667 1.88495559215 0.363061892865
-0.466666666667 2.09439510239 0.443068670671
-0.466666666667 2.30383461263 0.0295724880983
-0.466666666667 2.51327412287 0.379318315873
-0.466666666667 2.72271363311 0.176767754791
-0.466666666667 2.93215314335 0.213726064903
-0.466666666667 3.14159265359 1.88860444512
-0.466666666667 3.35103216383 7.07789425754
-0.466666666667 3.56047167407 10.572005833
-0.466666666667 3.76991118431 7.01659516839
-0.466666666667 3.97935069455 3.34727252698
-0.466666666667 4.18879020479 2.15586756676
-0.466666666667 4.39822971503 2.44929699415
-0.466666666667 4.60766922527 1.98986227441
-0.466666666667 4.8171087355 1.21776665395
-0.466666666667 5.02654824574 0.836286014341
-0.466666666667 5.23598775598 0.391864149987
-0.466666666667 5.44542726622 0.758810803764
-0.466666666667 5.65486677646 0.178276582758
-0.466666666667 5.8643062867 0.645631474501
-0.466666666667 6.07374579694 0.341567612605

-0.4 0 0.0742378216875
-0.4 0.209439510239 0.59444287971
-0.4 0.418879020479 0.606219450613
-0.4 0.628318530718 0.381422715439
-0.4 0.837758040957 0.206145954996
-0.4 1.0471975512 0.0506237860309
-0.4 1.25663706144 0.162725280914
-0.4 1.46607657168 0.120298253262
-0.4 1.67551608191 0.291052288791
-0.4 1.88495559215 0.373785166463
-0.4 2.09439510239 0.44045304686
-0.4 2.30383461263 0.0395864212792
-0.4 2.51327412287 0.362691456127
-0.4 2.72271363311 0.22961409132
-0.4 2.93215314335 0.215927309532
-0.4 3.14159265359 2.71789715748
-0.4 3.35103216383 8.16349082321
-0.4 3.56047167407 9.87067753258
-0.4 3.76991118431 4.79748264154
-0.4 3.97935069455 1.84589435234
-0.4 4.18879020479 1.56310617938
-0.4 4.39822971503 2.58655613457
-0.4 4.60766922527 2.18645724357
-0.4 4.8171087355 1.24124300934
-0.4 5.02654824574 1.06964416385
-0.4 5.23598775598 0.433203328018
-0.4 5.44542726622 0.796775745698
-0.4 5.65486677646 0.213803657753
-0.4 5.8643062867 0.626410573738
-0.4 6.07374579694 0.37429970848

-0.333333333333 0 0.101562847585
-0.333333333333 0.209439510239 0.684395576068
-0.333333333333 0.418879020479 0.536107070712
-0.333333333333 0.628318530718 0.331421968238
-0.333333333333 0.837758040957 0.232650658776
-0.333333333333 1.0471975512 0.0654398173038
-0.333333333333 1.25663706144 0.116499775655
-0.333333333333 1.46607657168 0.13933225423
-0.333333333333 1.67551608191 0.27327521412
-0.333333333333 1.88495559215 0.39396582575
-0.333333333333 2.09439510239 0.434549775141
-0.333333333333 2.30383461263 0.0500154495588
-0.333333333333 2.51327412287 0.346664099456
-0.333333333333 2.72271363311 0.294646293697
-0.333333333333 2.93215314335 0.230962929759
-0.333333333333 3.14159265359 3.47103480655
-0.333333333333 3.35103216383 8.71071689221
-0.333333333333 3.56047167407 8.76992459227
-0.333333333333 3.76991118431 3.06557318086
-0.333333333333 3.97935069455 1.1574987392
-0.333333333333 4.18879020479 1.35194855563
-0.333333333333 4.39822971503 2.67184764465
-0.333333333333 4.60766922527 2.46999046853
-0.333333333333 4.8171087355 1.22964477134
-0.333333333333 5.02654824574 1.2956774916
-0.333333333333 5.23598775598 0.485801855278
-0.333333333333 5.44542726622 0.825494584227
-0.333333333333 5.65486677646 0.250567842804
-0.333333333333 5.8643062867 0.6070642458
-0.333333333333 6.07374579694 0.383131282871

-0.266666666667 0 0.146492145959
-0.266666666667 0.209439510239 0.71031210706
-0.266666666667 0.418879020479 0.442433297647
-0.266666666667 0.628318530718 0.270454990449
-0.266666666667 0.837758040957 0.240799182802
-0.266666666667 1.0471975512 0.0903802546565
-0.266666666667 1.25663706144 0.080678982646
-0.266666666667 1.46607657168 0.151065375448
-0.266666666667 1.67551608191 0.253119206276
-0.266666666667 1.88495559215 0.419159872343
-0.266666666667 2.09439510239 0.426573237511
-0.266666666667 2.30383461263 0.0594420179789
-0.266666666667 2.51327412287 0.333850887484
-0.266666666667 2.72271363311 0.360493466814
-0.266666666667 2.93215314335 0.256506265436
-0.266666666667 3.14159265359 4.07496776559
-0.266666666667 3.35103216383 8.873880713
-0.266666666667 3.56047167407 7.72716057139
-0.266666666667 3.76991118431 2.03442999236
-0.266666666667 3.97935069455 1.17232440249
-0.266666666667 4.18879020479 1.45136856486
-0.266666666667 4.39822971503 2.676744399
-0.266666666667 4.60766922527 2.73282814734
-0.266666666667 4.8171087355 1.20656799518
-0.266666666667 5.02654824574 1.48864744359
-0.266666666667 5.23598775598 0.541679603645
-0.266666666667 5.44542726622 0.845228513613
-0.266666666667 5.65486677646 0.288253509131
-0.266666666667 5.8643062867 0.590044967598
-0.266666666667 6.07374579694 0.377268488928

-0.2 0 0.189376580236
-0.2 0.209439510239 0.700075581839
-0.2 0.418879020479 0.363345307863
-0.2 0.628318530718 0.216746808101
-0.2 0.837758040957 0.231555535378
-0.2 1.0471975512 0.11424227454
-0.2 1.25663706144 0.0578173549078
-0.2 1.46607657168 0.156270974285
-0.2 1.67551608191 0.233999831073
-0.2 1.88495559215 0.445905341853
-0.2 2.09439510239 0.417381602375
-0.2 2.30383461263 0.0669796806946
-0.2 2.51327412287 0.325701551483
-0.2 2.72271363311 0.418642234637
-0.2 2.93215314335 0.28435146274
-0.2 3.14159265359 4.50727581451
-0.2 3.35103216383 8.80239269477
-0.2 3.56047167407 6.96693524367
-0.2 3.76991118431 1.62513440189
-0.2 3.97935069455 1.61468969252
-0.2 4.18879020479 1.7148302473
-0.2 4.39822971503 2.6321092379
-0.2 4.60766922527 2.93411478315
-0.2 4.8171087355 1.18588203517
-0.2 5.02654824574 1.64181565975
-0.2 5.23598775598 0.595216484187
-0.2 5.44542726622 0.856801493706
-0.2 5.65486677646 0.327031368876
-0.2 5.8643062867 0.57629869365
-0.2 6.07374579694 0.364532267433

-0.133333333333 0 0.219107680092
-0.133333333333 0.209439510239 0.676488411261
-0.133333333333 0.418879020479 0.313325372306
-0.133333333333 0.628318530718 0.174472875591
-0.133333333333 0.837758040957 0.206868515662
-0.133333333333 1.0471975512 0.132277408614
-0.133333333333 1.25663706144 0.047066404848
-0.133333333333 1.46607657168 0.156904392159
-0.133333333333 1.67551608191 0.218128361299
-0.133333333333 1.88495559215 0.471852532939
-0.133333333333 2.09439510239 0.407446851861
-0.133333333333 2.30383461263 0.0721197334202
-0.133333333333 2.51327412287 0.322860556876
-0.133333333333 2.72271363311 0.463058159893
-0.133333333333 2.93215314335 0.305297948562
-0.133333333333 3.14159265359 4.77717760354
-0.133333333333 3.35103216383 8.59322451931
-0.133333333333 3.56047167407 6.55554552893
-0.133333333333 3.76991118431 1.68000752197
-0.133333333333 3.97935069455 2.23660194191
-0.133333333333 4.18879020479 2.01225759134
-0.133333333333 4.39822971503 2.5681818755
-0.133333333333 4.60766922527 3.07207470098
-0.133333333333 4.8171087355 1.17341146178
-0.133333333333 5.02654824574 1.75849764312
-0.133333333333 5.23598775598 0.642963221417
-0.133333333333 5.44542726622 0.861169315471
-0.133333333333 5.65486677646 0.367235938091
-0.133333333333 5.8643062867 0.56585743751
-0.133333333333 6.07374579694 0.350255535573

-0.0666666666667 0 0.231326345362
-0.0666666666667 0.209439510239 0.652113009043
-0.0666666666667 0.418879020479 0.293853374711
-0.0666666666667 0.628318530718 0.143109502496
-0.0666666666667 0.837758040957 0.170570255412
-0.0666666666667 1.0471975512 0.146069432181
-0.0666666666667 1.25663706144 0.0466347727238
-0.0666666666667 1.46607657168 0.155425165724
-0.0666666666667 1.67551608191 0.206776254266
-0.0666666666667 1.88495559215 0.495599781655
-0.0666666666667 2.09439510239 0.396873250257
-0.0666666666667 2.30383461263 0.0746346614103
-0.0666666666667 2.51327412287 0.325424620286
-0.0666666666667 2.72271363311 0.489642889965
-0.0666666666667 2.93215314335 0.312701045945
-0.0666666666667 3.14159265359 4.90951336021
-0.0666666666667 3.35103216383 8.28649706505
-0.0666666666667 3.56047167407 6.47690873491
-0.0666666666667 3.76991118431 2.06741048374
-0.0666666666667 3.97935069455 2.87658588618
-0.0666666666667 4.18879020479 2.26212024848
-0.0666666666667 4.39822971503 2.50177060379
-0.0666666666667 4.60766922527 3.15984910481
-0.0666666666667 4.8171087355 1.17049541085
-0.0666666666667 5.02654824574 1.84585830277
-0.0666666666667 5.23598775598 0.683110843917
-0.0666666666667 5.44542726622 0.859204260433
-0.0666666666667 5.65486677646 0.409203840559
-0.0666666666667 5.8643062867 0.55821742863
-0.0666666666667 6.07374579694 0.337555412422

6.12323399574e-17 0 0.225922782158
6.12323399574e-17 0.209439510239 0.630511761652
6.12323399574e-17 0.418879020479 0.301990837689
6.12323399574e-17 0.628318530718 0.124919553055
6.12323399574e-17 0.837758040957 0.131437085342
6.12323399574e-17 1.0471975512 0.163109922653
6.12323399574e-17 1.25663706144 0.0549056284182
6.12323399574e-17 1.46607657168 0.15454324503
6.12323399574e-17 1.67551608191 0.200558506633
6.12323399574e-17 1.88495559215 0.516446169088
6.12323399574e-17 2.09439510239 0.385424125504
6.12323399574e-17 2.30383461263 0.0745257475019
6.12323399574e-17 2.51327412287 0.333081680197
6.12323399574e-17 2.72271363311 0.495802615082
6.12323399574e-17 2.93215314335 0.304439263436
6.12323399574e-17 3.14159265359 4.93562755309
6.12323399574e-17 3.35103216383 7.8791280496
6.12323399574e-17 3.56047167407 6.67375933993
6.12323399574e-17 3.76991118431 2.70938266403
6.12323399574e-17 3.97935069455 3.45245361659
6.12323399574e-17 4.18879020479 2.42700426355
6.12323399574e-17 4.39822971503 2.44134821224
6.12323399574e-17 4.60766922527 3.21328408486
6.12323399574e-17 4.8171087355 1.17685284672
6.12323399574e-17 5.02654824574 1.91127891933
6.12323399574e-17 5.23598775598 0.714940881363
6.12323399574e-17 5.44542726622 0.85158862827
6.12323399574e-17 5.65486677646 0.453164803055
6.12323399574e-17 5.8643062867 0.55257682306
6.12323399574e-17 6.07374579694 0.327906629108

0.0666666666667 0 0.205519188819
0.0666666666667 0.209439510239 0.608746045129
0.0666666666667 0.418879020479 0.3337731779
0.0666666666667 0.628318530718 0.127989282692
0.0666666666667 0.837758040957 0.1062128725
0.0666666666667 1.0471975512 0.196023492362
0.0666666666667 1.25663706144 0.0703753852624
0.0666666666667 1.46607657168 0.157233984014
0.0666666666667 1.67551608191 0.199638804861
0.0666666666667 1.88495559215 0.534132350374
0.0666666666667 2.09439510239 0.372544367501
0.0666666666667 2.30383461263 0.072006534926
0.0666666666667 2.51327412287 0.345134789153
0.0666666666667 2.72271363311 0.480247117909
0.0666666666667 2.93215314335 0.283596907247
0.0666666666667 3.14159265359 4.8894833358
0.0666666666667 3.35103216383 7.34624423322
0.0666666666667 3.56047167407 7.05578771415
0.0666666666667 3.76991118431 3.57159718689
0.0666666666667 3.97935069455 3.94024823672
0.0666666666667 4.18879020479 2.5011900319
0.0666666666667 4.39822971503 2.39451399488
0.0666666666667 4.60766922527 3.24687681104
0.0666666666667 4.8171087355 1.19231473505
0.0666666666667 5.02654824574 1.96045040213
0.0666666666667 5.23598775598 0.738377889264
0.0666666666667 5.44542726622 0.838767550072
0.0666666666667 5.65486677646 0.499129461059
0.0666666666667 5.8643062867 0.547994145127
0.0666666666667 6.07374579694 0.321585439679

0.133333333333 0 0.175111681697
0.133333333333 0.209439510239 0.579506970813
0.133333333333 0.418879020479 0.383440646816
0.133333333333 0.628318530718 0.164723446491
0.133333333333 0.837758040957 0.119740138739
0.133333333333 1.0471975512 0.259669740059
0.133333333333 1.25663706144 0.0907114085978
0.133333333333 1.46607657168 0.166817455149
0.133333333333 1.67551608191 0.203845482082
0.133333333333 1.88495559215 0.548573172983
0.133333333333 2.09439510239 0.357380806511
0.133333333333 2.30383461263 0.0675183552022
0.133333333333 2.51327412287 0.360420719534
0.133333333333 2.72271363311 0.44307942694
0.133333333333 2.93215314335 0.258125878779
0.133333333333 3.14159265359 4.80511013523
0.133333333333 3.35103216383 6.67091384841
0.133333333333 3.56047167407 7.48794378577
0.133333333333 3.76991118431 4.63439115636
0.133333333333 3.97935069455 4.35710544283
0.133333333333 4.18879020479 2.50230267969
0.133333333333 4.39822971503 2.37360183877
0.133333333333 4.60766922527 3.27319309786
0.133333333333 4.8171087355 1.21760171085
0.133333333333 5.02654824574 1.9964062755
0.133333333333 5.23598775598 0.753674707175
0.133333333333 5.44542726622 0.820935567644
0.133333333333 5.65486677646 0.546745311657
0.133333333333 5.8643062867 0.543524878423
0.133333333333 6.07374579694 0.317869233628

0.2 0 0.142443748616
0.2 0.209439510239 0.533204648673
0.2 0.418879020479 0.44022017951
0.2 0.628318530718 0.2454673586
0.2 0.837758040957 0.198189231546
0.2 1.0471975512 0.363197750326
0.2 1.25663706144 0.111609287258
0.2 1.46607657168 0.186784154509
0.2 1.67551608191 0.212723080088
0.2 1.88495559215 0.559560396833
0.2 2.09439510239 0.338814366227
0.2 2.30383461263 0.0617771525903
0.2 2.51327412287 0.377139047913
0.2 2.72271363311 0.38622282699
0.2 2.93215314335 0.239510568891
0.2 3.14159265359 4.71048405192
0.2 3.35103216383 5.88595189465
0.2 3.56047167407 7.77938302474
0.2 3.76991118431 5.84734187445
0.2 3.97935069455 4.74336701227
0.2 4.18879020479 2.46684095079
0.2 4.39822971503 2.39903413421
0.2 4.60766922527 3.30271269721
0.2 4.8171087355 1.25434449564
0.2 5.02654824574 2.01897455524
0.2 5.23598775598 0.761220502233
0.2 5.44542726622 0.798051263868
0.2 5.65486677646 0.595109179985
0.2 5.8643062867 0.538398767847
0.2 6.07374579694 0.315014413244

0.266666666667 0 0.118340090498
0.266666666667 0.209439510239 0.461246947477
0.266666666667 0.418879020479 0.484739053813
0.266666666667 0.628318530718 0.366744827114
0.266666666667 0.837758040957 0.351650809584
0.266666666667 1.0471975512 0.495560041076
0.266666666667 1.25663706144 0.127112356902
0.266666666667 1.46607657168 0.219807704582
0.266666666667 1.67551608191 0.225558592386
0.266666666667 1.88495559215 0.566416778389
0.266666666667 2.09439510239 0.31553155743
0.266666666667 2.30383461263 0.055852025068
0.266666666667 2.51327412287 0.392620804364
0.266666666667 2.72271363311 0.314222179381
0.266666666667 2.93215314335 0.240213322568
0.266666666667 3.14159265359 4.61286399381
0.266666666667 3.35103216383 5.12325518513
0.266666666667 3.56047167407 7.70609870431
0.266666666667 3.76991118431 7.07051105237
0.266666666667 3.97935069455 5.13210490001
0.266666666667 4.18879020479 2.44454403944
0.266666666667 4.39822971503 2.49985357899
0.266666666667 4.60766922527 3.34224758556
0.266666666667 4.8171087355 1.30438060737
0.266666666667 5.02654824574 2.02440442508
0.266666666667 5.23598775598 0.761446286322
0.266666666667 5.44542726622 0.769880573603
0.266666666667 5.65486677646 0.642536474075
0.266666666667 5.8643062867 0.532299998179
0.266666666667 6.07374579694 0.310116362794

0.333333333333 0 0.115804371336
0.333333333333 0.209439510239 0.361865092441
0.333333333333 0.418879020479 0.488760756153
0.333333333333 0.628318530718 0.496707851962
0.333333333333 0.837758040957 0.548223739882
0.333333333333 1.0471975512 0.610695623676
0.333333333333 1.25663706144 0.134175687255
0.333333333333 1.46607657168 0.265104973358
0.333333333333 1.67551608191 0.241405380017
0.333333333333 1.88495559215 0.567625298013
0.333333333333 2.09439510239 0.286184926896
0.333333333333 2.30383461263 0.051272712649
0.333333333333 2.51327412287 0.40309716669
0.333333333333 2.72271363311 0.235394568221
0.333333333333 2.93215314335 0.269552291271
0.333333333333 3.14159265359 4.47385485911
0.333333333333 3.35103216383 4.63915050337
0.333333333333 3.56047167407 7.1079354851
0.333333333333 3.76991118431 8.02958583414
0.333333333333 3.97935069455 5.50152445912
0.333333333333 4.18879020479 2.48644507281
0.333333333333 4.39822971503 2.70931893378
0.333333333333 4.60766922527 3.39064914548
0.333333333333 4.8171087355 1.36820754825
0.333333333333 5.02654824574 2.00520272782
0.333333333333 5.23598775598 0.754791546456
0.333333333333 5.44542726622 0.736081860687
0.333333333333 5.65486677646 0.686307713344
0.333333333333 5.8643062867 0.52579733646
0.333333333333 6.07374579694 0.299061204369

0.4 0 0.146241077965
0.4 0.209439510239 0.248569985728
0.4 0.418879020479 0.424440933748
0.4 0.628318530718 0.569298412846
0.4 0.837758040957 0.697406467916
0.4 1.0471975512 0.63316231795
0.4 1.25663706144 0.142687527188
0.4 1.46607657168 0.313552731768
0.4 1.67551608191 0.259053770925
0.4 1.88495559215 0.560554574562
0.4 2.09439510239 0.249730527074
0.4 2.30383461263 0.0501473501776
0.4 2.51327412287 0.403596930411
0.4 2.72271363311 0.16308065362
0.4 2.93215314335 0.327829987409
0.4 3.14159265359 4.184560223
0.4 3.35103216383 4.73824702622
0.4 3.56047167407 6.06211746984
0.4 3.76991118431 8.35024867405
0.4 3.97935069455 5.72969913866
0.4 4.18879020479 2.62550065817
0.4 4.39822971503 3.05185229221
0.4 4.60766922527 3.43123525575
0.4 4.8171087355 1.4424272098
0.4 5.02654824574 1.95050948981
0.4 5.23598775598 0.741681041093
0.4 5.44542726622 0.696354473069
0.4 5.65486677646 0.722445745736
0.4 5.8643062867 0.520906848602
0.4 6.07374579694 0.276947445234

0.466666666667 0 0.211365761929
0.466666666667 0.209439510239 0.157087108776
0.466666666667 0.418879020479 0.289003850856
0.466666666667 0.628318530718 0.510153679832
0.466666666667 0.837758040957 0.680849935583
0.466666666667 1.0471975512 0.511524665543
0.466666666667 1.25663706144 0.18227183682
0.466666666667 1.46607657168 0.342355441583
0.466666666667 1.67551608191 0.276735624075
0.466666666667 1.88495559215 0.541604177289
0.466666666667 2.09439510239 0.206099984873
0.466666666667 2.30383461263 0.0552216876809
0.466666666667 2.51327412287 0.388247582564
0.466666666667 2.72271363311 0.116122344569
0.466666666667 2.93215314335 0.399466292472
0.466666666667 3.14159265359 3.57712828514
0.466666666667 3.35103216383 5.49699660703
0.466666666667 3.56047167407 4.99798241677
0.466666666667 3.76991118431 7.73612650127
0.466666666667 3.97935069455 5.60448238002
0.466666666667 4.18879020479 2.85731927056
0.466666666667 4.39822971503 3.51760244021
0.466666666667 4.60766922527 3.42233178001
0.466666666667 4.8171087355 1.51629175342
0.466666666667 5.02654824574 1.84764812965
0.466666666667 5.23598775598 0.722431059585
0.466666666667 5.44542726622 0.650686717572
0.466666666667 5.65486677646 0.745639354573
0.466666666667 5.8643062867 0.521602960887
0.466666666667 6.07374579694 0.239579547735

0.533333333333 0 0.291856356211
0.533333333333 0.209439510239 0.138763383326
0.533333333333 0.418879020479 0.138339398393
0.533333333333 0.628318530718 0.312018392298
0.533333333333 0.837758040957 0.461002603658
0.533333333333 1.0471975512 0.307590903161
0.533333333333 1.25663706144 0.279688730995
0.533333333333 1.46607657168 0.317751016963
0.533333333333 1.67551608191 0.291204679971
0.533333333333 1.88495559215 0.507444197504
0.533333333333 2.09439510239 0.157475257408
0.533333333333 2.30383461263 0.0696712655353
0.533333333333 2.51327412287 0.351535594239
0.533333333333 2.72271363311 0.11625627626
0.533333333333 2.93215314335 0.448732557529
0.533333333333 3.14159265359 2.53580690299
0.533333333333 3.35103216383 6.33925017147
0.533333333333 3.56047167407 4.44766870364
0.533333333333 3.76991118431 6.23249965026
0.533333333333 3.97935069455 4.94723730718
0.533333333333 4.18879020479 3.13746928493
0.533333333333 4.39822971503 4.02557611202
0.533333333333 4.60766922527 3.29149494027
0.533333333333 4.8171087355 1.56847050394
0.533333333333 5.02654824574 1.68568718893
0.533333333333 5.23598775598 0.696967669867
0.533333333333 5.44542726622 0.599755887627
0.533333333333 5.65486677646 0.749535359422
0.533333333333 5.8643062867 0.533746352804
0.533333333333 6.07374579694 0.186763146302

0.6 0 0.340915056377
0.6 0.209439510239 0.223432691079
0.6 0.418879020479 0.0888162809531
0.6 0.628318530718 0.11614795968
0.6 0.837758040957 0.203200489805
0.6 1.0471975512 0.206193863703
0.6 1.25663706144 0.389504582581
0.6 1.46607657168 0.22188717737
0.6 1.67551608191 0.296212906633
0.6 1.88495559215 0.458582510864
0.6 2.09439510239 0.110514707144
0.6 2.30383461263 0.0960563552456
0.6 2.51327412287 0.291531574572
0.6 2.72271363311 0.177693019397
0.6 2.93215314335 0.427834204428
0.6 3.14159265359 1.22897025927
0.6 3.35103216383 6.00553345399
0.6 3.56047167407 4.32151066969
0.6 3.76991118431 4.3135910418
0.6 3.97935069455 3.83346779696
0.6 4.18879020479 3.40686745079
0.6 4.39822971503 4.38842232266
0.6 4.60766922527 2.94544146327
0.6 4.8171087355 1.56746723897
0.6 5.02654824574 1.46151851768
0.6 5.23598775598 0.664227328107
0.6 5.44542726622 0.545553284146
0.6 5.65486677646 0.727796925375
0.6 5.8643062867 0.563322160882
0.6 6.07374579694 0.127703765585

0.666666666667 0 0.30198326695
0.666666666667 0.209439510239 0.355250887192
0.666666666667 0.418879020479 0.216393721351
0.666666666667 0.628318530718 0.137853461471
0.666666666667 0.837758040957 0.178034605777
0.666666666667 1.0471975512 0.294098599298
0.666666666667 1.25663706144 0.362284328718
0.666666666667 1.46607657168 0.105214969429
0.666666666667 1.67551608191 0.282489876956
0.666666666667 1.88495559215 0.407033210075
0.666666666667 2.09439510239 0.0793838767133
0.666666666667 2.30383461263 0.133083964366
0.666666666667 2.51327412287 0.216262192755
0.666666666667 2.72271363311 0.283615806722
0.666666666667 2.93215314335 0.312669807754
0.666666666667 3.14159265359 0.2459456289
0.666666666667 3.35103216383 3.79326494713
0.666666666667 3.56047167407 3.61453944327
0.666666666667 3.76991118431 2.59242500295
0.666666666667 3.97935069455 2.73427269204
0.666666666667 4.18879020479 3.61241463613
0.666666666667 4.39822971503 4.30666501624
0.666666666667 4.60766922527 2.31450392046
0.666666666667 4.8171087355 1.4822429
0.666666666667 5.02654824574 1.18719278505
0.666666666667 5.23598775598 0.621239710747
0.666666666667 5.44542726622 0.492326594405
0.666666666667 5.65486677646 0.67658675426
0.666666666667 5.8643062867 0.611294366776
0.666666666667 6.07374579694 0.0867329109023

0.733333333333 0 0.16865348958
0.733333333333 0.209439510239 0.379786597474
0.733333333333 0.418879020479 0.379652481572
0.733333333333 0.628318530718 0.328855795915
0.733333333333 0.837758040957 0.324319793237
0.733333333333 1.0471975512 0.312596884636
0.733333333333 1.25663706144 0.147054870743
0.733333333333 1.46607657168 0.0926477479567
0.733333333333 1.67551608191 0.246475378829
0.733333333333 1.88495559215 0.387433052657
0.733333333333 2.09439510239 0.0860094022802
0.733333333333 2.30383461263 0.168088088446
0.733333333333 2.51327412287 0.151348958296
0.733333333333 2.72271363311 0.360519643393
0.733333333333 2.93215314335 0.161512652654
0.733333333333 3.14159265359 0.108800716018
0.733333333333 3.35103216383 1.2954384753
0.733333333333 3.56047167407 2.01547854807
0.733333333333 3.76991118431 1.57437011625
0.733333333333 3.97935069455 2.27821162638
0.733333333333 4.18879020479 3.5944853357
0.733333333333 4.39822971503 3.44306856132
0.733333333333 4.60766922527 1.45105353357
0.733333333333 4.8171087355 1.30782649007
0.733333333333 5.02654824574 0.892846719861
0.733333333333 5.23598775598 0.562501971492
0.733333333333 5.44542726622 0.447926989237
0.733333333333 5.65486677646 0.599458251549
0.733333333333 5.8643062867 0.663940093046
0.733333333333 6.07374579694 0.101998545661

0.8 0 0.0484575293123
0.8 0.209439510239 0.225441099257
0.8 0.418879020479 0.313197565497
0.8 0.628318530718 0.298992476654
0.8 0.837758040957 0.226145462047
0.8 1.0471975512 0.109085705013
0.8 1.25663706144 0.0798808877967
0.8 1.46607657168 0.214752307095
0.8 1.67551608191 0.221204184771
0.8 1.88495559215 0.45044590785
0.8 2.09439510239 0.14312485431
0.8 2.30383461263 0.168681361495
0.8 2.51327412287 0.131289579488
0.8 2.72271363311 0.317788565872
0.8 2.93215314335 0.114474014842
0.8 3.14159265359 0.331938522939
0.8 3.35103216383 0.682704504902
0.8 3.56047167407 1.22835476326
0.8 3.76991118431 1.61018247544
0.8 3.97935069455 2.35249668384
0.8 4.18879020479 2.77390408277
0.8 4.39822971503 1.74015840591
0.8 4.60766922527 0.670682687918
0.8 4.8171087355 1.08657504887
0.8 5.02654824574 0.61375639039
0.8 5.23598775598 0.482192453531
0.8 5.44542726622 0.425531782251
0.8 5.65486677646 0.515774637438
0.8 5.8643062867 0.683073811435
0.8 6.07374579694 0.200409283875

0.866666666667 0 0.0788309201141
0.866666666667 0.209439510239 0.110587117099
0.866666666667 0.418879020479 0.19176305904
0.866666666667 0.628318530718 0.206727724278
0.866666666667 0.837758040957 0.199788063355
0.866666666667 1.0471975512 0.24324174491
0.866666666667 1.25663706144 0.315443726502
0.866666666667 1.46607657168 0.247545487258
0.866666666667 1.67551608191 0.30741990883
0.866666666667 1.88495559215 0.568102506758
0.866666666667 2.09439510239 0.208879103393
0.866666666667 2.30383461263 0.110305794808
0.866666666667 2.51327412287 0.138668084756
0.866666666667 2.72271363311 0.200157908458
0.866666666667 2.93215314335 0.234988958388
0.866666666667 3.14159265359 0.21292629601
0.866666666667 3.35103216383 0.512375201496
0.866666666667 3.56047167407 0.934346382933
0.866666666667 3.76991118431 1.23465310043
0.866666666667 3.97935069455 1.23249565652
0.866666666667 4.18879020479 0.758827246743
0.866666666667 4.39822971503 0.230923838556
0.866666666667 4.60766922527 0.513911039507
0.866666666667 4.8171087355 0.837491094695
0.866666666667 5.02654824574 0.358030168108
0.866666666667 5.23598775598 0.387113099061
0.866666666667 5.44542726622 0.44507274122
0.866666666667 5.65486677646 0.472414222559
0.866666666667 5.8643062867 0.62099988249
0.866666666667 6.07374579694 0.336597932708

0.933333333333 0 0.191343600411
0.933333333333 0.209439510239 0.0854504881091
0.933333333333 0.418879020479 0.105806888622
0.933333333333 0.628318530718 0.168256042435
0.933333333333 0.837758040957 0.20631391603
0.933333333333 1.0471975512 0.193501715009
0.933333333333 1.25663706144 0.162204569447
0.933333333333 1.46607657168 0.246794260727
0.933333333333 1.67551608191 0.482619844543
0.933333333333 1.88495559215 0.518645603812
0.933333333333 2.09439510239 0.23528971507
0.933333333333 2.30383461263 0.0984029133268
0.933333333333 2.51327412287 0.101919352923
0.933333333333 2.72271363311 0.10304896536
0.933333333333 2.93215314335 0.255296752814
0.933333333333 3.14159265359 0.390332631354
0.933333333333 3.35103216383 0.373136107039
0.933333333333 3.56047167407 0.29478517881
0.933333333333 3.76991118431 0.228206387128
0.933333333333 3.97935069455 0.216906377064
0.933333333333 4.18879020479 0.339317036063
0.933333333333 4.39822971503 0.580871092971
0.933333333333 4.60766922527 0.650134740352
0.933333333333 4.8171087355 0.349719477082
0.933333333333 5.02654824574 0.136527594249
0.933333333333 5.23598775598 0.341156721582
0.933333333333 5.44542726622 0.529667485309
0.933333333333 5.65486677646 0.547341423077
0.933333333333 5.8643062867 0.53411424209
0.933333333333 6.07374579694 0.39955058855

