-1 0 0.702135691268
-1 0.209439510239 0.702135691268
-1 0.418879020479 0.702135691268
-1 0.628318530718 0.702135691268
-1 0.837758040957 0.702135691268
-1 1.0471975512 0.702135691268
-1 1.25663706144 0.702135691268
-1 1.46607657168 0.702135691268
-1 1.67551608191 0.702135691268
-1 1.88495559215 0.702135691268
-1 2.09439510239 0.702135691268
-1 2.30383461263 0.702135691268
-1 2.51327412287 0.702135691268
-1 2.72271363311 0.702135691268
-1 2.93215314335 0.702135691268
-1 3.14159265359 0.702135691268
-1 3.35103216383 0.702135691268
-1 3.56047167407 0.702135691268
-1 3.76991118431 0.702135691268
-1 3.97935069455 0.702135691268
-1 4.18879020479 0.702135691268
-1 4.39822971503 0.702135691268
-1 4.60766922527 0.702135691268
-1 4.8171087355 0.702135691268
-1 5.02654824574 0.702135691268
-1 5.23598775598 0.702135691268
-1 5.44542726622 0.702135691268
-1 5.65486677646 0.702135691268
-1 5.8643062867 0.702135691268
-1 6.07374579694 0.702135691268

-0.933333333333 0 0.744249770674
-0.933333333333 0.209439510239 0.75305675312
-0.933333333333 0.418879020479 0.705320616341
-0.933333333333 0.628318530718 0.700457968051
-0.933333333333 0.837758040957 0.733244923113
-0.933333333333 1.0471975512 0.752290867195
-0.933333333333 1.25663706144 0.666290942885
-0.933333333333 1.46607657168 0.423808880119
-0.933333333333 1.67551608191 0.164383394848
-0.933333333333 1.88495559215 0.150565387512
-0.933333333333 2.09439510239 0.359794777631
-0.933333333333 2.30383461263 0.418152827557
-0.933333333333 2.51327412287 0.204553698343
-0.933333333333 2.72271363311 0.0999248442935
-0.933333333333 2.93215314335 0.325079956694
-0.933333333333 3.14159265359 0.734558342114
-0.933333333333 3.35103216383 1.49031875428
-0.933333333333 3.56047167407 2.70118009497
-0.933333333333 3.76991118431 3.90105947327
-0.933333333333 3.97935069455 4.67779016155
-0.933333333333 4.18879020479 5.09383829477
-0.933333333333 4.39822971503 5.23198178281
-0.933333333333 4.60766922527 4.65203108092
-0.933333333333 4.8171087355 2.99234072464
-0.933333333333 5.02654824574 1.45841927395
-0.933333333333 5.23598775598 1.48291544454
-0.933333333333 5.44542726622 1.72826248898
-0.933333333333 5.65486677646 0.850272657042
-0.933333333333 5.8643062867 0.231815690691
-0.933333333333 6.07374579694 0.479466335996

-0.866666666667 0 0.510632350629
-0.866666666667 0.209439510239 0.254195246041
-0.866666666667 0.418879020479 0.143608866372
-0.866666666667 0.628318530718 0.0883754698693
-0.866666666667 0.837758040957 0.111822426706
-0.866666666667 1.0471975512 0.261619322516
-0.866666666667 1.25663706144 0.520085581733
-0.866666666667 1.46607657168 0.642317940144
-0.866666666667 1.67551608191 0.36404804274
-0.866666666667 1.88495559215 0.138664069863
-0.866666666667 2.09439510239 0.377364235529
-0.866666666667 2.30383461263 0.345861779053
-0.866666666667 2.51327412287 0.112094006573
-0.866666666667 2.72271363311 0.179360515268
-0.866666666667 2.93215314335 0.267781453318
-0.866666666667 3.14159265359 1.71277977244
-0.866666666667 3.35103216383 5.88288310942
-0.866666666667 3.56047167407 9.44808827541
-0.866666666667 3.76991118431 9.73701267174
-0.866666666667 3.97935069455 7.95369392689
-0.866666666667 4.18879020479 5.93493721244
-0.866666666667 4.39822971503 4.67928210236
-0.866666666667 4.60766922527 4.53993439377
-0.866666666667 4.8171087355 4.35706929471
-0.866666666667 5.02654824574 2.58981023736
-0.866666666667 5.23598775598 1.62093994966
-0.866666666667 5.44542726622 1.88151349568
-0.866666666667 5.65486677646 0.893712239476
-0.866666666667 5.8643062867 0.641785516059
-0.866666666667 6.07374579694 0.835418506259

-0.8 0 0.304787672266
-0.8 0.209439510239 0.24684822095
-0.8 0.418879020479 0.139600574301
-0.8 0.628318530718 0.0591256309349
-0.8 0.837758040957 0.0445021080143
-0.8 1.0471975512 0.0783056595632
-0.8 1.25663706144 0.225588915658
-0.8 1.46607657168 0.503934460482
-0.8 1.67551608191 0.448129084486
-0.8 1.88495559215 0.110004036169
-0.8 2.09439510239 0.390858445965
-0.8 2.30383461263 0.287584514241
-0.8 2.51327412287 0.137364020854
-0.8 2.72271363311 0.201161063611
-0.8 2.93215314335 0.97749989446
-0.8 3.14159265359 6.35122427424
-0.8 3.35103216383 12.9864461391
-0.8 3.56047167407 12.7144951854
-0.8 3.76991118431 8.51625144225
-0.8 3.97935069455 5.37946969018
-0.8 4.18879020479 3.77583799582
-0.8 4.39822971503 3.08353545312
-0.8 4.60766922527 2.85313909052
-0.8 4.8171087355 2.85313520918
-0.8 5.02654824574 2.38770371742
-0.8 5.23598775598 1.50491165041
-0.8 5.44542726622 1.49340051376
-0.8 5.65486677646 0.99645809339
-0.8 5.8643062867 0.877606791781
-0.8 6.07374579694 0.592815926055

-0.733333333333 0 0.510179531652
-0.733333333333 0.209439510239 0.386222045479
-0.733333333333 0.418879020479 0.134375236621
-0.733333333333 0.628318530718 0.0690181759042
-0.733333333333 0.837758040957 0.0978200465093
-0.733333333333 1.0471975512 0.162869117851
-0.733333333333 1.25663706144 0.234236908796
-0.733333333333 1.46607657168 0.411281041824
-0.733333333333 1.67551608191 0.471895162565
-0.733333333333 1.88495559215 0.0874197963358
-0.733333333333 2.09439510239 0.383088034265
-0.733333333333 2.30383461263 0.235282913535
-0.733333333333 2.51327412287 0.23659457544
-0.733333333333 2.72271363311 0.324592836167
-0.733333333333 2.93215314335 3.00714695031
-0.733333333333 3.14159265359 11.5045528069
-0.733333333333 3.35103216383 14.4916363295
-0.733333333333 3.56047167407 8.15710821945
-0.733333333333 3.76991118431 3.65570210479
-0.733333333333 3.97935069455 2.83922965235
-0.733333333333 4.18879020479 2.51111535756
-0.733333333333 4.39822971503 2.23197198579
-0.733333333333 4.60766922527 2.73517923282
-0.733333333333 4.8171087355 2.23752780008
-0.733333333333 5.02654824574 1.85614848151
-0.733333333333 5.23598775598 1.5330387985
-0.733333333333 5.44542726622 1.0770909554
-0.733333333333 5.65486677646 1.0749936461
-0.733333333333 5.8643062867 0.887754738062
-0.733333333333 6.07374579694 0.415928251348

-0.666666666667 0 0.742947523467
-0.666666666667 0.209439510239 0.293156220706
-0.666666666667 0.418879020479 0.0554933919828
-0.666666666667 0.628318530718 0.0707367139279
-0.666666666667 0.837758040957 0.0693752334564
-0.666666666667 1.0471975512 0.134285700701
-0.666666666667 1.25663706144 0.280699386567
-0.666666666667 1.46607657168 0.406938146779
-0.666666666667 1.67551608191 0.491044476481
-0.666666666667 1.88495559215 0.0802901783794
-0.666666666667 2.09439510239 0.363165640088
-0.666666666667 2.30383461263 0.188827009651
-0.666666666667 2.51327412287 0.384053718108
-0.666666666667 2.72271363311 0.645281386541
-0.666666666667 2.93215314335 5.61520523378
-0.666666666667 3.14159265359 14.3895601344
-0.666666666667 3.35103216383 11.2832174589
-0.666666666667 3.56047167407 3.3621991683
-0.666666666667 3.76991118431 2.39330366965
-0.666666666667 3.97935069455 4.03716232613
-0.666666666667 4.18879020479 4.09913727668
-0.666666666667 4.39822971503 2.65460660134
-0.666666666667 4.60766922527 3.04209250041
-0.666666666667 4.8171087355 2.62426725236
-0.666666666667 5.02654824574 1.60783681584
-0.666666666667 5.23598775598 1.71506765522
-0.666666666667 5.44542726622 0.837797220087
-0.666666666667 5.65486677646 1.10929173254
-0.666666666667 5.8643062867 0.84233179984
-0.666666666667 6.07374579694 0.40667158199

-0.6 0 0.803585484479
-0.6 0.209439510239 0.13683161001
-0.6 0.418879020479 0.137337094445
-0.6 0.628318530718 0.20878197912
-0.6 0.837758040957 0.117262145722
-0.6 1.0471975512 0.0654726627759
-0.6 1.25663706144 0.256839361715
-0.6 1.46607657168 0.427119580145
-0.6 1.67551608191 0.514340361458
-0.6 1.88495559215 0.0862227530633
-0.6 2.09439510239 0.339869706676
-0.6 2.30383461263 0.14934484082
-0.6 2.51327412287 0.560054418572
-0.6 2.72271363311 1.14481140601
-0.6 2.93215314335 8.03723327748
-0.6 3.14159265359 14.8598263682
-0.6 3.35103216383 7.09606712844
-0.6 3.56047167407 1.34319425397
-0.6 3.76991118431 3.20949406287
-0.6 3.97935069455 5.36406416064
-0.6 4.18879020479 5.63326199619
-0.6 4.39822971503 3.47364530267
-0.6 4.60766922527 3.10937980775
-0.6 4.8171087355 3.11017835095
-0.6 5.02654824574 1.56354017116
-0.6 5.23598775598 1.91889913126
-0.6 5.44542726622 0.751384586322
-0.6 5.65486677646 1.11115190164
-0.6 5.8643062867 0.816695782151
-0.6 6.07374579694 0.48421891014

-0.533333333333 0 0.716653243826
-0.533333333333 0.209439510239 0.0946782188732
-0.533333333333 0.418879020479 0.316119354257
-0.533333333333 0.628318530718 0.358679155866
-0.533333333333 0.837758040957 0.221715159321
-0.533333333333 1.0471975512 0.0491084634167
-0.533333333333 1.25663706144 0.191399036662
-0.533333333333 1.46607657168 0.444016182289
-0.533333333333 1.67551608191 0.533431772521
-0.533333333333 1.88495559215 0.100292275355
-0.533333333333 2.09439510239 0.318034776517
-0.533333333333 2.30383461263 0.117588320562
-0.533333333333 2.51327412287 0.74874085802
-0.533333333333 2.72271363311 1.75092788855
-0.533333333333 2.93215314335 9.90224320815
-0.533333333333 3.14159265359 13.8692066096
-0.533333333333 3.35103216383 3.87328759056
-0.533333333333 3.56047167407 1.15150180854
-0.533333333333 3.76991118431 3.64094330821
-0.533333333333 3.97935069455 5.07918091478
-0.533333333333 4.18879020479 5.7591592007
-0.533333333333 4.39822971503 3.94536209969
-0.533333333333 4.60766922527 3.02800635014
-0.533333333333 4.8171087355 3.38148933256
-0.533333333333 5.02654824574 1.57140012789
-0.533333333333 5.23598775598 2.06520441509
-0.533333333333 5.44542726622 0.752945659595
-0.533333333333 5.65486677646 1.0958328817
-0.533333333333 5.8643062867 0.817262686189
-0.533333333333 6.07374579694 0.584589807973

-0.466666666667 0 0.575198699866
-0.466666666667 0.209439510239 0.161202135653
-0.466666666667 0.418879020479 0.435157598542
-0.466666666667 0.628318530718 0.397961669611
-0.466666666667 0.837758040957 0.292686730621
-0.466666666667 1.0471975512 0.0847979627584
-0.466666666667 1.25663706144 0.123409244116
-0.466666666667 1.46607657168 0.455162545281
-0.466666666667 1.67551608191 0.544294476715
-0.466666666667 1.88495559215 0.11800735308
-0.466666666667 2.09439510239 0.299424630172
-0.466666666667 2.30383461263 0.0936108322577
-0.466666666667 2.51327412287 0.93746730854
-0.466666666667 2.72271363311 2.38480992134
-0.466666666667 2.93215314335 11.1590223051
-0.466666666667 3.14159265359 12.3274377063
-0.466666666667 3.35103216383 1.90973210949
-0.466666666667 3.56047167407 1.49872917784
-0.466666666667 3.76991118431 3.27933555105
-0.466666666667 3.97935069455 4.03712234332
-0.466666666667 4.18879020479 5.30158721882
-0.466666666667 4.39822971503 4.12998845245
-0.466666666667 4.60766922527 2.98052167663
-0.466666666667 4.8171087355 3.50780375355
-0.466666666667 5.02654824574 1.57550019081
-0.466666666667 5.23598775598 2.13708727462
-0.466666666667 5.44542726622 0.795248620206
-0.466666666667 5.65486677646 1.07438088798
-0.466666666667 5.8643062867 0.832100641727
-0.466666666667 6.07374579694 0.67624657354

-0.4 0 0.445549864559
-0.4 0.209439510239 0.259371969663
-0.4 0.418879020479 0.448120790408
-0.4 0.628318530718 0.331756668992
-0.4 0.837758040957 0.29439867721
-0.4 1.0471975512 0.137650909351
-0.4 1.25663706144 0.0720050372422
-0.4 1.46607657168 0.461968894364
-0.4 1.67551608191 0.549113967116
-0.4 1.88495559215 0.13593958649
-0.4 2.09439510239 0.284044755423
-0.4 2.30383461263 0.076889202718
-0.4 2.51327412287 1.11639294578
-0.4 2.72271363311 2.98288289261
-0.4 2.93215314335 11.9129038142
-0.4 3.14159265359 10.7854763769
-0.4 3.35103216383 0.882861781197
-0.4 3.56047167407 1.81140141499
-0.4 3.76991118431 2.64565169773
-0.4 3.97935069455 3.29859897243
-0.4 4.18879020479 5.20320172765
-0.4 4.39822971503 4.33315621598
-0.4 4.60766922527 3.01845726598
-0.4 4.8171087355 3.59569065317
-0.4 5.02654824574 1.57524775391
-0.4 5.23598775598 2.14788304949
-0.4 5.44542726622 0.851448391209
-0.4 5.65486677646 1.05321232927
-0.4 5.8643062867 0.851166945173
-0.4 6.07374579694 0.746719007453

-0.333333333333 0 0.352290591378
-0.333333333333 0.209439510239 0.336752127495
-0.333333333333 0.418879020479 0.395649792156
-0.333333333333 0.628318530718 0.226238213732
-0.333333333333 0.837758040957 0.244674398205
-0.333333333333 1.0471975512 0.181365483032
-0.333333333333 1.25663706144 0.0414685796637
-0.333333333333 1.46607657168 0.464858851477
-0.333333333333 1.67551608191 0.55211099191
-0.333333333333 1.88495559215 0.151735047482
-0.333333333333 2.09439510239 0.271088762896
-0.333333333333 2.30383461263 0.0665685065366
-0.333333333333 2.51327412287 1.27806443731
-0.333333333333 2.72271363311 3.50198407998
-0.333333333333 2.93215314335 12.3102267367
-0.333333333333 3.14159265359 9.49527137267
-0.333333333333 3.35103216383 0.418168870351
-0.333333333333 3.56047167407 1.99845199498
-0.333333333333 3.76991118431 2.17362083253
-0.333333333333 3.97935069455 3.22402391113
-0.333333333333 4.18879020479 5.69181363216
-0.333333333333 4.39822971503 4.68001383999
-0.333333333333 4.60766922527 3.11112671238
-0.333333333333 4.8171087355 3.68961331668
-0.333333333333 5.02654824574 1.58129992108
-0.333333333333 5.23598775598 2.11873332989
-0.333333333333 5.44542726622 0.908093046289
-0.333333333333 5.65486677646 1.03542391979
-0.333333333333 5.8643062867 0.869740033469
-0.333333333333 6.07374579694 0.793565751768

-0.266666666667 0 0.294634290289
-0.266666666667 0.209439510239 0.380113868711
-0.266666666667 0.418879020479 0.329228277099
-0.266666666667 0.628318530718 0.135752587023
-0.266666666667 0.837758040957 0.177376717889
-0.266666666667 1.0471975512 0.207225894697
-0.266666666667 1.25663706144 0.0289694008417
-0.266666666667 1.46607657168 0.464536414451
-0.266666666667 1.67551608191 0.55650800828
-0.266666666667 1.88495559215 0.16394944271
-0.266666666667 2.09439510239 0.259489721193
-0.266666666667 2.30383461263 0.061702804697
-0.266666666667 2.51327412287 1.41699212626
-0.266666666667 2.72271363311 3.91678203841
-0.266666666667 2.93215314335 12.4817963222
-0.266666666667 3.14159265359 8.53852354611
-0.266666666667 3.35103216383 0.250969271498
-0.266666666667 3.56047167407 2.12404038839
-0.266666666667 3.76991118431 2.0105616947
-0.266666666667 3.97935069455 3.69017484197
-0.266666666667 4.18879020479 6.53860907512
-0.266666666667 4.39822971503 5.12021434398
-0.266666666667 4.60766922527 3.2169248763
-0.266666666667 4.8171087355 3.7897670675
-0.266666666667 5.02654824574 1.59917283574
-0.266666666667 5.23598775598 2.06864717055
-0.266666666667 5.44542726622 0.959346877585
-0.266666666667 5.65486677646 1.02215968498
-0.266666666667 5.8643062867 0.88676587156
-0.266666666667 6.07374579694 0.819273780652

-0.2 0 0.262838846165
-0.2 0.209439510239 0.396850384199
-0.2 0.418879020479 0.277593701069
-0.2 0.628318530718 0.0808555197932
-0.2 0.837758040957 0.118288999483
-0.2 1.0471975512 0.218539032899
-0.2 1.25663706144 0.0295244614454
-0.2 1.46607657168 0.462809971216
-0.2 1.67551608191 0.563613360217
-0.2 1.88495559215 0.171825549542
-0.2 2.09439510239 0.248198060798
-0.2 2.30383461263 0.0614478086481
-0.2 2.51327412287 1.52925728002
-0.2 2.72271363311 4.21486638855
-0.2 2.93215314335 12.5240164319
-0.2 3.14159265359 7.92220449732
-0.2 3.35103216383 0.22519627337
-0.2 3.56047167407 2.25877953225
-0.2 3.76991118431 2.13955099626
-0.2 3.97935069455 4.45239336218
-0.2 4.18879020479 7.45204226147
-0.2 4.39822971503 5.56008218107
-0.2 4.60766922527 3.31161698839
-0.2 4.8171087355 3.88287800071
-0.2 5.02654824574 1.62784100601
-0.2 5.23598775598 2.01163901777
-0.2 5.44542726622 1.00342370827
-0.2 5.65486677646 1.01360602988
-0.2 5.8643062867 0.902754400492
-0.2 6.07374579694 0.828169792101

-0.133333333333 0 0.247025776506
-0.133333333333 0.209439510239 0.398487154537
-0.133333333333 0.418879020479 0.248413016035
-0.133333333333 0.628318530718 0.0579825118444
-0.133333333333 0.837758040957 0.0791781536445
-0.133333333333 1.0471975512 0.223500117141
-0.133333333333 1.25663706144 0.0384416179886
-0.133333333333 1.46607657168 0.46230020837
-0.133333333333 1.67551608191 0.57307281478
-0.133333333333 1.88495559215 0.175074641826
-0.133333333333 2.09439510239 0.236300008538
-0.133333333333 2.30383461263 0.0651975071914
-0.133333333333 2.51327412287 1.61218062963
-0.133333333333 2.72271363311 4.39211708069
-0.133333333333 2.93215314335 12.4978593594
-0.133333333333 3.14159265359 7.63112341246
-0.133333333333 3.35103216383 0.257568187101
-0.133333333333 3.56047167407 2.44600349107
-0.133333333333 3.76991118431 2.50375155721
-0.133333333333 3.97935069455 5.32518362253
-0.133333333333 4.18879020479 8.25358928389
-0.133333333333 4.39822971503 5.93692559642
-0.133333333333 4.60766922527 3.38821620875
-0.133333333333 4.8171087355 3.95809992625
-0.133333333333 5.02654824574 1.66259579129
-0.133333333333 5.23598775598 1.95693082162
-0.133333333333 5.44542726622 1.0405648513
-0.133333333333 5.65486677646 1.00959833008
-0.133333333333 5.8643062867 0.918369022589
-0.133333333333 6.07374579694 0.824638843236

-0.0666666666667 0 0.240199417373
-0.0666666666667 0.209439510239 0.393512451374
-0.0666666666667 0.418879020479 0.239525433179
-0.0666666666667 0.628318530718 0.0555651306491
-0.0666666666667 0.837758040957 0.0615771479142
-0.0666666666667 1.0471975512 0.230629429502
-0.0666666666667 1.25663706144 0.0520596632527
-0.0666666666667 1.46607657168 0.465805756505
-0.0666666666667 1.67551608191 0.583418916692
-0.0666666666667 1.88495559215 0.173703486098
-0.0666666666667 2.09439510239 0.223055700866
-0.0666666666667 2.30383461263 0.0726689052339
-0.0666666666667 2.51327412287 1.66406719955
-0.0666666666667 2.72271363311 4.44933303082
-0.0666666666667 2.93215314335 12.433992169
-0.0666666666667 3.14159265359 7.65130659481
-0.0666666666667 3.35103216383 0.309072287015
-0.0666666666667 3.56047167407 2.70469979098
-0.0666666666667 3.76991118431 3.06272682407
-0.0666666666667 3.97935069455 6.21239352093
-0.0666666666667 4.18879020479 8.88260249299
-0.0666666666667 4.39822971503 6.22881899015
-0.0666666666667 4.60766922527 3.44893420333
-0.0666666666667 4.8171087355 4.01059777937
-0.0666666666667 5.02654824574 1.69779701001
-0.0666666666667 5.23598775598 1.91014099866
-0.0666666666667 5.44542726622 1.07193354913
-0.0666666666667 5.65486677646 1.00993060386
-0.0666666666667 5.8643062867 0.933673986572
-0.0666666666667 6.07374579694 0.812305434768

6.12323399574e-17 0 0.238447630337
6.12323399574e-17 0.209439510239 0.386039438321
6.12323399574e-17 0.418879020479 0.247019603911
6.12323399574e-17 0.628318530718 0.0649024521063
6.12323399574e-17 0.837758040957 0.0630569108103
6.12323399574e-17 1.0471975512 0.246593687572
6.12323399574e-17 1.25663706144 0.0675126561855
6.12323399574e-17 1.46607657168 0.475739806725
6.12323399574e-17 1.67551608191 0.592522820613
6.12323399574e-17 1.88495559215 0.167908927383
6.12323399574e-17 2.09439510239 0.207906952905
6.12323399574e-17 2.30383461263 0.0839419188579
6.12323399574e-17 2.51327412287 1.68403080561
6.12323399574e-17 2.72271363311 4.39032257006
6.12323399574e-17 2.93215314335 12.3388717794
6.12323399574e-17 3.14159265359 7.97642645281
6.12323399574e-17 3.35103216383 0.371307816811
6.12323399574e-17 3.56047167407 3.03358863641
6.12323399574e-17 3.76991118431 3.80014647564
6.12323399574e-17 3.97935069455 7.07928633584
6.12323399574e-17 4.18879020479 9.34651818188
6.12323399574e-17 4.39822971503 6.43995646502
6.12323399574e-17 4.60766922527 3.49844225884
6.12323399574e-17 4.8171087355 4.03976744315
6.12323399574e-17 5.02654824574 1.72855884521
6.12323399574e-17 5.23598775598 1.87454969658
6.12323399574e-17 5.44542726622 1.09902537609
6.12323399574e-17 5.65486677646 1.01445887759
6.12323399574e-17 5.8643062867 0.947780434438
6.12323399574e-17 6.07374579694 0.793884883242

0.0666666666667 0 0.240220902043
0.0666666666667 0.209439510239 0.376522641318
0.0666666666667 0.418879020479 0.268097848886
0.0666666666667 0.628318530718 0.0841655438939
0.0666666666667 0.837758040957 0.0822042864869
0.0666666666667 1.0471975512 0.274883471971
0.0666666666667 1.25663706144 0.0821202807216
0.0666666666667 1.46607657168 0.493582588886
0.0666666666667 1.67551608191 0.597901876909
0.0666666666667 1.88495559215 0.158046745023
0.0666666666667 2.09439510239 0.190486575012
0.0666666666667 2.30383461263 0.0994569896687
0.0666666666667 2.51327412287 1.67189150624
0.0666666666667 2.72271363311 4.22134276229
0.0666666666667 2.93215314335 12.2005002145
0.0666666666667 3.14159265359 8.60312703383
0.0666666666667 3.35103216383 0.467059405578
0.0666666666667 3.56047167407 3.40758909258
0.0666666666667 3.76991118431 4.70814511347
0.0666666666667 3.97935069455 7.9203944441
0.0666666666667 4.18879020479 9.67907418803
0.0666666666667 4.39822971503 6.58586028044
0.0666666666667 4.60766922527 3.53998501934
0.0666666666667 4.8171087355 4.04639933247
0.0666666666667 5.02654824574 1.75159016821
0.0666666666667 5.23598775598 1.8521127289
0.0666666666667 5.44542726622 1.12335838054
0.0666666666667 5.65486677646 1.02305946295
0.0666666666667 5.8643062867 0.95869780511
0.0666666666667 6.07374579694 0.771464277721

0.133333333333 0 0.24551858618
0.133333333333 0.209439510239 0.362757610756
0.133333333333 0.418879020479 0.30028872771
0.133333333333 0.628318530718 0.117231091038
0.133333333333 0.837758040957 0.120340836778
0.133333333333 1.0471975512 0.313792870619
0.133333333333 1.25663706144 0.0929980654811
0.133333333333 1.46607657168 0.519052116217
0.133333333333 1.67551608191 0.597022226543
0.133333333333 1.88495559215 0.144669367009
0.133333333333 2.09439510239 0.170651609725
0.133333333333 2.30383461263 0.119966559209
0.133333333333 2.51327412287 1.62812939714
0.133333333333 2.72271363311 3.95166575808
0.133333333333 2.93215314335 11.9946992007
0.133333333333 3.14159265359 9.51587402551
0.133333333333 3.35103216383 0.664180111715
0.133333333333 3.56047167407 3.7701241725
0.133333333333 3.76991118431 5.76076857442
0.133333333333 3.97935069455 8.73792217124
0.133333333333 4.18879020479 9.91915788665
0.133333333333 4.39822971503 6.68397567522
0.133333333333 4.60766922527 3.57324570364
0.133333333333 4.8171087355 4.03053034156
0.133333333333 5.02654824574 1.76562341225
0.133333333333 5.23598775598 1.84413529457
0.133333333333 5.44542726622 1.14630748454
0.133333333333 5.65486677646 1.03547339776
0.133333333333 5.8643062867 0.963320335499
0.133333333333 6.07374579694 0.747034183324

0.2 0 0.255201554894
0.2 0.209439510239 0.340890566879
0.2 0.418879020479 0.338753056742
0.2 0.628318530718 0.168649301717
0.2 0.837758040957 0.178407356036
0.2 1.0471975512 0.353021958766
0.2 1.25663706144 0.0976470577377
0.2 1.46607657168 0.548645767433
0.2 1.67551608191 0.58783123297
0.2 1.88495559215 0.128618500714
0.2 2.09439510239 0.148561814999
0.2 2.30383461263 0.146425801552
0.2 2.51327412287 1.55386595414
0.2 2.72271363311 3.59495445648
0.2 2.93215314335 11.6939945736
0.2 3.14159265359 10.6593692636
0.2 3.35103216383 1.09992068003
0.2 3.56047167407 4.03491652639
0.2 3.76991118431 6.88245971183
0.2 3.97935069455 9.52711047
0.2 4.18879020479 10.1022890884
0.2 4.39822971503 6.74693736198
0.2 4.60766922527 3.59277037717
0.2 4.8171087355 3.99049993139
0.2 5.02654824574 1.77176930118
0.2 5.23598775598 1.85159686734
0.2 5.44542726622 1.16900340507
0.2 5.65486677646 1.05104683594
0.2 5.8643062867 0.957603309722
0.2 6.07374579694 0.723108168995

0.266666666667 0 0.270414639949
0.266666666667 0.209439510239 0.306899465741
0.266666666667 0.418879020479 0.373341758341
0.266666666667 0.628318530718 0.235556762069
0.266666666667 0.837758040957 0.248509089795
0.266666666667 1.0471975512 0.370774246804
0.266666666667 1.25663706144 0.0963185522535
0.266666666667 1.46607657168 0.573473353487
0.266666666667 1.67551608191 0.569772317781
0.266666666667 1.88495559215 0.111146202416
0.266666666667 2.09439510239 0.124827306013
0.266666666667 2.30383461263 0.179791788036
0.266666666667 2.51327412287 1.45083028493
0.266666666667 2.72271363311 3.17094905747
0.266666666667 2.93215314335 11.2816286392
0.266666666667 3.14159265359 11.8987454752
0.266666666667 3.35103216383 2.0019131836
0.266666666667 3.56047167407 4.12486736246
0.266666666667 3.76991118431 7.92421364402
0.266666666667 3.97935069455 10.2616344846
0.266666666667 4.18879020479 10.2533693176
0.266666666667 4.39822971503 6.77440106254
0.266666666667 4.60766922527 3.58664281455
0.266666666667 4.8171087355 3.92346535263
0.266666666667 5.02654824574 1.77396566493
0.266666666667 5.23598775598 1.87511527798
0.266666666667 5.44542726622 1.1922474925
0.266666666667 5.65486677646 1.06836828677
0.266666666667 5.8643062867 0.937088258977
0.266666666667 6.07374579694 0.703187658435

0.333333333333 0 0.292130704483
0.333333333333 0.209439510239 0.25909120154
0.333333333333 0.418879020479 0.387971530362
0.333333333333 0.628318530718 0.299502665543
0.333333333333 0.837758040957 0.304337588935
0.333333333333 1.0471975512 0.338020544672
0.333333333333 1.25663706144 0.0957905127032
0.333333333333 1.46607657168 0.57738525506
0.333333333333 1.67551608191 0.545368323888
0.333333333333 1.88495559215 0.0940252520568
0.333333333333 2.09439510239 0.100753015908
0.333333333333 2.30383461263 0.220674560726
0.333333333333 2.51327412287 1.32125456514
0.333333333333 2.72271363311 2.70658186033
0.333333333333 2.93215314335 10.7718646814
0.333333333333 3.14159265359 12.9801219711
0.333333333333 3.35103216383 3.66519063309
0.333333333333 3.56047167407 4.08208207777
0.333333333333 3.76991118431 8.68037020844
0.333333333333 3.97935069455 10.8781788017
0.333333333333 4.18879020479 10.3720004611
0.333333333333 4.39822971503 6.74147220016
0.333333333333 4.60766922527 3.53648013037
0.333333333333 4.8171087355 3.8278097778
0.333333333333 5.02654824574 1.77948287718
0.333333333333 5.23598775598 1.9144985419
0.333333333333 5.44542726622 1.2164112441
0.333333333333 5.65486677646 1.0848090776
0.333333333333 5.8643062867 0.898024811619
0.333333333333 6.07374579694 0.691625116414

0.4 0 0.321074209541
0.4 0.209439510239 0.201404646548
0.4 0.418879020479 0.36614876226
0.4 0.628318530718 0.32689043996
0.4 0.837758040957 0.304005789229
0.4 1.0471975512 0.239895181909
0.4 1.25663706144 0.110237039931
0.4 1.46607657168 0.539079867027
0.4 1.67551608191 0.521843164108
0.4 1.88495559215 0.0796087726291
0.4 2.09439510239 0.0786969565249
0.4 2.30383461263 0.268739151159
0.4 2.51327412287 1.167660069
0.4 2.72271363311 2.2350240105
0.4 2.93215314335 10.2319169733
0.4 3.14159265359 13.5347975538
0.4 3.35103216383 6.30697012781
0.4 3.56047167407 4.23869520382
0.4 3.76991118431 8.99873181635
0.4 3.97935069455 11.2751019821
0.4 4.18879020479 10.4090715684
0.4 4.39822971503 6.58757551958
0.4 4.60766922527 3.4216067895
0.4 4.8171087355 3.70800204693
0.4 5.02654824574 1.79915366545
0.4 5.23598775598 1.96778924123
0.4 5.44542726622 1.24129784825
0.4 5.65486677646 1.09600359784
0.4 5.8643062867 0.83933593601
0.4 6.07374579694 0.692177262798

0.466666666667 0 0.358601146621
0.466666666667 0.209439510239 0.145537912437
0.466666666667 0.418879020479 0.304777909219
0.466666666667 0.628318530718 0.291146362392
0.466666666667 0.837758040957 0.224161975384
0.466666666667 1.0471975512 0.112875793729
0.466666666667 1.25663706144 0.149446972152
0.466666666667 1.46607657168 0.445791460438
0.466666666667 1.67551608191 0.510802426635
0.466666666667 1.88495559215 0.0708532425043
0.466666666667 2.09439510239 0.0624992088135
0.466666666667 2.30383461263 0.32168582885
0.466666666667 2.51327412287 0.992595392716
0.466666666667 2.72271363311 1.79045959209
0.466666666667 2.93215314335 9.78592697538
0.466666666667 3.14159265359 13.2171912931
0.466666666667 3.35103216383 9.72758697014
0.466666666667 3.56047167407 5.28301386242
0.466666666667 3.76991118431 8.9993614772
0.466666666667 3.97935069455 11.3574828188
0.466666666667 4.18879020479 10.2484662593
0.466666666667 4.39822971503 6.22043055598
0.466666666667 4.60766922527 3.23169163988
0.466666666667 4.8171087355 3.58191142091
0.466666666667 5.02654824574 1.84651514428
0.466666666667 5.23598775598 2.02968523648
0.466666666667 5.44542726622 1.26595197778
0.466666666667 5.65486677646 1.09538293995
0.466666666667 5.8643062867 0.765455034521
0.466666666667 6.07374579694 0.704518555893

0.533333333333 0 0.408790089554
0.533333333333 0.209439510239 0.108355170177
0.533333333333 0.418879020479 0.228055414169
0.533333333333 0.628318530718 0.215848150698
0.533333333333 0.837758040957 0.119268380863
0.533333333333 1.0471975512 0.0566349580978
0.533333333333 1.25663706144 0.190723774713
0.533333333333 1.46607657168 0.325187823013
0.533333333333 1.67551608191 0.521863039265
0.533333333333 1.88495559215 0.0715209769138
0.533333333333 2.09439510239 0.0577199692616
0.533333333333 2.30383461263 0.37353405663
0.533333333333 2.51327412287 0.798723379907
0.533333333333 2.72271363311 1.39641441634
0.533333333333 2.93215314335 9.55445188415
0.533333333333 3.14159265359 12.0697697899
0.533333333333 3.35103216383 12.9133485828
0.533333333333 3.56047167407 7.85785067635
0.533333333333 3.76991118431 9.23202133635
0.533333333333 3.97935069455 11.1362231198
0.533333333333 4.18879020479 9.72832242294
0.533333333333 4.39822971503 5.5612697207
0.533333333333 4.60766922527 2.99066726281
0.533333333333 4.8171087355 3.48837193132
0.533333333333 5.02654824574 1.93428855889
0.533333333333 5.23598775598 2.08928566556
0.533333333333 5.44542726622 1.28840637816
0.533333333333 5.65486677646 1.07402144823
0.533333333333 5.8643062867 0.689331398234
0.533333333333 6.07374579694 0.718995203508

0.6 0 0.479234570539
0.6 0.209439510239 0.104080721408
0.6 0.418879020479 0.175929564143
0.6 0.628318530718 0.186880029473
0.6 0.837758040957 0.122452385778
0.6 1.0471975512 0.144507473212
0.6 1.25663706144 0.171564071905
0.6 1.46607657168 0.278070414958
0.6 1.67551608191 0.546197884336
0.6 1.88495559215 0.0872150299056
0.6 2.09439510239 0.0707886232173
0.6 2.30383461263 0.411906739551
0.6 2.51327412287 0.590420404189
0.6 2.72271363311 1.04896445131
0.6 2.93215314335 9.46295617982
0.6 3.14159265359 10.9708798819
0.6 3.35103216383 14.2641778617
0.6 3.56047167407 11.5340157244
0.6 3.76991118431 10.3458842311
0.6 3.97935069455 10.778101416
0.6 4.18879020479 8.74485583613
0.6 4.39822971503 4.64668896225
0.6 4.60766922527 2.7860496238
0.6 4.8171087355 3.48777569034
0.6 5.02654824574 2.06563185515
0.6 5.23598775598 2.12739102546
0.6 5.44542726622 1.30536680521
0.6 5.65486677646 1.02133098839
0.6 5.8643062867 0.633246404221
0.6 6.07374579694 0.713337223962

0.666666666667 0 0.571713532608
0.666666666667 0.209439510239 0.142371571853
0.666666666667 0.418879020479 0.151753378563
0.666666666667 0.628318530718 0.242788743031
0.666666666667 0.837758040957 0.266440044553
0.666666666667 1.0471975512 0.260210001253
0.666666666667 1.25663706144 0.0863581762012
0.666666666667 1.46607657168 0.43251222874
0.666666666667 1.67551608191 0.537799057688
0.666666666667 1.88495559215 0.128039647635
0.666666666667 2.09439510239 0.104664870604
0.666666666667 2.30383461263 0.414711269117
0.666666666667 2.51327412287 0.37905936358
0.666666666667 2.72271363311 0.709752998133
0.666666666667 2.93215314335 8.94049638055
0.666666666667 3.14159265359 11.3176830989
0.666666666667 3.35103216383 13.3207236637
0.666666666667 3.56047167407 14.1981633222
0.666666666667 3.76991118431 12.0821804504
0.666666666667 3.97935069455 10.4192288262
0.666666666667 4.18879020479 7.4190712854
0.666666666667 4.39822971503 3.73043086842
0.666666666667 4.60766922527 2.7792357989
0.666666666667 4.8171087355 3.64048568193
0.666666666667 5.02654824574 2.21696551962
0.666666666667 5.23598775598 2.11430755348
0.666666666667 5.44542726622 1.31184839645
0.666666666667 5.65486677646 0.927600551358
0.666666666667 5.8643062867 0.622209032258
0.666666666667 6.07374579694 0.661727270214

0.733333333333 0 0.65481957628
0.733333333333 0.209439510239 0.245607226522
0.733333333333 0.418879020479 0.11141828031
0.733333333333 0.628318530718 0.227173546212
0.733333333333 0.837758040957 0.291047719735
0.733333333333 1.0471975512 0.185553867951
0.733333333333 1.25663706144 0.134018734403
0.733333333333 1.46607657168 0.730280875661
0.733333333333 1.67551608191 0.435765412436
0.733333333333 1.88495559215 0.209460884923
0.733333333333 2.09439510239 0.14682882415
0.733333333333 2.30383461263 0.351002263248
0.733333333333 2.51327412287 0.192406016616
0.733333333333 2.72271363311 0.352579285281
0.733333333333 2.93215314335 6.94611326259
0.733333333333 3.14159265359 12.7027053016
0.733333333333 3.35103216383 12.3058994399
0.733333333333 3.56047167407 13.9830487447
0.733333333333 3.76991118431 12.7327558954
0.733333333333 3.97935069455 9.77664183081
0.733333333333 4.18879020479 6.10896289047
0.733333333333 4.39822971503 3.22011989497
0.733333333333 4.60766922527 3.15070879449
0.733333333333 4.8171087355 3.93934701159
0.733333333333 5.02654824574 2.31125177095
0.733333333333 5.23598775598 2.010727276
0.733333333333 5.44542726622 1.3007988508
0.733333333333 5.65486677646 0.790091637361
0.733333333333 5.8643062867 0.661714393777
0.733333333333 6.07374579694 0.570459807479

0.8 0 0.660672249895
0.8 0.209439510239 0.435362752991
0.8 0.418879020479 0.138212470621
0.8 0.628318530718 0.0752679258091
0.8 0.837758040957 0.0892422648577
0.8 1.0471975512 0.126697409626
0.8 1.25663706144 0.470690414113
0.8 1.46607657168 0.783467294418
0.8 1.67551608191 0.291375918885
0.8 1.88495559215 0.32736208759
0.8 2.09439510239 0.15320878336
0.8 2.30383461263 0.206704225077
0.8 2.51327412287 0.0743535293276
0.8 2.72271363311 0.0956993860794
0.8 2.93215314335 3.29895855711
0.8 3.14159265359 10.7914995455
0.8 3.35103216383 11.9756334643
0.8 3.56047167407 11.8888729417
0.8 3.76991118431 10.9286172743
0.8 3.97935069455 8.1847552776
0.8 4.18879020479 5.02696292919
0.8 4.39822971503 3.3539017473
0.8 4.60766922527 3.93046280978
0.8 4.8171087355 4.16928109561
0.8 5.02654824574 2.19301157899
0.8 5.23598775598 1.77743320616
0.8 5.44542726622 1.26275090281
0.8 5.65486677646 0.625265632736
0.8 5.8643062867 0.69553225113
0.8 6.07374579694 0.524539613679

0.866666666667 0 0.634847288833
0.866666666667 0.209439510239 0.620053072261
0.866666666667 0.418879020479 0.438033642314
0.866666666667 0.628318530718 0.283852581542
0.866666666667 0.837758040957 0.282343307665
0.866666666667 1.0471975512 0.446735212945
0.866666666667 1.25663706144 0.626061123263
0.866666666667 1.46607657168 0.478228778484
0.866666666667 1.67551608191 0.337293540187
0.866666666667 1.88495559215 0.367241154744
0.866666666667 2.09439510239 0.0829712342602
0.866666666667 2.30383461263 0.0690414861877
0.866666666667 2.51327412287 0.0461967941131
0.866666666667 2.72271363311 0.162079600498
0.866666666667 2.93215314335 0.555858318629
0.866666666667 3.14159265359 4.00644146204
0.866666666667 3.35103216383 7.0321484675
0.866666666667 3.56047167407 7.5715690906
0.866666666667 3.76991118431 6.79598049866
0.866666666667 3.97935069455 5.30444199782
0.866666666667 4.18879020479 4.03552297886
0.866666666667 4.39822971503 3.9968172606
0.866666666667 4.60766922527 4.62707234158
0.866666666667 4.8171087355 3.70901482272
0.866666666667 5.02654824574 1.66175937596
0.866666666667 5.23598775598 1.40516899967
0.866666666667 5.44542726622 1.18538815041
0.866666666667 5.65486677646 0.489805104055
0.866666666667 5.8643062867 0.577416677867
0.866666666667 6.07374579694 0.600786017993

0.933333333333 0 0.62553205958
0.933333333333 0.209439510239 0.727585871431
0.933333333333 0.418879020479 0.744478944363
0.933333333333 0.628318530718 0.716110669768
0.933333333333 0.837758040957 0.679711785054
0.933333333333 1.0471975512 0.634990902317
0.933333333333 1.25663706144 0.561079884404
0.933333333333 1.46607657168 0.471626936759
0.933333333333 1.67551608191 0.347119672282
0.933333333333 1.88495559215 0.141035247922
0.933333333333 2.09439510239 0.0780322962294
0.933333333333 2.30383461263 0.164932323775
0.933333333333 2.51327412287 0.118990942028
0.933333333333 2.72271363311 0.239021707963
0.933333333333 2.93215314335 0.564519307464
0.933333333333 3.14159265359 1.03585101977
0.933333333333 3.35103216383 1.74088279838
0.933333333333 3.56047167407 2.41221217107
0.933333333333 3.76991118431 2.89670659143
0.933333333333 3.97935069455 3.33152126519
0.933333333333 4.18879020479 3.80690794937
0.933333333333 4.39822971503 3.99835466796
0.933333333333 4.60766922527 3.2657979628
0.933333333333 4.8171087355 1.71775206076
0.933333333333 5.02654824574 0.757878600493
0.933333333333 5.23598775598 0.983042254135
0.933333333333 5.44542726622 1.05103283263
0.933333333333 5.65486677646 0.506160462465
0.933333333333 5.8643062867 0.252407627474
0.933333333333 6.07374579694 0.422560826841

