-1 0 4.50959653917
-1 0.209439510239 4.50959653917
-1 0.418879020479 4.50959653917
-1 0.628318530718 4.50959653917
-1 0.837758040957 4.50959653917
-1 1.0471975512 4.50959653917
-1 1.25663706144 4.50959653917
-1 1.46607657168 4.50959653917
-1 1.67551608191 4.50959653917
-1 1.88495559215 4.50959653917
-1 2.09439510239 4.50959653917
-1 2.30383461263 4.50959653917
-1 2.51327412287 4.50959653917
-1 2.72271363311 4.50959653917
-1 2.93215314335 4.50959653917
-1 3.14159265359 4.50959653917
-1 3.35103216383 4.50959653917
-1 3.56047167407 4.50959653917
-1 3.76991118431 4.50959653917
-1 3.97935069455 4.50959653917
-1 4.18879020479 4.50959653917
-1 4.39822971503 4.50959653917
-1 4.60766922527 4.50959653917
-1 4.8171087355 4.50959653917
-1 5.02654824574 4.50959653917
-1 5.23598775598 4.50959653917
-1 5.44542726622 4.50959653917
-1 5.65486677646 4.50959653917
-1 5.8643062867 4.50959653917
-1 6.07374579694 4.50959653917

-0.933333333333 0 6.99384845259
-0.933333333333 0.209439510239 5.80614880706
-0.933333333333 0.418879020479 5.59378413948
-0.933333333333 0.628318530718 6.14251298616
-0.933333333333 0.837758040957 7.35195717431
-0.933333333333 1.0471975512 9.1120290431
-0.933333333333 1.25663706144 11.1073929431
-0.933333333333 1.46607657168 12.1785389004
-0.933333333333 1.67551608191 10.3897503334
-0.933333333333 1.88495559215 6.72842222851
-0.933333333333 2.09439510239 3.671650079
-0.933333333333 2.30383461263 1.82021303166
-0.933333333333 2.51327412287 1.33101318456
-0.933333333333 2.72271363311 1.09107492324
-0.933333333333 2.93215314335 0.569092386222
-0.933333333333 3.14159265359 0.442653353534
-0.933333333333 3.35103216383 0.744306225142
-0.933333333333 3.56047167407 1.03187116538
-0.933333333333 3.76991118431 1.20678509537
-0.933333333333 3.97935069455 1.36982890066
-0.933333333333 4.18879020479 1.55731465255
-0.933333333333 4.39822971503 1.62496234989
-0.933333333333 4.60766922527 1.43542995978
-0.933333333333 4.8171087355 1.79807563984
-0.933333333333 5.02654824574 3.91896483025
-0.933333333333 5.23598775598 5.98372634532
-0.933333333333 5.44542726622 6.00445637733
-0.933333333333 5.65486677646 6.16526542013
-0.933333333333 5.8643062867 7.67552506695
-0.933333333333 6.07374579694 8.23455664952

-0.866666666667 0 3.3087047011
-0.866666666667 0.209439510239 3.02633237334
-0.866666666667 0.418879020479 2.77634893225
-0.866666666667 0.628318530718 3.86433687939
-0.866666666667 0.837758040957 6.03074666317
-0.866666666667 1.0471975512 8.14251641358
-0.866666666667 1.25663706144 10.3913569375
-0.866666666667 1.46607657168 12.9153776033
-0.866666666667 1.67551608191 13.6114936908
-0.866666666667 1.88495559215 7.96500775824
-0.866666666667 2.09439510239 3.06679807067
-0.866666666667 2.30383461263 1.10888791899
-0.866666666667 2.51327412287 0.817403661007
-0.866666666667 2.72271363311 0.47056471166
-0.866666666667 2.93215314335 0.404144748826
-0.866666666667 3.14159265359 0.709557464604
-0.866666666667 3.35103216383 0.481548942836
-0.866666666667 3.56047167407 0.229272786272
-0.866666666667 3.76991118431 0.286996953205
-0.866666666667 3.97935069455 0.447701374356
-0.866666666667 4.18879020479 0.52048548095
-0.866666666667 4.39822971503 0.919664498373
-0.866666666667 4.60766922527 2.28639072579
-0.866666666667 4.8171087355 2.64317935298
-0.866666666667 5.02654824574 2.67901364976
-0.866666666667 5.23598775598 5.75276973528
-0.866666666667 5.44542726622 5.89309014234
-0.866666666667 5.65486677646 6.36148102691
-0.866666666667 5.8643062867 7.02000700975
-0.866666666667 6.07374579694 4.23136576993

-0.8 0 2.87167571673
-0.8 0.209439510239 0.832602953727
-0.8 0.418879020479 3.27821950999
-0.8 0.628318530718 5.65429394279
-0.8 0.837758040957 6.88598049563
-0.8 1.0471975512 9.41515923637
-0.8 1.25663706144 11.7439555407
-0.8 1.46607657168 13.7761261321
-0.8 1.67551608191 15.5866180521
-0.8 1.88495559215 9.76279869548
-0.8 2.09439510239 2.47640230499
-0.8 2.30383461263 0.780485257605
-0.8 2.51327412287 0.61329832168
-0.8 2.72271363311 0.274230897477
-0.8 2.93215314335 0.490474311129
-0.8 3.14159265359 0.259205409948
-0.8 3.35103216383 0.0460974109094
-0.8 3.56047167407 0.366429326825
-0.8 3.76991118431 0.805826618288
-0.8 3.97935069455 1.27509085048
-0.8 4.18879020479 1.64525024573
-0.8 4.39822971503 1.15527759954
-0.8 4.60766922527 1.01066536221
-0.8 4.8171087355 3.39636999338
-0.8 5.02654824574 3.14091087561
-0.8 5.23598775598 5.36288278837
-0.8 5.44542726622 5.68734568517
-0.8 5.65486677646 6.48764228558
-0.8 5.8643062867 4.91348385402
-0.8 6.07374579694 2.44230123679

-0.733333333333 0 1.11829989844
-0.733333333333 0.209439510239 1.89672988612
-0.733333333333 0.418879020479 4.91712220609
-0.733333333333 0.628318530718 5.23429249065
-0.733333333333 0.837758040957 5.24342593655
-0.733333333333 1.0471975512 6.79495905129
-0.733333333333 1.25663706144 10.395754246
-0.733333333333 1.46607657168 14.4930954323
-0.733333333333 1.67551608191 16.6878263838
-0.733333333333 1.88495559215 11.7276089152
-0.733333333333 2.09439510239 1.99142709546
-0.733333333333 2.30383461263 0.622936653988
-0.733333333333 2.51327412287 0.49971677321
-0.733333333333 2.72271363311 0.22348460156
-0.733333333333 2.93215314335 0.357632153093
-0.733333333333 3.14159265359 0.0190678512781
-0.733333333333 3.35103216383 0.26187387994
-0.733333333333 3.56047167407 0.540077167345
-0.733333333333 3.76991118431 0.733317337924
-0.733333333333 3.97935069455 0.868454426286
-0.733333333333 4.18879020479 1.54393772622
-0.733333333333 4.39822971503 2.43490075213
-0.733333333333 4.60766922527 1.35790781806
-0.733333333333 4.8171087355 2.8125777703
-0.733333333333 5.02654824574 4.01839272727
-0.733333333333 5.23598775598 5.08857271878
-0.733333333333 5.44542726622 5.46869372696
-0.733333333333 5.65486677646 6.1099368916
-0.733333333333 5.8643062867 2.88954326511
-0.733333333333 6.07374579694 1.96135088064

-0.666666666667 0 1.00141748231
-0.666666666667 0.209439510239 2.91416944408
-0.666666666667 0.418879020479 5.88578097709
-0.666666666667 0.628318530718 3.22464089825
-0.666666666667 0.837758040957 4.29411403739
-0.666666666667 1.0471975512 6.10731787304
-0.666666666667 1.25663706144 8.84251998965
-0.666666666667 1.46607657168 13.9010876367
-0.666666666667 1.67551608191 17.2698116
-0.666666666667 1.88495559215 13.3761156642
-0.666666666667 2.09439510239 1.62441996184
-0.666666666667 2.30383461263 0.550191924771
-0.666666666667 2.51327412287 0.421566539745
-0.666666666667 2.72271363311 0.207556754956
-0.666666666667 2.93215314335 0.171782019615
-0.666666666667 3.14159265359 0.114475024987
-0.666666666667 3.35103216383 0.367536178873
-0.666666666667 3.56047167407 0.683932875827
-0.666666666667 3.76991118431 1.00679553534
-0.666666666667 3.97935069455 0.72826894562
-0.666666666667 4.18879020479 0.578012090468
-0.666666666667 4.39822971503 2.11998549324
-0.666666666667 4.60766922527 2.59642228768
-0.666666666667 4.8171087355 2.3895424834
-0.666666666667 5.02654824574 4.47608674143
-0.666666666667 5.23598775598 5.07550118318
-0.666666666667 5.44542726622 5.24776525647
-0.666666666667 5.65486677646 5.46663240449
-0.666666666667 5.8643062867 1.76846124544
-0.666666666667 6.07374579694 1.55998280578

-0.6 0 1.0878255625
-0.6 0.209439510239 2.99132341384
-0.6 0.418879020479 1.24818802201
-0.6 0.628318530718 2.2413563191
-0.6 0.837758040957 5.58325609969
-0.6 1.0471975512 6.24998819532
-0.6 1.25663706144 8.39528617503
-0.6 1.46607657168 12.8167930897
-0.6 1.67551608191 17.4756095532
-0.6 1.88495559215 14.5175352415
-0.6 2.09439510239 1.35762276295
-0.6 2.30383461263 0.520317314285
-0.6 2.51327412287 0.362228217766
-0.6 2.72271363311 0.192432914561
-0.6 2.93215314335 0.0560510401233
-0.6 3.14159265359 0.251632246782
-0.6 3.35103216383 0.398049607517
-0.6 3.56047167407 1.15137899782
-0.6 3.76991118431 1.64324198527
-0.6 3.97935069455 1.24773970509
-0.6 4.18879020479 0.500262694915
-0.6 4.39822971503 1.21263049912
-0.6 4.60766922527 3.1351511111
-0.6 4.8171087355 2.66409776115
-0.6 5.02654824574 4.51146190884
-0.6 5.23598775598 5.25218691348
-0.6 5.44542726622 5.03490909881
-0.6 5.65486677646 4.82346478799
-0.6 5.8643062867 1.22130772494
-0.6 6.07374579694 1.2919656876

-0.533333333333 0 1.19360001635
-0.533333333333 0.209439510239 0.933845842825
-0.533333333333 0.418879020479 0.897442254965
-0.533333333333 0.628318530718 4.15610020716
-0.533333333333 0.837758040957 4.89487441359
-0.533333333333 1.0471975512 6.95027717957
-0.533333333333 1.25663706144 8.51603729408
-0.533333333333 1.46607657168 12.1584030067
-0.533333333333 1.67551608191 17.4008711338
-0.533333333333 1.88495559215 15.1838395523
-0.533333333333 2.09439510239 1.1656214669
-0.533333333333 2.30383461263 0.511233781118
-0.533333333333 2.51327412287 0.315649226514
-0.533333333333 2.72271363311 0.172866104372
-0.533333333333 2.93215314335 0.024642714594
-0.533333333333 3.14159265359 0.307255417185
-0.533333333333 3.35103216383 0.513076045381
-0.533333333333 3.56047167407 1.60450512311
-0.533333333333 3.76991118431 1.89671303291
-0.533333333333 3.97935069455 1.52751982148
-0.533333333333 4.18879020479 0.941302030745
-0.533333333333 4.39822971503 0.88717555884
-0.533333333333 4.60766922527 2.9495918134
-0.533333333333 4.8171087355 3.25722015185
-0.533333333333 5.02654824574 4.40125415749
-0.533333333333 5.23598775598 5.49671366791
-0.533333333333 5.44542726622 4.83779609934
-0.533333333333 5.65486677646 4.27211553474
-0.533333333333 5.8643062867 0.928056842422
-0.533333333333 6.07374579694 1.16789396235

-0.466666666667 0 1.16533958203
-0.466666666667 0.209439510239 0.20695412797
-0.466666666667 0.418879020479 1.82124272394
-0.466666666667 0.628318530718 2.94043943313
-0.466666666667 0.837758040957 4.39761111098
-0.466666666667 1.0471975512 6.28470571049
-0.466666666667 1.25663706144 8.93228811798
-0.466666666667 1.46607657168 11.9064678348
-0.466666666667 1.67551608191 17.1965972151
-0.466666666667 1.88495559215 15.4943495157
-0.466666666667 2.09439510239 1.02471247981
-0.466666666667 2.30383461263 0.510950391761
-0.466666666667 2.51327412287 0.27885783548
-0.466666666667 2.72271363311 0.151202870776
-0.466666666667 2.93215314335 0.0443826486518
-0.466666666667 3.14159265359 0.294072032233
-0.466666666667 3.35103216383 0.697538320337
-0.466666666667 3.56047167407 1.78239498259
-0.466666666667 3.76991118431 1.65798557071
-0.466666666667 3.97935069455 1.34462660422
-0.466666666667 4.18879020479 1.22309357308
-0.466666666667 4.39822971503 1.10266385229
-0.466666666667 4.60766922527 2.59693101778
-0.466666666667 4.8171087355 3.7748759636
-0.466666666667 5.02654824574 4.32272964659
-0.466666666667 5.23598775598 5.73172718583
-0.466666666667 5.44542726622 4.66056084338
-0.466666666667 5.65486677646 3.82000339204
-0.466666666667 5.8643062867 0.753641680214
-0.466666666667 6.07374579694 1.13598827553

-0.4 0 0.963420624999
-0.4 0.209439510239 0.190972083017
-0.4 0.418879020479 1.71956391782
-0.4 0.628318530718 2.97788160524
-0.4 0.837758040957 5.09031126255
-0.4 1.0471975512 6.04879934688
-0.4 1.25663706144 9.05079011264
-0.4 1.46607657168 11.8902368732
-0.4 1.67551608191 16.9924656021
-0.4 1.88495559215 15.572247857
-0.4 2.09439510239 0.916147292201
-0.4 2.30383461263 0.51296165618
-0.4 2.51327412287 0.249870401783
-0.4 2.72271363311 0.130343284822
-0.4 2.93215314335 0.0824975646188
-0.4 3.14159265359 0.256083489703
-0.4 3.35103216383 0.877124012771
-0.4 3.56047167407 1.71071831604
-0.4 3.76991118431 1.21879855024
-0.4 3.97935069455 0.977974201751
-0.4 4.18879020479 1.22105214468
-0.4 4.39822971503 1.42871494566
-0.4 4.60766922527 2.37539588579
-0.4 4.8171087355 4.07925492809
-0.4 5.02654824574 4.31765405256
-0.4 5.23598775598 5.92513720211
-0.4 5.44542726622 4.50506487368
-0.4 5.65486677646 3.45387760942
-0.4 5.8643062867 0.647256519882
-0.4 6.07374579694 1.15515547172

-0.333333333333 0 0.704138579153
-0.333333333333 0.209439510239 0.351551337274
-0.333333333333 0.418879020479 1.34232529672
-0.333333333333 0.628318530718 5.31590224747
-0.333333333333 0.837758040957 5.35602552232
-0.333333333333 1.0471975512 6.07909780058
-0.333333333333 1.25663706144 8.88185463976
-0.333333333333 1.46607657168 11.9929743898
-0.333333333333 1.67551608191 16.8472181162
-0.333333333333 1.88495559215 15.5136023335
-0.333333333333 2.09439510239 0.826571745407
-0.333333333333 2.30383461263 0.513860401677
-0.333333333333 2.51327412287 0.227130186143
-0.333333333333 2.72271363311 0.112089913862
-0.333333333333 2.93215314335 0.1202636811
-0.333333333333 3.14159265359 0.222828621723
-0.333333333333 3.35103216383 1.00965937752
-0.333333333333 3.56047167407 1.52700186031
-0.333333333333 3.76991118431 0.837428742814
-0.333333333333 3.97935069455 0.687719743952
-0.333333333333 4.18879020479 1.09676450606
-0.333333333333 4.39822971503 1.62744380156
-0.333333333333 4.60766922527 2.30670872055
-0.333333333333 4.8171087355 4.20546611843
-0.333333333333 5.02654824574 4.36692572503
-0.333333333333 5.23598775598 6.07083438527
-0.333333333333 5.44542726622 4.37202816834
-0.333333333333 5.65486677646 3.15920243184
-0.333333333333 5.8643062867 0.585701495046
-0.333333333333 6.07374579694 1.19181187436

-0.266666666667 0 0.490055149591
-0.266666666667 0.209439510239 0.475967394491
-0.266666666667 0.418879020479 0.949678100204
-0.266666666667 0.628318530718 3.54260630375
-0.266666666667 0.837758040957 4.14149153098
-0.266666666667 1.0471975512 5.96210842621
-0.266666666667 1.25663706144 8.71350564959
-0.266666666667 1.46607657168 12.1294703877
-0.266666666667 1.67551608191 16.7692332991
-0.266666666667 1.88495559215 15.3834840765
-0.266666666667 2.09439510239 0.747284694042
-0.266666666667 2.30383461263 0.512021371201
-0.266666666667 2.51327412287 0.209366326576
-0.266666666667 2.72271363311 0.0971519429946
-0.266666666667 2.93215314335 0.15046379585
-0.266666666667 3.14159265359 0.203734794038
-0.266666666667 3.35103216383 1.08926473628
-0.266666666667 3.56047167407 1.34111563129
-0.266666666667 3.76991118431 0.606762678739
-0.266666666667 3.97935069455 0.554807715416
-0.266666666667 4.18879020479 0.994346092559
-0.266666666667 4.39822971503 1.67886420641
-0.266666666667 4.60766922527 2.32338001203
-0.266666666667 4.8171087355 4.23260734198
-0.266666666667 5.02654824574 4.44116173485
-0.266666666667 5.23598775598 6.17416534337
-0.266666666667 5.44542726622 4.26172632369
-0.266666666667 5.65486677646 2.92359687115
-0.266666666667 5.8643062867 0.554646054022
-0.266666666667 6.07374579694 1.22444067151

-0.2 0 0.347669584645
-0.2 0.209439510239 0.523798627123
-0.2 0.418879020479 0.671180291995
-0.2 0.628318530718 2.60218682502
-0.2 0.837758040957 3.53552012555
-0.2 1.0471975512 5.62748520894
-0.2 1.25663706144 8.64562795843
-0.2 1.46607657168 12.2474397535
-0.2 1.67551608191 16.7469040911
-0.2 1.88495559215 15.2215195363
-0.2 2.09439510239 0.673158552986
-0.2 2.30383461263 0.506847475643
-0.2 2.51327412287 0.195550152132
-0.2 2.72271363311 0.0855137139319
-0.2 2.93215314335 0.17217418238
-0.2 3.14159265359 0.196329271886
-0.2 3.35103216383 1.12562404127
-0.2 3.56047167407 1.19973846744
-0.2 3.76991118431 0.512542462176
-0.2 3.97935069455 0.549068210201
-0.2 4.18879020479 0.960402521608
-0.2 4.39822971503 1.64508500664
-0.2 4.60766922527 2.3673903666
-0.2 4.8171087355 4.22048194968
-0.2 5.02654824574 4.51835214216
-0.2 5.23598775598 6.24398992957
-0.2 5.44542726622 4.17439217471
-0.2 5.65486677646 2.73680450604
-0.2 5.8643062867 0.54369124037
-0.2 6.07374579694 1.24430967891

-0.133333333333 0 0.264000677269
-0.133333333333 0.209439510239 0.521371343743
-0.133333333333 0.418879020479 0.585274654812
-0.133333333333 0.628318530718 2.35907821842
-0.133333333333 0.837758040957 3.34641877074
-0.133333333333 1.0471975512 5.3048635134
-0.133333333333 1.25663706144 8.67233845532
-0.133333333333 1.46607657168 12.3312444809
-0.133333333333 1.67551608191 16.7656308691
-0.133333333333 1.88495559215 15.0489388929
-0.133333333333 2.09439510239 0.601644914435
-0.133333333333 2.30383461263 0.498329509878
-0.133333333333 2.51327412287 0.184864113411
-0.133333333333 2.72271363311 0.0767847993349
-0.133333333333 2.93215314335 0.187124648664
-0.133333333333 3.14159265359 0.194223399893
-0.133333333333 3.35103216383 1.12935858718
-0.133333333333 3.56047167407 1.10512933708
-0.133333333333 3.76991118431 0.509501753673
-0.133333333333 3.97935069455 0.61579174344
-0.133333333333 4.18879020479 0.98171327677
-0.133333333333 4.39822971503 1.58194321976
-0.133333333333 4.60766922527 2.41063730542
-0.133333333333 4.8171087355 4.20020681635
-0.133333333333 5.02654824574 4.5860300773
-0.133333333333 5.23598775598 6.28896157777
-0.133333333333 5.44542726622 4.11045663942
-0.133333333333 5.65486677646 2.59037290391
-0.133333333333 5.8643062867 0.545189076785
-0.133333333333 6.07374579694 1.25141637159

-0.0666666666667 0 0.219399659166
-0.0666666666667 0.209439510239 0.497670414832
-0.0666666666667 0.418879020479 0.605755932936
-0.0666666666667 0.628318530718 2.25477033841
-0.0666666666667 0.837758040957 3.29383126133
-0.0666666666667 1.0471975512 5.11874673372
-0.0666666666667 1.25663706144 8.77227036697
-0.0666666666667 1.46607657168 12.3869179713
-0.0666666666667 1.67551608191 16.8140545626
-0.0666666666667 1.88495559215 14.8742537898
-0.0666666666667 2.09439510239 0.532043911822
-0.0666666666667 2.30383461263 0.48678760287
-0.0666666666667 2.51327412287 0.176669217946
-0.0666666666667 2.72271363311 0.0704507902326
-0.0666666666667 2.93215314335 0.197843191235
-0.0666666666667 3.14159265359 0.191372798426
-0.0666666666667 3.35103216383 1.10717259389
-0.0666666666667 3.56047167407 1.03988109049
-0.0666666666667 3.76991118431 0.557869146826
-0.0666666666667 3.97935069455 0.714093434781
-0.0666666666667 4.18879020479 1.03028067982
-0.0666666666667 4.39822971503 1.51818238012
-0.0666666666667 4.60766922527 2.44674971643
-0.0666666666667 4.8171087355 4.1836100747
-0.0666666666667 5.02654824574 4.63892088513
-0.0666666666667 5.23598775598 6.31603059208
-0.0666666666667 5.44542726622 4.07071083013
-0.0666666666667 5.65486677646 2.47750479051
-0.0666666666667 5.8643062867 0.553776698109
-0.0666666666667 6.07374579694 1.24975838561

6.12323399574e-17 0 0.19902099687
6.12323399574e-17 0.209439510239 0.469644198791
6.12323399574e-17 0.418879020479 0.639822612391
6.12323399574e-17 0.628318530718 2.19358332119
6.12323399574e-17 0.837758040957 3.27188200553
6.12323399574e-17 1.0471975512 5.05992984538
6.12323399574e-17 1.25663706144 8.92552492624
6.12323399574e-17 1.46607657168 12.4270386595
6.12323399574e-17 1.67551608191 16.8852225707
6.12323399574e-17 1.88495559215 14.6967352114
6.12323399574e-17 2.09439510239 0.46507735292
6.12323399574e-17 2.30383461263 0.472719849768
6.12323399574e-17 2.51327412287 0.170474046996
6.12323399574e-17 2.72271363311 0.0660370360465
6.12323399574e-17 2.93215314335 0.206901816514
6.12323399574e-17 3.14159265359 0.183546585897
6.12323399574e-17 3.35103216383 1.0628106601
6.12323399574e-17 3.56047167407 0.981122207453
6.12323399574e-17 3.76991118431 0.629884005229
6.12323399574e-17 3.97935069455 0.821593778714
6.12323399574e-17 4.18879020479 1.08391013019
6.12323399574e-17 4.39822971503 1.46387034116
6.12323399574e-17 4.60766922527 2.47951889886
6.12323399574e-17 4.8171087355 4.17308450058
6.12323399574e-17 5.02654824574 4.67629132137
6.12323399574e-17 5.23598775598 6.32997653804
6.12323399574e-17 5.44542726622 4.05643535382
6.12323399574e-17 5.65486677646 2.39302531178
6.12323399574e-17 5.8643062867 0.56595717787
6.12323399574e-17 6.07374579694 1.24400932302

0.0666666666667 0 0.194255060072
0.0666666666667 0.209439510239 0.444001395906
0.0666666666667 0.418879020479 0.659289510785
0.0666666666667 0.628318530718 2.134510547
0.0666666666667 0.837758040957 3.23450245177
0.0666666666667 1.0471975512 5.12144025476
0.0666666666667 1.25663706144 9.09374404849
0.0666666666667 1.46607657168 12.4649992095
0.0666666666667 1.67551608191 16.9757895753
0.0666666666667 1.88495559215 14.5076280962
0.0666666666667 2.09439510239 0.402740005827
0.0666666666667 2.30383461263 0.456714740095
0.0666666666667 2.51327412287 0.165909598247
0.0666666666667 2.72271363311 0.0632186244047
0.0666666666667 2.93215314335 0.216637873139
0.0666666666667 3.14159265359 0.168472559045
0.0666666666667 3.35103216383 1.00025975981
0.0666666666667 3.56047167407 0.906256157188
0.0666666666667 3.76991118431 0.704478880917
0.0666666666667 3.97935069455 0.927510516957
0.0666666666667 4.18879020479 1.12968240647
0.0666666666667 4.39822971503 1.42196313816
0.0666666666667 4.60766922527 2.51528386466
0.0666666666667 4.8171087355 4.16743406771
0.0666666666667 5.02654824574 4.70016216285
0.0666666666667 5.23598775598 6.33332008659
0.0666666666667 5.44542726622 4.06951801988
0.0666666666667 5.65486677646 2.33339896309
0.0666666666667 5.8643062867 0.579707311251
0.0666666666667 6.07374579694 1.23776168142

0.133333333333 0 0.201424758793
0.133333333333 0.209439510239 0.421189837303
0.133333333333 0.418879020479 0.671488438261
0.133333333333 0.628318530718 2.03029977681
0.133333333333 0.837758040957 3.15803166573
0.133333333333 1.0471975512 5.40142486483
0.133333333333 1.25663706144 9.19070962743
0.133333333333 1.46607657168 12.5156635666
0.133333333333 1.67551608191 17.084299335
0.133333333333 1.88495559215 14.2893485702
0.133333333333 2.09439510239 0.348375655427
0.133333333333 2.30383461263 0.439400646041
0.133333333333 2.51327412287 0.162714000198
0.133333333333 2.72271363311 0.0619086307709
0.133333333333 2.93215314335 0.228929239461
0.133333333333 3.14159265359 0.145579263713
0.133333333333 3.35103216383 0.92735584811
0.133333333333 3.56047167407 0.79657310528
0.133333333333 3.76991118431 0.760567499752
0.133333333333 3.97935069455 1.02467712337
0.133333333333 4.18879020479 1.16149890636
0.133333333333 4.39822971503 1.3952343765
0.133333333333 4.60766922527 2.55941072965
0.133333333333 4.8171087355 4.16421513886
0.133333333333 5.02654824574 4.71453526747
0.133333333333 5.23598775598 6.32628125415
0.133333333333 5.44542726622 4.11256438421
0.133333333333 5.65486677646 2.29678055576
0.133333333333 5.8643062867 0.594214036555
0.133333333333 6.07374579694 1.23278757054

0.2 0 0.220222025483
0.2 0.209439510239 0.398501477532
0.2 0.418879020479 0.694319405224
0.2 0.628318530718 1.80571422829
0.2 0.837758040957 2.99839612611
0.2 1.0471975512 6.36327461092
0.2 1.25663706144 9.09964279319
0.2 1.46607657168 12.5961516811
0.2 1.67551608191 17.2084907197
0.2 1.88495559215 14.0131375402
0.2 2.09439510239 0.306916759351
0.2 2.30383461263 0.421421055998
0.2 2.51327412287 0.160730050403
0.2 2.72271363311 0.0623464261517
0.2 2.93215314335 0.244786795119
0.2 3.14159265359 0.115814428579
0.2 3.35103216383 0.858478057008
0.2 3.56047167407 0.644154548871
0.2 3.76991118431 0.774299898325
0.2 3.97935069455 1.10356605959
0.2 4.18879020479 1.17734878699
0.2 4.39822971503 1.38847974023
0.2 4.60766922527 2.61557518103
0.2 4.8171087355 4.15968794249
0.2 5.02654824574 4.7255402591
0.2 5.23598775598 6.30663542287
0.2 5.44542726622 4.18899793331
0.2 5.65486677646 2.28311816802
0.2 5.8643062867 0.609835044897
0.2 6.07374579694 1.22875379149

0.266666666667 0 0.252479513134
0.266666666667 0.209439510239 0.372243720451
0.266666666667 0.418879020479 0.738370004302
0.266666666667 0.628318530718 1.41814000783
0.266666666667 0.837758040957 2.55303384246
0.266666666667 1.0471975512 9.47664266484
0.266666666667 1.25663706144 8.80726996748
0.266666666667 1.46607657168 12.7224220337
0.266666666667 1.67551608191 17.3410633873
0.266666666667 1.88495559215 13.6360207878
0.266666666667 2.09439510239 0.285222293691
0.266666666667 2.30383461263 0.403439102424
0.266666666667 2.51327412287 0.159921786985
0.266666666667 2.72271363311 0.0651934829008
0.266666666667 2.93215314335 0.263728088548
0.266666666667 3.14159265359 0.0818385472837
0.266666666667 3.35103216383 0.813834080304
0.266666666667 3.56047167407 0.465152763402
0.266666666667 3.76991118431 0.724629307658
0.266666666667 3.97935069455 1.14962318927
0.266666666667 4.18879020479 1.17773145116
0.266666666667 4.39822971503 1.40711284974
0.266666666667 4.60766922527 2.68711685327
0.266666666667 4.8171087355 4.14705512057
0.266666666667 5.02654824574 4.74235307648
0.266666666667 5.23598775598 6.26944001163
0.266666666667 5.44542726622 4.30312783886
0.266666666667 5.65486677646 2.29433665688
0.266666666667 5.8643062867 0.628370799029
0.266666666667 6.07374579694 1.22308184232

0.333333333333 0 0.301451744351
0.333333333333 0.209439510239 0.339759137481
0.333333333333 0.418879020479 0.794098037882
0.333333333333 0.628318530718 1.13278083918
0.333333333333 0.837758040957 1.20801941602
0.333333333333 1.0471975512 9.21052429915
0.333333333333 1.25663706144 8.55249059906
0.333333333333 1.46607657168 12.9104424114
0.333333333333 1.67551608191 17.4640292066
0.333333333333 1.88495559215 13.0986216659
0.333333333333 2.09439510239 0.292454249636
0.333333333333 2.30383461263 0.386208762481
0.333333333333 2.51327412287 0.160427084826
0.333333333333 2.72271363311 0.0716191296126
0.333333333333 2.93215314335 0.28321159013
0.333333333333 3.14159265359 0.0488048065804
0.333333333333 3.35103216383 0.811248948826
0.333333333333 3.56047167407 0.316612766515
0.333333333333 3.76991118431 0.610345425318
0.333333333333 3.97935069455 1.14582918682
0.333333333333 4.18879020479 1.16465082159
0.333333333333 4.39822971503 1.45349675462
0.333333333333 4.60766922527 2.78004626456
0.333333333333 4.8171087355 4.11359817322
0.333333333333 5.02654824574 4.77853343821
0.333333333333 5.23598775598 6.20673682747
0.333333333333 5.44542726622 4.46014227304
0.333333333333 5.65486677646 2.33463005245
0.333333333333 5.8643062867 0.653747683402
0.333333333333 6.07374579694 1.2109956736

0.4 0 0.371368266559
0.4 0.209439510239 0.30292614868
0.4 0.418879020479 0.83370837277
0.4 0.628318530718 1.24866457948
0.4 0.837758040957 1.69531827792
0.4 1.0471975512 5.99443904309
0.4 1.25663706144 8.80983211166
0.4 1.46607657168 13.223715982
0.4 1.67551608191 17.5453202233
0.4 1.88495559215 12.3266819228
0.4 2.09439510239 0.340463303311
0.4 2.30383461263 0.370816254115
0.4 2.51327412287 0.162691120804
0.4 2.72271363311 0.0833248840156
0.4 2.93215314335 0.298886255079
0.4 3.14159265359 0.0256576489401
0.4 3.35103216383 0.849141318092
0.4 3.56047167407 0.29875613174
0.4 3.76991118431 0.473985047667
0.4 3.97935069455 1.08218870128
0.4 4.18879020479 1.1401089913
0.4 4.39822971503 1.52504657884
0.4 4.60766922527 2.90563174831
0.4 4.8171087355 4.03842598328
0.4 5.02654824574 4.85274824209
0.4 5.23598775598 6.10756179999
0.4 5.44542726622 4.66595103721
0.4 5.65486677646 2.41088085763
0.4 5.8643062867 0.693229797777
0.4 6.07374579694 1.18624821474

0.466666666667 0 0.465066543729
0.466666666667 0.209439510239 0.275119007322
0.466666666667 0.418879020479 0.83922375593
0.466666666667 0.628318530718 1.47013632205
0.466666666667 0.837758040957 2.48734716094
0.466666666667 1.0471975512 4.97708313531
0.466666666667 1.25663706144 9.73549999654
0.466666666667 1.46607657168 13.9042731953
0.466666666667 1.67551608191 17.5463993218
0.466666666667 1.88495559215 11.2434060492
0.466666666667 2.09439510239 0.444285174257
0.466666666667 2.30383461263 0.359356819901
0.466666666667 2.51327412287 0.167798681238
0.466666666667 2.72271363311 0.10244455613
0.466666666667 2.93215314335 0.30677500576
0.466666666667 3.14159265359 0.0261048270773
0.466666666667 3.35103216383 0.891927234531
0.466666666667 3.56047167407 0.504494666022
0.466666666667 3.76991118431 0.408233491852
0.466666666667 3.97935069455 0.969789688321
0.466666666667 4.18879020479 1.1056427653
0.466666666667 4.39822971503 1.62356091114
0.466666666667 4.60766922527 3.07499053762
0.466666666667 4.8171087355 3.89537923752
0.466666666667 5.02654824574 4.98626716047
0.466666666667 5.23598775598 5.95903746866
0.466666666667 5.44542726622 4.92672848777
0.466666666667 5.65486677646 2.53320126999
0.466666666667 5.8643062867 0.759267812296
0.466666666667 6.07374579694 1.14352258725

0.533333333333 0 0.57381009842
0.533333333333 0.209439510239 0.281214678505
0.533333333333 0.418879020479 0.846908420529
0.533333333333 0.628318530718 1.49258343484
0.533333333333 0.837758040957 2.58228093023
0.533333333333 1.0471975512 6.79450317195
0.533333333333 1.25663706144 9.76754304806
0.533333333333 1.46607657168 15.179976136
0.533333333333 1.67551608191 17.4431787151
0.533333333333 1.88495559215 9.81708128988
0.533333333333 2.09439510239 0.623294468236
0.533333333333 2.30383461263 0.356668530545
0.533333333333 2.51327412287 0.17829959989
0.533333333333 2.72271363311 0.131438543021
0.533333333333 2.93215314335 0.307727506828
0.533333333333 3.14159265359 0.0668302367363
0.533333333333 3.35103216383 0.878402136668
0.533333333333 3.56047167407 0.90875453973
0.533333333333 3.76991118431 0.505836183004
0.533333333333 3.97935069455 0.850627037779
0.533333333333 4.18879020479 1.07514691862
0.533333333333 4.39822971503 1.78368593651
0.533333333333 4.60766922527 3.2700770264
0.533333333333 4.8171087355 3.66994762901
0.533333333333 5.02654824574 5.19218948093
0.533333333333 5.23598775598 5.75016140853
0.533333333333 5.44542726622 5.24789255049
0.533333333333 5.65486677646 2.71553511754
0.533333333333 5.8643062867 0.872009058441
0.533333333333 6.07374579694 1.08400200003

0.6 0 0.655720575398
0.6 0.209439510239 0.335669299976
0.6 0.418879020479 0.801564665944
0.6 0.628318530718 1.72852290656
0.6 0.837758040957 5.24689487002
0.6 1.0471975512 7.65944242695
0.6 1.25663706144 9.7210864267
0.6 1.46607657168 15.6134620447
0.6 1.67551608191 17.2209057434
0.6 1.88495559215 8.20971801028
0.6 2.09439510239 0.904975326163
0.6 2.30383461263 0.374504087496
0.6 2.51327412287 0.200200706883
0.6 2.72271363311 0.174063313671
0.6 2.93215314335 0.31078997578
0.6 3.14159265359 0.160273934044
0.6 3.35103216383 0.753390114969
0.6 3.56047167407 1.31806901732
0.6 3.76991118431 0.778848683105
0.6 3.97935069455 0.808990299054
0.6 4.18879020479 1.12596154466
0.6 4.39822971503 2.09029225934
0.6 4.60766922527 3.38529320636
0.6 4.8171087355 3.40230779816
0.6 5.02654824574 5.45024319301
0.6 5.23598775598 5.4812207242
0.6 5.44542726622 5.63201689854
0.6 5.65486677646 2.9761363546
0.6 5.8643062867 1.06228809439
0.6 6.07374579694 1.02710852986

0.666666666667 0 0.635713073447
0.666666666667 0.209439510239 0.425444748202
0.666666666667 0.418879020479 0.721004839466
0.666666666667 0.628318530718 1.50935941658
0.666666666667 0.837758040957 2.96984722124
0.666666666667 1.0471975512 4.79086820711
0.666666666667 1.25663706144 13.1118730139
0.666666666667 1.46607657168 14.8793616177
0.666666666667 1.67551608191 16.611930699
0.666666666667 1.88495559215 7.02330495093
0.666666666667 2.09439510239 1.33678506909
0.666666666667 2.30383461263 0.44073738892
0.666666666667 2.51327412287 0.247379724976
0.666666666667 2.72271363311 0.241703376296
0.666666666667 2.93215314335 0.326873220718
0.666666666667 3.14159265359 0.31371049201
0.666666666667 3.35103216383 0.530146124508
0.666666666667 3.56047167407 1.46395554341
0.666666666667 3.76991118431 1.1649156461
0.666666666667 3.97935069455 1.00772895666
0.666666666667 4.18879020479 1.4496383431
0.666666666667 4.39822971503 2.55101045563
0.666666666667 4.60766922527 3.21487864709
0.666666666667 4.8171087355 3.2577289581
0.666666666667 5.02654824574 5.66743613959
0.666666666667 5.23598775598 5.1829195883
0.666666666667 5.44542726622 6.0747161602
0.666666666667 5.65486677646 3.33744289414
0.666666666667 5.8643062867 1.3745772015
0.666666666667 6.07374579694 1.03670209392

0.733333333333 0 0.51520930757
0.733333333333 0.209439510239 0.482037775095
0.733333333333 0.418879020479 0.680804152242
0.733333333333 0.628318530718 1.12184062729
0.733333333333 0.837758040957 1.55756020768
0.733333333333 1.0471975512 3.45847030491
0.733333333333 1.25663706144 10.6479403725
0.733333333333 1.46607657168 15.3651009116
0.733333333333 1.67551608191 13.863694349
0.733333333333 1.88495559215 7.04476522409
0.733333333333 2.09439510239 2.01140117706
0.733333333333 2.30383461263 0.615707578059
0.733333333333 2.51327412287 0.34957482947
0.733333333333 2.72271363311 0.37558248415
0.733333333333 2.93215314335 0.353989556715
0.733333333333 3.14159265359 0.558522625585
0.733333333333 3.35103216383 0.382135089353
0.733333333333 3.56047167407 1.1921880029
0.733333333333 3.76991118431 1.47870809002
0.733333333333 3.97935069455 1.53947983893
0.733333333333 4.18879020479 2.06678518443
0.733333333333 4.39822971503 2.75030561023
0.733333333333 4.60766922527 2.6909191971
0.733333333333 4.8171087355 3.53724102754
0.733333333333 5.02654824574 5.64716410215
0.733333333333 5.23598775598 4.94687828924
0.733333333333 5.44542726622 6.55657462049
0.733333333333 5.65486677646 3.82409348378
0.733333333333 5.8643062867 1.86880689897
0.733333333333 6.07374579694 1.27235196628

0.8 0 0.583414788319
0.8 0.209439510239 0.401681258694
0.8 0.418879020479 0.705183770004
0.8 0.628318530718 1.11425071695
0.8 0.837758040957 2.38655064269
0.8 1.0471975512 7.45380127678
0.8 1.25663706144 14.1233326558
0.8 1.46607657168 13.5036622191
0.8 1.67551608191 11.0410148739
0.8 1.88495559215 7.93048749997
0.8 2.09439510239 3.04874279987
0.8 2.30383461263 1.00184913037
0.8 2.51327412287 0.561981143432
0.8 2.72271363311 0.684485538436
0.8 2.93215314335 0.397953289458
0.8 3.14159265359 0.884551233062
0.8 3.35103216383 0.579731966926
0.8 3.56047167407 0.801876876785
0.8 3.76991118431 1.35759409224
0.8 3.97935069455 1.77754802226
0.8 4.18879020479 2.11448714245
0.8 4.39822971503 2.17828804943
0.8 4.60766922527 2.4554983085
0.8 4.8171087355 4.29381917784
0.8 5.02654824574 5.14124653618
0.8 5.23598775598 4.95304349924
0.8 5.44542726622 7.02688960236
0.8 5.65486677646 4.45557222339
0.8 5.8643062867 2.61828202516
0.8 6.07374579694 2.03627967839

0.866666666667 0 1.74956134681
0.866666666667 0.209439510239 0.702715424894
0.866666666667 0.418879020479 0.873554140005
0.866666666667 0.628318530718 2.08834378771
0.866666666667 0.837758040957 4.6383354513
0.866666666667 1.0471975512 7.13725001172
0.866666666667 1.25663706144 8.44847041038
0.866666666667 1.46607657168 9.39240843826
0.866666666667 1.67551608191 10.8076549634
0.866666666667 1.88495559215 8.11431074243
0.866666666667 2.09439510239 4.31438914162
0.866666666667 2.30383461263 1.68066927593
0.866666666667 2.51327412287 0.979862860701
0.866666666667 2.72271363311 1.28122054427
0.866666666667 2.93215314335 0.618330619565
0.866666666667 3.14159265359 1.02020731073
0.866666666667 3.35103216383 1.31927145072
0.866666666667 3.56047167407 1.11922738874
0.866666666667 3.76991118431 1.1291987006
0.866666666667 3.97935069455 1.34998861507
0.866666666667 4.18879020479 1.64849104554
0.866666666667 4.39822971503 2.24615601652
0.866666666667 4.60766922527 3.49894797551
0.866666666667 4.8171087355 4.5111982068
0.866666666667 5.02654824574 4.22010974628
0.866666666667 5.23598775598 5.4302363911
0.866666666667 5.44542726622 7.36809352826
0.866666666667 5.65486677646 5.22184074423
0.866666666667 5.8643062867 3.69323732037
0.866666666667 6.07374579694 3.62654547211

0.933333333333 0 5.52054836478
0.933333333333 0.209439510239 4.16095582786
0.933333333333 0.418879020479 3.14361206641
0.933333333333 0.628318530718 3.09048342028
0.933333333333 0.837758040957 3.81127797152
0.933333333333 1.0471975512 5.09927643883
0.933333333333 1.25663706144 6.86976007607
0.933333333333 1.46607657168 8.88583316773
0.933333333333 1.67551608191 9.44732088079
0.933333333333 1.88495559215 7.54408009862
0.933333333333 2.09439510239 5.04076472862
0.933333333333 2.30383461263 2.6180690016
0.933333333333 2.51327412287 1.84654937427
0.933333333333 2.72271363311 2.11850343035
0.933333333333 2.93215314335 1.656703125
0.933333333333 3.14159265359 1.11899744887
0.933333333333 3.35103216383 1.36639347809
0.933333333333 3.56047167407 1.87025882653
0.933333333333 3.76991118431 2.25607581141
0.933333333333 3.97935069455 2.57661417873
0.933333333333 4.18879020479 2.92418380823
0.933333333333 4.39822971503 3.2322352131
0.933333333333 4.60766922527 3.30551539715
0.933333333333 4.8171087355 3.32959669223
0.933333333333 5.02654824574 4.32596121249
0.933333333333 5.23598775598 6.35597977722
0.933333333333 5.44542726622 7.29632073231
0.933333333333 5.65486677646 5.9882802826
0.933333333333 5.8643062867 5.07217915269
0.933333333333 6.07374579694 5.60823046137

