-1 0 0.200733082575
-1 0.209439510239 0.200733082575
-1 0.418879020479 0.200733082575
-1 0.628318530718 0.200733082575
-1 0.837758040957 0.200733082575
-1 1.0471975512 0.200733082575
-1 1.25663706144 0.200733082575
-1 1.46607657168 0.200733082575
-1 1.67551608191 0.200733082575
-1 1.88495559215 0.200733082575
-1 2.09439510239 0.200733082575
-1 2.30383461263 0.200733082575
-1 2.51327412287 0.200733082575
-1 2.72271363311 0.200733082575
-1 2.93215314335 0.200733082575
-1 3.14159265359 0.200733082575
-1 3.35103216383 0.200733082575
-1 3.56047167407 0.200733082575
-1 3.76991118431 0.200733082575
-1 3.97935069455 0.200733082575
-1 4.18879020479 0.200733082575
-1 4.39822971503 0.200733082575
-1 4.60766922527 0.200733082575
-1 4.8171087355 0.200733082575
-1 5.02654824574 0.200733082575
-1 5.23598775598 0.200733082575
-1 5.44542726622 0.200733082575
-1 5.65486677646 0.200733082575
-1 5.8643062867 0.200733082575
-1 6.07374579694 0.200733082575

-0.933333333333 0 0.65081448654
-0.933333333333 0.209439510239 0.574055787637
-0.933333333333 0.418879020479 0.551008401267
-0.933333333333 0.628318530718 0.608032570789
-0.933333333333 0.837758040957 0.677333568115
-0.933333333333 1.0471975512 0.676052345644
-0.933333333333 1.25663706144 0.555617512079
-0.933333333333 1.46607657168 0.364556940636
-0.933333333333 1.67551608191 0.202023589398
-0.933333333333 1.88495559215 0.0800831350798
-0.933333333333 2.09439510239 0.00907618911595
-0.933333333333 2.30383461263 0.0631667531797
-0.933333333333 2.51327412287 0.191222158124
-0.933333333333 2.72271363311 0.262572504036
-0.933333333333 2.93215314335 0.215804293476
-0.933333333333 3.14159265359 0.120765535351
-0.933333333333 3.35103216383 0.0677894386343
-0.933333333333 3.56047167407 0.0581320729449
-0.933333333333 3.76991118431 0.0604197829471
-0.933333333333 3.97935069455 0.0622566648176
-0.933333333333 4.18879020479 0.0653823530592
-0.933333333333 4.39822971503 0.0766736579537
-0.933333333333 4.60766922527 0.0770878356132
-0.933333333333 4.8171087355 0.037171580632
-0.933333333333 5.02654824574 0.0570535530502
-0.933333333333 5.23598775598 0.192465293502
-0.933333333333 5.44542726622 0.197877835951
-0.933333333333 5.65486677646 0.134963150093
-0.933333333333 5.8643062867 0.332188106013
-0.933333333333 6.07374579694 0.60089578476

-0.866666666667 0 0.280651110978
-0.866666666667 0.209439510239 0.182732490616
-0.866666666667 0.418879020479 0.26912936281
-0.866666666667 0.628318530718 0.399882752938
-0.866666666667 0.837758040957 0.58732074613
-0.866666666667 1.0471975512 0.871664309711
-0.866666666667 1.25663706144 1.07023496759
-0.866666666667 1.46607657168 0.843549213126
-0.866666666667 1.67551608191 0.36793800604
-0.866666666667 1.88495559215 0.139363725556
-0.866666666667 2.09439510239 0.0264284971845
-0.866666666667 2.30383461263 0.0358781935774
-0.866666666667 2.51327412287 0.18753743338
-0.866666666667 2.72271363311 0.267949910745
-0.866666666667 2.93215314335 0.138398566716
-0.866666666667 3.14159265359 0.0964493974666
-0.866666666667 3.35103216383 0.118722160013
-0.866666666667 3.56047167407 0.0941486399422
-0.866666666667 3.76991118431 0.107350368579
-0.866666666667 3.97935069455 0.162130225308
-0.866666666667 4.18879020479 0.188894672105
-0.866666666667 4.39822971503 0.128824418227
-0.866666666667 4.60766922527 0.076876781999
-0.866666666667 4.8171087355 0.135513670734
-0.866666666667 5.02654824574 0.111581031357
-0.866666666667 5.23598775598 0.139911162238
-0.866666666667 5.44542726622 0.123751878736
-0.866666666667 5.65486677646 0.208115731775
-0.866666666667 5.8643062867 0.439269453742
-0.866666666667 6.07374579694 0.474571827098

-0.8 0 0.110540474376
-0.8 0.209439510239 0.0898248341226
-0.8 0.418879020479 0.202965185527
-0.8 0.628318530718 0.170013551111
-0.8 0.837758040957 0.127180332485
-0.8 1.0471975512 0.287595444862
-0.8 1.25663706144 0.805190858788
-0.8 1.46607657168 1.16100536089
-0.8 1.67551608191 0.676182619723
-0.8 1.88495559215 0.219703061238
-0.8 2.09439510239 0.054363828092
-0.8 2.30383461263 0.0355377255424
-0.8 2.51327412287 0.199855236797
-0.8 2.72271363311 0.23424491735
-0.8 2.93215314335 0.096635909549
-0.8 3.14159265359 0.173681452893
-0.8 3.35103216383 0.0637301060236
-0.8 3.56047167407 0.0345316677327
-0.8 3.76991118431 0.129210925282
-0.8 3.97935069455 0.168804565316
-0.8 4.18879020479 0.198172591123
-0.8 4.39822971503 0.222373556558
-0.8 4.60766922527 0.0976172192164
-0.8 4.8171087355 0.0312423135568
-0.8 5.02654824574 0.109711276621
-0.8 5.23598775598 0.209830165835
-0.8 5.44542726622 0.0735093922708
-0.8 5.65486677646 0.290859256607
-0.8 5.8643062867 0.309152288013
-0.8 6.07374579694 0.378581669287

-0.733333333333 0 0.0546827156074
-0.733333333333 0.209439510239 0.256337378747
-0.733333333333 0.418879020479 0.340817233644
-0.733333333333 0.628318530718 0.245612696443
-0.733333333333 0.837758040957 0.120745007572
-0.733333333333 1.0471975512 0.00998634004103
-0.733333333333 1.25663706144 0.267877102664
-0.733333333333 1.46607657168 1.00768798695
-0.733333333333 1.67551608191 0.928905981243
-0.733333333333 1.88495559215 0.321871199989
-0.733333333333 2.09439510239 0.0879737866563
-0.733333333333 2.30383461263 0.0492472405529
-0.733333333333 2.51327412287 0.209777531625
-0.733333333333 2.72271363311 0.173749105055
-0.733333333333 2.93215314335 0.148674163467
-0.733333333333 3.14159265359 0.183623472721
-0.733333333333 3.35103216383 0.0387671617448
-0.733333333333 3.56047167407 0.283197661164
-0.733333333333 3.76991118431 0.408833128092
-0.733333333333 3.97935069455 0.272152626819
-0.733333333333 4.18879020479 0.117070414709
-0.733333333333 4.39822971503 0.104938521782
-0.733333333333 4.60766922527 0.107870130394
-0.733333333333 4.8171087355 0.0175182735404
-0.733333333333 5.02654824574 0.0402150772338
-0.733333333333 5.23598775598 0.250439158785
-0.733333333333 5.44542726622 0.0467832965725
-0.733333333333 5.65486677646 0.352610712221
-0.733333333333 5.8643062867 0.205146588545
-0.733333333333 6.07374579694 0.445910432417

-0.666666666667 0 0.0950155062872
-0.666666666667 0.209439510239 0.390146253538
-0.666666666667 0.418879020479 0.34246441606
-0.666666666667 0.628318530718 0.298918478065
-0.666666666667 0.837758040957 0.256976705536
-0.666666666667 1.0471975512 0.111274123677
-0.666666666667 1.25663706144 0.0296585576414
-0.666666666667 1.46607657168 0.663455168103
-0.666666666667 1.67551608191 1.03991475915
-0.666666666667 1.88495559215 0.422722331202
-0.666666666667 2.09439510239 0.123565287097
-0.666666666667 2.30383461263 0.0707521810613
-0.666666666667 2.51327412287 0.211903467286
-0.666666666667 2.72271363311 0.117647959681
-0.666666666667 2.93215314335 0.243121298992
-0.666666666667 3.14159265359 0.135603782409
-0.666666666667 3.35103216383 0.221804870049
-0.666666666667 3.56047167407 0.624886860284
-0.666666666667 3.76991118431 0.593153029433
-0.666666666667 3.97935069455 0.364158907995
-0.666666666667 4.18879020479 0.183375154987
-0.666666666667 4.39822971503 0.10105380731
-0.666666666667 4.60766922527 0.049209565526
-0.666666666667 4.8171087355 0.0591796452398
-0.666666666667 5.02654824574 0.0378119926485
-0.666666666667 5.23598775598 0.249509247839
-0.666666666667 5.44542726622 0.036072821883
-0.666666666667 5.65486677646 0.385949745137
-0.666666666667 5.8643062867 0.18853798616
-0.666666666667 6.07374579694 0.467778222962

-0.6 0 0.18458443497
-0.6 0.209439510239 0.368245211473
-0.6 0.418879020479 0.300847902506
-0.6 0.628318530718 0.352922901679
-0.6 0.837758040957 0.335876741397
-0.6 1.0471975512 0.253212275782
-0.6 1.25663706144 0.0554521011112
-0.6 1.46607657168 0.376112041545
-0.6 1.67551608191 1.03311073185
-0.6 1.88495559215 0.510529024656
-0.6 2.09439510239 0.156967833664
-0.6 2.30383461263 0.0962671216481
-0.6 2.51327412287 0.206968051927
-0.6 2.72271363311 0.0821918137459
-0.6 2.93215314335 0.323640480987
-0.6 3.14159265359 0.109463055122
-0.6 3.35103216383 0.469062778557
-0.6 3.56047167407 0.728275510727
-0.6 3.76991118431 0.509497172795
-0.6 3.97935069455 0.326448192347
-0.6 4.18879020479 0.265104920835
-0.6 4.39822971503 0.271961168921
-0.6 4.60766922527 0.0661936019551
-0.6 4.8171087355 0.0812031819776
-0.6 5.02654824574 0.0905172708738
-0.6 5.23598775598 0.239815475498
-0.6 5.44542726622 0.0352714694328
-0.6 5.65486677646 0.396836767183
-0.6 5.8643062867 0.215662377273
-0.6 6.07374579694 0.427798349876

-0.533333333333 0 0.253453150509
-0.533333333333 0.209439510239 0.307159994582
-0.533333333333 0.418879020479 0.394992159565
-0.533333333333 0.628318530718 0.509449636358
-0.533333333333 0.837758040957 0.398689050746
-0.533333333333 1.0471975512 0.316329171019
-0.533333333333 1.25663706144 0.158777589176
-0.533333333333 1.46607657168 0.216747306361
-0.533333333333 1.67551608191 0.959654901133
-0.533333333333 1.88495559215 0.583066441996
-0.533333333333 2.09439510239 0.185312006444
-0.533333333333 2.30383461263 0.123292093297
-0.533333333333 2.51327412287 0.197543677799
-0.533333333333 2.72271363311 0.0693704755193
-0.533333333333 2.93215314335 0.368375020379
-0.533333333333 3.14159265359 0.131381242673
-0.533333333333 3.35103216383 0.624267855274
-0.533333333333 3.56047167407 0.608625456966
-0.533333333333 3.76991118431 0.321330433434
-0.533333333333 3.97935069455 0.244609866128
-0.533333333333 4.18879020479 0.27937746177
-0.533333333333 4.39822971503 0.41985071773
-0.533333333333 4.60766922527 0.164220959547
-0.533333333333 4.8171087355 0.0862814564436
-0.533333333333 5.02654824574 0.149696117358
-0.533333333333 5.23598775598 0.238319096892
-0.533333333333 5.44542726622 0.0399518804279
-0.533333333333 5.65486677646 0.393849406206
-0.533333333333 5.8643062867 0.248257863251
-0.533333333333 6.07374579694 0.382216357021

-0.466666666667 0 0.283851929155
-0.466666666667 0.209439510239 0.299472281981
-0.466666666667 0.418879020479 0.594833166633
-0.466666666667 0.628318530718 0.710549757148
-0.466666666667 0.837758040957 0.469552667143
-0.466666666667 1.0471975512 0.325407135475
-0.466666666667 1.25663706144 0.238114966043
-0.466666666667 1.46607657168 0.158350117971
-0.466666666667 1.67551608191 0.86173894055
-0.466666666667 1.88495559215 0.641882416832
-0.466666666667 2.09439510239 0.207333220608
-0.466666666667 2.30383461263 0.150119810505
-0.466666666667 2.51327412287 0.186146439398
-0.466666666667 2.72271363311 0.0740639526195
-0.466666666667 2.93215314335 0.379973324649
-0.466666666667 3.14159265359 0.183088106426
-0.466666666667 3.35103216383 0.657821741534
-0.466666666667 3.56047167407 0.423719797465
-0.466666666667 3.76991118431 0.181221264278
-0.466666666667 3.97935069455 0.201567117655
-0.466666666667 4.18879020479 0.272231154387
-0.466666666667 4.39822971503 0.465406745692
-0.466666666667 4.60766922527 0.266094257323
-0.466666666667 4.8171087355 0.0903900726304
-0.466666666667 5.02654824574 0.19110091155
-0.466666666667 5.23598775598 0.246945528338
-0.466666666667 5.44542726622 0.047185081113
-0.466666666667 5.65486677646 0.383795657951
-0.466666666667 5.8643062867 0.272407617924
-0.466666666667 6.07374579694 0.357894362272

-0.4 0 0.290821971516
-0.4 0.209439510239 0.340450085902
-0.4 0.418879020479 0.777790354887
-0.4 0.628318530718 0.858167109334
-0.4 0.837758040957 0.529074767114
-0.4 1.0471975512 0.318744651811
-0.4 1.25663706144 0.275165838513
-0.4 1.46607657168 0.154583378684
-0.4 1.67551608191 0.765266629755
-0.4 1.88495559215 0.689305065794
-0.4 2.09439510239 0.222930303122
-0.4 2.30383461263 0.175572835948
-0.4 2.51327412287 0.174624895715
-0.4 2.72271363311 0.0894150336186
-0.4 2.93215314335 0.369859748159
-0.4 3.14159265359 0.239560014635
-0.4 3.35103216383 0.613998399971
-0.4 3.56047167407 0.278054555505
-0.4 3.76991118431 0.120742021971
-0.4 3.97935069455 0.201593636514
-0.4 4.18879020479 0.286693833175
-0.4 4.39822971503 0.459418449302
-0.4 4.60766922527 0.331247725212
-0.4 4.8171087355 0.0981536286884
-0.4 5.02654824574 0.2119843823
-0.4 5.23598775598 0.262120154036
-0.4 5.44542726622 0.0551806282991
-0.4 5.65486677646 0.37115559921
-0.4 5.8643062867 0.287281290591
-0.4 6.07374579694 0.353213456413

-0.333333333333 0 0.290451742896
-0.333333333333 0.209439510239 0.390408007616
-0.333333333333 0.418879020479 0.877972235801
-0.333333333333 0.628318530718 0.916349313529
-0.333333333333 0.837758040957 0.560975046211
-0.333333333333 1.0471975512 0.314044822246
-0.333333333333 1.25663706144 0.283858590757
-0.333333333333 1.46607657168 0.171816510193
-0.333333333333 1.67551608191 0.682806961215
-0.333333333333 1.88495559215 0.72750141987
-0.333333333333 2.09439510239 0.232624972538
-0.333333333333 2.30383461263 0.198839453781
-0.333333333333 2.51327412287 0.164113115731
-0.333333333333 2.72271363311 0.109475670978
-0.333333333333 2.93215314335 0.34920161021
-0.333333333333 3.14159265359 0.286096697611
-0.333333333333 3.35103216383 0.544060865538
-0.333333333333 3.56047167407 0.195838888433
-0.333333333333 3.76991118431 0.112099173784
-0.333333333333 3.97935069455 0.217745819995
-0.333333333333 4.18879020479 0.320201317101
-0.333333333333 4.39822971503 0.458782235353
-0.333333333333 4.60766922527 0.363987504085
-0.333333333333 4.8171087355 0.107931298988
-0.333333333333 5.02654824574 0.218109019238
-0.333333333333 5.23598775598 0.279790953619
-0.333333333333 5.44542726622 0.0629061939838
-0.333333333333 5.65486677646 0.358576318988
-0.333333333333 5.8643062867 0.295661334115
-0.333333333333 6.07374579694 0.358867903285

-0.266666666667 0 0.290231738866
-0.266666666667 0.209439510239 0.423837551746
-0.266666666667 0.418879020479 0.899678036013
-0.266666666667 0.628318530718 0.904456482692
-0.266666666667 0.837758040957 0.566464004842
-0.266666666667 1.0471975512 0.315442889242
-0.266666666667 1.25663706144 0.280311150004
-0.266666666667 1.46607657168 0.192671673935
-0.266666666667 1.67551608191 0.618618320384
-0.266666666667 1.88495559215 0.758357728167
-0.266666666667 2.09439510239 0.237165127663
-0.266666666667 2.30383461263 0.219362106617
-0.266666666667 2.51327412287 0.15518134294
-0.266666666667 2.72271363311 0.130019914134
-0.266666666667 2.93215314335 0.325825075741
-0.266666666667 3.14159265359 0.318500746695
-0.266666666667 3.35103216383 0.479315105922
-0.266666666667 3.56047167407 0.16181955101
-0.266666666667 3.76991118431 0.124610090561
-0.266666666667 3.97935069455 0.230205829659
-0.266666666667 4.18879020479 0.352698855151
-0.266666666667 4.39822971503 0.480132755517
-0.266666666667 4.60766922527 0.38118561118
-0.266666666667 4.8171087355 0.117485641208
-0.266666666667 5.02654824574 0.216176357442
-0.266666666667 5.23598775598 0.297006600302
-0.266666666667 5.44542726622 0.0698024271829
-0.266666666667 5.65486677646 0.347455405253
-0.266666666667 5.8643062867 0.30000649927
-0.266666666667 6.07374579694 0.368097564614

-0.2 0 0.291452277168
-0.2 0.209439510239 0.435613159052
-0.2 0.418879020479 0.873958985867
-0.2 0.628318530718 0.85990991854
-0.2 0.837758040957 0.557530226159
-0.2 1.0471975512 0.322662428166
-0.2 1.25663706144 0.274405813428
-0.2 1.46607657168 0.210558510436
-0.2 1.67551608191 0.572776403081
-0.2 1.88495559215 0.783518446232
-0.2 2.09439510239 0.237303445402
-0.2 2.30383461263 0.236758757433
-0.2 2.51327412287 0.14802041973
-0.2 2.72271363311 0.148461844752
-0.2 2.93215314335 0.304168623599
-0.2 3.14159265359 0.338236268807
-0.2 3.35103216383 0.43169302534
-0.2 3.56047167407 0.154392300508
-0.2 3.76991118431 0.140960534758
-0.2 3.97935069455 0.232950043966
-0.2 4.18879020479 0.371810201224
-0.2 4.39822971503 0.515909016112
-0.2 4.60766922527 0.393731734723
-0.2 4.8171087355 0.125492792201
-0.2 5.02654824574 0.211195147668
-0.2 5.23598775598 0.312052383185
-0.2 5.44542726622 0.0756009429816
-0.2 5.65486677646 0.338400242171
-0.2 5.8643062867 0.301558305766
-0.2 6.07374579694 0.378235182922

-0.133333333333 0 0.293074635724
-0.133333333333 0.209439510239 0.430874229722
-0.133333333333 0.418879020479 0.827922995801
-0.133333333333 0.628318530718 0.813290061613
-0.133333333333 0.837758040957 0.547838296865
-0.133333333333 1.0471975512 0.335057300491
-0.133333333333 1.25663706144 0.270382561722
-0.133333333333 1.46607657168 0.224207700986
-0.133333333333 1.67551608191 0.543800815359
-0.133333333333 1.88495559215 0.804361638846
-0.133333333333 2.09439510239 0.233709638953
-0.133333333333 2.30383461263 0.250767283619
-0.133333333333 2.51327412287 0.142598691332
-0.133333333333 2.72271363311 0.16347018093
-0.133333333333 2.93215314335 0.286226759222
-0.133333333333 3.14159265359 0.348401671843
-0.133333333333 3.35103216383 0.402275094728
-0.133333333333 3.56047167407 0.158264374628
-0.133333333333 3.76991118431 0.15469235011
-0.133333333333 3.97935069455 0.227940391045
-0.133333333333 4.18879020479 0.37769554643
-0.133333333333 4.39822971503 0.555530232943
-0.133333333333 4.60766922527 0.404386518914
-0.133333333333 4.8171087355 0.131263017669
-0.133333333333 5.02654824574 0.20621796621
-0.133333333333 5.23598775598 0.324168312669
-0.133333333333 5.44542726622 0.08021675017
-0.133333333333 5.65486677646 0.331549512574
-0.133333333333 5.8643062867 0.300534370728
-0.133333333333 6.07374579694 0.389350798634

-0.0666666666667 0 0.293789426755
-0.0666666666667 0.209439510239 0.416883018479
-0.0666666666667 0.418879020479 0.775973814397
-0.0666666666667 0.628318530718 0.780171237516
-0.0666666666667 0.837758040957 0.54744191962
-0.0666666666667 1.0471975512 0.35239712113
-0.0666666666667 1.25663706144 0.269082157794
-0.0666666666667 1.46607657168 0.2344243946
-0.0666666666667 1.67551608191 0.53006889567
-0.0666666666667 1.88495559215 0.821886396195
-0.0666666666667 2.09439510239 0.226966885699
-0.0666666666667 2.30383461263 0.26120808438
-0.0666666666667 2.51327412287 0.138777521784
-0.0666666666667 2.72271363311 0.174568040345
-0.0666666666667 2.93215314335 0.272511679179
-0.0666666666667 3.14159265359 0.35166981196
-0.0666666666667 3.35103216383 0.388161334493
-0.0666666666667 3.56047167407 0.165661855894
-0.0666666666667 3.76991118431 0.164888408461
-0.0666666666667 3.97935069455 0.21939972816
-0.0666666666667 4.18879020479 0.377556049811
-0.0666666666667 4.39822971503 0.59340584553
-0.0666666666667 4.60766922527 0.411269145526
-0.0666666666667 4.8171087355 0.1343082572
-0.0666666666667 5.02654824574 0.202833907244
-0.0666666666667 5.23598775598 0.333229304765
-0.0666666666667 5.44542726622 0.0836887046614
-0.0666666666667 5.65486677646 0.326785618025
-0.0666666666667 5.8643062867 0.296539340382
-0.0666666666667 6.07374579694 0.402803185758

6.12323399574e-17 0 0.292524449739
6.12323399574e-17 0.209439510239 0.400012225963
6.12323399574e-17 0.418879020479 0.722122394902
6.12323399574e-17 0.628318530718 0.762545186865
6.12323399574e-17 0.837758040957 0.560864890237
6.12323399574e-17 1.0471975512 0.374340895663
6.12323399574e-17 1.25663706144 0.269523140623
6.12323399574e-17 1.46607657168 0.242718424602
6.12323399574e-17 1.67551608191 0.530462503449
6.12323399574e-17 1.88495559215 0.836536531493
6.12323399574e-17 2.09439510239 0.217616203343
6.12323399574e-17 2.30383461263 0.267961529602
6.12323399574e-17 2.51327412287 0.136389166059
6.12323399574e-17 2.72271363311 0.18182488147
6.12323399574e-17 2.93215314335 0.262724791237
6.12323399574e-17 3.14159265359 0.349677068497
6.12323399574e-17 3.35103216383 0.38582309036
6.12323399574e-17 3.56047167407 0.174025036875
6.12323399574e-17 3.76991118431 0.172744398777
6.12323399574e-17 3.97935069455 0.211330195472
6.12323399574e-17 4.18879020479 0.379900688004
6.12323399574e-17 4.39822971503 0.628115480171
6.12323399574e-17 4.60766922527 0.410965918757
6.12323399574e-17 4.8171087355 0.134175866931
6.12323399574e-17 5.02654824574 0.201726262421
6.12323399574e-17 5.23598775598 0.339489474485
6.12323399574e-17 5.44542726622 0.0861508160065
6.12323399574e-17 5.65486677646 0.323867553541
6.12323399574e-17 5.8643062867 0.288924509584
6.12323399574e-17 6.07374579694 0.420341978159

0.0666666666667 0 0.288296941128
0.0666666666667 0.209439510239 0.385669762804
0.0666666666667 0.418879020479 0.664980387973
0.0666666666667 0.628318530718 0.753050501797
0.0666666666667 0.837758040957 0.586448175609
0.0666666666667 1.0471975512 0.399325585552
0.0666666666667 1.25663706144 0.269661789997
0.0666666666667 1.46607657168 0.251058844418
0.0666666666667 1.67551608191 0.544575685117
0.0666666666667 1.88495559215 0.847973565624
0.0666666666667 2.09439510239 0.206226942199
0.0666666666667 2.30383461263 0.270960262956
0.0666666666667 2.51327412287 0.135286679376
0.0666666666667 2.72271363311 0.185660073469
0.0666666666667 2.93215314335 0.256123632811
0.0666666666667 3.14159265359 0.343195386691
0.0666666666667 3.35103216383 0.391845884187
0.0666666666667 3.56047167407 0.18358436509
0.0666666666667 3.76991118431 0.179861542896
0.0666666666667 3.97935069455 0.207361050427
0.0666666666667 4.18879020479 0.391858956101
0.0666666666667 4.39822971503 0.659115402656
0.0666666666667 4.60766922527 0.400142317027
0.0666666666667 4.8171087355 0.130486366015
0.0666666666667 5.02654824574 0.203089005463
0.0666666666667 5.23598775598 0.34338715742
0.0666666666667 5.44542726622 0.0878236803551
0.0666666666667 5.65486677646 0.322506881593
0.0666666666667 5.8643062867 0.277070848247
0.0666666666667 6.07374579694 0.443606983533

0.133333333333 0 0.280024593391
0.133333333333 0.209439510239 0.378942144394
0.133333333333 0.418879020479 0.602437330653
0.133333333333 0.628318530718 0.739005738832
0.133333333333 0.837758040957 0.615845893244
0.133333333333 1.0471975512 0.423091382168
0.133333333333 1.25663706144 0.266847386547
0.133333333333 1.46607657168 0.262242371959
0.133333333333 1.67551608191 0.572641863319
0.133333333333 1.88495559215 0.854801933447
0.133333333333 2.09439510239 0.193481691532
0.133333333333 2.30383461263 0.270197150587
0.133333333333 2.51327412287 0.135375343978
0.133333333333 2.72271363311 0.186743703659
0.133333333333 2.93215314335 0.25166083879
0.133333333333 3.14159265359 0.332702419648
0.133333333333 3.35103216383 0.402239883772
0.133333333333 3.56047167407 0.195520465943
0.133333333333 3.76991118431 0.187307659887
0.133333333333 3.97935069455 0.211297664578
0.133333333333 4.18879020479 0.418416543868
0.133333333333 4.39822971503 0.683861283828
0.133333333333 4.60766922527 0.376335757154
0.133333333333 4.8171087355 0.12304953258
0.133333333333 5.02654824574 0.206898961586
0.133333333333 5.23598775598 0.34537853197
0.133333333333 5.44542726622 0.0890206577269
0.133333333333 5.65486677646 0.322402649394
0.133333333333 5.8643062867 0.260643366163
0.133333333333 6.07374579694 0.473725547356

0.2 0 0.266642031689
0.2 0.209439510239 0.384615981308
0.2 0.418879020479 0.535825389321
0.2 0.628318530718 0.706517254181
0.2 0.837758040957 0.634381975708
0.2 1.0471975512 0.437580525964
0.2 1.25663706144 0.258742543482
0.2 1.46607657168 0.280577058866
0.2 1.67551608191 0.615173615275
0.2 1.88495559215 0.854261370463
0.2 2.09439510239 0.180266147001
0.2 2.30383461263 0.265752984824
0.2 2.51327412287 0.136632125513
0.2 2.72271363311 0.185974466511
0.2 2.93215314335 0.247985927072
0.2 3.14159265359 0.319192880107
0.2 3.35103216383 0.411271463321
0.2 3.56047167407 0.210496943021
0.2 3.76991118431 0.195154702764
0.2 3.97935069455 0.227229480127
0.2 4.18879020479 0.461528429094
0.2 4.39822971503 0.696055846787
0.2 4.60766922527 0.338720057784
0.2 4.8171087355 0.111971739894
0.2 5.02654824574 0.213104624686
0.2 5.23598775598 0.345763260026
0.2 5.44542726622 0.0901646462627
0.2 5.65486677646 0.323243962601
0.2 5.8643062867 0.239874368235
0.2 6.07374579694 0.510768490275

0.266666666667 0 0.247761879116
0.266666666667 0.209439510239 0.405733409029
0.266666666667 0.418879020479 0.473635089551
0.266666666667 0.628318530718 0.646428586828
0.266666666667 0.837758040957 0.624669116576
0.266666666667 1.0471975512 0.432276206529
0.266666666667 1.25663706144 0.245627891851
0.266666666667 1.46607657168 0.312512079974
0.266666666667 1.67551608191 0.67215919041
0.266666666667 1.88495559215 0.841965965465
0.266666666667 2.09439510239 0.167747202863
0.266666666667 2.30383461263 0.257850768636
0.266666666667 2.51327412287 0.139117499477
0.266666666667 2.72271363311 0.184522226361
0.266666666667 2.93215314335 0.243409925437
0.266666666667 3.14159265359 0.305075036478
0.266666666667 3.35103216383 0.410959946856
0.266666666667 3.56047167407 0.227446092179
0.266666666667 3.76991118431 0.203083884067
0.266666666667 3.97935069455 0.258688457983
0.266666666667 4.18879020479 0.517934802842
0.266666666667 4.39822971503 0.685485182261
0.266666666667 4.60766922527 0.289202697925
0.266666666667 4.8171087355 0.0977050268792
0.266666666667 5.02654824574 0.221803855124
0.266666666667 5.23598775598 0.34447466252
0.266666666667 5.44542726622 0.091811882422
0.266666666667 5.65486677646 0.324684043071
0.266666666667 5.8643062867 0.215917278374
0.266666666667 6.07374579694 0.552931115128

0.333333333333 0 0.225030024437
0.333333333333 0.209439510239 0.44021677532
0.333333333333 0.418879020479 0.433378073784
0.333333333333 0.628318530718 0.563090564329
0.333333333333 0.837758040957 0.576236281351
0.333333333333 1.0471975512 0.400935317973
0.333333333333 1.25663706144 0.234525786949
0.333333333333 1.46607657168 0.366359145996
0.333333333333 1.67551608191 0.741528365131
0.333333333333 1.88495559215 0.811912559549
0.333333333333 2.09439510239 0.157400600488
0.333333333333 2.30383461263 0.246949145913
0.333333333333 2.51327412287 0.142980067416
0.333333333333 2.72271363311 0.183932883816
0.333333333333 2.93215314335 0.235978146894
0.333333333333 3.14159265359 0.294673945739
0.333333333333 3.35103216383 0.393139345696
0.333333333333 3.56047167407 0.243171625113
0.333333333333 3.76991118431 0.212945787813
0.333333333333 3.97935069455 0.306991082326
0.333333333333 4.18879020479 0.576264413178
0.333333333333 4.39822971503 0.640574980395
0.333333333333 4.60766922527 0.233552735088
0.333333333333 4.8171087355 0.0810203234394
0.333333333333 5.02654824574 0.233460321879
0.333333333333 5.23598775598 0.340827150857
0.333333333333 5.44542726622 0.0946772544721
0.333333333333 5.65486677646 0.326283807676
0.333333333333 5.8643062867 0.191277123303
0.333333333333 6.07374579694 0.595469513018

0.4 0 0.203988293176
0.4 0.209439510239 0.47622159237
0.4 0.418879020479 0.437749300247
0.4 0.628318530718 0.482911644861
0.4 0.837758040957 0.500339745331
0.4 1.0471975512 0.353883429317
0.4 1.25663706144 0.243003532024
0.4 1.46607657168 0.449421327673
0.4 1.67551608191 0.816597901212
0.4 1.88495559215 0.757238836518
0.4 2.09439510239 0.150904062355
0.4 2.30383461263 0.23389404714
0.4 2.51327412287 0.148450578525
0.4 2.72271363311 0.186300258131
0.4 2.93215314335 0.223906148279
0.4 3.14159265359 0.293225274559
0.4 3.35103216383 0.356445235095
0.4 3.56047167407 0.254192788905
0.4 3.76991118431 0.232848171091
0.4 3.97935069455 0.369769632051
0.4 4.18879020479 0.616556402522
0.4 4.39822971503 0.554994947397
0.4 4.60766922527 0.18136010643
0.4 4.8171087355 0.062972708052
0.4 5.02654824574 0.249133613333
0.4 5.23598775598 0.333260691112
0.4 5.44542726622 0.0996521111289
0.4 5.65486677646 0.3274189848
0.4 5.8643062867 0.170260867491
0.4 6.07374579694 0.629734468225

0.466666666667 0 0.195341616509
0.466666666667 0.209439510239 0.489743486836
0.466666666667 0.418879020479 0.499532324864
0.466666666667 0.628318530718 0.452459972431
0.466666666667 0.837758040957 0.439526664471
0.466666666667 1.0471975512 0.326364464786
0.466666666667 1.25663706144 0.294692036478
0.466666666667 1.46607657168 0.560733016668
0.466666666667 1.67551608191 0.882671183628
0.466666666667 1.88495559215 0.672527589417
0.466666666667 2.09439510239 0.149731728965
0.466666666667 2.30383461263 0.220157190743
0.466666666667 2.51327412287 0.155817819981
0.466666666667 2.72271363311 0.194471370608
0.466666666667 2.93215314335 0.206812080757
0.466666666667 3.14159265359 0.302693744808
0.466666666667 3.35103216383 0.317582421211
0.466666666667 3.56047167407 0.262066407428
0.466666666667 3.76991118431 0.278636979676
0.466666666667 3.97935069455 0.441290789276
0.466666666667 4.18879020479 0.617057498261
0.466666666667 4.39822971503 0.437330019725
0.466666666667 4.60766922527 0.142912211667
0.466666666667 4.8171087355 0.0451226748527
0.466666666667 5.02654824574 0.270507207926
0.466666666667 5.23598775598 0.319208535634
0.466666666667 5.44542726622 0.107797092634
0.466666666667 5.65486677646 0.327142356558
0.466666666667 5.8643062867 0.159265833346
0.466666666667 6.07374579694 0.643196891303

0.533333333333 0 0.212831790056
0.533333333333 0.209439510239 0.452131674831
0.533333333333 0.418879020479 0.593875896821
0.533333333333 0.628318530718 0.509865261471
0.533333333333 0.837758040957 0.449996095262
0.533333333333 1.0471975512 0.360682223794
0.533333333333 1.25663706144 0.395051164556
0.533333333333 1.46607657168 0.681397088052
0.533333333333 1.67551608191 0.91475118218
0.533333333333 1.88495559215 0.558495252358
0.533333333333 2.09439510239 0.154175894341
0.533333333333 2.30383461263 0.208194289562
0.533333333333 2.51327412287 0.165376100493
0.533333333333 2.72271363311 0.212072297104
0.533333333333 2.93215314335 0.18833298221
0.533333333333 3.14159265359 0.313712700349
0.533333333333 3.35103216383 0.314573030458
0.533333333333 3.56047167407 0.279276783428
0.533333333333 3.76991118431 0.363350097427
0.533333333333 3.97935069455 0.513080446424
0.533333333333 4.18879020479 0.568749843701
0.533333333333 4.39822971503 0.316092873365
0.533333333333 4.60766922527 0.122082010548
0.533333333333 4.8171087355 0.0305709391316
0.533333333333 5.02654824574 0.299127840952
0.533333333333 5.23598775598 0.29536815585
0.533333333333 5.44542726622 0.120279764319
0.533333333333 5.65486677646 0.323994038877
0.533333333333 5.8643062867 0.166502641955
0.533333333333 6.07374579694 0.622150454602

0.6 0 0.263338369645
0.6 0.209439510239 0.354914929307
0.6 0.418879020479 0.638141846263
0.6 0.628318530718 0.622187845939
0.6 0.837758040957 0.536425398912
0.6 1.0471975512 0.445690923235
0.6 1.25663706144 0.498498405053
0.6 1.46607657168 0.775295919887
0.6 1.67551608191 0.882606686541
0.6 1.88495559215 0.428554446245
0.6 2.09439510239 0.161490276565
0.6 2.30383461263 0.201912208212
0.6 2.51327412287 0.177349512488
0.6 2.72271363311 0.24257836527
0.6 2.93215314335 0.180368182734
0.6 3.14159265359 0.298324735155
0.6 3.35103216383 0.375471027483
0.6 3.56047167407 0.321183556915
0.6 3.76991118431 0.465330468652
0.6 3.97935069455 0.5635160096
0.6 4.18879020479 0.482963378727
0.6 4.39822971503 0.225204682292
0.6 4.60766922527 0.109416464115
0.6 4.8171087355 0.0263581576886
0.6 5.02654824574 0.333753082395
0.6 5.23598775598 0.258878320597
0.6 5.44542726622 0.138203971804
0.6 5.65486677646 0.315767533529
0.6 5.8643062867 0.200378164925
0.6 6.07374579694 0.55944847942

0.666666666667 0 0.328401572148
0.666666666667 0.209439510239 0.242758862229
0.666666666667 0.418879020479 0.537968378279
0.666666666667 0.628318530718 0.644598017068
0.666666666667 0.837758040957 0.578990520166
0.666666666667 1.0471975512 0.475536456642
0.666666666667 1.25663706144 0.539498660183
0.666666666667 1.46607657168 0.820230399915
0.666666666667 1.67551608191 0.773244110072
0.666666666667 1.88495559215 0.31164741354
0.666666666667 2.09439510239 0.16342958839
0.666666666667 2.30383461263 0.206967001359
0.666666666667 2.51327412287 0.191862213172
0.666666666667 2.72271363311 0.285423994309
0.666666666667 2.93215314335 0.206666955759
0.666666666667 3.14159265359 0.221474624515
0.666666666667 3.35103216383 0.452430769388
0.666666666667 3.56047167407 0.366792242779
0.666666666667 3.76991118431 0.49478986825
0.666666666667 3.97935069455 0.531017713639
0.666666666667 4.18879020479 0.369171836939
0.666666666667 4.39822971503 0.16826406031
0.666666666667 4.60766922527 0.0878672081052
0.666666666667 4.8171087355 0.0460277348699
0.666666666667 5.02654824574 0.364628707532
0.666666666667 5.23598775598 0.210140286339
0.666666666667 5.44542726622 0.162241102158
0.666666666667 5.65486677646 0.299289197346
0.666666666667 5.8643062867 0.265249664363
0.666666666667 6.07374579694 0.468929543473

0.733333333333 0 0.35730397172
0.733333333333 0.209439510239 0.204483036566
0.733333333333 0.418879020479 0.333537908
0.733333333333 0.628318530718 0.46798197221
0.733333333333 0.837758040957 0.450812667973
0.733333333333 1.0471975512 0.406503226565
0.733333333333 1.25663706144 0.577138040738
0.733333333333 1.46607657168 0.848267319833
0.733333333333 1.67551608191 0.621378519114
0.733333333333 1.88495559215 0.235894778557
0.733333333333 2.09439510239 0.146444512758
0.733333333333 2.30383461263 0.229495536997
0.733333333333 2.51327412287 0.209173985292
0.733333333333 2.72271363311 0.326359664368
0.733333333333 2.93215314335 0.29418904961
0.733333333333 3.14159265359 0.0988226802786
0.733333333333 3.35103216383 0.415230955659
0.733333333333 3.56047167407 0.344502503431
0.733333333333 3.76991118431 0.352284113369
0.733333333333 3.97935069455 0.341079937436
0.733333333333 4.18879020479 0.214265856714
0.733333333333 4.39822971503 0.113443647563
0.733333333333 4.60766922527 0.0612631758859
0.733333333333 4.8171087355 0.104701497858
0.733333333333 5.02654824574 0.366156432155
0.733333333333 5.23598775598 0.157967614508
0.733333333333 5.44542726622 0.191913333669
0.733333333333 5.65486677646 0.270414059302
0.733333333333 5.8643062867 0.35280841952
0.733333333333 6.07374579694 0.402445947494

0.8 0 0.330669716764
0.8 0.209439510239 0.252591200903
0.8 0.418879020479 0.260606158403
0.8 0.628318530718 0.327492798242
0.8 0.837758040957 0.38273058502
0.8 1.0471975512 0.511689551305
0.8 1.25663706144 0.787761613959
0.8 1.46607657168 0.86036760477
0.8 1.67551608191 0.473706577304
0.8 1.88495559215 0.18357136145
0.8 2.09439510239 0.105504338606
0.8 2.30383461263 0.268844552732
0.8 2.51327412287 0.230310608439
0.8 2.72271363311 0.327495143792
0.8 2.93215314335 0.423445719001
0.8 3.14159265359 0.0593605926981
0.8 3.35103216383 0.221428260147
0.8 3.56047167407 0.246514447944
0.8 3.76991118431 0.151440246362
0.8 3.97935069455 0.104869423673
0.8 4.18879020479 0.0795368970139
0.8 4.39822971503 0.0773064341341
0.8 4.60766922527 0.0744174143996
0.8 4.8171087355 0.18820946473
0.8 5.02654824574 0.300464839093
0.8 5.23598775598 0.126384547972
0.8 5.44542726622 0.224278885051
0.8 5.65486677646 0.224856238082
0.8 5.8643062867 0.427943456986
0.8 6.07374579694 0.444688077789

0.866666666667 0 0.414094317653
0.866666666667 0.209439510239 0.282152966569
0.866666666667 0.418879020479 0.329949271749
0.866666666667 0.628318530718 0.459293207827
0.866666666667 0.837758040957 0.622582769987
0.866666666667 1.0471975512 0.798786760638
0.866666666667 1.25663706144 0.861964624928
0.866666666667 1.46607657168 0.63427736828
0.866666666667 1.67551608191 0.291696310906
0.866666666667 1.88495559215 0.101688252903
0.866666666667 2.09439510239 0.0776843521108
0.866666666667 2.30383461263 0.300399340793
0.866666666667 2.51327412287 0.25663887926
0.866666666667 2.72271363311 0.257120529332
0.866666666667 2.93215314335 0.449407540501
0.866666666667 3.14159265359 0.206927337692
0.866666666667 3.35103216383 0.08800984952
0.866666666667 3.56047167407 0.147857568372
0.866666666667 3.76991118431 0.142943059888
0.866666666667 3.97935069455 0.11750620681
0.866666666667 4.18879020479 0.113706034994
0.866666666667 4.39822971503 0.112798075684
0.866666666667 4.60766922527 0.131776658777
0.866666666667 4.8171087355 0.197470147857
0.866666666667 5.02654824574 0.168868345911
0.866666666667 5.23598775598 0.156313448043
0.866666666667 5.44542726622 0.251581290836
0.866666666667 5.65486677646 0.161775694873
0.866666666667 5.8643062867 0.413869229368
0.866666666667 6.07374579694 0.611707759188

0.933333333333 0 0.70592242714
0.933333333333 0.209439510239 0.583894606101
0.933333333333 0.418879020479 0.445794952304
0.933333333333 0.628318530718 0.406469143256
0.933333333333 0.837758040957 0.428534772869
0.933333333333 1.0471975512 0.434392538474
0.933333333333 1.25663706144 0.377592688058
0.933333333333 1.46607657168 0.274531302103
0.933333333333 1.67551608191 0.161781633024
0.933333333333 1.88495559215 0.0690909396207
0.933333333333 2.09439510239 0.113821233237
0.933333333333 2.30383461263 0.27698334913
0.933333333333 2.51327412287 0.284300208711
0.933333333333 2.72271363311 0.205386391781
0.933333333333 2.93215314335 0.252463770924
0.933333333333 3.14159265359 0.258143549336
0.933333333333 3.35103216383 0.162106933603
0.933333333333 3.56047167407 0.0903118286382
0.933333333333 3.76991118431 0.0733646708122
0.933333333333 3.97935069455 0.0721648452122
0.933333333333 4.18879020479 0.0670164384106
0.933333333333 4.39822971503 0.0624140649328
0.933333333333 4.60766922527 0.0657054123146
0.933333333333 4.8171087355 0.0796713017235
0.933333333333 5.02654824574 0.145416904911
0.933333333333 5.23598775598 0.272022560605
0.933333333333 5.44542726622 0.256877853298
0.933333333333 5.65486677646 0.0973969383242
0.933333333333 5.8643062867 0.215481806629
0.933333333333 6.07374579694 0.570241717614

