-1 0 0.436607972854
-1 0.209439510239 0.436607972854
-1 0.418879020479 0.436607972855
-1 0.628318530718 0.436607972855
-1 0.837758040957 0.436607972854
-1 1.0471975512 0.436607972854
-1 1.25663706144 0.436607972853
-1 1.46607657168 0.436607972854
-1 1.67551608191 0.436607972854
-1 1.88495559215 0.436607972855
-1 2.09439510239 0.436607972855
-1 2.30383461263 0.436607972855
-1 2.51327412287 0.436607972854
-1 2.72271363311 0.436607972853
-1 2.93215314335 0.436607972853
-1 3.14159265359 0.436607972854
-1 3.35103216383 0.436607972854
-1 3.56047167407 0.436607972855
-1 3.76991118431 0.436607972855
-1 3.97935069455 0.436607972854
-1 4.18879020479 0.436607972854
-1 4.39822971503 0.436607972853
-1 4.60766922527 0.436607972854
-1 4.8171087355 0.436607972854
-1 5.02654824574 0.436607972855
-1 5.23598775598 0.436607972855
-1 5.44542726622 0.436607972855
-1 5.65486677646 0.436607972854
-1 5.8643062867 0.436607972853
-1 6.07374579694 0.436607972853

-0.933333333333 0 0.769377905372
-0.933333333333 0.209439510239 0.729426042408
-0.933333333333 0.418879020479 0.55373029775
-0.933333333333 0.628318530718 0.411565444893
-0.933333333333 0.837758040957 0.350357638968
-0.933333333333 1.0471975512 0.365764512869
-0.933333333333 1.25663706144 0.443709967077
-0.933333333333 1.46607657168 0.516445679919
-0.933333333333 1.67551608191 0.431188360597
-0.933333333333 1.88495559215 0.158759217404
-0.933333333333 2.09439510239 0.101236055851
-0.933333333333 2.30383461263 0.610500981167
-0.933333333333 2.51327412287 1.15983720515
-0.933333333333 2.72271363311 1.09393239785
-0.933333333333 2.93215314335 0.658235249001
-0.933333333333 3.14159265359 0.350731350449
-0.933333333333 3.35103216383 0.262331456542
-0.933333333333 3.56047167407 0.26881621831
-0.933333333333 3.76991118431 0.303607294363
-0.933333333333 3.97935069455 0.366044414591
-0.933333333333 4.18879020479 0.45717674911
-0.933333333333 4.39822971503 0.52635924498
-0.933333333333 4.60766922527 0.479353693548
-0.933333333333 4.8171087355 0.333178013214
-0.933333333333 5.02654824574 0.276686049185
-0.933333333333 5.23598775598 0.376123294665
-0.933333333333 5.44542726622 0.476950444137
-0.933333333333 5.65486677646 0.413081471374
-0.933333333333 5.8643062867 0.357381641041
-0.933333333333 6.07374579694 0.556800637851

-0.866666666667 0 0.55488152194
-0.866666666667 0.209439510239 0.1925992652
-0.866666666667 0.418879020479 0.168717678198
-0.866666666667 0.628318530718 0.244566261599
-0.866666666667 0.837758040957 0.240218072791
-0.866666666667 1.0471975512 0.156370548753
-0.866666666667 1.25663706144 0.0749681454121
-0.866666666667 1.46607657168 0.144128685418
-0.866666666667 1.67551608191 0.349370191028
-0.866666666667 1.88495559215 0.282396191035
-0.866666666667 2.09439510239 0.0497182876038
-0.866666666667 2.30383461263 0.671152058136
-0.866666666667 2.51327412287 1.26394683233
-0.866666666667 2.72271363311 0.771069101026
-0.866666666667 2.93215314335 0.256503231369
-0.866666666667 3.14159265359 0.114439489599
-0.866666666667 3.35103216383 0.0538756756152
-0.866666666667 3.56047167407 0.0263229359835
-0.866666666667 3.76991118431 0.0387105723835
-0.866666666667 3.97935069455 0.0435494137549
-0.866666666667 4.18879020479 0.0359347802695
-0.866666666667 4.39822971503 0.13919639486
-0.866666666667 4.60766922527 0.406658045488
-0.866666666667 4.8171087355 0.479718914672
-0.866666666667 5.02654824574 0.373832243034
-0.866666666667 5.23598775598 0.423423614047
-0.866666666667 5.44542726622 0.576142609012
-0.866666666667 5.65486677646 0.471805765003
-0.866666666667 5.8643062867 0.385145047829
-0.866666666667 6.07374579694 0.745787746288

-0.8 0 0.183094587767
-0.8 0.209439510239 0.389664567603
-0.8 0.418879020479 0.694460577795
-0.8 0.628318530718 0.689634588688
-0.8 0.837758040957 0.605124911842
-0.8 1.0471975512 0.487177544101
-0.8 1.25663706144 0.268509794037
-0.8 1.46607657168 0.0687840024258
-0.8 1.67551608191 0.162627023138
-0.8 1.88495559215 0.288362260436
-0.8 2.09439510239 0.0593010071878
-0.8 2.30383461263 0.691318694476
-0.8 2.51327412287 1.19080191872
-0.8 2.72271363311 0.51336816779
-0.8 2.93215314335 0.151915976872
-0.8 3.14159265359 0.0408458805105
-0.8 3.35103216383 0.0361426093966
-0.8 3.56047167407 0.153941634324
-0.8 3.76991118431 0.274054718294
-0.8 3.97935069455 0.326114759534
-0.8 4.18879020479 0.277545981072
-0.8 4.39822971503 0.102430107565
-0.8 4.60766922527 0.118079984303
-0.8 4.8171087355 0.362685993964
-0.8 5.02654824574 0.361709955853
-0.8 5.23598775598 0.488731083183
-0.8 5.44542726622 0.632034367864
-0.8 5.65486677646 0.543281021981
-0.8 5.8643062867 0.35564265946
-0.8 6.07374579694 0.562095289754

-0.733333333333 0 0.310984873966
-0.733333333333 0.209439510239 0.898915916682
-0.733333333333 0.418879020479 0.811650110119
-0.733333333333 0.628318530718 0.569813012447
-0.733333333333 0.837758040957 0.518719383022
-0.733333333333 1.0471975512 0.546430721136
-0.733333333333 1.25663706144 0.444572793966
-0.733333333333 1.46607657168 0.156940536087
-0.733333333333 1.67551608191 0.0853856582893
-0.733333333333 1.88495559215 0.244710664928
-0.733333333333 2.09439510239 0.080688227821
-0.733333333333 2.30383461263 0.688268428593
-0.733333333333 2.51327412287 1.07480897117
-0.733333333333 2.72271363311 0.39132210429
-0.733333333333 2.93215314335 0.119457185775
-0.733333333333 3.14159265359 0.0243963910416
-0.733333333333 3.35103216383 0.116660913071
-0.733333333333 3.56047167407 0.264063155546
-0.733333333333 3.76991118431 0.297486746345
-0.733333333333 3.97935069455 0.28678987654
-0.733333333333 4.18879020479 0.326268373047
-0.733333333333 4.39822971503 0.285936722419
-0.733333333333 4.60766922527 0.0911887635651
-0.733333333333 4.8171087355 0.273070324175
-0.733333333333 5.02654824574 0.27452138694
-0.733333333333 5.23598775598 0.515671979407
-0.733333333333 5.44542726622 0.637421490343
-0.733333333333 5.65486677646 0.556701323971
-0.733333333333 5.8643062867 0.25412315598
-0.733333333333 6.07374579694 0.332356806

-0.666666666667 0 0.644051351379
-0.666666666667 0.209439510239 0.96754023467
-0.666666666667 0.418879020479 0.475601743356
-0.666666666667 0.628318530718 0.307565209193
-0.666666666667 0.837758040957 0.347652084456
-0.666666666667 1.0471975512 0.465343337259
-0.666666666667 1.25663706144 0.519657070318
-0.666666666667 1.46607657168 0.248412882513
-0.666666666667 1.67551608191 0.0702202033005
-0.666666666667 1.88495559215 0.204539259862
-0.666666666667 2.09439510239 0.09998980793
-0.666666666667 2.30383461263 0.672318068836
-0.666666666667 2.51327412287 0.967139042566
-0.666666666667 2.72271363311 0.343436624337
-0.666666666667 2.93215314335 0.0977843927907
-0.666666666667 3.14159265359 0.0406622726743
-0.666666666667 3.35103216383 0.192855332664
-0.666666666667 3.56047167407 0.278491165762
-0.666666666667 3.76991118431 0.194598293236
-0.666666666667 3.97935069455 0.119647014452
-0.666666666667 4.18879020479 0.143867643739
-0.666666666667 4.39822971503 0.26524589648
-0.666666666667 4.60766922527 0.160475354847
-0.666666666667 4.8171087355 0.243473478796
-0.666666666667 5.02654824574 0.228499064192
-0.666666666667 5.23598775598 0.504287605023
-0.666666666667 5.44542726622 0.619019738397
-0.666666666667 5.65486677646 0.520721538107
-0.666666666667 5.8643062867 0.171598610329
-0.666666666667 6.07374579694 0.252856199926

-0.6 0 0.853327948593
-0.6 0.209439510239 0.696670737838
-0.6 0.418879020479 0.19587423256
-0.6 0.628318530718 0.22686169911
-0.6 0.837758040957 0.276999031662
-0.6 1.0471975512 0.383071838603
-0.6 1.25663706144 0.542749285327
-0.6 1.46607657168 0.336919935986
-0.6 1.67551608191 0.0680470644937
-0.6 1.88495559215 0.181374092056
-0.6 2.09439510239 0.11475032665
-0.6 2.30383461263 0.650138787724
-0.6 2.51327412287 0.882540525204
-0.6 2.72271363311 0.321803547307
-0.6 2.93215314335 0.0864058105727
-0.6 3.14159265359 0.0704845366692
-0.6 3.35103216383 0.256221989117
-0.6 3.56047167407 0.248389670763
-0.6 3.76991118431 0.123772271731
-0.6 3.97935069455 0.0842017804924
-0.6 4.18879020479 0.0879047127765
-0.6 4.39822971503 0.172561164545
-0.6 4.60766922527 0.214550801901
-0.6 4.8171087355 0.23090370003
-0.6 5.02654824574 0.236978225563
-0.6 5.23598775598 0.467773583152
-0.6 5.44542726622 0.596936127419
-0.6 5.65486677646 0.472156914723
-0.6 5.8643062867 0.13729638055
-0.6 6.07374579694 0.283955652368

-0.533333333333 0 0.895811585936
-0.533333333333 0.209439510239 0.394444702249
-0.533333333333 0.418879020479 0.11295813416
-0.533333333333 0.628318530718 0.24003564332
-0.533333333333 0.837758040957 0.247457078039
-0.533333333333 1.0471975512 0.313026534976
-0.533333333333 1.25663706144 0.527245245875
-0.533333333333 1.46607657168 0.426687236509
-0.533333333333 1.67551608191 0.0678777680585
-0.533333333333 1.88495559215 0.171704159681
-0.533333333333 2.09439510239 0.125732548859
-0.533333333333 2.30383461263 0.626039364248
-0.533333333333 2.51327412287 0.821035246277
-0.533333333333 2.72271363311 0.30571304847
-0.533333333333 2.93215314335 0.086027552538
-0.533333333333 3.14159265359 0.107662611102
-0.533333333333 3.35103216383 0.290869288885
-0.533333333333 3.56047167407 0.186149982002
-0.533333333333 3.76991118431 0.0832684662828
-0.533333333333 3.97935069455 0.118207899016
-0.533333333333 4.18879020479 0.158600619113
-0.533333333333 4.39822971503 0.145827866846
-0.533333333333 4.60766922527 0.238491450601
-0.533333333333 4.8171087355 0.221780410783
-0.533333333333 5.02654824574 0.273595761911
-0.533333333333 5.23598775598 0.419138226623
-0.533333333333 5.44542726622 0.579381061409
-0.533333333333 5.65486677646 0.432878899271
-0.533333333333 5.8643062867 0.136822984812
-0.533333333333 6.07374579694 0.349889748656

-0.466666666667 0 0.849114841192
-0.466666666667 0.209439510239 0.205419355572
-0.466666666667 0.418879020479 0.130168704133
-0.466666666667 0.628318530718 0.250905879208
-0.466666666667 0.837758040957 0.223138465692
-0.466666666667 1.0471975512 0.255065960158
-0.466666666667 1.25663706144 0.483107882268
-0.466666666667 1.46607657168 0.506178737969
-0.466666666667 1.67551608191 0.073257740691
-0.466666666667 1.88495559215 0.169027629467
-0.466666666667 2.09439510239 0.134198492304
-0.466666666667 2.30383461263 0.602717263949
-0.466666666667 2.51327412287 0.777856983759
-0.466666666667 2.72271363311 0.290098042123
-0.466666666667 2.93215314335 0.0922570545071
-0.466666666667 3.14159265359 0.147231747712
-0.466666666667 3.35103216383 0.284608433788
-0.466666666667 3.56047167407 0.116060041719
-0.466666666667 3.76991118431 0.0618657518664
-0.466666666667 3.97935069455 0.141878147638
-0.466666666667 4.18879020479 0.231320923856
-0.466666666667 4.39822971503 0.179115269052
-0.466666666667 4.60766922527 0.244948885696
-0.466666666667 4.8171087355 0.215104537991
-0.466666666667 5.02654824574 0.315678621985
-0.466666666667 5.23598775598 0.367862249928
-0.466666666667 5.44542726622 0.56831895194
-0.466666666667 5.65486677646 0.409302994598
-0.466666666667 5.8643062867 0.151725773846
-0.466666666667 6.07374579694 0.409909746325

-0.4 0 0.78301899144
-0.4 0.209439510239 0.127949564629
-0.4 0.418879020479 0.168515337625
-0.4 0.628318530718 0.250629321084
-0.4 0.837758040957 0.21038800732
-0.4 1.0471975512 0.216741959166
-0.4 1.25663706144 0.427041544417
-0.4 1.46607657168 0.564924391373
-0.4 1.67551608191 0.0866568841513
-0.4 1.88495559215 0.168712655039
-0.4 2.09439510239 0.141166617165
-0.4 2.30383461263 0.581771243658
-0.4 2.51327412287 0.74766700387
-0.4 2.72271363311 0.275638889486
-0.4 2.93215314335 0.100073947328
-0.4 3.14159265359 0.182419471919
-0.4 3.35103216383 0.246967938852
-0.4 3.56047167407 0.0675927190569
-0.4 3.76991118431 0.0605502404046
-0.4 3.97935069455 0.141576773841
-0.4 4.18879020479 0.253271714201
-0.4 4.39822971503 0.224276349015
-0.4 4.60766922527 0.25032247532
-0.4 4.8171087355 0.21026092202
-0.4 5.02654824574 0.35162263021
-0.4 5.23598775598 0.319664117308
-0.4 5.44542726622 0.563389229846
-0.4 5.65486677646 0.400088805195
-0.4 5.8643062867 0.170508661874
-0.4 6.07374579694 0.453220913842

-0.333333333333 0 0.730053400752
-0.333333333333 0.209439510239 0.117485526036
-0.333333333333 0.418879020479 0.204608288277
-0.333333333333 0.628318530718 0.256737654526
-0.333333333333 0.837758040957 0.215404910284
-0.333333333333 1.0471975512 0.199860035935
-0.333333333333 1.25663706144 0.37363283669
-0.333333333333 1.46607657168 0.601268300519
-0.333333333333 1.67551608191 0.106578719828
-0.333333333333 1.88495559215 0.168477448433
-0.333333333333 2.09439510239 0.147318607867
-0.333333333333 2.30383461263 0.564068465178
-0.333333333333 2.51327412287 0.72606367537
-0.333333333333 2.72271363311 0.263835530013
-0.333333333333 2.93215314335 0.106306648753
-0.333333333333 3.14159265359 0.208044859912
-0.333333333333 3.35103216383 0.198529083827
-0.333333333333 3.56047167407 0.0525482199514
-0.333333333333 3.76991118431 0.0753892039677
-0.333333333333 3.97935069455 0.130379884294
-0.333333333333 4.18879020479 0.235545580616
-0.333333333333 4.39822971503 0.2553184439
-0.333333333333 4.60766922527 0.262828707396
-0.333333333333 4.8171087355 0.206364112748
-0.333333333333 5.02654824574 0.377758322267
-0.333333333333 5.23598775598 0.277354800604
-0.333333333333 5.44542726622 0.563601757479
-0.333333333333 5.65486677646 0.401241722101
-0.333333333333 5.8643062867 0.187633202113
-0.333333333333 6.07374579694 0.482428008209

-0.266666666667 0 0.6965324895
-0.266666666667 0.209439510239 0.137148879243
-0.266666666667 0.418879020479 0.236451468634
-0.266666666667 0.628318530718 0.276028411959
-0.266666666667 0.837758040957 0.233716601841
-0.266666666667 1.0471975512 0.198951071812
-0.266666666667 1.25663706144 0.330249112436
-0.266666666667 1.46607657168 0.619817040943
-0.266666666667 1.67551608191 0.129445109973
-0.266666666667 1.88495559215 0.167570849609
-0.266666666667 2.09439510239 0.153075411685
-0.266666666667 2.30383461263 0.550009533702
-0.266666666667 2.51327412287 0.709895249061
-0.266666666667 2.72271363311 0.255352849989
-0.266666666667 2.93215314335 0.109731964421
-0.266666666667 3.14159265359 0.222623226909
-0.266666666667 3.35103216383 0.156324075936
-0.266666666667 3.56047167407 0.0645852261716
-0.266666666667 3.76991118431 0.0975860689522
-0.266666666667 3.97935069455 0.118982974959
-0.266666666667 4.18879020479 0.204062430959
-0.266666666667 4.39822971503 0.269012203592
-0.266666666667 4.60766922527 0.282325437625
-0.266666666667 4.8171087355 0.203055197294
-0.266666666667 5.02654824574 0.39457436528
-0.266666666667 5.23598775598 0.241843094
-0.266666666667 5.44542726622 0.567939340215
-0.266666666667 5.65486677646 0.408509993465
-0.266666666667 5.8643062867 0.200902387495
-0.266666666667 6.07374579694 0.503058489045

-0.2 0 0.677699009322
-0.2 0.209439510239 0.165660940337
-0.2 0.418879020479 0.26351017131
-0.2 0.628318530718 0.302955001507
-0.2 0.837758040957 0.25710402269
-0.2 1.0471975512 0.206923572267
-0.2 1.25663706144 0.298102110216
-0.2 1.46607657168 0.627048014748
-0.2 1.67551608191 0.151627971205
-0.2 1.88495559215 0.165947681894
-0.2 2.09439510239 0.158687081297
-0.2 2.30383461263 0.539717773618
-0.2 2.51327412287 0.697106660442
-0.2 2.72271363311 0.249877187493
-0.2 2.93215314335 0.110345303642
-0.2 3.14159265359 0.227747545613
-0.2 3.35103216383 0.128221075737
-0.2 3.56047167407 0.0904909034041
-0.2 3.76991118431 0.119533423462
-0.2 3.97935069455 0.1109236656
-0.2 4.18879020479 0.175665055539
-0.2 4.39822971503 0.27105483094
-0.2 4.60766922527 0.304919869738
-0.2 4.8171087355 0.200336516308
-0.2 5.02654824574 0.404175288362
-0.2 5.23598775598 0.21295474138
-0.2 5.44542726622 0.575523807972
-0.2 5.65486677646 0.418293177272
-0.2 5.8643062867 0.209695026208
-0.2 6.07374579694 0.519403812862

-0.133333333333 0 0.666614819474
-0.133333333333 0.209439510239 0.192837321272
-0.133333333333 0.418879020479 0.283349994282
-0.133333333333 0.628318530718 0.328964056417
-0.133333333333 0.837758040957 0.279806198247
-0.133333333333 1.0471975512 0.218664725345
-0.133333333333 1.25663706144 0.275324170995
-0.133333333333 1.46607657168 0.628687151053
-0.133333333333 1.67551608191 0.170413775795
-0.133333333333 1.88495559215 0.163762602302
-0.133333333333 2.09439510239 0.164298774969
-0.133333333333 2.30383461263 0.533171588354
-0.133333333333 2.51327412287 0.686456254279
-0.133333333333 2.72271363311 0.246457260498
-0.133333333333 2.93215314335 0.108673446455
-0.133333333333 3.14159265359 0.226386835128
-0.133333333333 3.35103216383 0.114460978015
-0.133333333333 3.56047167407 0.118841332872
-0.133333333333 3.76991118431 0.137387385674
-0.133333333333 3.97935069455 0.106456388232
-0.133333333333 4.18879020479 0.156294372795
-0.133333333333 4.39822971503 0.267665858243
-0.133333333333 4.60766922527 0.32644215481
-0.133333333333 4.8171087355 0.198258701845
-0.133333333333 5.02654824574 0.408888066383
-0.133333333333 5.23598775598 0.190014464991
-0.133333333333 5.44542726622 0.585623429679
-0.133333333333 5.65486677646 0.427860194233
-0.133333333333 5.8643062867 0.214066176795
-0.133333333333 6.07374579694 0.533836325802

-0.0666666666667 0 0.657565235586
-0.0666666666667 0.209439510239 0.214749620981
-0.0666666666667 0.418879020479 0.293369665956
-0.0666666666667 0.628318530718 0.348368365187
-0.0666666666667 0.837758040957 0.299808474613
-0.0666666666667 1.0471975512 0.231264098184
-0.0666666666667 1.25663706144 0.259341098824
-0.0666666666667 1.46607657168 0.628846999077
-0.0666666666667 1.67551608191 0.184125822343
-0.0666666666667 1.88495559215 0.161141259501
-0.0666666666667 2.09439510239 0.169991572777
-0.0666666666667 2.30383461263 0.53029273903
-0.0666666666667 2.51327412287 0.677240561589
-0.0666666666667 2.72271363311 0.243871871212
-0.0666666666667 2.93215314335 0.105359755357
-0.0666666666667 3.14159265359 0.221465165777
-0.0666666666667 3.35103216383 0.111419847759
-0.0666666666667 3.56047167407 0.142767064771
-0.0666666666667 3.76991118431 0.150386350794
-0.0666666666667 3.97935069455 0.10568006939
-0.0666666666667 4.18879020479 0.145948150667
-0.0666666666667 4.39822971503 0.262961900265
-0.0666666666667 4.60766922527 0.343802171083
-0.0666666666667 4.8171087355 0.196901224224
-0.0666666666667 5.02654824574 0.410621286254
-0.0666666666667 5.23598775598 0.172233953134
-0.0666666666667 5.44542726622 0.597607526662
-0.0666666666667 5.65486677646 0.435285538159
-0.0666666666667 5.8643062867 0.214373882301
-0.0666666666667 6.07374579694 0.547377537878

6.12323399574e-17 0 0.646749955333
6.12323399574e-17 0.209439510239 0.230579123358
6.12323399574e-17 0.418879020479 0.292091678608
6.12323399574e-17 0.628318530718 0.358896735536
6.12323399574e-17 0.837758040957 0.317200254911
6.12323399574e-17 1.0471975512 0.242638605861
6.12323399574e-17 1.25663706144 0.24809243768
6.12323399574e-17 1.46607657168 0.630016343115
6.12323399574e-17 1.67551608191 0.191885290234
6.12323399574e-17 1.88495559215 0.158115325046
6.12323399574e-17 2.09439510239 0.17580632918
6.12323399574e-17 2.30383461263 0.531000198406
6.12323399574e-17 2.51327412287 0.669074011387
6.12323399574e-17 2.72271363311 0.240877680298
6.12323399574e-17 2.93215314335 0.100985003568
6.12323399574e-17 3.14159265359 0.21511781392
6.12323399574e-17 3.35103216383 0.114662024776
6.12323399574e-17 3.56047167407 0.159210112782
6.12323399574e-17 3.76991118431 0.159259430888
6.12323399574e-17 3.97935069455 0.109308674628
6.12323399574e-17 4.18879020479 0.142527464534
6.12323399574e-17 4.39822971503 0.258963250034
6.12323399574e-17 4.60766922527 0.35506251247
6.12323399574e-17 4.8171087355 0.196551905245
6.12323399574e-17 5.02654824574 0.410639759581
6.12323399574e-17 5.23598775598 0.158964360783
6.12323399574e-17 5.44542726622 0.610883858456
6.12323399574e-17 5.65486677646 0.439295753254
6.12323399574e-17 5.8643062867 0.211186603417
6.12323399574e-17 6.07374579694 0.560358727991

0.0666666666667 0 0.632186514756
0.0666666666667 0.209439510239 0.240713894136
0.0666666666667 0.418879020479 0.279299909214
0.0666666666667 0.628318530718 0.359674539243
0.0666666666667 0.837758040957 0.331656428905
0.0666666666667 1.0471975512 0.249975848301
0.0666666666667 1.25663706144 0.240631014968
0.0666666666667 1.46607657168 0.633177682486
0.0666666666667 1.67551608191 0.193342168398
0.0666666666667 1.88495559215 0.154632356223
0.0666666666667 2.09439510239 0.181758387055
0.0666666666667 2.30383461263 0.535232921159
0.0666666666667 2.51327412287 0.661728274464
0.0666666666667 2.72271363311 0.236326635045
0.0666666666667 2.93215314335 0.0960339617388
0.0666666666667 3.14159265359 0.208476769492
0.0666666666667 3.35103216383 0.120543666432
0.0666666666667 3.56047167407 0.167248850315
0.0666666666667 3.76991118431 0.164840179443
0.0666666666667 3.97935069455 0.117922982631
0.0666666666667 4.18879020479 0.143329699044
0.0666666666667 4.39822971503 0.256208454965
0.0666666666667 4.60766922527 0.359106197652
0.0666666666667 4.8171087355 0.197905021916
0.0666666666667 5.02654824574 0.40953301082
0.0666666666667 5.23598775598 0.149862330373
0.0666666666667 5.44542726622 0.624830111806
0.0666666666667 5.65486677646 0.439113050584
0.0666666666667 5.8643062867 0.205339710523
0.0666666666667 6.07374579694 0.572735026374

0.133333333333 0 0.613750055729
0.133333333333 0.209439510239 0.245515935686
0.133333333333 0.418879020479 0.255788596925
0.133333333333 0.628318530718 0.348999942874
0.133333333333 0.837758040957 0.339972785306
0.133333333333 1.0471975512 0.248759601449
0.133333333333 1.25663706144 0.237658082654
0.133333333333 1.46607657168 0.637651208147
0.133333333333 1.67551608191 0.188530857898
0.133333333333 1.88495559215 0.150588464376
0.133333333333 2.09439510239 0.187849808841
0.133333333333 2.30383461263 0.542939423247
0.133333333333 2.51327412287 0.655022764958
0.133333333333 2.72271363311 0.229184858496
0.133333333333 2.93215314335 0.0909407113864
0.133333333333 3.14159265359 0.201720274834
0.133333333333 3.35103216383 0.126689283659
0.133333333333 3.56047167407 0.166787871863
0.133333333333 3.76991118431 0.16692951511
0.133333333333 3.97935069455 0.130449529582
0.133333333333 4.18879020479 0.145150067044
0.133333333333 4.39822971503 0.254258997275
0.133333333333 4.60766922527 0.355436706959
0.133333333333 4.8171087355 0.202151415102
0.133333333333 5.02654824574 0.40726433489
0.133333333333 5.23598775598 0.145001346585
0.133333333333 5.44542726622 0.638719956206
0.133333333333 5.65486677646 0.434331869419
0.133333333333 5.8643062867 0.198075959536
0.133333333333 6.07374579694 0.583969859911

0.2 0 0.593646970467
0.2 0.209439510239 0.244498460983
0.2 0.418879020479 0.223307669493
0.2 0.628318530718 0.323281924904
0.2 0.837758040957 0.334542627577
0.2 1.0471975512 0.233203890388
0.2 1.25663706144 0.242181800675
0.2 1.46607657168 0.640522380556
0.2 1.67551608191 0.177894465073
0.2 1.88495559215 0.14586044018
0.2 2.09439510239 0.194083657291
0.2 2.30383461263 0.55402400884
0.2 2.51327412287 0.648752201127
0.2 2.72271363311 0.218488919321
0.2 2.93215314335 0.0861781138164
0.2 3.14159265359 0.194202714774
0.2 3.35103216383 0.131849070594
0.2 3.56047167407 0.158020610838
0.2 3.76991118431 0.163351295543
0.2 3.97935069455 0.142471823868
0.2 4.18879020479 0.144064773914
0.2 4.39822971503 0.252088312251
0.2 4.60766922527 0.344373572775
0.2 4.8171087355 0.210849861988
0.2 5.02654824574 0.403270670893
0.2 5.23598775598 0.144940734291
0.2 5.44542726622 0.651644376554
0.2 5.65486677646 0.424841676235
0.2 5.8643062867 0.191230576993
0.2 6.07374579694 0.592543456943

0.266666666667 0 0.577168286261
0.266666666667 0.209439510239 0.23610157577
0.266666666667 0.418879020479 0.184699760313
0.266666666667 0.628318530718 0.278190015862
0.266666666667 0.837758040957 0.304596695162
0.266666666667 1.0471975512 0.199316128879
0.266666666667 1.25663706144 0.259846934167
0.266666666667 1.46607657168 0.635805420249
0.266666666667 1.67551608191 0.162453990138
0.266666666667 1.88495559215 0.140332130717
0.266666666667 2.09439510239 0.200481576157
0.266666666667 2.30383461263 0.56822455471
0.266666666667 2.51327412287 0.642636832222
0.266666666667 2.72271363311 0.203269532116
0.266666666667 2.93215314335 0.0823760800856
0.266666666667 3.14159265359 0.184624836327
0.266666666667 3.35103216383 0.135439710045
0.266666666667 3.56047167407 0.141726756394
0.266666666667 3.76991118431 0.149824925236
0.266666666667 3.97935069455 0.14553543579
0.266666666667 4.18879020479 0.135860999811
0.266666666667 4.39822971503 0.248644819164
0.266666666667 4.60766922527 0.327718415617
0.266666666667 4.8171087355 0.225434149277
0.266666666667 5.02654824574 0.39665475697
0.266666666667 5.23598775598 0.150740440848
0.266666666667 5.44542726622 0.662427190339
0.266666666667 5.65486677646 0.410799421179
0.266666666667 5.8643062867 0.18741977694
0.266666666667 6.07374579694 0.59522602109

0.333333333333 0 0.572979792546
0.333333333333 0.209439510239 0.218875927546
0.333333333333 0.418879020479 0.143641392894
0.333333333333 0.628318530718 0.212673643213
0.333333333333 0.837758040957 0.242491713809
0.333333333333 1.0471975512 0.151257185794
0.333333333333 1.25663706144 0.297442324337
0.333333333333 1.46607657168 0.614035416334
0.333333333333 1.67551608191 0.144016476387
0.333333333333 1.88495559215 0.133928635068
0.333333333333 2.09439510239 0.207101777955
0.333333333333 2.30383461263 0.584873879284
0.333333333333 2.51327412287 0.63627471325
0.333333333333 2.72271363311 0.182479440202
0.333333333333 2.93215314335 0.0804387405845
0.333333333333 3.14159265359 0.171392827472
0.333333333333 3.35103216383 0.136774124073
0.333333333333 3.56047167407 0.120241994142
0.333333333333 3.76991118431 0.122177343438
0.333333333333 3.97935069455 0.129609904251
0.333333333333 4.18879020479 0.118138986626
0.333333333333 4.39822971503 0.243955405973
0.333333333333 4.60766922527 0.309708532064
0.333333333333 4.8171087355 0.246204950498
0.333333333333 5.02654824574 0.38657106667
0.333333333333 5.23598775598 0.163877306283
0.333333333333 5.44542726622 0.669541065081
0.333333333333 5.65486677646 0.39265024388
0.333333333333 5.8643062867 0.190162711256
0.333333333333 6.07374579694 0.586413166309

0.4 0 0.591299866577
0.4 0.209439510239 0.195450680795
0.4 0.418879020479 0.103242619517
0.4 0.628318530718 0.134639927318
0.4 0.837758040957 0.15501122281
0.4 1.0471975512 0.10828929465
0.4 1.25663706144 0.357021349304
0.4 1.46607657168 0.563764176861
0.4 1.67551608191 0.125177767848
0.4 1.88495559215 0.126702561243
0.4 2.09439510239 0.214040131491
0.4 2.30383461263 0.602459207772
0.4 2.51327412287 0.629056763376
0.4 2.72271363311 0.155017854155
0.4 2.93215314335 0.0815443839089
0.4 3.14159265359 0.153576043613
0.4 3.35103216383 0.133886971991
0.4 3.56047167407 0.0981863289437
0.4 3.76991118431 0.0821006115994
0.4 3.97935069455 0.0909457829589
0.4 4.18879020479 0.0946533787537
0.4 4.39822971503 0.240947311713
0.4 4.60766922527 0.297485026345
0.4 4.8171087355 0.270855085542
0.4 5.02654824574 0.372938145661
0.4 5.23598775598 0.185977247552
0.4 5.44542726622 0.671037654828
0.4 5.65486677646 0.371192725941
0.4 5.8643062867 0.20381741907
0.4 6.07374579694 0.558130851504

0.466666666667 0 0.637445813941
0.466666666667 0.209439510239 0.180055209176
0.466666666667 0.418879020479 0.0644411899445
0.466666666667 0.628318530718 0.0629741361176
0.466666666667 0.837758040957 0.0722562006992
0.466666666667 1.0471975512 0.102542390943
0.466666666667 1.25663706144 0.42449513924
0.466666666667 1.46607657168 0.476797715932
0.466666666667 1.67551608191 0.108713446465
0.466666666667 1.88495559215 0.119064138113
0.466666666667 2.09439510239 0.22136887906
0.466666666667 2.30383461263 0.617836976143
0.466666666667 2.51327412287 0.619949124972
0.466666666667 2.72271363311 0.120109264635
0.466666666667 2.93215314335 0.0866829278407
0.466666666667 3.14159265359 0.133081702792
0.466666666667 3.35103216383 0.122725811301
0.466666666667 3.56047167407 0.0803284403248
0.466666666667 3.76991118431 0.0436362723329
0.466666666667 3.97935069455 0.0436830162228
0.466666666667 4.18879020479 0.0800773991456
0.466666666667 4.39822971503 0.247392762053
0.466666666667 4.60766922527 0.299191108765
0.466666666667 4.8171087355 0.293258728095
0.466666666667 5.02654824574 0.357535130701
0.466666666667 5.23598775598 0.218230364856
0.466666666667 5.44542726622 0.66452267604
0.466666666667 5.65486677646 0.347679606183
0.466666666667 5.8643062867 0.233141958302
0.466666666667 6.07374579694 0.501801170887

0.533333333333 0 0.699165245445
0.533333333333 0.209439510239 0.205813541572
0.533333333333 0.418879020479 0.0303772457234
0.533333333333 0.628318530718 0.0180943290548
0.533333333333 0.837758040957 0.0364702100461
0.533333333333 1.0471975512 0.153733317994
0.533333333333 1.25663706144 0.460871384656
0.533333333333 1.46607657168 0.357344428585
0.533333333333 1.67551608191 0.0960139874974
0.533333333333 1.88495559215 0.112291307806
0.533333333333 2.09439510239 0.228899798994
0.533333333333 2.30383461263 0.624915975398
0.533333333333 2.51327412287 0.606930308175
0.533333333333 2.72271363311 0.078693909353
0.533333333333 2.93215314335 0.0950084880585
0.533333333333 3.14159265359 0.11794140446
0.533333333333 3.35103216383 0.100376339725
0.533333333333 3.56047167407 0.0641917206218
0.533333333333 3.76991118431 0.0295240986838
0.533333333333 3.97935069455 0.0233014181136
0.533333333333 4.18879020479 0.0989015170333
0.533333333333 4.39822971503 0.275300464851
0.533333333333 4.60766922527 0.316723784934
0.533333333333 4.8171087355 0.304631676442
0.533333333333 5.02654824574 0.345192226151
0.533333333333 5.23598775598 0.26032521083
0.533333333333 5.44542726622 0.647232378294
0.533333333333 5.65486677646 0.323932053054
0.533333333333 5.8643062867 0.282221092328
0.533333333333 6.07374579694 0.413345023423

0.6 0 0.732488671519
0.6 0.209439510239 0.315753129492
0.6 0.418879020479 0.0266353483381
0.6 0.628318530718 0.00710093364445
0.6 0.837758040957 0.0616224867956
0.6 1.0471975512 0.229941019118
0.6 1.25663706144 0.419017884713
0.6 1.46607657168 0.230055653274
0.6 1.67551608191 0.0852413909741
0.6 1.88495559215 0.109370292061
0.6 2.09439510239 0.235519767102
0.6 2.30383461263 0.612742672821
0.6 2.51327412287 0.585726509784
0.6 2.72271363311 0.0371456741257
0.6 2.93215314335 0.100363853113
0.6 3.14159265359 0.122511030808
0.6 3.35103216383 0.078482014345
0.6 3.56047167407 0.0374702492961
0.6 3.76991118431 0.0474708808392
0.6 3.97935069455 0.0634111397727
0.6 4.18879020479 0.170892996857
0.6 4.39822971503 0.330842918168
0.6 4.60766922527 0.332620606793
0.6 4.8171087355 0.300723074105
0.6 5.02654824574 0.343926433388
0.6 5.23598775598 0.308797641608
0.6 5.44542726622 0.616321150383
0.6 5.65486677646 0.302418626783
0.6 5.8643062867 0.352456438937
0.6 6.07374579694 0.302903034589

0.666666666667 0 0.664831512784
0.666666666667 0.209439510239 0.507624228518
0.666666666667 0.418879020479 0.123261570944
0.666666666667 0.628318530718 0.0419063407656
0.666666666667 0.837758040957 0.114372895666
0.666666666667 1.0471975512 0.259853893266
0.666666666667 1.25663706144 0.298782922829
0.666666666667 1.46607657168 0.133100731008
0.666666666667 1.67551608191 0.0728278099054
0.666666666667 1.88495559215 0.115591886148
0.666666666667 2.09439510239 0.237600929869
0.666666666667 2.30383461263 0.563908113923
0.666666666667 2.51327412287 0.547864808025
0.666666666667 2.72271363311 0.0146742090954
0.666666666667 2.93215314335 0.088911414282
0.666666666667 3.14159265359 0.152368904187
0.666666666667 3.35103216383 0.0989664988652
0.666666666667 3.56047167407 0.010512666607
0.666666666667 3.76991118431 0.0742789661939
0.666666666667 3.97935069455 0.154422937768
0.666666666667 4.18879020479 0.282837565454
0.666666666667 4.39822971503 0.385800817101
0.666666666667 4.60766922527 0.305489908168
0.666666666667 4.8171087355 0.297452810684
0.666666666667 5.02654824574 0.361494773045
0.666666666667 5.23598775598 0.35502323911
0.666666666667 5.44542726622 0.569550063884
0.666666666667 5.65486677646 0.286194849404
0.666666666667 5.8643062867 0.439372416197
0.666666666667 6.07374579694 0.207175326365

0.733333333333 0 0.449718514191
0.733333333333 0.209439510239 0.639620597412
0.733333333333 0.418879020479 0.362718567784
0.733333333333 0.628318530718 0.183957686502
0.733333333333 0.837758040957 0.188048748681
0.733333333333 1.0471975512 0.236767919644
0.733333333333 1.25663706144 0.181757238443
0.733333333333 1.46607657168 0.0806737633381
0.733333333333 1.67551608191 0.0651047308028
0.733333333333 1.88495559215 0.1363032693
0.733333333333 2.09439510239 0.225868990985
0.733333333333 2.30383461263 0.458264254478
0.733333333333 2.51327412287 0.481727947318
0.733333333333 2.72271363311 0.0506913562073
0.733333333333 2.93215314335 0.0540370694462
0.733333333333 3.14159265359 0.169570572347
0.733333333333 3.35103216383 0.192328316475
0.733333333333 3.56047167407 0.0607239790691
0.733333333333 3.76991118431 0.107691823078
0.733333333333 3.97935069455 0.237958605711
0.733333333333 4.18879020479 0.354956569518
0.733333333333 4.39822971503 0.350165350848
0.733333333333 4.60766922527 0.217562539365
0.733333333333 4.8171087355 0.3442366235
0.733333333333 5.02654824574 0.39503273755
0.733333333333 5.23598775598 0.384100470092
0.733333333333 5.44542726622 0.50672212309
0.733333333333 5.65486677646 0.278499077895
0.733333333333 5.8643062867 0.528291169091
0.733333333333 6.07374579694 0.19277158904

0.8 0 0.197150283538
0.8 0.209439510239 0.470917332363
0.8 0.418879020479 0.515307971831
0.8 0.628318530718 0.391114463187
0.8 0.837758040957 0.298594557342
0.8 1.0471975512 0.221262504066
0.8 1.25663706144 0.110869563271
0.8 1.46607657168 0.0464384171093
0.8 1.67551608191 0.0976113435934
0.8 1.88495559215 0.165653538672
0.8 2.09439510239 0.182332818484
0.8 2.30383461263 0.297167087347
0.8 2.51327412287 0.393067520069
0.8 2.72271363311 0.190124266751
0.8 2.93215314335 0.051535996471
0.8 3.14159265359 0.109161028932
0.8 3.35103216383 0.245814462561
0.8 3.56047167407 0.197467307867
0.8 3.76991118431 0.175293965875
0.8 3.97935069455 0.235420081231
0.8 4.18879020479 0.256075568217
0.8 4.39822971503 0.176109036347
0.8 4.60766922527 0.198166340185
0.8 4.8171087355 0.485531109744
0.8 5.02654824574 0.414460916602
0.8 5.23598775598 0.378343394504
0.8 5.44542726622 0.432494319881
0.8 5.65486677646 0.281660675426
0.8 5.8643062867 0.589942843073
0.8 6.07374579694 0.324694146831

0.866666666667 0 0.244420107403
0.866666666667 0.209439510239 0.14450497283
0.866666666667 0.418879020479 0.220652194057
0.866666666667 0.628318530718 0.243336658315
0.866666666667 0.837758040957 0.184163971451
0.866666666667 1.0471975512 0.0913516751357
0.866666666667 1.25663706144 0.0380417638238
0.866666666667 1.46607657168 0.102832752403
0.866666666667 1.67551608191 0.205862390749
0.866666666667 1.88495559215 0.163079807894
0.866666666667 2.09439510239 0.0937637979174
0.866666666667 2.30383461263 0.159629060506
0.866666666667 2.51327412287 0.358570972436
0.866666666667 2.72271363311 0.422092148185
0.866666666667 2.93215314335 0.222851180266
0.866666666667 3.14159265359 0.0809121733261
0.866666666667 3.35103216383 0.136425321985
0.866666666667 3.56047167407 0.188568001373
0.866666666667 3.76991118431 0.166593888508
0.866666666667 3.97935069455 0.132685818645
0.866666666667 4.18879020479 0.120171909653
0.866666666667 4.39822971503 0.210081843616
0.866666666667 4.60766922527 0.472188150219
0.866666666667 4.8171087355 0.60552820694
0.866666666667 5.02654824574 0.362384845179
0.866666666667 5.23598775598 0.334085312925
0.866666666667 5.44542726622 0.361820619104
0.866666666667 5.65486677646 0.295015044944
0.866666666667 5.8643062867 0.580178478853
0.866666666667 6.07374579694 0.569962449392

0.933333333333 0 0.629315418114
0.933333333333 0.209439510239 0.470496396255
0.933333333333 0.418879020479 0.317651804655
0.933333333333 0.628318530718 0.233342293533
0.933333333333 0.837758040957 0.212290443612
0.933333333333 1.0471975512 0.244536539009
0.933333333333 1.25663706144 0.309521244256
0.933333333333 1.46607657168 0.335576594469
0.933333333333 1.67551608191 0.236163512361
0.933333333333 1.88495559215 0.0719222385995
0.933333333333 2.09439510239 0.0341836353019
0.933333333333 2.30383461263 0.196878089539
0.933333333333 2.51327412287 0.475545186358
0.933333333333 2.72271363311 0.652146970388
0.933333333333 2.93215314335 0.582969660904
0.933333333333 3.14159265359 0.399227596958
0.933333333333 3.35103216383 0.293590942673
0.933333333333 3.56047167407 0.292343134806
0.933333333333 3.76991118431 0.339062915606
0.933333333333 3.97935069455 0.411097234384
0.933333333333 4.18879020479 0.510941121378
0.933333333333 4.39822971503 0.601539354725
0.933333333333 4.60766922527 0.578650367712
0.933333333333 4.8171087355 0.402337623965
0.933333333333 5.02654824574 0.265602830639
0.933333333333 5.23598775598 0.307854861195
0.933333333333 5.44542726622 0.331172398056
0.933333333333 5.65486677646 0.313986353788
0.933333333333 5.8643062867 0.457130588117
0.933333333333 6.07374579694 0.638592591442

