-1 0 1.02372757764
-1 0.209439510239 1.02372757764
-1 0.418879020479 1.02372757764
-1 0.628318530718 1.02372757764
-1 0.837758040957 1.02372757764
-1 1.0471975512 1.02372757764
-1 1.25663706144 1.02372757764
-1 1.46607657168 1.02372757764
-1 1.67551608191 1.02372757764
-1 1.88495559215 1.02372757764
-1 2.09439510239 1.02372757764
-1 2.30383461263 1.02372757764
-1 2.51327412287 1.02372757764
-1 2.72271363311 1.02372757764
-1 2.93215314335 1.02372757764
-1 3.14159265359 1.02372757764
-1 3.35103216383 1.02372757764
-1 3.56047167407 1.02372757764
-1 3.76991118431 1.02372757764
-1 3.97935069455 1.02372757764
-1 4.18879020479 1.02372757764
-1 4.39822971503 1.02372757764
-1 4.60766922527 1.02372757764
-1 4.8171087355 1.02372757764
-1 5.02654824574 1.02372757764
-1 5.23598775598 1.02372757764
-1 5.44542726622 1.02372757764
-1 5.65486677646 1.02372757764
-1 5.8643062867 1.02372757764
-1 6.07374579694 1.02372757764

-0.933333333333 0 0.911318218624
-0.933333333333 0.209439510239 0.563882857689
-0.933333333333 0.418879020479 0.419904780681
-0.933333333333 0.628318530718 0.372375191095
-0.933333333333 0.837758040957 0.339467242345
-0.933333333333 1.0471975512 0.293913160759
-0.933333333333 1.25663706144 0.25749964817
-0.933333333333 1.46607657168 0.240840140958
-0.933333333333 1.67551608191 0.178860848054
-0.933333333333 1.88495559215 0.16800658339
-0.933333333333 2.09439510239 0.671830789045
-0.933333333333 2.30383461263 1.68363404767
-0.933333333333 2.51327412287 2.20277370404
-0.933333333333 2.72271363311 1.69293477118
-0.933333333333 2.93215314335 0.87609051811
-0.933333333333 3.14159265359 0.54076410818
-0.933333333333 3.35103216383 0.714372066009
-0.933333333333 3.56047167407 1.05360452075
-0.933333333333 3.76991118431 1.36330289634
-0.933333333333 3.97935069455 1.64261848449
-0.933333333333 4.18879020479 1.88231777248
-0.933333333333 4.39822971503 1.88345159558
-0.933333333333 4.60766922527 1.34404445367
-0.933333333333 4.8171087355 0.492507468678
-0.933333333333 5.02654824574 0.218769318621
-0.933333333333 5.23598775598 0.463366322513
-0.933333333333 5.44542726622 0.378737421719
-0.933333333333 5.65486677646 0.538396701864
-0.933333333333 5.8643062867 1.19015695543
-0.933333333333 6.07374579694 1.32189348083

-0.866666666667 0 0.519486262059
-0.866666666667 0.209439510239 0.651144343201
-0.866666666667 0.418879020479 0.77478547698
-0.866666666667 0.628318530718 0.897080145971
-0.866666666667 0.837758040957 0.994632881064
-0.866666666667 1.0471975512 0.9603251467
-0.866666666667 1.25663706144 0.660190268289
-0.866666666667 1.46607657168 0.240683027172
-0.866666666667 1.67551608191 0.107170730726
-0.866666666667 1.88495559215 0.0855374944671
-0.866666666667 2.09439510239 0.475967880462
-0.866666666667 2.30383461263 1.87727513727
-0.866666666667 2.51327412287 2.19187522461
-0.866666666667 2.72271363311 1.03411538103
-0.866666666667 2.93215314335 0.372358249809
-0.866666666667 3.14159265359 0.454192387605
-0.866666666667 3.35103216383 0.543355334121
-0.866666666667 3.56047167407 0.439672161955
-0.866666666667 3.76991118431 0.35481216192
-0.866666666667 3.97935069455 0.379711166337
-0.866666666667 4.18879020479 0.581809020114
-0.866666666667 4.39822971503 1.17129054933
-0.866666666667 4.60766922527 1.97932044661
-0.866666666667 4.8171087355 1.60358474968
-0.866666666667 5.02654824574 0.304967453034
-0.866666666667 5.23598775598 0.544972487397
-0.866666666667 5.44542726622 0.512749665237
-0.866666666667 5.65486677646 0.590439353307
-0.866666666667 5.8643062867 1.29577417946
-0.866666666667 6.07374579694 0.817435242695

-0.8 0 0.79486396305
-0.8 0.209439510239 0.735076078747
-0.8 0.418879020479 0.642373913735
-0.8 0.628318530718 0.636042650831
-0.8 0.837758040957 0.74114477207
-0.8 1.0471975512 1.00349408561
-0.8 1.25663706144 1.14761283441
-0.8 1.46607657168 0.670096449484
-0.8 1.67551608191 0.120407102831
-0.8 1.88495559215 0.128370344531
-0.8 2.09439510239 0.333075631631
-0.8 2.30383461263 1.94278511203
-0.8 2.51327412287 2.0474805281
-0.8 2.72271363311 0.616342098983
-0.8 2.93215314335 0.214281613527
-0.8 3.14159265359 0.29353680995
-0.8 3.35103216383 0.22159574002
-0.8 3.56047167407 0.271288170045
-0.8 3.76991118431 0.451748834007
-0.8 3.97935069455 0.545914641512
-0.8 4.18879020479 0.570884019274
-0.8 4.39822971503 0.612150212898
-0.8 4.60766922527 1.05790252683
-0.8 4.8171087355 1.61849810882
-0.8 5.02654824574 0.546791046646
-0.8 5.23598775598 0.554874964558
-0.8 5.44542726622 0.708290543894
-0.8 5.65486677646 0.458760969127
-0.8 5.8643062867 0.964423907884
-0.8 6.07374579694 0.655227290819

-0.733333333333 0 0.763602562941
-0.733333333333 0.209439510239 0.412616776475
-0.733333333333 0.418879020479 0.292903886696
-0.733333333333 0.628318530718 0.201458471721
-0.733333333333 0.837758040957 0.193167381608
-0.733333333333 1.0471975512 0.430791260943
-0.733333333333 1.25663706144 0.944501770901
-0.733333333333 1.46607657168 0.965342483497
-0.733333333333 1.67551608191 0.207086374653
-0.733333333333 1.88495559215 0.186919189197
-0.733333333333 2.09439510239 0.268293138008
-0.733333333333 2.30383461263 1.92697768634
-0.733333333333 2.51327412287 1.8981439989
-0.733333333333 2.72271363311 0.370370702124
-0.733333333333 2.93215314335 0.139919362765
-0.733333333333 3.14159265359 0.218550470459
-0.733333333333 3.35103216383 0.278551689502
-0.733333333333 3.56047167407 0.657282181963
-0.733333333333 3.76991118431 0.777158122708
-0.733333333333 3.97935069455 0.641792392563
-0.733333333333 4.18879020479 0.667352341198
-0.733333333333 4.39822971503 0.922321957506
-0.733333333333 4.60766922527 1.08418452612
-0.733333333333 4.8171087355 1.34591778824
-0.733333333333 5.02654824574 0.805210279434
-0.733333333333 5.23598775598 0.473834450113
-0.733333333333 5.44542726622 0.756415056826
-0.733333333333 5.65486677646 0.327162151919
-0.733333333333 5.8643062867 0.769777806913
-0.733333333333 6.07374579694 0.807156460098

-0.666666666667 0 0.511836984677
-0.666666666667 0.209439510239 0.265018958914
-0.666666666667 0.418879020479 0.286219106959
-0.666666666667 0.628318530718 0.244104273061
-0.666666666667 0.837758040957 0.141423617761
-0.666666666667 1.0471975512 0.162202625328
-0.666666666667 1.25663706144 0.620861670188
-0.666666666667 1.46607657168 1.0303292502
-0.666666666667 1.67551608191 0.309056251924
-0.666666666667 1.88495559215 0.210164850627
-0.666666666667 2.09439510239 0.273077320025
-0.666666666667 2.30383461263 1.86173388376
-0.666666666667 2.51327412287 1.77387413126
-0.666666666667 2.72271363311 0.217995332761
-0.666666666667 2.93215314335 0.12947689321
-0.666666666667 3.14159265359 0.225664569857
-0.666666666667 3.35103216383 0.556623638631
-0.666666666667 3.56047167407 1.01318172111
-0.666666666667 3.76991118431 0.735402971256
-0.666666666667 3.97935069455 0.325469910868
-0.666666666667 4.18879020479 0.265254492654
-0.666666666667 4.39822971503 0.658316325836
-0.666666666667 4.60766922527 1.31767725666
-0.666666666667 4.8171087355 1.32663265011
-0.666666666667 5.02654824574 1.04030652815
-0.666666666667 5.23598775598 0.461204561361
-0.666666666667 5.44542726622 0.695763611181
-0.666666666667 5.65486677646 0.25429400614
-0.666666666667 5.8643062867 0.746543623733
-0.666666666667 6.07374579694 0.896831103133

-0.6 0 0.313954303821
-0.6 0.209439510239 0.330885235136
-0.6 0.418879020479 0.466962966582
-0.6 0.628318530718 0.509298408825
-0.6 0.837758040957 0.302034580728
-0.6 1.0471975512 0.13486436545
-0.6 1.25663706144 0.444054802109
-0.6 1.46607657168 1.02248979143
-0.6 1.67551608191 0.407766073992
-0.6 1.88495559215 0.19711891834
-0.6 2.09439510239 0.322242634577
-0.6 2.30383461263 1.76989218899
-0.6 2.51327412287 1.67800245137
-0.6 2.72271363311 0.121285534922
-0.6 2.93215314335 0.158832878035
-0.6 3.14159265359 0.279893585189
-0.6 3.35103216383 0.902796644026
-0.6 3.56047167407 1.12415696412
-0.6 3.76991118431 0.498580513761
-0.6 3.97935069455 0.105800739201
-0.6 4.18879020479 0.106719143705
-0.6 4.39822971503 0.270495118783
-0.6 4.60766922527 1.16989579094
-0.6 4.8171087355 1.42840008769
-0.6 5.02654824574 1.1986402274
-0.6 5.23598775598 0.539771046839
-0.6 5.44542726622 0.598607296994
-0.6 5.65486677646 0.221959563912
-0.6 5.8643062867 0.794902594664
-0.6 6.07374579694 0.857707559275

-0.533333333333 0 0.234804765832
-0.533333333333 0.209439510239 0.425152452934
-0.533333333333 0.418879020479 0.617961109051
-0.533333333333 0.628318530718 0.716608168189
-0.533333333333 0.837758040957 0.417522734
-0.533333333333 1.0471975512 0.129432335131
-0.533333333333 1.25663706144 0.338627572189
-0.533333333333 1.46607657168 1.02038174752
-0.533333333333 1.67551608191 0.50751993086
-0.533333333333 1.88495559215 0.165013943329
-0.533333333333 2.09439510239 0.391244164994
-0.533333333333 2.30383461263 1.66701971158
-0.533333333333 2.51327412287 1.60691817648
-0.533333333333 2.72271363311 0.0623041903747
-0.533333333333 2.93215314335 0.198398808082
-0.533333333333 3.14159265359 0.37346427127
-0.533333333333 3.35103216383 1.17796669735
-0.533333333333 3.56047167407 0.992510100157
-0.533333333333 3.76991118431 0.255920410992
-0.533333333333 3.97935069455 0.082638593521
-0.533333333333 4.18879020479 0.280961340277
-0.533333333333 4.39822971503 0.225304055275
-0.533333333333 4.60766922527 0.825182108153
-0.533333333333 4.8171087355 1.48576218864
-0.533333333333 5.02654824574 1.27615083794
-0.533333333333 5.23598775598 0.66621427567
-0.533333333333 5.44542726622 0.50378684559
-0.533333333333 5.65486677646 0.208853294927
-0.533333333333 5.8643062867 0.851429514082
-0.533333333333 6.07374579694 0.75052356998

-0.466666666667 0 0.230261636529
-0.466666666667 0.209439510239 0.454672356131
-0.466666666667 0.418879020479 0.664700230213
-0.466666666667 0.628318530718 0.774490695592
-0.466666666667 0.837758040957 0.465549943543
-0.466666666667 1.0471975512 0.121415515591
-0.466666666667 1.25663706144 0.233647550125
-0.466666666667 1.46607657168 1.01904084095
-0.466666666667 1.67551608191 0.611114749614
-0.466666666667 1.88495559215 0.12977086263
-0.466666666667 2.09439510239 0.462620982184
-0.466666666667 2.30383461263 1.56305622614
-0.466666666667 2.51327412287 1.55612941071
-0.466666666667 2.72271363311 0.0302405084812
-0.466666666667 2.93215314335 0.230773884232
-0.466666666667 3.14159265359 0.492192166193
-0.466666666667 3.35103216383 1.31370180049
-0.466666666667 3.56047167407 0.74329141577
-0.466666666667 3.76991118431 0.10794528287
-0.466666666667 3.97935069455 0.170923063394
-0.466666666667 4.18879020479 0.537154433477
-0.466666666667 4.39822971503 0.434000055925
-0.466666666667 4.60766922527 0.535478981686
-0.466666666667 4.8171087355 1.46404914562
-0.466666666667 5.02654824574 1.29658179371
-0.466666666667 5.23598775598 0.799582289032
-0.466666666667 5.44542726622 0.425100865202
-0.466666666667 5.65486677646 0.203529871292
-0.466666666667 5.8643062867 0.894019854984
-0.466666666667 6.07374579694 0.630932839657

-0.4 0 0.250685944384
-0.4 0.209439510239 0.426647818073
-0.4 0.418879020479 0.623094054973
-0.4 0.628318530718 0.706544193878
-0.4 0.837758040957 0.489177829538
-0.4 1.0471975512 0.153887841609
-0.4 1.25663706144 0.132112417781
-0.4 1.46607657168 1.00060194799
-0.4 1.67551608191 0.714004106685
-0.4 1.88495559215 0.100375487916
-0.4 2.09439510239 0.526276546556
-0.4 2.30383461263 1.46383071708
-0.4 2.51327412287 1.52195942781
-0.4 2.72271363311 0.0168354518091
-0.4 2.93215314335 0.251105903947
-0.4 3.14159265359 0.612670291679
-0.4 3.35103216383 1.32395882115
-0.4 3.56047167407 0.499090912336
-0.4 3.76991118431 0.0634539920348
-0.4 3.97935069455 0.29143211158
-0.4 4.18879020479 0.727146548856
-0.4 4.39822971503 0.674203870825
-0.4 4.60766922527 0.369742613565
-0.4 4.8171087355 1.39408432039
-0.4 5.02654824574 1.28529565626
-0.4 5.23598775598 0.917053379028
-0.4 5.44542726622 0.364860094748
-0.4 5.65486677646 0.200941181597
-0.4 5.8643062867 0.920571912998
-0.4 6.07374579694 0.525333070728

-0.333333333333 0 0.269937856545
-0.333333333333 0.209439510239 0.3779594521
-0.333333333333 0.418879020479 0.539724119868
-0.333333333333 0.628318530718 0.579532862378
-0.333333333333 0.837758040957 0.515183478769
-0.333333333333 1.0471975512 0.239385585107
-0.333333333333 1.25663706144 0.0577243442795
-0.333333333333 1.46607657168 0.962998362075
-0.333333333333 1.67551608191 0.80838147851
-0.333333333333 1.88495559215 0.0798287402314
-0.333333333333 2.09439510239 0.577591516247
-0.333333333333 2.30383461263 1.37231337549
-0.333333333333 2.51327412287 1.50180598005
-0.333333333333 2.72271363311 0.0153631776548
-0.333333333333 2.93215314335 0.260964644299
-0.333333333333 3.14159265359 0.714814093697
-0.333333333333 3.35103216383 1.26196761907
-0.333333333333 3.56047167407 0.319913464576
-0.333333333333 3.76991118431 0.0834252847478
-0.333333333333 3.97935069455 0.403633381441
-0.333333333333 4.18879020479 0.842962268167
-0.333333333333 4.39822971503 0.841848471155
-0.333333333333 4.60766922527 0.294230432249
-0.333333333333 4.8171087355 1.3111507117
-0.333333333333 5.02654824574 1.26039298188
-0.333333333333 5.23598775598 1.01016452095
-0.333333333333 5.44542726622 0.321176396763
-0.333333333333 5.65486677646 0.199043970076
-0.333333333333 5.8643062867 0.935476619474
-0.333333333333 6.07374579694 0.440614724617

-0.266666666667 0 0.280596860755
-0.266666666667 0.209439510239 0.336077276935
-0.266666666667 0.418879020479 0.457124344895
-0.266666666667 0.628318530718 0.458701221411
-0.266666666667 0.837758040957 0.5527100027
-0.266666666667 1.0471975512 0.358635474835
-0.266666666667 1.25663706144 0.0199633327782
-0.266666666667 1.46607657168 0.916690338086
-0.266666666667 1.67551608191 0.887570050521
-0.266666666667 1.88495559215 0.0676747804272
-0.266666666667 2.09439510239 0.615332850218
-0.266666666667 2.30383461263 1.28956939151
-0.266666666667 2.51327412287 1.49397101477
-0.266666666667 2.72271363311 0.0205730726469
-0.266666666667 2.93215314335 0.263406263398
-0.266666666667 3.14159265359 0.788492839083
-0.266666666667 3.35103216383 1.17942889975
-0.266666666667 3.56047167407 0.213744197937
-0.266666666667 3.76991118431 0.128025938481
-0.266666666667 3.97935069455 0.49691890859
-0.266666666667 4.18879020479 0.92448359054
-0.266666666667 4.39822971503 0.936877866597
-0.266666666667 4.60766922527 0.263239092095
-0.266666666667 4.8171087355 1.23556099167
-0.266666666667 5.02654824574 1.23275248852
-0.266666666667 5.23598775598 1.0785225769
-0.266666666667 5.44542726622 0.291093653901
-0.266666666667 5.65486677646 0.197100436504
-0.266666666667 5.8643062867 0.943894637142
-0.266666666667 6.07374579694 0.37504307124

-0.2 0 0.28396600209
-0.2 0.209439510239 0.312289266373
-0.2 0.418879020479 0.399650217991
-0.2 0.628318530718 0.384141009515
-0.2 0.837758040957 0.604215150773
-0.2 1.0471975512 0.485108540861
-0.2 1.25663706144 0.0120310841336
-0.2 1.46607657168 0.87503206676
-0.2 1.67551608191 0.947644927354
-0.2 1.88495559215 0.0621025456594
-0.2 2.09439510239 0.640039372332
-0.2 2.30383461263 1.21544387526
-0.2 2.51327412287 1.49740604304
-0.2 2.72271363311 0.0286855435543
-0.2 2.93215314335 0.260715020182
-0.2 3.14159265359 0.832394046395
-0.2 3.35103216383 1.10960778096
-0.2 3.56047167407 0.1667393709
-0.2 3.76991118431 0.176142429878
-0.2 3.97935069455 0.577511446834
-0.2 4.18879020479 1.00286627033
-0.2 4.39822971503 0.989204484751
-0.2 4.60766922527 0.24922906471
-0.2 4.8171087355 1.17428733528
-0.2 5.02654824574 1.20825857894
-0.2 5.23598775598 1.12529653435
-0.2 5.44542726622 0.271775740356
-0.2 5.65486677646 0.194955841744
-0.2 5.8643062867 0.949977217361
-0.2 6.07374579694 0.324282835283

-0.133333333333 0 0.28353631856
-0.133333333333 0.209439510239 0.307040982937
-0.133333333333 0.418879020479 0.373979284244
-0.133333333333 0.628318530718 0.367013964551
-0.133333333333 0.837758040957 0.669543142024
-0.133333333333 1.0471975512 0.598865271721
-0.133333333333 1.25663706144 0.0201205533188
-0.133333333333 1.46607657168 0.848726419836
-0.133333333333 1.67551608191 0.986957908903
-0.133333333333 1.88495559215 0.0612114229309
-0.133333333333 2.09439510239 0.652973211272
-0.133333333333 2.30383461263 1.14902871147
-0.133333333333 2.51327412287 1.51147669852
-0.133333333333 2.72271363311 0.0372754635601
-0.133333333333 2.93215314335 0.253952099902
-0.133333333333 3.14159265359 0.849943182657
-0.133333333333 3.35103216383 1.06731365448
-0.133333333333 3.56047167407 0.16372929718
-0.133333333333 3.76991118431 0.223373883369
-0.133333333333 3.97935069455 0.656783427824
-0.133333333333 4.18879020479 1.08944910406
-0.133333333333 4.39822971503 1.01974789233
-0.133333333333 4.60766922527 0.240955350843
-0.133333333333 4.8171087355 1.12703812298
-0.133333333333 5.02654824574 1.18980989928
-0.133333333333 5.23598775598 1.15466438675
-0.133333333333 5.44542726622 0.26087982985
-0.133333333333 5.65486677646 0.192753903263
-0.133333333333 5.8643062867 0.956613586597
-0.133333333333 6.07374579694 0.283917094197

-0.0666666666667 0 0.282126279945
-0.0666666666667 0.209439510239 0.316024128473
-0.0666666666667 0.418879020479 0.376036715271
-0.0666666666667 0.628318530718 0.398489170825
-0.0666666666667 0.837758040957 0.745734223223
-0.0666666666667 1.0471975512 0.687832192607
-0.0666666666667 1.25663706144 0.0310328083296
-0.0666666666667 1.46607657168 0.844584481169
-0.0666666666667 1.67551608191 1.00494800718
-0.0666666666667 1.88495559215 0.0636032025316
-0.0666666666667 2.09439510239 0.655517044019
-0.0666666666667 2.30383461263 1.08896345615
-0.0666666666667 2.51327412287 1.53576304685
-0.0666666666667 2.72271363311 0.0451016507286
-0.0666666666667 2.93215314335 0.243277875658
-0.0666666666667 3.14159265359 0.845803081657
-0.0666666666667 3.35103216383 1.05442892962
-0.0666666666667 3.56047167407 0.195846064756
-0.0666666666667 3.76991118431 0.273333911754
-0.0666666666667 3.97935069455 0.742987164968
-0.0666666666667 4.18879020479 1.18199255555
-0.0666666666667 4.39822971503 1.03422366953
-0.0666666666667 4.60766922527 0.23558965097
-0.0666666666667 4.8171087355 1.09081990786
-0.0666666666667 5.02654824574 1.17865324602
-0.0666666666667 5.23598775598 1.17056903981
-0.0666666666667 5.44542726622 0.256609231779
-0.0666666666667 5.65486677646 0.19083923396
-0.0666666666667 5.8643062867 0.965594371428
-0.0666666666667 6.07374579694 0.250304858699

6.12323399574e-17 0 0.281106569106
6.12323399574e-17 0.209439510239 0.333835515094
6.12323399574e-17 0.418879020479 0.39773455265
6.12323399574e-17 0.628318530718 0.461036558154
6.12323399574e-17 0.837758040957 0.82582990652
6.12323399574e-17 1.0471975512 0.743600486736
6.12323399574e-17 1.25663706144 0.0359136673351
6.12323399574e-17 1.46607657168 0.866111347152
6.12323399574e-17 1.67551608191 1.00116572879
6.12323399574e-17 1.88495559215 0.0685569366552
6.12323399574e-17 2.09439510239 0.648863361811
6.12323399574e-17 2.30383461263 1.03361511168
6.12323399574e-17 2.51327412287 1.56987824749
6.12323399574e-17 2.72271363311 0.0519656259127
6.12323399574e-17 2.93215314335 0.228440445832
6.12323399574e-17 3.14159265359 0.82409562972
6.12323399574e-17 3.35103216383 1.06465080287
6.12323399574e-17 3.56047167407 0.260735761817
6.12323399574e-17 3.76991118431 0.330556997398
6.12323399574e-17 3.97935069455 0.83694224774
6.12323399574e-17 4.18879020479 1.27117008147
6.12323399574e-17 4.39822971503 1.02869746504
6.12323399574e-17 4.60766922527 0.233543265204
6.12323399574e-17 4.8171087355 1.06236282173
6.12323399574e-17 5.02654824574 1.17515131474
6.12323399574e-17 5.23598775598 1.17620135266
6.12323399574e-17 5.44542726622 0.257653251903
6.12323399574e-17 5.65486677646 0.189742931028
6.12323399574e-17 5.8643062867 0.977767347473
6.12323399574e-17 6.07374579694 0.220859639744

0.0666666666667 0 0.280452253196
0.0666666666667 0.209439510239 0.355394118077
0.0666666666667 0.418879020479 0.430791696688
0.0666666666667 0.628318530718 0.535682315411
0.0666666666667 0.837758040957 0.897504097946
0.0666666666667 1.0471975512 0.757118078519
0.0666666666667 1.25663706144 0.0319400121491
0.0666666666667 1.46607657168 0.913964031973
0.0666666666667 1.67551608191 0.974932468993
0.0666666666667 1.88495559215 0.0759815339076
0.0666666666667 2.09439510239 0.633867771563
0.0666666666667 2.30383461263 0.981172357213
0.0666666666667 2.51327412287 1.61327558338
0.0666666666667 2.72271363311 0.058654489033
0.0666666666667 2.93215314335 0.209197963008
0.0666666666667 3.14159265359 0.788191274271
0.0666666666667 3.35103216383 1.0857955261
0.0666666666667 3.56047167407 0.359737422659
0.0666666666667 3.76991118431 0.396993231696
0.0666666666667 3.97935069455 0.930871101912
0.0666666666667 4.18879020479 1.34335369772
0.0666666666667 4.39822971503 0.995827456866
0.0666666666667 4.60766922527 0.236261103826
0.0666666666667 4.8171087355 1.03925628376
0.0666666666667 5.02654824574 1.17916681708
0.0666666666667 5.23598775598 1.17383091954
0.0666666666667 5.44542726622 0.263094859751
0.0666666666667 5.65486677646 0.19021208931
0.0666666666667 5.8643062867 0.993054662608
0.0666666666667 6.07374579694 0.194253745495

0.133333333333 0 0.278975233543
0.133333333333 0.209439510239 0.37604091497
0.133333333333 0.418879020479 0.467763573207
0.133333333333 0.628318530718 0.604302061619
0.133333333333 0.837758040957 0.941938211863
0.133333333333 1.0471975512 0.717271178982
0.133333333333 1.25663706144 0.0237802318249
0.133333333333 1.46607657168 0.985336524757
0.133333333333 1.67551608191 0.925766686504
0.133333333333 1.88495559215 0.0862562247868
0.133333333333 2.09439510239 0.610979000728
0.133333333333 2.30383461263 0.929682558004
0.133333333333 2.51327412287 1.66500261618
0.133333333333 2.72271363311 0.06699173354
0.133333333333 2.93215314335 0.185642612352
0.133333333333 3.14159265359 0.741533787843
0.133333333333 3.35103216383 1.10051576389
0.133333333333 3.56047167407 0.49350883811
0.133333333333 3.76991118431 0.471657847431
0.133333333333 3.97935069455 1.00963373594
0.133333333333 4.18879020479 1.38152473758
0.133333333333 4.39822971503 0.92961629298
0.133333333333 4.60766922527 0.245363341285
0.133333333333 4.8171087355 1.02063140344
0.133333333333 5.02654824574 1.19020877564
0.133333333333 5.23598775598 1.16475922934
0.133333333333 5.44542726622 0.272316614802
0.133333333333 5.65486677646 0.193266585129
0.133333333333 5.8643062867 1.01031004716
0.133333333333 6.07374579694 0.170763834315

0.2 0 0.274515952386
0.2 0.209439510239 0.391154264483
0.2 0.418879020479 0.501479821419
0.2 0.628318530718 0.649305690263
0.2 0.837758040957 0.93457032328
0.2 1.0471975512 0.614561378041
0.2 1.25663706144 0.0250600738249
0.2 1.46607657168 1.07217938656
0.2 1.67551608191 0.854530865618
0.2 1.88495559215 0.100012530049
0.2 2.09439510239 0.580192585086
0.2 2.30383461263 0.877054062938
0.2 2.51327412287 1.72334261139
0.2 2.72271363311 0.0799952172936
0.2 2.93215314335 0.158481325343
0.2 3.14159265359 0.688909381252
0.2 3.35103216383 1.08757544011
0.2 3.56047167407 0.655853851338
0.2 3.76991118431 0.552674167157
0.2 3.97935069455 1.05473972175
0.2 4.18879020479 1.3675332367
0.2 4.39822971503 0.829577776384
0.2 4.60766922527 0.26184600305
0.2 4.8171087355 1.00787563913
0.2 5.02654824574 1.20745101536
0.2 5.23598775598 1.14927607523
0.2 5.44542726622 0.284912225229
0.2 5.65486677646 0.200275082738
0.2 5.8643062867 1.02704147555
0.2 6.07374579694 0.152831549191

0.266666666667 0 0.264139043625
0.266666666667 0.209439510239 0.395964349133
0.266666666667 0.418879020479 0.524144364551
0.266666666667 0.628318530718 0.654181635941
0.266666666667 0.837758040957 0.851001354307
0.266666666667 1.0471975512 0.451355381787
0.266666666667 1.25663706144 0.0576843125524
0.266666666667 1.46607657168 1.15917540593
0.266666666667 1.67551608191 0.764974670295
0.266666666667 1.88495559215 0.117890505765
0.266666666667 2.09439510239 0.541012278668
0.266666666667 2.30383461263 0.821048258908
0.266666666667 2.51327412287 1.78525332493
0.266666666667 2.72271363311 0.102109573124
0.266666666667 2.93215314335 0.129365918414
0.266666666667 3.14159265359 0.63739636785
0.266666666667 3.35103216383 1.02681477962
0.266666666667 3.56047167407 0.825903667561
0.266666666667 3.76991118431 0.640396570667
0.266666666667 3.97935069455 1.05236375217
0.266666666667 4.18879020479 1.28860565544
0.266666666667 4.39822971503 0.704705144172
0.266666666667 4.60766922527 0.284801012519
0.266666666667 4.8171087355 1.00548792077
0.266666666667 5.02654824574 1.22971727809
0.266666666667 5.23598775598 1.12655942023
0.266666666667 5.44542726622 0.300602122611
0.266666666667 5.65486677646 0.213038648433
0.266666666667 5.8643062867 1.03907093219
0.266666666667 6.07374579694 0.145773775508

0.333333333333 0 0.244597809109
0.333333333333 0.209439510239 0.386222013745
0.333333333333 0.418879020479 0.527138138654
0.333333333333 0.628318530718 0.607976230421
0.333333333333 0.837758040957 0.681401952979
0.333333333333 1.0471975512 0.256438019933
0.333333333333 1.25663706144 0.144625834435
0.333333333333 1.46607657168 1.22390313778
0.333333333333 1.67551608191 0.664797446782
0.333333333333 1.88495559215 0.140316442157
0.333333333333 2.09439510239 0.492446301168
0.333333333333 2.30383461263 0.759292478927
0.333333333333 2.51327412287 1.84546776413
0.333333333333 2.72271363311 0.139413188713
0.333333333333 2.93215314335 0.101421742861
0.333333333333 3.14159265359 0.595754345827
0.333333333333 3.35103216383 0.911232842336
0.333333333333 3.56047167407 0.962319727277
0.333333333333 3.76991118431 0.738465380115
0.333333333333 3.97935069455 1.00522675398
0.333333333333 4.18879020479 1.1488330055
0.333333333333 4.39822971503 0.575291909653
0.333333333333 4.60766922527 0.310092973023
0.333333333333 4.8171087355 1.02175969726
0.333333333333 5.02654824574 1.25552712482
0.333333333333 5.23598775598 1.094504133
0.333333333333 5.44542726622 0.319149649645
0.333333333333 5.65486677646 0.233859905651
0.333333333333 5.8643062867 1.04029493377
0.333333333333 6.07374579694 0.158321912744

0.4 0 0.213608420085
0.4 0.209439510239 0.36031159052
0.4 0.418879020479 0.502397677445
0.4 0.628318530718 0.514129664885
0.4 0.837758040957 0.451563922099
0.4 1.0471975512 0.0927720933584
0.4 1.25663706144 0.293191893701
0.4 1.46607657168 1.24271949145
0.4 1.67551608191 0.564708425552
0.4 1.88495559215 0.167367925203
0.4 2.09439510239 0.433147085836
0.4 2.30383461263 0.68937322029
0.4 2.51327412287 1.89506684426
0.4 2.72271363311 0.199528270228
0.4 2.93215314335 0.0802283363838
0.4 3.14159265359 0.570377127677
0.4 3.35103216383 0.766596915568
0.4 3.56047167407 1.01001253097
0.4 3.76991118431 0.847990470758
0.4 3.97935069455 0.942556081523
0.4 4.18879020479 0.980286887174
0.4 4.39822971503 0.467883660617
0.4 4.60766922527 0.330852279466
0.4 4.8171087355 1.06844673339
0.4 5.02654824574 1.28325955751
0.4 5.23598775598 1.04951840462
0.4 5.44542726622 0.340273205175
0.4 5.65486677646 0.265551866266
0.4 5.8643062867 1.02287471982
0.4 6.07374579694 0.202192212511

0.466666666667 0 0.172749508475
0.466666666667 0.209439510239 0.322818390463
0.466666666667 0.418879020479 0.446317820319
0.466666666667 0.628318530718 0.397932562807
0.466666666667 0.837758040957 0.23526598036
0.466666666667 1.0471975512 0.0387766872545
0.466666666667 1.25663706144 0.476220200144
0.466666666667 1.46607657168 1.20278438304
0.466666666667 1.67551608191 0.474359423086
0.466666666667 1.88495559215 0.198697277325
0.466666666667 2.09439510239 0.361972904219
0.466666666667 2.30383461263 0.609136150151
0.466666666667 2.51327412287 1.91931908456
0.466666666667 2.72271363311 0.290557264836
0.466666666667 2.93215314335 0.0756280784176
0.466666666667 3.14159265359 0.556065998485
0.466666666667 3.35103216383 0.667350865067
0.466666666667 3.56047167407 0.934341092157
0.466666666667 3.76991118431 0.953582075803
0.466666666667 3.97935069455 0.91302489931
0.466666666667 4.18879020479 0.838232289111
0.466666666667 4.39822971503 0.398888010059
0.466666666667 4.60766922527 0.343111611037
0.466666666667 4.8171087355 1.15814873058
0.466666666667 5.02654824574 1.31133170479
0.466666666667 5.23598775598 0.986412086337
0.466666666667 5.44542726622 0.363554885731
0.466666666667 5.65486677646 0.311293365491
0.466666666667 5.8643062867 0.978446704872
0.466666666667 6.07374579694 0.289189464399

0.533333333333 0 0.13250453081
0.533333333333 0.209439510239 0.287809528799
0.533333333333 0.418879020479 0.367534028261
0.533333333333 0.628318530718 0.300677543696
0.533333333333 0.837758040957 0.12869126546
0.533333333333 1.0471975512 0.13337719161
0.533333333333 1.25663706144 0.633855985898
0.533333333333 1.46607657168 1.10847547202
0.533333333333 1.67551608191 0.398089894591
0.533333333333 1.88495559215 0.232958331773
0.533333333333 2.09439510239 0.27957608693
0.533333333333 2.30383461263 0.517493306984
0.533333333333 2.51327412287 1.89484342491
0.533333333333 2.72271363311 0.417513719653
0.533333333333 2.93215314335 0.1044653483
0.533333333333 3.14159265359 0.523609999219
0.533333333333 3.35103216383 0.714281719419
0.533333333333 3.56047167407 0.7816093163
0.533333333333 3.76991118431 1.01375602262
0.533333333333 3.97935069455 0.943234173529
0.533333333333 4.18879020479 0.760873847363
0.533333333333 4.39822971503 0.352634210587
0.533333333333 4.60766922527 0.359059198719
0.533333333333 4.8171087355 1.2984510407
0.533333333333 5.02654824574 1.337819284
0.533333333333 5.23598775598 0.898667286307
0.533333333333 5.44542726622 0.388356930561
0.533333333333 5.65486677646 0.374159222026
0.533333333333 5.8643062867 0.901246927092
0.533333333333 6.07374579694 0.423807028366

0.6 0 0.117281902708
0.6 0.209439510239 0.277147477652
0.6 0.418879020479 0.29863947862
0.6 0.628318530718 0.256376625712
0.6 0.837758040957 0.174772954006
0.6 1.0471975512 0.319299663833
0.6 1.25663706144 0.708279824168
0.6 1.46607657168 0.961008127741
0.6 1.67551608191 0.342220481716
0.6 1.88495559215 0.264763720283
0.6 2.09439510239 0.192144834278
0.6 2.30383461263 0.416487283243
0.6 2.51327412287 1.78751130355
0.6 2.72271363311 0.573344742375
0.6 2.93215314335 0.192090883323
0.6 3.14159265359 0.419333364739
0.6 3.35103216383 0.926143962797
0.6 3.56047167407 0.705170582334
0.6 3.76991118431 0.983813869907
0.6 3.97935069455 0.974972654917
0.6 4.18879020479 0.704390402824
0.6 4.39822971503 0.28309979741
0.6 4.60766922527 0.42268793168
0.6 4.8171087355 1.48431039693
0.6 5.02654824574 1.35794204312
0.6 5.23598775598 0.779687305259
0.6 5.44542726622 0.413786044147
0.6 5.65486677646 0.456017425824
0.6 5.8643062867 0.794120465811
0.6 6.07374579694 0.59033896532

0.666666666667 0 0.160306129568
0.666666666667 0.209439510239 0.307360027914
0.666666666667 0.418879020479 0.300510194488
0.666666666667 0.628318530718 0.278644391298
0.666666666667 0.837758040957 0.304263588942
0.666666666667 1.0471975512 0.463008755124
0.666666666667 1.25663706144 0.670928605074
0.666666666667 1.46607657168 0.738888201338
0.666666666667 1.67551608191 0.342961009628
0.666666666667 1.88495559215 0.275945959828
0.666666666667 2.09439510239 0.118501201952
0.666666666667 2.30383461263 0.316461995183
0.666666666667 2.51327412287 1.55769891276
0.666666666667 2.72271363311 0.721440182984
0.666666666667 2.93215314335 0.362269078641
0.666666666667 3.14159265359 0.216367511465
0.666666666667 3.35103216383 1.07693238346
0.666666666667 3.56047167407 0.823750871137
0.666666666667 3.76991118431 0.871922462805
0.666666666667 3.97935069455 0.86806561399
0.666666666667 4.18879020479 0.543664205346
0.666666666667 4.39822971503 0.178541450432
0.666666666667 4.60766922527 0.607838084139
0.666666666667 4.8171087355 1.69445313122
0.666666666667 5.02654824574 1.3564421863
0.666666666667 5.23598775598 0.626162641131
0.666666666667 5.44542726622 0.438815168731
0.666666666667 5.65486677646 0.555286523862
0.666666666667 5.8643062867 0.677416841543
0.666666666667 6.07374579694 0.7395786519

0.733333333333 0 0.268875860303
0.733333333333 0.209439510239 0.362266625635
0.733333333333 0.418879020479 0.41739440567
0.733333333333 0.628318530718 0.387337284465
0.733333333333 0.837758040957 0.417102317777
0.733333333333 1.0471975512 0.480470178038
0.733333333333 1.25663706144 0.523322220031
0.733333333333 1.46607657168 0.507878448688
0.733333333333 1.67551608191 0.457486403526
0.733333333333 1.88495559215 0.226824984146
0.733333333333 2.09439510239 0.0975345541646
0.733333333333 2.30383461263 0.248184880023
0.733333333333 2.51327412287 1.19489549918
0.733333333333 2.72271363311 0.777955571991
0.733333333333 2.93215314335 0.589808683451
0.733333333333 3.14159265359 0.0461417821957
0.733333333333 3.35103216383 0.767081115815
0.733333333333 3.56047167407 0.891773575648
0.733333333333 3.76991118431 0.702623353018
0.733333333333 3.97935069455 0.548005322853
0.733333333333 4.18879020479 0.242115008448
0.733333333333 4.39822971503 0.160651304994
0.733333333333 4.60766922527 0.979261338176
0.733333333333 4.8171087355 1.89417126917
0.733333333333 5.02654824574 1.29232562961
0.733333333333 5.23598775598 0.445610772269
0.733333333333 5.44542726622 0.46285497697
0.733333333333 5.65486677646 0.662825905486
0.733333333333 5.8643062867 0.596733523934
0.733333333333 6.07374579694 0.79615569542

0.8 0 0.368875255669
0.8 0.209439510239 0.361409630714
0.8 0.418879020479 0.536157107655
0.8 0.628318530718 0.559013984433
0.8 0.837758040957 0.515299082998
0.8 1.0471975512 0.449396437022
0.8 1.25663706144 0.414598513165
0.8 1.46607657168 0.525034822086
0.8 1.67551608191 0.574154604949
0.8 1.88495559215 0.0966810895337
0.8 2.09439510239 0.17321588808
0.8 2.30383461263 0.283569247901
0.8 2.51327412287 0.824780889772
0.8 2.72271363311 0.659429365243
0.8 2.93215314335 0.709620290911
0.8 3.14159265359 0.228685859743
0.8 3.35103216383 0.140550302172
0.8 3.56047167407 0.402844571883
0.8 3.76991118431 0.318408047591
0.8 3.97935069455 0.130678782671
0.8 4.18879020479 0.0553831684617
0.8 4.39822971503 0.490021789446
0.8 4.60766922527 1.54487802814
0.8 4.8171087355 2.00817333609
0.8 5.02654824574 1.08561642651
0.8 5.23598775598 0.271544036694
0.8 5.44542726622 0.487581305641
0.8 5.65486677646 0.755351282389
0.8 5.8643062867 0.61430518262
0.8 6.07374579694 0.72893021822

0.866666666667 0 0.39545548332
0.866666666667 0.209439510239 0.216679778498
0.866666666667 0.418879020479 0.336154243604
0.866666666667 0.628318530718 0.469671937388
0.866666666667 0.837758040957 0.489023703825
0.866666666667 1.0471975512 0.463153824476
0.866666666667 1.25663706144 0.515936541105
0.866666666667 1.46607657168 0.604320284478
0.866666666667 1.67551608191 0.344077979881
0.866666666667 1.88495559215 0.0214263902968
0.866666666667 2.09439510239 0.316801716158
0.866666666667 2.30383461263 0.528826735903
0.866666666667 2.51327412287 0.829251444078
0.866666666667 2.72271363311 0.551711422451
0.866666666667 2.93215314335 0.498763188267
0.866666666667 3.14159265359 0.690091932811
0.866666666667 3.35103216383 0.394349833389
0.866666666667 3.56047167407 0.169854747808
0.866666666667 3.76991118431 0.119419613605
0.866666666667 3.97935069455 0.223802194256
0.866666666667 4.18879020479 0.641594338016
0.866666666667 4.39822971503 1.44074970121
0.866666666667 4.60766922527 2.11712861043
0.866666666667 4.8171087355 1.76807770096
0.866666666667 5.02654824574 0.670129808223
0.866666666667 5.23598775598 0.191296923697
0.866666666667 5.44542726622 0.52257526803
0.866666666667 5.65486677646 0.788256946035
0.866666666667 5.8643062867 0.745913874342
0.866666666667 6.07374579694 0.686099433353

0.933333333333 0 0.681143595448
0.933333333333 0.209439510239 0.391988203993
0.933333333333 0.418879020479 0.183535593294
0.933333333333 0.628318530718 0.127380964027
0.933333333333 0.837758040957 0.167183261279
0.933333333333 1.0471975512 0.240869936969
0.933333333333 1.25663706144 0.289952448784
0.933333333333 1.46607657168 0.241752811836
0.933333333333 1.67551608191 0.130207691891
0.933333333333 1.88495559215 0.158135527949
0.933333333333 2.09439510239 0.437680839153
0.933333333333 2.30383461263 0.971788656443
0.933333333333 2.51327412287 1.43665074108
0.933333333333 2.72271363311 1.1422420241
0.933333333333 2.93215314335 0.531588959139
0.933333333333 3.14159265359 0.519585449611
0.933333333333 3.35103216383 0.91687712357
0.933333333333 3.56047167407 1.25304247361
0.933333333333 3.76991118431 1.48361515799
0.933333333333 3.97935069455 1.71495053976
0.933333333333 4.18879020479 1.9309884295
0.933333333333 4.39822971503 1.93325377991
0.933333333333 4.60766922527 1.50241840407
0.933333333333 4.8171087355 0.781782477141
0.933333333333 5.02654824574 0.325515193367
0.933333333333 5.23598775598 0.389220542151
0.933333333333 5.44542726622 0.605860540534
0.933333333333 5.65486677646 0.708959328912
0.933333333333 5.8643062867 0.793650432125
0.933333333333 6.07374579694 0.837926875262

