-1 0 1.62035283556
-1 0.209439510239 1.62035283556
-1 0.418879020479 1.62035283556
-1 0.628318530718 1.62035283556
-1 0.837758040957 1.62035283555
-1 1.0471975512 1.62035283555
-1 1.25663706144 1.62035283555
-1 1.46607657168 1.62035283556
-1 1.67551608191 1.62035283556
-1 1.88495559215 1.62035283556
-1 2.09439510239 1.62035283556
-1 2.30383461263 1.62035283556
-1 2.51327412287 1.62035283555
-1 2.72271363311 1.62035283555
-1 2.93215314335 1.62035283556
-1 3.14159265359 1.62035283556
-1 3.35103216383 1.62035283556
-1 3.56047167407 1.62035283556
-1 3.76991118431 1.62035283556
-1 3.97935069455 1.62035283555
-1 4.18879020479 1.62035283555
-1 4.39822971503 1.62035283555
-1 4.60766922527 1.62035283556
-1 4.8171087355 1.62035283556
-1 5.02654824574 1.62035283556
-1 5.23598775598 1.62035283556
-1 5.44542726622 1.62035283556
-1 5.65486677646 1.62035283555
-1 5.8643062867 1.62035283555
-1 6.07374579694 1.62035283556

-0.933333333333 0 7.67727599081
-0.933333333333 0.209439510239 7.85170876889
-0.933333333333 0.418879020479 7.8074169214
-0.933333333333 0.628318530718 7.55303820018
-0.933333333333 0.837758040957 6.73962251681
-0.933333333333 1.0471975512 5.34725018575
-0.933333333333 1.25663706144 3.7803901778
-0.933333333333 1.46607657168 2.5397928861
-0.933333333333 1.67551608191 1.6494196329
-0.933333333333 1.88495559215 0.865092546342
-0.933333333333 2.09439510239 0.552220265437
-0.933333333333 2.30383461263 0.768308500926
-0.933333333333 2.51327412287 0.578179713876
-0.933333333333 2.72271363311 0.12654383113
-0.933333333333 2.93215314335 0.218128994747
-0.933333333333 3.14159265359 0.544609502178
-0.933333333333 3.35103216383 0.729490074399
-0.933333333333 3.56047167407 0.820909187527
-0.933333333333 3.76991118431 0.881038623344
-0.933333333333 3.97935069455 0.968889277696
-0.933333333333 4.18879020479 1.22816961931
-0.933333333333 4.39822971503 1.67135982213
-0.933333333333 4.60766922527 1.77871035975
-0.933333333333 4.8171087355 1.0561260948
-0.933333333333 5.02654824574 0.726796963419
-0.933333333333 5.23598775598 2.26717994286
-0.933333333333 5.44542726622 3.18355815834
-0.933333333333 5.65486677646 2.54310820185
-0.933333333333 5.8643062867 3.72210877732
-0.933333333333 6.07374579694 6.3708591362

-0.866666666667 0 8.45688350085
-0.866666666667 0.209439510239 10.1461750592
-0.866666666667 0.418879020479 11.6488905526
-0.866666666667 0.628318530718 12.3791162637
-0.866666666667 0.837758040957 12.2003237961
-0.866666666667 1.0471975512 10.4081692977
-0.866666666667 1.25663706144 7.00176796021
-0.866666666667 1.46607657168 3.46999164242
-0.866666666667 1.67551608191 1.56803180756
-0.866666666667 1.88495559215 0.963386662656
-0.866666666667 2.09439510239 0.441274562418
-0.866666666667 2.30383461263 0.551808992493
-0.866666666667 2.51327412287 0.250476780247
-0.866666666667 2.72271363311 0.0964471638916
-0.866666666667 2.93215314335 0.360859987381
-0.866666666667 3.14159265359 0.500605215411
-0.866666666667 3.35103216383 1.1238962679
-0.866666666667 3.56047167407 1.56403902225
-0.866666666667 3.76991118431 1.42359130581
-0.866666666667 3.97935069455 0.973611119012
-0.866666666667 4.18879020479 0.472256201001
-0.866666666667 4.39822971503 0.276446844471
-0.866666666667 4.60766922527 0.971430102857
-0.866666666667 4.8171087355 1.79975885899
-0.866666666667 5.02654824574 0.967378489563
-0.866666666667 5.23598775598 1.89723458168
-0.866666666667 5.44542726622 3.40957857515
-0.866666666667 5.65486677646 3.13309883704
-0.866666666667 5.8643062867 6.43289426052
-0.866666666667 6.07374579694 8.35530515453

-0.8 0 8.48938020227
-0.8 0.209439510239 10.0225014256
-0.8 0.418879020479 10.2358031271
-0.8 0.628318530718 11.5729393487
-0.8 0.837758040957 13.4589242809
-0.8 1.0471975512 13.9723456697
-0.8 1.25663706144 10.6342955024
-0.8 1.46607657168 5.16905972971
-0.8 1.67551608191 1.645069195
-0.8 1.88495559215 0.842124816314
-0.8 2.09439510239 0.422950802555
-0.8 2.30383461263 0.41650972251
-0.8 2.51327412287 0.104005498859
-0.8 2.72271363311 0.21197773987
-0.8 2.93215314335 0.315992508817
-0.8 3.14159265359 1.15501284869
-0.8 3.35103216383 2.10878351264
-0.8 3.56047167407 1.72174027989
-0.8 3.76991118431 1.01621098781
-0.8 3.97935069455 0.649741354967
-0.8 4.18879020479 0.421914994835
-0.8 4.39822971503 0.293534976207
-0.8 4.60766922527 0.441241588401
-0.8 4.8171087355 1.20692633119
-0.8 5.02654824574 1.49529555352
-0.8 5.23598775598 1.7926246051
-0.8 5.44542726622 3.12965659348
-0.8 5.65486677646 3.68526232628
-0.8 5.8643062867 6.70322879391
-0.8 6.07374579694 6.79913494216

-0.733333333333 0 7.68289206393
-0.733333333333 0.209439510239 6.19459639747
-0.733333333333 0.418879020479 6.80566844914
-0.733333333333 0.628318530718 9.22555974488
-0.733333333333 0.837758040957 11.7688988569
-0.733333333333 1.0471975512 14.6004404296
-0.733333333333 1.25663706144 13.9757253785
-0.733333333333 1.46607657168 7.03059433018
-0.733333333333 1.67551608191 1.89522531198
-0.733333333333 1.88495559215 0.710671878738
-0.733333333333 2.09439510239 0.419984971383
-0.733333333333 2.30383461263 0.322541216234
-0.733333333333 2.51327412287 0.0442830109595
-0.733333333333 2.72271363311 0.285160655378
-0.733333333333 2.93215314335 0.451966127074
-0.733333333333 3.14159265359 1.85988092543
-0.733333333333 3.35103216383 1.88683748052
-0.733333333333 3.56047167407 0.697739802029
-0.733333333333 3.76991118431 0.270313774301
-0.733333333333 3.97935069455 0.369787612027
-0.733333333333 4.18879020479 0.304902276936
-0.733333333333 4.39822971503 0.222581963269
-0.733333333333 4.60766922527 0.779539514902
-0.733333333333 4.8171087355 0.928378379773
-0.733333333333 5.02654824574 1.71188177944
-0.733333333333 5.23598775598 1.98031267268
-0.733333333333 5.44542726622 2.85780892887
-0.733333333333 5.65486677646 3.97730407027
-0.733333333333 5.8643062867 5.56927489624
-0.733333333333 6.07374579694 5.576565573

-0.666666666667 0 5.11103086289
-0.666666666667 0.209439510239 3.31249368832
-0.666666666667 0.418879020479 6.48236961731
-0.666666666667 0.628318530718 8.24381735769
-0.666666666667 0.837758040957 10.0168770017
-0.666666666667 1.0471975512 13.4465754297
-0.666666666667 1.25663706144 15.7696791182
-0.666666666667 1.46607657168 9.26904894155
-0.666666666667 1.67551608191 2.12687814573
-0.666666666667 1.88495559215 0.627888215716
-0.666666666667 2.09439510239 0.414440206349
-0.666666666667 2.30383461263 0.25489114534
-0.666666666667 2.51327412287 0.0257183988381
-0.666666666667 2.72271363311 0.325223223327
-0.666666666667 2.93215314335 0.731710324861
-0.666666666667 3.14159265359 2.11280918481
-0.666666666667 3.35103216383 1.17537885367
-0.666666666667 3.56047167407 0.141995535104
-0.666666666667 3.76991118431 0.248774084706
-0.666666666667 3.97935069455 0.6381784066
-0.666666666667 4.18879020479 0.674611985699
-0.666666666667 4.39822971503 0.253345304754
-0.666666666667 4.60766922527 0.944076805777
-0.666666666667 4.8171087355 1.10467512553
-0.666666666667 5.02654824574 1.74099253345
-0.666666666667 5.23598775598 2.27239651032
-0.666666666667 5.44542726622 2.78020638174
-0.666666666667 5.65486677646 4.08013043414
-0.666666666667 5.8643062867 4.49489326113
-0.666666666667 6.07374579694 5.18748781347

-0.6 0 2.67872112628
-0.6 0.209439510239 2.95898989761
-0.6 0.418879020479 6.68292935163
-0.6 0.628318530718 6.26585308613
-0.6 0.837758040957 8.32899691053
-0.6 1.0471975512 12.2669917246
-0.6 1.25663706144 16.0917928858
-0.6 1.46607657168 11.6409649887
-0.6 1.67551608191 2.34754000345
-0.6 1.88495559215 0.58332882318
-0.6 2.09439510239 0.403226378537
-0.6 2.30383461263 0.205390881274
-0.6 2.51327412287 0.0256730559699
-0.6 2.72271363311 0.359554826814
-0.6 2.93215314335 1.01984985829
-0.6 3.14159265359 2.0459216905
-0.6 3.35103216383 0.642083613509
-0.6 3.56047167407 0.0548246543292
-0.6 3.76991118431 0.348115244185
-0.6 3.97935069455 0.729210574262
-0.6 4.18879020479 0.962293983284
-0.6 4.39822971503 0.48860330579
-0.6 4.60766922527 0.946087691483
-0.6 4.8171087355 1.33380020177
-0.6 5.02654824574 1.77460707668
-0.6 5.23598775598 2.54322540922
-0.6 5.44542726622 2.85943792375
-0.6 5.65486677646 4.11943025974
-0.6 5.8643062867 3.92072248371
-0.6 6.07374579694 4.84883425815

-0.533333333333 0 1.48780095155
-0.533333333333 0.209439510239 3.09782903402
-0.533333333333 0.418879020479 3.69702610136
-0.533333333333 0.628318530718 3.69464730231
-0.533333333333 0.837758040957 7.35435355761
-0.533333333333 1.0471975512 11.4975597949
-0.533333333333 1.25663706144 15.8925195691
-0.533333333333 1.46607657168 13.6757497092
-0.533333333333 1.67551608191 2.61329893697
-0.533333333333 1.88495559215 0.557294108717
-0.533333333333 2.09439510239 0.387403048628
-0.533333333333 2.30383461263 0.168860383696
-0.533333333333 2.51327412287 0.0332356863147
-0.533333333333 2.72271363311 0.402308388283
-0.533333333333 2.93215314335 1.24773915493
-0.533333333333 3.14159265359 1.86681038029
-0.533333333333 3.35103216383 0.354001814029
-0.533333333333 3.56047167407 0.117583664479
-0.533333333333 3.76991118431 0.34906211441
-0.533333333333 3.97935069455 0.572855501596
-0.533333333333 4.18879020479 0.955099307777
-0.533333333333 4.39822971503 0.695372649516
-0.533333333333 4.60766922527 1.01206761957
-0.533333333333 4.8171087355 1.44904219081
-0.533333333333 5.02654824574 1.8621083171
-0.533333333333 5.23598775598 2.75207240114
-0.533333333333 5.44542726622 3.02073854448
-0.533333333333 5.65486677646 4.14944349659
-0.533333333333 5.8643062867 3.71009098651
-0.533333333333 6.07374579694 4.2915648725

-0.466666666667 0 1.11718061932
-0.466666666667 0.209439510239 2.56957720457
-0.466666666667 0.418879020479 1.20549462134
-0.466666666667 0.628318530718 3.58887275975
-0.466666666667 0.837758040957 9.45859996479
-0.466666666667 1.0471975512 11.5609695351
-0.466666666667 1.25663706144 15.6774448719
-0.466666666667 1.46607657168 15.15585213
-0.466666666667 1.67551608191 2.94016106281
-0.466666666667 1.88495559215 0.537334286515
-0.466666666667 2.09439510239 0.368926554067
-0.466666666667 2.30383461263 0.141793173352
-0.466666666667 2.51327412287 0.043391135928
-0.466666666667 2.72271363311 0.455103854925
-0.466666666667 2.93215314335 1.40537025295
-0.466666666667 3.14159265359 1.67921593115
-0.466666666667 3.35103216383 0.215282955243
-0.466666666667 3.56047167407 0.215394703478
-0.466666666667 3.76991118431 0.321838887101
-0.466666666667 3.97935069455 0.397737700875
-0.466666666667 4.18879020479 0.829369853034
-0.466666666667 4.39822971503 0.785426731057
-0.466666666667 4.60766922527 1.14111500859
-0.466666666667 4.8171087355 1.47960145944
-0.466666666667 5.02654824574 1.98349267421
-0.466666666667 5.23598775598 2.90108284819
-0.466666666667 5.44542726622 3.2106994448
-0.466666666667 5.65486677646 4.17944753218
-0.466666666667 5.8643062867 3.66653233272
-0.466666666667 6.07374579694 3.61235195313

-0.4 0 1.05258127971
-0.4 0.209439510239 1.72781977711
-0.4 0.418879020479 0.586372609803
-0.4 0.628318530718 4.68638026916
-0.4 0.837758040957 10.0781369631
-0.4 1.0471975512 12.1386304478
-0.4 1.25663706144 15.6165123195
-0.4 1.46607657168 16.1327280002
-0.4 1.67551608191 3.3028383074
-0.4 1.88495559215 0.518574907294
-0.4 2.09439510239 0.349618975244
-0.4 2.30383461263 0.121741073993
-0.4 2.51327412287 0.0539788534744
-0.4 2.72271363311 0.513054640968
-0.4 2.93215314335 1.50655813219
-0.4 3.14159265359 1.51430280517
-0.4 3.35103216383 0.159074329778
-0.4 3.56047167407 0.321725822685
-0.4 3.76991118431 0.314707435705
-0.4 3.97935069455 0.307503732693
-0.4 4.18879020479 0.748991207822
-0.4 4.39822971503 0.80538661264
-0.4 4.60766922527 1.26045186439
-0.4 4.8171087355 1.48511478883
-0.4 5.02654824574 2.11235913215
-0.4 5.23598775598 3.00466684955
-0.4 5.44542726622 3.39937980498
-0.4 5.65486677646 4.20582688476
-0.4 5.8643062867 3.67583437846
-0.4 6.07374579694 2.95637138317

-0.333333333333 0 1.05783109898
-0.333333333333 0.209439510239 1.1121158917
-0.333333333333 0.418879020479 0.68947569441
-0.333333333333 0.628318530718 3.99185635274
-0.333333333333 0.837758040957 8.15255308854
-0.333333333333 1.0471975512 12.1578840158
-0.333333333333 1.25663706144 15.6901013695
-0.333333333333 1.46607657168 16.7525420318
-0.333333333333 1.67551608191 3.65760683497
-0.333333333333 1.88495559215 0.500614627827
-0.333333333333 2.09439510239 0.33088926083
-0.333333333333 2.30383461263 0.106963233379
-0.333333333333 2.51327412287 0.0641586758553
-0.333333333333 2.72271363311 0.569533438964
-0.333333333333 2.93215314335 1.56846588541
-0.333333333333 3.14159265359 1.37731776294
-0.333333333333 3.35103216383 0.152578918453
-0.333333333333 3.56047167407 0.420973655462
-0.333333333333 3.76991118431 0.323107888521
-0.333333333333 3.97935069455 0.290029895282
-0.333333333333 4.18879020479 0.745505355647
-0.333333333333 4.39822971503 0.815220189944
-0.333333333333 4.60766922527 1.33876726301
-0.333333333333 4.8171087355 1.49280677004
-0.333333333333 5.02654824574 2.2333013067
-0.333333333333 5.23598775598 3.07656533761
-0.333333333333 5.44542726622 3.57222462179
-0.333333333333 5.65486677646 4.2249401846
-0.333333333333 5.8643062867 3.69098927856
-0.333333333333 6.07374579694 2.40438776873

-0.266666666667 0 1.06169949583
-0.266666666667 0.209439510239 0.787108898469
-0.266666666667 0.418879020479 0.848903140835
-0.266666666667 0.628318530718 3.31663136764
-0.266666666667 0.837758040957 7.46468584807
-0.266666666667 1.0471975512 11.7925999418
-0.266666666667 1.25663706144 15.7879660595
-0.266666666667 1.46607657168 17.1426637414
-0.266666666667 1.67551608191 3.96049067612
-0.266666666667 1.88495559215 0.48482433842
-0.266666666667 2.09439510239 0.313715332563
-0.266666666667 2.30383461263 0.0962046181363
-0.266666666667 2.51327412287 0.0736757048502
-0.266666666667 2.72271363311 0.618679431424
-0.266666666667 2.93215314335 1.60441725567
-0.266666666667 3.14159265359 1.26828501924
-0.266666666667 3.35103216383 0.174988871654
-0.266666666667 3.56047167407 0.502161276007
-0.266666666667 3.76991118431 0.335445245399
-0.266666666667 3.97935069455 0.313624941922
-0.266666666667 4.18879020479 0.790771566459
-0.266666666667 4.39822971503 0.839669993787
-0.266666666667 4.60766922527 1.38350523311
-0.266666666667 4.8171087355 1.50376047094
-0.266666666667 5.02654824574 2.34084568018
-0.266666666667 5.23598775598 3.12657867065
-0.266666666667 5.44542726622 3.72338388501
-0.266666666667 5.65486677646 4.23581640523
-0.266666666667 5.8643062867 3.69945169456
-0.266666666667 6.07374579694 1.97653409313

-0.2 0 1.05509738446
-0.2 0.209439510239 0.640312849141
-0.2 0.418879020479 0.90458187363
-0.2 0.628318530718 2.88080968917
-0.2 0.837758040957 7.53846646564
-0.2 1.0471975512 11.525196261
-0.2 1.25663706144 15.8406234716
-0.2 1.46607657168 17.3838565507
-0.2 1.67551608191 4.176864875
-0.2 1.88495559215 0.472758535629
-0.2 2.09439510239 0.298708023285
-0.2 2.30383461263 0.0885496525819
-0.2 2.51327412287 0.0825335795517
-0.2 2.72271363311 0.656251820471
-0.2 2.93215314335 1.62305816909
-0.2 3.14159265359 1.18742056991
-0.2 3.35103216383 0.20957763814
-0.2 3.56047167407 0.563088285259
-0.2 3.76991118431 0.350116975826
-0.2 3.97935069455 0.358820828318
-0.2 4.18879020479 0.85534280527
-0.2 4.39822971503 0.878006847075
-0.2 4.60766922527 1.41292876625
-0.2 4.8171087355 1.51015573915
-0.2 5.02654824574 2.43499549031
-0.2 5.23598775598 3.16092076193
-0.2 5.44542726622 3.85157024727
-0.2 5.65486677646 4.23960130196
-0.2 5.8643062867 3.70281346635
-0.2 6.07374579694 1.6623099651

-0.133333333333 0 1.04486951366
-0.133333333333 0.209439510239 0.579741326831
-0.133333333333 0.418879020479 0.882712072102
-0.133333333333 0.628318530718 2.49455759336
-0.133333333333 0.837758040957 7.90437315702
-0.133333333333 1.0471975512 11.4368702704
-0.133333333333 1.25663706144 15.8507864747
-0.133333333333 1.46607657168 17.5195770888
-0.133333333333 1.67551608191 4.28487908935
-0.133333333333 1.88495559215 0.465454406642
-0.133333333333 2.09439510239 0.286187383424
-0.133333333333 2.30383461263 0.0833231278802
-0.133333333333 2.51327412287 0.0908660788143
-0.133333333333 2.72271363311 0.679622518872
-0.133333333333 2.93215314335 1.62940173302
-0.133333333333 3.14159265359 1.13547020786
-0.133333333333 3.35103216383 0.243674174112
-0.133333333333 3.56047167407 0.608612438649
-0.133333333333 3.76991118431 0.37210582093
-0.133333333333 3.97935069455 0.416923165689
-0.133333333333 4.18879020479 0.922806476338
-0.133333333333 4.39822971503 0.922208486865
-0.133333333333 4.60766922527 1.44135261319
-0.133333333333 4.8171087355 1.50474091308
-0.133333333333 5.02654824574 2.51779256576
-0.133333333333 5.23598775598 3.1833965595
-0.133333333333 5.44542726622 3.95771045985
-0.133333333333 5.65486677646 4.23847838993
-0.133333333333 5.8643062867 3.70712981264
-0.133333333333 6.07374579694 1.44205657763

-0.0666666666667 0 1.03819618297
-0.0666666666667 0.209439510239 0.555359170734
-0.0666666666667 0.418879020479 0.825017259043
-0.0666666666667 0.628318530718 2.09532455546
-0.0666666666667 0.837758040957 8.15202327401
-0.0666666666667 1.0471975512 11.4462989979
-0.0666666666667 1.25663706144 15.8490622049
-0.0666666666667 1.46607657168 17.5694218448
-0.0666666666667 1.67551608191 4.27542198338
-0.0666666666667 1.88495559215 0.463234303723
-0.0666666666667 2.09439510239 0.276243426102
-0.0666666666667 2.30383461263 0.0800221764397
-0.0666666666667 2.51327412287 0.0988965964126
-0.0666666666667 2.72271363311 0.687468655735
-0.0666666666667 2.93215314335 1.62594867538
-0.0666666666667 3.14159265359 1.11320437524
-0.0666666666667 3.35103216383 0.269098192768
-0.0666666666667 3.56047167407 0.645926641477
-0.0666666666667 3.76991118431 0.408121539852
-0.0666666666667 3.97935069455 0.485637597717
-0.0666666666667 4.18879020479 0.987214751646
-0.0666666666667 4.39822971503 0.965954370382
-0.0666666666667 4.60766922527 1.47644911732
-0.0666666666667 4.8171087355 1.48342553545
-0.0666666666667 5.02654824574 2.59136693685
-0.0666666666667 5.23598775598 3.19643247444
-0.0666666666667 5.44542726622 4.04366539153
-0.0666666666667 5.65486677646 4.23482635601
-0.0666666666667 5.8643062867 3.71895457028
-0.0666666666667 6.07374579694 1.29706178985

6.12323399574e-17 0 1.03951729826
6.12323399574e-17 0.209439510239 0.544042008626
6.12323399574e-17 0.418879020479 0.759447043658
6.12323399574e-17 0.628318530718 1.73263191464
6.12323399574e-17 0.837758040957 7.89049663371
6.12323399574e-17 1.0471975512 11.4451523647
6.12323399574e-17 1.25663706144 15.8618492452
6.12323399574e-17 1.46607657168 17.5361358977
6.12323399574e-17 1.67551608191 4.15093371146
6.12323399574e-17 1.88495559215 0.465724004143
6.12323399574e-17 2.09439510239 0.26877161799
6.12323399574e-17 2.30383461263 0.0782678905082
6.12323399574e-17 2.51327412287 0.106928428131
6.12323399574e-17 2.72271363311 0.679470204591
6.12323399574e-17 2.93215314335 1.61348641163
6.12323399574e-17 3.14159265359 1.12108117608
6.12323399574e-17 3.35103216383 0.281746041169
6.12323399574e-17 3.56047167407 0.680230057931
6.12323399574e-17 3.76991118431 0.465104560603
6.12323399574e-17 3.97935069455 0.567456305415
6.12323399574e-17 4.18879020479 1.04830512857
6.12323399574e-17 4.39822971503 1.00667537106
6.12323399574e-17 4.60766922527 1.52084848485
6.12323399574e-17 4.8171087355 1.44499424315
6.12323399574e-17 5.02654824574 2.65699130286
6.12323399574e-17 5.23598775598 3.20174870388
6.12323399574e-17 5.44542726622 4.11155126681
6.12323399574e-17 5.65486677646 4.23069469964
6.12323399574e-17 5.8643062867 3.74397401746
6.12323399574e-17 6.07374579694 1.21306349897

0.0666666666667 0 1.05135795133
0.0666666666667 0.209439510239 0.537485422059
0.0666666666667 0.418879020479 0.701611690981
0.0666666666667 0.628318530718 1.47513277306
0.0666666666667 0.837758040957 7.02279344205
0.0666666666667 1.0471975512 11.336751807
0.0666666666667 1.25663706144 15.9072366129
0.0666666666667 1.46607657168 17.4059832534
0.0666666666667 1.67551608191 3.92452347305
0.0666666666667 1.88495559215 0.471939750369
0.0666666666667 2.09439510239 0.263483837971
0.0666666666667 2.30383461263 0.0777690602406
0.0666666666667 2.51327412287 0.115335514574
0.0666666666667 2.72271363311 0.656148258298
0.0666666666667 2.93215314335 1.59167735415
0.0666666666667 3.14159265359 1.15885433739
0.0666666666667 3.35103216383 0.281355526018
0.0666666666667 3.56047167407 0.711587026303
0.0666666666667 3.76991118431 0.549745025116
0.0666666666667 3.97935069455 0.668452054479
0.0666666666667 4.18879020479 1.10772053864
0.0666666666667 4.39822971503 1.04516228716
0.0666666666667 4.60766922527 1.57372678738
0.0666666666667 4.8171087355 1.39042663664
0.0666666666667 5.02654824574 2.71465670437
0.0666666666667 5.23598775598 3.20070657195
0.0666666666667 5.44542726622 4.1633916056
0.0666666666667 5.65486677646 4.22751352978
0.0666666666667 5.8643062867 3.78667931194
0.0666666666667 6.07374579694 1.18094210243

0.133333333333 0 1.07566205492
0.133333333333 0.209439510239 0.536047058852
0.133333333333 0.418879020479 0.656703671362
0.133333333333 0.628318530718 1.35257644641
0.133333333333 0.837758040957 5.92841102165
0.133333333333 1.0471975512 11.0882889959
0.133333333333 1.25663706144 16.0018380621
0.133333333333 1.46607657168 17.1441518344
0.133333333333 1.67551608191 3.61970150504
0.133333333333 1.88495559215 0.480421133343
0.133333333333 2.09439510239 0.259906076062
0.133333333333 2.30383461263 0.078291863687
0.133333333333 2.51327412287 0.124535893068
0.133333333333 2.72271363311 0.618880788101
0.133333333333 2.93215314335 1.55965141859
0.133333333333 3.14159265359 1.22465261172
0.133333333333 3.35103216383 0.272437048056
0.133333333333 3.56047167407 0.732698694015
0.133333333333 3.76991118431 0.665711825533
0.133333333333 3.97935069455 0.794947423185
0.133333333333 4.18879020479 1.16604435742
0.133333333333 4.39822971503 1.0849932667
0.133333333333 4.60766922527 1.63107332639
0.133333333333 4.8171087355 1.32277414025
0.133333333333 5.02654824574 2.76290413102
0.133333333333 5.23598775598 3.19439752682
0.133333333333 5.44542726622 4.20094928786
0.133333333333 5.65486677646 4.22593971715
0.133333333333 5.8643062867 3.8503473669
0.133333333333 6.07374579694 1.19655225784

0.2 0 1.11467082526
0.2 0.209439510239 0.546563699148
0.2 0.418879020479 0.61969651887
0.2 0.628318530718 1.36311967097
0.2 0.837758040957 5.10427119431
0.2 1.0471975512 10.8168207045
0.2 1.25663706144 16.1616339102
0.2 1.46607657168 16.6866435225
0.2 1.67551608191 3.26994347918
0.2 1.88495559215 0.489487865576
0.2 2.09439510239 0.25739165937
0.2 2.30383461263 0.0796308433248
0.2 2.51327412287 0.134934762199
0.2 2.72271363311 0.570077205591
0.2 2.93215314335 1.51679478778
0.2 3.14159265359 1.31329645692
0.2 3.35103216383 0.266614473072
0.2 3.56047167407 0.728434591511
0.2 3.76991118431 0.806488721085
0.2 3.97935069455 0.946721516231
0.2 4.18879020479 1.22038908247
0.2 4.39822971503 1.13230444959
0.2 4.60766922527 1.68461882194
0.2 4.8171087355 1.24774311851
0.2 5.02654824574 2.79885491446
0.2 5.23598775598 3.18351220901
0.2 5.44542726622 4.22565065527
0.2 5.65486677646 4.22576680516
0.2 5.8643062867 3.93697483655
0.2 6.07374579694 1.26056251478

0.266666666667 0 1.17123897113
0.266666666667 0.209439510239 0.582033933105
0.266666666667 0.418879020479 0.574053796182
0.266666666667 0.628318530718 1.50186542767
0.266666666667 0.837758040957 4.78834729344
0.266666666667 1.0471975512 10.8455044984
0.266666666667 1.25663706144 16.3815800132
0.266666666667 1.46607657168 15.934363537
0.266666666667 1.67551608191 2.91665425479
0.266666666667 1.88495559215 0.497768688143
0.266666666667 2.09439510239 0.255208000031
0.266666666667 2.30383461263 0.0815769898136
0.266666666667 2.51327412287 0.146827321068
0.266666666667 2.72271363311 0.513435933449
0.266666666667 2.93215314335 1.46384441179
0.266666666667 3.14159265359 1.41433262335
0.266666666667 3.35103216383 0.285283865113
0.266666666667 3.56047167407 0.680717676522
0.266666666667 3.76991118431 0.945111879401
0.266666666667 3.97935069455 1.10738673472
0.266666666667 4.18879020479 1.26332876
0.266666666667 4.39822971503 1.19538780763
0.266666666667 4.60766922527 1.72002703585
0.266666666667 4.8171087355 1.17475534932
0.266666666667 5.02654824574 2.81856721063
0.266666666667 5.23598775598 3.16798952067
0.266666666667 5.44542726622 4.23855390704
0.266666666667 5.65486677646 4.22585391916
0.266666666667 5.8643062867 4.04695339671
0.266666666667 6.07374579694 1.37869602551

0.333333333333 0 1.2486101935
0.333333333333 0.209439510239 0.66112211089
0.333333333333 0.418879020479 0.496204933424
0.333333333333 0.628318530718 1.78111260606
0.333333333333 0.837758040957 5.18652578967
0.333333333333 1.0471975512 11.6890247548
0.333333333333 1.25663706144 16.5932584647
0.333333333333 1.46607657168 14.7742028034
0.333333333333 1.67551608191 2.60425224792
0.333333333333 1.88495559215 0.505124983369
0.333333333333 2.09439510239 0.252806704935
0.333333333333 2.30383461263 0.083879636732
0.333333333333 2.51327412287 0.160258763485
0.333333333333 2.72271363311 0.454124712136
0.333333333333 2.93215314335 1.40416711894
0.333333333333 3.14159265359 1.51174709615
0.333333333333 3.35103216383 0.359129098827
0.333333333333 3.56047167407 0.584127409868
0.333333333333 3.76991118431 1.02983935233
0.333333333333 3.97935069455 1.23728935891
0.333333333333 4.18879020479 1.28544034678
0.333333333333 4.39822971503 1.28259744252
0.333333333333 4.60766922527 1.71589417301
0.333333333333 4.8171087355 1.11790204295
0.333333333333 5.02654824574 2.81800630505
0.333333333333 5.23598775598 3.14641508495
0.333333333333 5.44542726622 4.24032598581
0.333333333333 5.65486677646 4.22404657349
0.333333333333 5.8643062867 4.17830062895
0.333333333333 6.07374579694 1.56256025474

0.4 0 1.3496670524
0.4 0.209439510239 0.807742693177
0.4 0.418879020479 0.388232116017
0.4 0.628318530718 2.13910874861
0.4 0.837758040957 7.30947906034
0.4 1.0471975512 13.3545299839
0.4 1.25663706144 16.63312124
0.4 1.46607657168 13.1863700134
0.4 1.67551608191 2.37234090243
0.4 1.88495559215 0.513784928061
0.4 2.09439510239 0.250470546113
0.4 2.30383461263 0.0862030862106
0.4 2.51327412287 0.174863690807
0.4 2.72271363311 0.398576210647
0.4 2.93215314335 1.34452490254
0.4 3.14159265359 1.58928280508
0.4 3.35103216383 0.517960646583
0.4 3.56047167407 0.471659768983
0.4 3.76991118431 1.00445027551
0.4 3.97935069455 1.28221890687
0.4 4.18879020479 1.28391035716
0.4 4.39822971503 1.39599315918
0.4 4.60766922527 1.64672959318
0.4 4.8171087355 1.09554650733
0.4 5.02654824574 2.79502715733
0.4 5.23598775598 3.115140659
0.4 5.44542726622 4.23119312429
0.4 5.65486677646 4.21708096516
0.4 5.8643062867 4.3252188078
0.4 6.07374579694 1.83100235696

0.466666666667 0 1.47619044211
0.466666666667 0.209439510239 1.05596397885
0.466666666667 0.418879020479 0.326621585616
0.466666666667 0.628318530718 2.07475613291
0.466666666667 0.837758040957 9.7717328618
0.466666666667 1.0471975512 13.3863522174
0.466666666667 1.25663706144 16.1397603438
0.466666666667 1.46607657168 11.4379880504
0.466666666667 1.67551608191 2.2466737332
0.466666666667 1.88495559215 0.528657995314
0.466666666667 2.09439510239 0.250639103963
0.466666666667 2.30383461263 0.0880939392138
0.466666666667 2.51327412287 0.189779207312
0.466666666667 2.72271363311 0.353352790594
0.466666666667 2.93215314335 1.29343148148
0.466666666667 3.14159265359 1.64518031252
0.466666666667 3.35103216383 0.76472538399
0.466666666667 3.56047167407 0.430816496375
0.466666666667 3.76991118431 0.865789051814
0.466666666667 3.97935069455 1.21281474331
0.466666666667 4.18879020479 1.27493518035
0.466666666667 4.39822971503 1.51877789546
0.466666666667 4.60766922527 1.49433669359
0.466666666667 4.8171087355 1.12624622761
0.466666666667 5.02654824574 2.7526912446
0.466666666667 5.23598775598 3.06716919119
0.466666666667 5.44542726622 4.21082567017
0.466666666667 5.65486677646 4.20046416028
0.466666666667 5.8643062867 4.47570702023
0.466666666667 6.07374579694 2.21119110058

0.533333333333 0 1.63047169516
0.533333333333 0.209439510239 1.45988789641
0.533333333333 0.418879020479 0.42477735692
0.533333333333 0.628318530718 1.5318733727
0.533333333333 0.837758040957 6.6491616084
0.533333333333 1.0471975512 11.6500213083
0.533333333333 1.25663706144 14.1848677517
0.533333333333 1.46607657168 10.0159535301
0.533333333333 1.67551608191 2.23166607943
0.533333333333 1.88495559215 0.554574246264
0.533333333333 2.09439510239 0.260246236544
0.533333333333 2.30383461263 0.089033975916
0.533333333333 2.51327412287 0.203915855002
0.533333333333 2.72271363311 0.322287344054
0.533333333333 2.93215314335 1.25380777249
0.533333333333 3.14159265359 1.71197826055
0.533333333333 3.35103216383 1.04650419536
0.533333333333 3.56047167407 0.571661838821
0.533333333333 3.76991118431 0.725978314333
0.533333333333 3.97935069455 1.08431705262
0.533333333333 4.18879020479 1.29698044791
0.533333333333 4.39822971503 1.60211044019
0.533333333333 4.60766922527 1.26923350233
0.533333333333 4.8171087355 1.21821475099
0.533333333333 5.02654824574 2.70358857989
0.533333333333 5.23598775598 2.99106619471
0.533333333333 5.44542726622 4.17808322187
0.533333333333 5.65486677646 4.1683303411
0.533333333333 5.8643062867 4.60795871879
0.533333333333 6.07374579694 2.73666492676

0.6 0 1.82473408383
0.6 0.209439510239 2.07424712421
0.6 0.418879020479 0.790997034681
0.6 0.628318530718 1.16279316527
0.6 0.837758040957 4.34905476598
0.6 1.0471975512 8.74781444649
0.6 1.25663706144 10.9297629648
0.6 1.46607657168 9.00600885485
0.6 1.67551608191 2.30856369545
0.6 1.88495559215 0.588743077019
0.6 2.09439510239 0.29388128064
0.6 2.30383461263 0.0888593584719
0.6 2.51327412287 0.217311916339
0.6 2.72271363311 0.301353518998
0.6 2.93215314335 1.20838329064
0.6 3.14159265359 1.85567691561
0.6 3.35103216383 1.28842043535
0.6 3.56047167407 0.928959221057
0.6 3.76991118431 0.789096070162
0.6 3.97935069455 1.05500862918
0.6 4.18879020479 1.38442610613
0.6 4.39822971503 1.57578303479
0.6 4.60766922527 1.03209138468
0.6 4.8171087355 1.3545778513
0.6 5.02654824574 2.67258063243
0.6 5.23598775598 2.87067014649
0.6 5.44542726622 4.13049530471
0.6 5.65486677646 4.11324981398
0.6 5.8643062867 4.68555046239
0.6 6.07374579694 3.43549476662

0.666666666667 0 2.10868569803
0.666666666667 0.209439510239 2.83761449099
0.666666666667 0.418879020479 1.65508242864
0.666666666667 0.628318530718 1.28409301324
0.666666666667 0.837758040957 2.84334506736
0.666666666667 1.0471975512 5.60765421855
0.666666666667 1.25663706144 9.31313779765
0.666666666667 1.46607657168 7.89256219494
0.666666666667 1.67551608191 2.43159851664
0.666666666667 1.88495559215 0.616552714717
0.666666666667 2.09439510239 0.37480777643
0.666666666667 2.30383461263 0.0895210001715
0.666666666667 2.51327412287 0.235123968683
0.666666666667 2.72271363311 0.273368844735
0.666666666667 2.93215314335 1.10937170144
0.666666666667 3.14159265359 2.09930947551
0.666666666667 3.35103216383 1.53879424326
0.666666666667 3.56047167407 1.37705383074
0.666666666667 3.76991118431 1.17111613767
0.666666666667 3.97935069455 1.27110122472
0.666666666667 4.18879020479 1.51064389675
0.666666666667 4.39822971503 1.41289709596
0.666666666667 4.60766922527 0.882245583323
0.666666666667 4.8171087355 1.49549056456
0.666666666667 5.02654824574 2.68920677471
0.666666666667 5.23598775598 2.68746504308
0.666666666667 5.44542726622 4.06323531121
0.666666666667 5.65486677646 4.025908788
0.666666666667 5.8643062867 4.65242689774
0.666666666667 6.07374579694 4.29577327889

0.733333333333 0 2.63210164747
0.733333333333 0.209439510239 3.42884958791
0.733333333333 0.418879020479 3.29468024599
0.733333333333 0.628318530718 2.47418374195
0.733333333333 0.837758040957 3.04432396395
0.733333333333 1.0471975512 5.37376103685
0.733333333333 1.25663706144 8.82809254636
0.733333333333 1.46607657168 6.55059844342
0.733333333333 1.67551608191 2.43128339767
0.733333333333 1.88495559215 0.651217520501
0.733333333333 2.09439510239 0.521614926304
0.733333333333 2.30383461263 0.101128150108
0.733333333333 2.51327412287 0.276344550867
0.733333333333 2.72271363311 0.213498639167
0.733333333333 2.93215314335 0.907938817779
0.733333333333 3.14159265359 2.23539046059
0.733333333333 3.35103216383 1.94289350833
0.733333333333 3.56047167407 1.76969091762
0.733333333333 3.76991118431 1.69177223327
0.733333333333 3.97935069455 1.64157928885
0.733333333333 4.18879020479 1.57706844617
0.733333333333 4.39822971503 1.19183763293
0.733333333333 4.60766922527 0.866895389716
0.733333333333 4.8171087355 1.63944502292
0.733333333333 5.02654824574 2.74913338089
0.733333333333 5.23598775598 2.42973455857
0.733333333333 5.44542726622 3.96708907125
0.733333333333 5.65486677646 3.89438800344
0.733333333333 5.8643062867 4.43156068805
0.733333333333 6.07374579694 5.19380994266

0.8 0 3.69007876061
0.8 0.209439510239 3.5440962511
0.8 0.418879020479 4.79076502888
0.8 0.628318530718 5.11558754979
0.8 0.837758040957 5.63746819612
0.8 1.0471975512 7.16509267648
0.8 1.25663706144 7.61540218703
0.8 1.46607657168 5.19231431758
0.8 1.67551608191 1.9296397045
0.8 1.88495559215 0.857021750107
0.8 2.09439510239 0.69298267621
0.8 2.30383461263 0.157844704517
0.8 2.51327412287 0.384586489655
0.8 2.72271363311 0.127500147066
0.8 2.93215314335 0.639625766985
0.8 3.14159265359 1.84616658594
0.8 3.35103216383 2.15176087919
0.8 3.56047167407 2.02387373093
0.8 3.76991118431 1.96704484214
0.8 3.97935069455 1.79819387821
0.8 4.18879020479 1.43911916785
0.8 4.39822971503 0.95295186665
0.8 4.60766922527 0.931290278969
0.8 4.8171087355 1.92808876963
0.8 5.02654824574 2.72370319969
0.8 5.23598775598 2.11702966459
0.8 5.44542726622 3.82423867714
0.8 5.65486677646 3.70223008536
0.8 5.8643062867 3.93896625169
0.8 6.07374579694 5.78596685408

0.866666666667 0 5.20014382922
0.866666666667 0.209439510239 3.83815107457
0.866666666667 0.418879020479 4.27452746473
0.866666666667 0.628318530718 5.41248361722
0.866666666667 0.837758040957 6.18125365119
0.866666666667 1.0471975512 6.20534080282
0.866666666667 1.25663706144 5.11100215002
0.866666666667 1.46607657168 3.00569157182
0.866666666667 1.67551608191 1.41210413587
0.866666666667 1.88495559215 1.39315804846
0.866666666667 2.09439510239 0.713037574389
0.866666666667 2.30383461263 0.337025283641
0.866666666667 2.51327412287 0.61800893322
0.866666666667 2.72271363311 0.120828559332
0.866666666667 2.93215314335 0.420954953632
0.866666666667 3.14159265359 1.16560327117
0.866666666667 3.35103216383 1.48169850586
0.866666666667 3.56047167407 1.48348843274
0.866666666667 3.76991118431 1.3820831969
0.866666666667 3.97935069455 1.15452415741
0.866666666667 4.18879020479 0.838915241207
0.866666666667 4.39822971503 0.756701909642
0.866666666667 4.60766922527 1.38622738983
0.866666666667 4.8171087355 2.43900630556
0.866666666667 5.02654824574 2.29616981142
0.866666666667 5.23598775598 1.85429583043
0.866666666667 5.44542726622 3.59829577249
0.866666666667 5.65486677646 3.42267460892
0.866666666667 5.8643062867 3.14549361712
0.866666666667 6.07374579694 5.41507216209

0.933333333333 0 4.82029696226
0.933333333333 0.209439510239 5.01855080298
0.933333333333 0.418879020479 4.38841162431
0.933333333333 0.628318530718 3.82394579079
0.933333333333 0.837758040957 3.46106704026
0.933333333333 1.0471975512 3.07099413972
0.933333333333 1.25663706144 2.62489323067
0.933333333333 1.46607657168 2.32762320964
0.933333333333 1.67551608191 2.09330596401
0.933333333333 1.88495559215 1.38685159994
0.933333333333 2.09439510239 0.539390660423
0.933333333333 2.30383461263 0.735657182695
0.933333333333 2.51327412287 1.00736202962
0.933333333333 2.72271363311 0.465844076207
0.933333333333 2.93215314335 0.281720514207
0.933333333333 3.14159265359 0.785001255582
0.933333333333 3.35103216383 1.22198669837
0.933333333333 3.56047167407 1.29828178318
0.933333333333 3.76991118431 1.22382606501
0.933333333333 3.97935069455 1.23925382807
0.933333333333 4.18879020479 1.47813749142
0.933333333333 4.39822971503 1.93142759431
0.933333333333 4.60766922527 2.26939607692
0.933333333333 4.8171087355 1.9815174565
0.933333333333 5.02654824574 1.38763663828
0.933333333333 5.23598775598 1.90799031986
0.933333333333 5.44542726622 3.20176266228
0.933333333333 5.65486677646 2.99715108749
0.933333333333 5.8643062867 2.26279267798
0.933333333333 6.07374579694 3.33501500209

