-1 0 0.0498832492966
-1 0.209439510239 0.0498832492965
-1 0.418879020479 0.0498832492964
-1 0.628318530718 0.0498832492965
-1 0.837758040957 0.0498832492966
-1 1.0471975512 0.0498832492967
-1 1.25663706144 0.0498832492967
-1 1.46607657168 0.0498832492966
-1 1.67551608191 0.0498832492965
-1 1.88495559215 0.0498832492964
-1 2.09439510239 0.0498832492965
-1 2.30383461263 0.0498832492966
-1 2.51327412287 0.0498832492967
-1 2.72271363311 0.0498832492967
-1 2.93215314335 0.0498832492967
-1 3.14159265359 0.0498832492966
-1 3.35103216383 0.0498832492965
-1 3.56047167407 0.0498832492964
-1 3.76991118431 0.0498832492965
-1 3.97935069455 0.0498832492966
-1 4.18879020479 0.0498832492967
-1 4.39822971503 0.0498832492967
-1 4.60766922527 0.0498832492966
-1 4.8171087355 0.0498832492965
-1 5.02654824574 0.0498832492964
-1 5.23598775598 0.0498832492965
-1 5.44542726622 0.0498832492966
-1 5.65486677646 0.0498832492967
-1 5.8643062867 0.0498832492967
-1 6.07374579694 0.0498832492967

-0.933333333333 0 0.103501082765
-0.933333333333 0.209439510239 0.215557473892
-0.933333333333 0.418879020479 0.287025440254
-0.933333333333 0.628318530718 0.30856474624
-0.933333333333 0.837758040957 0.294182213765
-0.933333333333 1.0471975512 0.232683929432
-0.933333333333 1.25663706144 0.122796263209
-0.933333333333 1.46607657168 0.0376909734251
-0.933333333333 1.67551608191 0.0756126439161
-0.933333333333 1.88495559215 0.178933197614
-0.933333333333 2.09439510239 0.218619079704
-0.933333333333 2.30383461263 0.241217450805
-0.933333333333 2.51327412287 0.321942793464
-0.933333333333 2.72271363311 0.430212404809
-0.933333333333 2.93215314335 0.492146313352
-0.933333333333 3.14159265359 0.476330063577
-0.933333333333 3.35103216383 0.422653382701
-0.933333333333 3.56047167407 0.369736504273
-0.933333333333 3.76991118431 0.343785492859
-0.933333333333 3.97935069455 0.374124962279
-0.933333333333 4.18879020479 0.481649098097
-0.933333333333 4.39822971503 0.620383311232
-0.933333333333 4.60766922527 0.632230912206
-0.933333333333 4.8171087355 0.466224828699
-0.933333333333 5.02654824574 0.334976258762
-0.933333333333 5.23598775598 0.212330524468
-0.933333333333 5.44542726622 0.0353807092882
-0.933333333333 5.65486677646 0.0696766440724
-0.933333333333 5.8643062867 0.125271199069
-0.933333333333 6.07374579694 0.0649579211867

-0.866666666667 0 0.269724026867
-0.866666666667 0.209439510239 0.27125161014
-0.866666666667 0.418879020479 0.19726509321
-0.866666666667 0.628318530718 0.158143502407
-0.866666666667 0.837758040957 0.183109151917
-0.866666666667 1.0471975512 0.284555204469
-0.866666666667 1.25663706144 0.370172325842
-0.866666666667 1.46607657168 0.24884189905
-0.866666666667 1.67551608191 0.0622705928237
-0.866666666667 1.88495559215 0.133544569782
-0.866666666667 2.09439510239 0.208180803326
-0.866666666667 2.30383461263 0.338350499917
-0.866666666667 2.51327412287 0.429952799483
-0.866666666667 2.72271363311 0.346113723669
-0.866666666667 2.93215314335 0.272476548659
-0.866666666667 3.14159265359 0.243884292452
-0.866666666667 3.35103216383 0.225928594398
-0.866666666667 3.56047167407 0.225817919901
-0.866666666667 3.76991118431 0.257928719405
-0.866666666667 3.97935069455 0.255680927742
-0.866666666667 4.18879020479 0.147796752117
-0.866666666667 4.39822971503 0.0707406162025
-0.866666666667 4.60766922527 0.419767347695
-0.866666666667 4.8171087355 0.660749752218
-0.866666666667 5.02654824574 0.340374178841
-0.866666666667 5.23598775598 0.372943679139
-0.866666666667 5.44542726622 0.142153690199
-0.866666666667 5.65486677646 0.100254108274
-0.866666666667 5.8643062867 0.146603044604
-0.866666666667 6.07374579694 0.12021148728

-0.8 0 0.307027184055
-0.8 0.209439510239 0.240518268082
-0.8 0.418879020479 0.183458097022
-0.8 0.628318530718 0.155226428765
-0.8 0.837758040957 0.0767452083999
-0.8 1.0471975512 0.0345737146868
-0.8 1.25663706144 0.194728346832
-0.8 1.46607657168 0.359414051646
-0.8 1.67551608191 0.155979401624
-0.8 1.88495559215 0.14782126594
-0.8 2.09439510239 0.210488298468
-0.8 2.30383461263 0.39075006663
-0.8 2.51327412287 0.428618201292
-0.8 2.72271363311 0.188584952316
-0.8 2.93215314335 0.193341018229
-0.8 3.14159265359 0.314183006883
-0.8 3.35103216383 0.378146461562
-0.8 3.56047167407 0.461971952865
-0.8 3.76991118431 0.548422585818
-0.8 3.97935069455 0.688276386727
-0.8 4.18879020479 0.910431928858
-0.8 4.39822971503 0.692473960884
-0.8 4.60766922527 0.0684183103786
-0.8 4.8171087355 0.464947319827
-0.8 5.02654824574 0.328163864713
-0.8 5.23598775598 0.322097509218
-0.8 5.44542726622 0.307000016078
-0.8 5.65486677646 0.189532430055
-0.8 5.8643062867 0.20177122355
-0.8 6.07374579694 0.130825937939

-0.733333333333 0 0.486757059985
-0.733333333333 0.209439510239 0.370673704509
-0.733333333333 0.418879020479 0.501141897077
-0.733333333333 0.628318530718 0.616480390411
-0.733333333333 0.837758040957 0.466084345014
-0.733333333333 1.0471975512 0.158285747039
-0.733333333333 1.25663706144 0.0293929683652
-0.733333333333 1.46607657168 0.279138446898
-0.733333333333 1.67551608191 0.236358977609
-0.733333333333 1.88495559215 0.167979694057
-0.733333333333 2.09439510239 0.240883492092
-0.733333333333 2.30383461263 0.416622843332
-0.733333333333 2.51327412287 0.375350650852
-0.733333333333 2.72271363311 0.0944663243989
-0.733333333333 2.93215314335 0.250759913139
-0.733333333333 3.14159265359 0.407550329637
-0.733333333333 3.35103216383 0.391342823027
-0.733333333333 3.56047167407 0.353802289076
-0.733333333333 3.76991118431 0.286719885904
-0.733333333333 3.97935069455 0.335887358716
-0.733333333333 4.18879020479 0.724049524166
-0.733333333333 4.39822971503 1.4290131351
-0.733333333333 4.60766922527 0.651922965262
-0.733333333333 4.8171087355 0.122495166754
-0.733333333333 5.02654824574 0.296600032512
-0.733333333333 5.23598775598 0.190778561015
-0.733333333333 5.44542726622 0.423479226387
-0.733333333333 5.65486677646 0.27610357712
-0.733333333333 5.8643062867 0.215347333227
-0.733333333333 6.07374579694 0.168005464936

-0.666666666667 0 0.63030290108
-0.666666666667 0.209439510239 0.485755884054
-0.666666666667 0.418879020479 0.915823669637
-0.666666666667 0.628318530718 1.13031164506
-0.666666666667 0.837758040957 0.922865138039
-0.666666666667 1.0471975512 0.486447668363
-0.666666666667 1.25663706144 0.0662520335261
-0.666666666667 1.46607657168 0.151912309732
-0.666666666667 1.67551608191 0.276118288185
-0.666666666667 1.88495559215 0.175963070514
-0.666666666667 2.09439510239 0.288092868324
-0.666666666667 2.30383461263 0.426992528287
-0.666666666667 2.51327412287 0.306180072524
-0.666666666667 2.72271363311 0.067647346364
-0.666666666667 2.93215314335 0.334378624214
-0.666666666667 3.14159265359 0.393974916717
-0.666666666667 3.35103216383 0.290792242415
-0.666666666667 3.56047167407 0.241164086574
-0.666666666667 3.76991118431 0.383306231292
-0.666666666667 3.97935069455 0.693215852536
-0.666666666667 4.18879020479 0.639438269232
-0.666666666667 4.39822971503 1.14177570001
-0.666666666667 4.60766922527 1.29904627723
-0.666666666667 4.8171087355 0.0360111423236
-0.666666666667 5.02654824574 0.224973025344
-0.666666666667 5.23598775598 0.130166587238
-0.666666666667 5.44542726622 0.472009696067
-0.666666666667 5.65486677646 0.337676737173
-0.666666666667 5.8643062867 0.182792993759
-0.666666666667 6.07374579694 0.332872049395

-0.6 0 0.62207717755
-0.6 0.209439510239 0.591945407365
-0.6 0.418879020479 1.24608034707
-0.6 0.628318530718 1.41440687934
-0.6 0.837758040957 1.16190200856
-0.6 1.0471975512 0.749437969993
-0.6 1.25663706144 0.218617970287
-0.6 1.46607657168 0.0639699297554
-0.6 1.67551608191 0.283124368531
-0.6 1.88495559215 0.172909570175
-0.6 2.09439510239 0.340911033458
-0.6 2.30383461263 0.428569239379
-0.6 2.51327412287 0.240083808903
-0.6 2.72271363311 0.0803454816715
-0.6 2.93215314335 0.386264963923
-0.6 3.14159265359 0.324308940683
-0.6 3.35103216383 0.219715474337
-0.6 3.56047167407 0.32721235222
-0.6 3.76991118431 0.953082726819
-0.6 3.97935069455 1.94533169379
-0.6 4.18879020479 1.75458825034
-0.6 4.39822971503 0.794442873736
-0.6 4.60766922527 1.35850352258
-0.6 4.8171087355 0.128652021269
-0.6 5.02654824574 0.147914330545
-0.6 5.23598775598 0.166036895005
-0.6 5.44542726622 0.477482881961
-0.6 5.65486677646 0.376867398724
-0.6 5.8643062867 0.1334345837
-0.6 6.07374579694 0.567384400481

-0.533333333333 0 0.523623304981
-0.533333333333 0.209439510239 0.691008383969
-0.533333333333 0.418879020479 1.37601079609
-0.533333333333 0.628318530718 1.42409018656
-0.533333333333 0.837758040957 1.18128033929
-0.533333333333 1.0471975512 0.868391812313
-0.533333333333 1.25663706144 0.380293871048
-0.533333333333 1.46607657168 0.0309235643659
-0.533333333333 1.67551608191 0.270765386816
-0.533333333333 1.88495559215 0.163385990922
-0.533333333333 2.09439510239 0.392573685737
-0.533333333333 2.30383461263 0.42548801709
-0.533333333333 2.51327412287 0.185205251588
-0.533333333333 2.72271363311 0.108238737295
-0.533333333333 2.93215314335 0.396641523095
-0.533333333333 3.14159265359 0.265266284251
-0.533333333333 3.35103216383 0.201074308095
-0.533333333333 3.56047167407 0.541747739884
-0.533333333333 3.76991118431 1.60376152929
-0.533333333333 3.97935069455 3.16097701893
-0.533333333333 4.18879020479 3.31650150057
-0.533333333333 4.39822971503 1.05405396569
-0.533333333333 4.60766922527 1.08003327465
-0.533333333333 4.8171087355 0.222658292875
-0.533333333333 5.02654824574 0.0997600797089
-0.533333333333 5.23598775598 0.265172103263
-0.533333333333 5.44542726622 0.463660063752
-0.533333333333 5.65486677646 0.40064587194
-0.533333333333 5.8643062867 0.0914315651253
-0.533333333333 6.07374579694 0.779854533495

-0.466666666667 0 0.416679484562
-0.466666666667 0.209439510239 0.746510890827
-0.466666666667 0.418879020479 1.3034468875
-0.466666666667 0.628318530718 1.2536666907
-0.466666666667 0.837758040957 1.08848017615
-0.466666666667 1.0471975512 0.880622937083
-0.466666666667 1.25663706144 0.49777842956
-0.466666666667 1.46607657168 0.0393474711699
-0.466666666667 1.67551608191 0.248737294092
-0.466666666667 1.88495559215 0.151081242209
-0.466666666667 2.09439510239 0.439763572243
-0.466666666667 2.30383461263 0.420340992415
-0.466666666667 2.51327412287 0.143579989049
-0.466666666667 2.72271363311 0.137152782226
-0.466666666667 2.93215314335 0.377506133665
-0.466666666667 3.14159265359 0.239305910095
-0.466666666667 3.35103216383 0.215187635741
-0.466666666667 3.56047167407 0.838790654832
-0.466666666667 3.76991118431 2.19206638611
-0.466666666667 3.97935069455 3.86080849865
-0.466666666667 4.18879020479 4.34659693622
-0.466666666667 4.39822971503 1.65883058489
-0.466666666667 4.60766922527 0.858184656806
-0.466666666667 4.8171087355 0.263164944434
-0.466666666667 5.02654824574 0.0920672432894
-0.466666666667 5.23598775598 0.390190181807
-0.466666666667 5.44542726622 0.444553995564
-0.466666666667 5.65486677646 0.41480933328
-0.466666666667 5.8643062867 0.0651705564462
-0.466666666667 6.07374579694 0.926489342064

-0.4 0 0.33757709984
-0.4 0.209439510239 0.742157493275
-0.4 0.418879020479 1.10896827486
-0.4 0.628318530718 1.01695509976
-0.4 0.837758040957 0.97506077188
-0.4 1.0471975512 0.847883937991
-0.4 1.25663706144 0.561458727809
-0.4 1.46607657168 0.069955625815
-0.4 1.67551608191 0.222727788967
-0.4 1.88495559215 0.138475121673
-0.4 2.09439510239 0.481064759613
-0.4 2.30383461263 0.41478063153
-0.4 2.51327412287 0.114198585045
-0.4 2.72271363311 0.160946082313
-0.4 2.93215314335 0.344675167518
-0.4 3.14159265359 0.237889034035
-0.4 3.35103216383 0.258374204839
-0.4 3.56047167407 1.2122680156
-0.4 3.76991118431 2.74499482695
-0.4 3.97935069455 4.1263050515
-0.4 4.18879020479 4.60289814545
-0.4 4.39822971503 2.1691012315
-0.4 4.60766922527 0.827834716895
-0.4 4.8171087355 0.278030254946
-0.4 5.02654824574 0.120059575101
-0.4 5.23598775598 0.515336118125
-0.4 5.44542726622 0.427118447053
-0.4 5.65486677646 0.423247306726
-0.4 5.8643062867 0.0530498466798
-0.4 6.07374579694 1.00758359161

-0.333333333333 0 0.28902421679
-0.333333333333 0.209439510239 0.692078785541
-0.333333333333 0.418879020479 0.88358224717
-0.333333333333 0.628318530718 0.787431261728
-0.333333333333 0.837758040957 0.880903686249
-0.333333333333 1.0471975512 0.813678648703
-0.333333333333 1.25663706144 0.584324422589
-0.333333333333 1.46607657168 0.106567200966
-0.333333333333 1.67551608191 0.195977170832
-0.333333333333 1.88495559215 0.12717040884
-0.333333333333 2.09439510239 0.515920522359
-0.333333333333 2.30383461263 0.409872521847
-0.333333333333 2.51327412287 0.09481673218
-0.333333333333 2.72271363311 0.178102638374
-0.333333333333 2.93215314335 0.31011692429
-0.333333333333 3.14159265359 0.245646950438
-0.333333333333 3.35103216383 0.335475519796
-0.333333333333 3.56047167407 1.62885961243
-0.333333333333 3.76991118431 3.25011786499
-0.333333333333 3.97935069455 4.16367160732
-0.333333333333 4.18879020479 4.36425387758
-0.333333333333 4.39822971503 2.41820481019
-0.333333333333 4.60766922527 0.935169293495
-0.333333333333 4.8171087355 0.303694799762
-0.333333333333 5.02654824574 0.172606465867
-0.333333333333 5.23598775598 0.626411402185
-0.333333333333 5.44542726622 0.414397636881
-0.333333333333 5.65486677646 0.428258375832
-0.333333333333 5.8643062867 0.0501884948257
-0.333333333333 6.07374579694 1.04170095682

-0.266666666667 0 0.262469419598
-0.266666666667 0.209439510239 0.620914966631
-0.266666666667 0.418879020479 0.686722586813
-0.266666666667 0.628318530718 0.595090888392
-0.266666666667 0.837758040957 0.807772048728
-0.266666666667 1.0471975512 0.796094143421
-0.266666666667 1.25663706144 0.585108485761
-0.266666666667 1.46607657168 0.138787614195
-0.266666666667 1.67551608191 0.170407418668
-0.266666666667 1.88495559215 0.118163050925
-0.266666666667 2.09439510239 0.544095537075
-0.266666666667 2.30383461263 0.406303477838
-0.266666666667 2.51327412287 0.082938978938
-0.266666666667 2.72271363311 0.189173578167
-0.266666666667 2.93215314335 0.280520571168
-0.266666666667 3.14159265359 0.252676440971
-0.266666666667 3.35103216383 0.442716990783
-0.266666666667 3.56047167407 2.02433082447
-0.266666666667 3.76991118431 3.63147350792
-0.266666666667 3.97935069455 4.08647127184
-0.266666666667 4.18879020479 3.97900233884
-0.266666666667 4.39822971503 2.46625583362
-0.266666666667 4.60766922527 1.08917160967
-0.266666666667 4.8171087355 0.355851469496
-0.266666666667 5.02654824574 0.238285555552
-0.266666666667 5.23598775598 0.717212405172
-0.266666666667 5.44542726622 0.40748144684
-0.266666666667 5.65486677646 0.43103774443
-0.266666666667 5.8643062867 0.0519024496203
-0.266666666667 6.07374579694 1.04859006796

-0.2 0 0.249742413697
-0.2 0.209439510239 0.548363780869
-0.2 0.418879020479 0.542324504612
-0.2 0.628318530718 0.445136521262
-0.2 0.837758040957 0.743467780003
-0.2 1.0471975512 0.796521489709
-0.2 1.25663706144 0.579110175865
-0.2 1.46607657168 0.161591216334
-0.2 1.67551608191 0.147181791435
-0.2 1.88495559215 0.112032036
-0.2 2.09439510239 0.565448833392
-0.2 2.30383461263 0.404503511225
-0.2 2.51327412287 0.0762981728961
-0.2 2.72271363311 0.195279522803
-0.2 2.93215314335 0.258492265379
-0.2 3.14159265359 0.256288182835
-0.2 3.35103216383 0.564943891774
-0.2 3.56047167407 2.33838358975
-0.2 3.76991118431 3.81437217993
-0.2 3.97935069455 3.92673527648
-0.2 4.18879020479 3.65551226571
-0.2 4.39822971503 2.42915115342
-0.2 4.60766922527 1.23168768841
-0.2 4.8171087355 0.431046084982
-0.2 5.02654824574 0.307900173005
-0.2 5.23598775598 0.786237490802
-0.2 5.44542726622 0.40655595146
-0.2 5.65486677646 0.432086558835
-0.2 5.8643062867 0.0548124280164
-0.2 6.07374579694 1.04277264931

-0.133333333333 0 0.246134733321
-0.133333333333 0.209439510239 0.484977281329
-0.133333333333 0.418879020479 0.451583299591
-0.133333333333 0.628318530718 0.335224223911
-0.133333333333 0.837758040957 0.678880397717
-0.133333333333 1.0471975512 0.810647761512
-0.133333333333 1.25663706144 0.575386345071
-0.133333333333 1.46607657168 0.173588874198
-0.133333333333 1.67551608191 0.126994166613
-0.133333333333 1.88495559215 0.109099460478
-0.133333333333 2.09439510239 0.579859930789
-0.133333333333 2.30383461263 0.404715047651
-0.133333333333 2.51327412287 0.0730470335632
-0.133333333333 2.72271363311 0.197378410456
-0.133333333333 2.93215314335 0.24434386066
-0.133333333333 3.14159265359 0.258447431156
-0.133333333333 3.35103216383 0.681917296956
-0.133333333333 3.56047167407 2.54096219031
-0.133333333333 3.76991118431 3.76944763243
-0.133333333333 3.97935069455 3.69639011655
-0.133333333333 4.18879020479 3.46226130636
-0.133333333333 4.39822971503 2.38496329782
-0.133333333333 4.60766922527 1.34231870874
-0.133333333333 4.8171087355 0.516586772857
-0.133333333333 5.02654824574 0.375003493113
-0.133333333333 5.23598775598 0.834368041824
-0.133333333333 5.44542726622 0.411436462717
-0.133333333333 5.65486677646 0.431487811054
-0.133333333333 5.8643062867 0.0569081134744
-0.133333333333 6.07374579694 1.03279082525

-0.0666666666667 0 0.250074660257
-0.0666666666667 0.209439510239 0.434023282512
-0.0666666666667 0.418879020479 0.405961960995
-0.0666666666667 0.628318530718 0.264594959236
-0.0666666666667 0.837758040957 0.615671276085
-0.0666666666667 1.0471975512 0.835920452725
-0.0666666666667 1.25663706144 0.577236257673
-0.0666666666667 1.46607657168 0.175254828914
-0.0666666666667 1.67551608191 0.110280606815
-0.0666666666667 1.88495559215 0.109568573443
-0.0666666666667 2.09439510239 0.587217483998
-0.0666666666667 2.30383461263 0.407024473525
-0.0666666666667 2.51327412287 0.0717970986876
-0.0666666666667 2.72271363311 0.195985101492
-0.0666666666667 2.93215314335 0.237635635071
-0.0666666666667 3.14159265359 0.262795748404
-0.0666666666667 3.35103216383 0.774358992204
-0.0666666666667 3.56047167407 2.63600261536
-0.0666666666667 3.76991118431 3.5149932953
-0.0666666666667 3.97935069455 3.41544609377
-0.0666666666667 4.18879020479 3.39098166125
-0.0666666666667 4.39822971503 2.3603289362
-0.0666666666667 4.60766922527 1.42220527999
-0.0666666666667 4.8171087355 0.59831666493
-0.0666666666667 5.02654824574 0.435545963014
-0.0666666666667 5.23598775598 0.863420551975
-0.0666666666667 5.44542726622 0.421825215127
-0.0666666666667 5.65486677646 0.429065765918
-0.0666666666667 5.8643062867 0.0573208737979
-0.0666666666667 6.07374579694 1.02232810471

6.12323399574e-17 0 0.262177215393
6.12323399574e-17 0.209439510239 0.394693962784
6.12323399574e-17 0.418879020479 0.394896132068
6.12323399574e-17 0.628318530718 0.236555184386
6.12323399574e-17 0.837758040957 0.567505346129
6.12323399574e-17 1.0471975512 0.874639883045
6.12323399574e-17 1.25663706144 0.58328029308
6.12323399574e-17 1.46607657168 0.167798472581
6.12323399574e-17 1.67551608191 0.0974141470901
6.12323399574e-17 1.88495559215 0.113624041304
6.12323399574e-17 2.09439510239 0.587430665367
6.12323399574e-17 2.30383461263 0.411363236998
6.12323399574e-17 2.51327412287 0.071584088686
6.12323399574e-17 2.72271363311 0.191136694405
6.12323399574e-17 2.93215314335 0.238262905842
6.12323399574e-17 3.14159265359 0.272477569685
6.12323399574e-17 3.35103216383 0.826096215231
6.12323399574e-17 3.56047167407 2.64909411946
6.12323399574e-17 3.76991118431 3.09842046556
6.12323399574e-17 3.97935069455 3.10843220026
6.12323399574e-17 4.18879020479 3.40470355838
6.12323399574e-17 4.39822971503 2.34781223436
6.12323399574e-17 4.60766922527 1.47935584702
6.12323399574e-17 4.8171087355 0.664394368481
6.12323399574e-17 5.02654824574 0.487250532407
6.12323399574e-17 5.23598775598 0.875330130362
6.12323399574e-17 5.44542726622 0.437423637152
6.12323399574e-17 5.65486677646 0.424463045987
6.12323399574e-17 5.8643062867 0.056107039031
6.12323399574e-17 6.07374579694 1.01145750052

0.0666666666667 0 0.284507448701
0.0666666666667 0.209439510239 0.364714859866
0.0666666666667 0.418879020479 0.408575924731
0.0666666666667 0.628318530718 0.257083643011
0.0666666666667 0.837758040957 0.557033675581
0.0666666666667 1.0471975512 0.932982486008
0.0666666666667 1.25663706144 0.587703694544
0.0666666666667 1.46607657168 0.152899727376
0.0666666666667 1.67551608191 0.0888876365272
0.0666666666667 1.88495559215 0.12147415194
0.0666666666667 2.09439510239 0.580449158492
0.0666666666667 2.30383461263 0.417479602257
0.0666666666667 2.51327412287 0.0718019568777
0.0666666666667 2.72271363311 0.182503717914
0.0666666666667 2.93215314335 0.247103585622
0.0666666666667 3.14159265359 0.288691418305
0.0666666666667 3.35103216383 0.823614765514
0.0666666666667 3.56047167407 2.60793465422
0.0666666666667 3.76991118431 2.57697426592
0.0666666666667 3.97935069455 2.79268961884
0.0666666666667 4.18879020479 3.45813106819
0.0666666666667 4.39822971503 2.32405669224
0.0666666666667 4.60766922527 1.52049360071
0.0666666666667 4.8171087355 0.706343630404
0.0666666666667 5.02654824574 0.528987870576
0.0666666666667 5.23598775598 0.871767192577
0.0666666666667 5.44542726622 0.457964366691
0.0666666666667 5.65486677646 0.417168802906
0.0666666666667 5.8643062867 0.0541220823083
0.0666666666667 6.07374579694 0.997486953695

0.133333333333 0 0.320021048685
0.133333333333 0.209439510239 0.342103560967
0.133333333333 0.418879020479 0.437710941336
0.133333333333 0.628318530718 0.330931799431
0.133333333333 0.837758040957 0.608628306226
0.133333333333 1.0471975512 1.01541418318
0.133333333333 1.25663706144 0.579577490711
0.133333333333 1.46607657168 0.133299425212
0.133333333333 1.67551608191 0.0854773704465
0.133333333333 1.88495559215 0.133313049267
0.133333333333 2.09439510239 0.566292008614
0.133333333333 2.30383461263 0.424878256772
0.133333333333 2.51327412287 0.0721235542067
0.133333333333 2.72271363311 0.169628321217
0.133333333333 2.93215314335 0.266223967818
0.133333333333 3.14159265359 0.309625729068
0.133333333333 3.35103216383 0.756651879188
0.133333333333 3.56047167407 2.52146216142
0.133333333333 3.76991118431 2.00577780456
0.133333333333 3.97935069455 2.47369577045
0.133333333333 4.18879020479 3.50156584815
0.133333333333 4.39822971503 2.2610163787
0.133333333333 4.60766922527 1.54774503382
0.133333333333 4.8171087355 0.718982712337
0.133333333333 5.02654824574 0.560238411616
0.133333333333 5.23598775598 0.854054752962
0.133333333333 5.44542726622 0.483193126038
0.133333333333 5.65486677646 0.40652326009
0.133333333333 5.8643062867 0.0529770101381
0.133333333333 6.07374579694 0.97541590848

0.2 0 0.371827521075
0.2 0.209439510239 0.326427390061
0.2 0.418879020479 0.472042049825
0.2 0.628318530718 0.455237772701
0.2 0.837758040957 0.735579220716
0.2 1.0471975512 1.11361715767
0.2 1.25663706144 0.542719267046
0.2 1.46607657168 0.114075753327
0.2 1.67551608191 0.0883805409576
0.2 1.88495559215 0.149176138647
0.2 2.09439510239 0.54509011924
0.2 2.30383461263 0.43272464526
0.2 2.51327412287 0.0724097312929
0.2 2.72271363311 0.152324170627
0.2 2.93215314335 0.298481781969
0.2 3.14159265359 0.329731056549
0.2 3.35103216383 0.623820551623
0.2 3.56047167407 2.36473023797
0.2 3.76991118431 1.43320050271
0.2 3.97935069455 2.1503431674
0.2 4.18879020479 3.48041624258
0.2 4.39822971503 2.13260924402
0.2 4.60766922527 1.5577590711
0.2 4.8171087355 0.700343399153
0.2 5.02654824574 0.580635635447
0.2 5.23598775598 0.823310160604
0.2 5.44542726622 0.512809997254
0.2 5.65486677646 0.391719710174
0.2 5.8643062867 0.0550300839665
0.2 6.07374579694 0.938247098518

0.266666666667 0 0.441766472152
0.266666666667 0.209439510239 0.31992144471
0.266666666667 0.418879020479 0.499268426174
0.266666666667 0.628318530718 0.610919717461
0.266666666667 0.837758040957 0.921798607824
0.266666666667 1.0471975512 1.1921336921
0.266666666667 1.25663706144 0.459700229112
0.266666666667 1.46607657168 0.10402699715
0.266666666667 1.67551608191 0.0993112549939
0.266666666667 1.88495559215 0.168653108945
0.266666666667 2.09439510239 0.517148001571
0.266666666667 2.30383461263 0.439711913821
0.266666666667 2.51327412287 0.0725951403002
0.266666666667 2.72271363311 0.131293087252
0.266666666667 2.93215314335 0.346140326368
0.266666666667 3.14159265359 0.339937952332
0.266666666667 3.35103216383 0.44499328708
0.266666666667 3.56047167407 2.08461883947
0.266666666667 3.76991118431 0.902726326545
0.266666666667 3.97935069455 1.82617498421
0.266666666667 4.18879020479 3.33818685793
0.266666666667 4.39822971503 1.92080371633
0.266666666667 4.60766922527 1.54193017294
0.266666666667 4.8171087355 0.652102473232
0.266666666667 5.02654824574 0.589546984546
0.266666666667 5.23598775598 0.780780382588
0.266666666667 5.44542726622 0.546368560914
0.266666666667 5.65486677646 0.371825759906
0.266666666667 5.8643062867 0.0633336379259
0.266666666667 6.07374579694 0.87754926919

0.333333333333 0 0.527685242608
0.333333333333 0.209439510239 0.328455141593
0.333333333333 0.418879020479 0.506514724458
0.333333333333 0.628318530718 0.755149541011
0.333333333333 0.837758040957 1.10421846505
0.333333333333 1.0471975512 1.18192598196
0.333333333333 1.25663706144 0.325313479857
0.333333333333 1.46607657168 0.11559653616
0.333333333333 1.67551608191 0.120509356845
0.333333333333 1.88495559215 0.190421864756
0.333333333333 2.09439510239 0.483032184565
0.333333333333 2.30383461263 0.443898961474
0.333333333333 2.51327412287 0.0725276266321
0.333333333333 2.72271363311 0.108974006265
0.333333333333 2.93215314335 0.407948815393
0.333333333333 3.14159265359 0.330417384011
0.333333333333 3.35103216383 0.274418869745
0.333333333333 3.56047167407 1.64787418502
0.333333333333 3.76991118431 0.464625831631
0.333333333333 3.97935069455 1.52053443116
0.333333333333 4.18879020479 3.02744111059
0.333333333333 4.39822971503 1.62328674789
0.333333333333 4.60766922527 1.48764943174
0.333333333333 4.8171087355 0.580491682626
0.333333333333 5.02654824574 0.585661358093
0.333333333333 5.23598775598 0.728358942834
0.333333333333 5.44542726622 0.583121067246
0.333333333333 5.65486677646 0.34585137215
0.333333333333 5.8643062867 0.0814056426346
0.333333333333 6.07374579694 0.784850279421

0.4 0 0.618969139009
0.4 0.209439510239 0.361392125774
0.4 0.418879020479 0.486849045352
0.4 0.628318530718 0.824592673128
0.4 0.837758040957 1.17428359211
0.4 1.0471975512 1.00500631872
0.4 1.25663706144 0.171113664778
0.4 1.46607657168 0.160359709314
0.4 1.67551608191 0.154525984136
0.4 1.88495559215 0.211596608513
0.4 2.09439510239 0.443696667813
0.4 2.30383461263 0.442554092607
0.4 2.51327412287 0.0717330702712
0.4 2.72271363311 0.0904619154035
0.4 2.93215314335 0.474438673817
0.4 3.14159265359 0.298347986625
0.4 3.35103216383 0.193968012562
0.4 3.56047167407 1.13075651561
0.4 3.76991118431 0.198984693797
0.4 3.97935069455 1.27235764026
0.4 4.18879020479 2.52914023544
0.4 4.39822971503 1.26157024841
0.4 4.60766922527 1.38151775881
0.4 4.8171087355 0.497018795162
0.4 5.02654824574 0.566639136579
0.4 5.23598775598 0.669263391615
0.4 5.44542726622 0.621791341366
0.4 5.65486677646 0.31290295986
0.4 5.8643062867 0.112616895279
0.4 6.07374579694 0.654645615124

0.466666666667 0 0.690966756961
0.466666666667 0.209439510239 0.427509678557
0.466666666667 0.418879020479 0.451269837875
0.466666666667 0.628318530718 0.764989071158
0.466666666667 0.837758040957 1.02839903305
0.466666666667 1.0471975512 0.650000436271
0.466666666667 1.25663706144 0.0844724164005
0.466666666667 1.46607657168 0.237132865305
0.466666666667 1.67551608191 0.20340346152
0.466666666667 1.88495559215 0.227005946714
0.466666666667 2.09439510239 0.400671698784
0.466666666667 2.30383461263 0.432108085012
0.466666666667 2.51327412287 0.0691076306474
0.466666666667 2.72271363311 0.0838564412667
0.466666666667 2.93215314335 0.522813398259
0.466666666667 3.14159265359 0.261550864545
0.466666666667 3.35103216383 0.25761012135
0.466666666667 3.56047167407 0.767282988428
0.466666666667 3.76991118431 0.222080902153
0.466666666667 3.97935069455 1.12372054839
0.466666666667 4.18879020479 1.87317755003
0.466666666667 4.39822971503 0.885050429923
0.466666666667 4.60766922527 1.2157545657
0.466666666667 4.8171087355 0.41758760905
0.466666666667 5.02654824574 0.529105043257
0.466666666667 5.23598775598 0.608785694702
0.466666666667 5.44542726622 0.660249817485
0.466666666667 5.65486677646 0.272482224389
0.466666666667 5.8643062867 0.158890583026
0.466666666667 6.07374579694 0.489816375589

0.533333333333 0 0.702242099367
0.533333333333 0.209439510239 0.521943842404
0.533333333333 0.418879020479 0.437457831355
0.533333333333 0.628318530718 0.592453758891
0.533333333333 0.837758040957 0.679685637784
0.533333333333 1.0471975512 0.266088390991
0.533333333333 1.25663706144 0.174274578353
0.533333333333 1.46607657168 0.316529091499
0.533333333333 1.67551608191 0.266315308504
0.533333333333 1.88495559215 0.22888235762
0.533333333333 2.09439510239 0.35636015724
0.533333333333 2.30383461263 0.408477938373
0.533333333333 2.51327412287 0.062705266503
0.533333333333 2.72271363311 0.0983789084093
0.533333333333 2.93215314335 0.517078433175
0.533333333333 3.14159265359 0.268842725195
0.533333333333 3.35103216383 0.399355871826
0.533333333333 3.56047167407 0.784206140626
0.533333333333 3.76991118431 0.591592679331
0.533333333333 3.97935069455 1.06386375083
0.533333333333 4.18879020479 1.14539508828
0.533333333333 4.39822971503 0.565789468126
0.533333333333 4.60766922527 0.997292819121
0.533333333333 4.8171087355 0.358155172287
0.533333333333 5.02654824574 0.469698422778
0.533333333333 5.23598775598 0.55486095188
0.533333333333 5.44542726622 0.695062670918
0.533333333333 5.65486677646 0.22500715787
0.533333333333 5.8643062867 0.218367655392
0.533333333333 6.07374579694 0.30942699144

0.6 0 0.60526116118
0.6 0.209439510239 0.601834062728
0.6 0.418879020479 0.488415589421
0.6 0.628318530718 0.439755012085
0.6 0.837758040957 0.351641257765
0.6 1.0471975512 0.137176865673
0.6 1.25663706144 0.439965533448
0.6 1.46607657168 0.344230955872
0.6 1.67551608191 0.333967937216
0.6 1.88495559215 0.208361520708
0.6 2.09439510239 0.314489270883
0.6 2.30383461263 0.368367610922
0.6 2.51327412287 0.0504016347816
0.6 2.72271363311 0.137090517205
0.6 2.93215314335 0.425295602241
0.6 3.14159265359 0.375338307471
0.6 3.35103216383 0.438167429703
0.6 3.56047167407 1.01770263152
0.6 3.76991118431 1.06879622414
0.6 3.97935069455 0.951770030518
0.6 4.18879020479 0.478222227862
0.6 4.39822971503 0.381101123816
0.6 4.60766922527 0.753234424015
0.6 4.8171087355 0.326205544755
0.6 5.02654824574 0.388491398859
0.6 5.23598775598 0.517859857663
0.6 5.44542726622 0.720888715115
0.6 5.65486677646 0.172641658276
0.6 5.8643062867 0.281918646927
0.6 6.07374579694 0.155891180232

0.666666666667 0 0.388004108362
0.666666666667 0.209439510239 0.570627834822
0.666666666667 0.418879020479 0.570054050336
0.666666666667 0.628318530718 0.458409895497
0.666666666667 0.837758040957 0.334124342874
0.666666666667 1.0471975512 0.377144795659
0.666666666667 1.25663706144 0.642893846821
0.666666666667 1.46607657168 0.296526166061
0.666666666667 1.67551608191 0.378967862229
0.666666666667 1.88495559215 0.16197509893
0.666666666667 2.09439510239 0.280530128349
0.666666666667 2.30383461263 0.312733101594
0.666666666667 2.51327412287 0.0339555818041
0.666666666667 2.72271363311 0.181520625121
0.666666666667 2.93215314335 0.262027036391
0.666666666667 3.14159265359 0.546845049647
0.666666666667 3.35103216383 0.337802855926
0.666666666667 3.56047167407 0.904034343072
0.666666666667 3.76991118431 1.07827870801
0.666666666667 3.97935069455 0.593746048372
0.666666666667 4.18879020479 0.0570099496407
0.666666666667 4.39822971503 0.374923744255
0.666666666667 4.60766922527 0.518947499227
0.666666666667 4.8171087355 0.31231610699
0.666666666667 5.02654824574 0.296273218822
0.666666666667 5.23598775598 0.508400667197
0.666666666667 5.44542726622 0.729721954367
0.666666666667 5.65486677646 0.120467659051
0.666666666667 5.8643062867 0.329419819366
0.666666666667 6.07374579694 0.0916681217165

0.733333333333 0 0.14939016575
0.733333333333 0.209439510239 0.344146682543
0.733333333333 0.418879020479 0.49546098654
0.733333333333 0.628318530718 0.523042896456
0.733333333333 0.837758040957 0.506554968727
0.733333333333 1.0471975512 0.577250762236
0.733333333333 1.25663706144 0.503198892781
0.733333333333 1.46607657168 0.253787431312
0.733333333333 1.67551608191 0.351465629326
0.733333333333 1.88495559215 0.107111545092
0.733333333333 2.09439510239 0.26079277335
0.733333333333 2.30383461263 0.253702387951
0.733333333333 2.51327412287 0.0317512799279
0.733333333333 2.72271363311 0.179763605721
0.733333333333 2.93215314335 0.115881306145
0.733333333333 3.14159265359 0.578885174801
0.733333333333 3.35103216383 0.384920262564
0.733333333333 3.56047167407 0.431935616547
0.733333333333 3.76991118431 0.50768177242
0.733333333333 3.97935069455 0.184011783277
0.733333333333 4.18879020479 0.0919787563467
0.733333333333 4.39822971503 0.46774130328
0.733333333333 4.60766922527 0.308679756332
0.733333333333 4.8171087355 0.296090611816
0.733333333333 5.02654824574 0.224889602082
0.733333333333 5.23598775598 0.531063538007
0.733333333333 5.44542726622 0.710048693803
0.733333333333 5.65486677646 0.0777882747832
0.733333333333 5.8643062867 0.329660643432
0.733333333333 6.07374579694 0.165888427154

0.8 0 0.117612785449
0.8 0.209439510239 0.0752123829817
0.8 0.418879020479 0.162035658067
0.8 0.628318530718 0.26536607244
0.8 0.837758040957 0.319880514572
0.8 1.0471975512 0.31341934087
0.8 1.25663706144 0.246265412326
0.8 1.46607657168 0.302525650278
0.8 1.67551608191 0.217394667618
0.8 1.88495559215 0.0976883170017
0.8 2.09439510239 0.256834484313
0.8 2.30383461263 0.220861161505
0.8 2.51327412287 0.0976889610869
0.8 2.72271363311 0.0993571890743
0.8 2.93215314335 0.0503383272473
0.8 3.14159265359 0.313269000687
0.8 3.35103216383 0.532302420111
0.8 3.56047167407 0.410792711844
0.8 3.76991118431 0.33099299891
0.8 3.97935069455 0.309035705064
0.8 4.18879020479 0.416259790034
0.8 4.39822971503 0.374460926601
0.8 4.60766922527 0.137621670296
0.8 4.8171087355 0.286091085189
0.8 5.02654824574 0.229910813332
0.8 5.23598775598 0.5710166588
0.8 5.44542726622 0.646191383937
0.8 5.65486677646 0.058509299826
0.8 5.8643062867 0.254001157495
0.8 6.07374579694 0.333440698358

0.866666666667 0 0.353392555329
0.866666666667 0.209439510239 0.204711360694
0.866666666667 0.418879020479 0.105916807574
0.866666666667 0.628318530718 0.0915775851846
0.866666666667 0.837758040957 0.141636644941
0.866666666667 1.0471975512 0.233880006104
0.866666666667 1.25663706144 0.323560854746
0.866666666667 1.46607657168 0.255550630344
0.866666666667 1.67551608191 0.0739193504474
0.866666666667 1.88495559215 0.186186751436
0.866666666667 2.09439510239 0.257463350602
0.866666666667 2.30383461263 0.2399237641
0.866666666667 2.51327412287 0.278450689445
0.866666666667 2.72271363311 0.0994525873556
0.866666666667 2.93215314335 0.0137380400339
0.866666666667 3.14159265359 0.0280849520536
0.866666666667 3.35103216383 0.194204125161
0.866666666667 3.56047167407 0.325276987427
0.866666666667 3.76991118431 0.35349201555
0.866666666667 3.97935069455 0.315589528135
0.866666666667 4.18879020479 0.190229781079
0.866666666667 4.39822971503 0.0528418896816
0.866666666667 4.60766922527 0.175720443603
0.866666666667 4.8171087355 0.366052454201
0.866666666667 5.02654824574 0.349048444847
0.866666666667 5.23598775598 0.571782454417
0.866666666667 5.44542726622 0.51873492611
0.866666666667 5.65486677646 0.0768115375244
0.866666666667 5.8643062867 0.121249226542
0.866666666667 6.07374579694 0.381817117173

0.933333333333 0 0.293998753345
0.933333333333 0.209439510239 0.356983837835
0.933333333333 0.418879020479 0.373219861018
0.933333333333 0.628318530718 0.367766689934
0.933333333333 0.837758040957 0.342017594993
0.933333333333 1.0471975512 0.271775770106
0.933333333333 1.25663706144 0.151814204315
0.933333333333 1.46607657168 0.0794562729676
0.933333333333 1.67551608191 0.178538667142
0.933333333333 1.88495559215 0.301558059006
0.933333333333 2.09439510239 0.247330510351
0.933333333333 2.30383461263 0.254076789064
0.933333333333 2.51327412287 0.397016399374
0.933333333333 2.72271363311 0.367836715317
0.933333333333 2.93215314335 0.2399088561
0.933333333333 3.14159265359 0.19777492193
0.933333333333 3.35103216383 0.186969555462
0.933333333333 3.56047167407 0.16368135014
0.933333333333 3.76991118431 0.148942291908
0.933333333333 3.97935069455 0.175960791336
0.933333333333 4.18879020479 0.279177946177
0.933333333333 4.39822971503 0.450903689106
0.933333333333 4.60766922527 0.57208822908
0.933333333333 4.8171087355 0.530036056388
0.933333333333 5.02654824574 0.442027159972
0.933333333333 5.23598775598 0.41549438176
0.933333333333 5.44542726622 0.309462202983
0.933333333333 5.65486677646 0.124454622122
0.933333333333 5.8643062867 0.0678519117427
0.933333333333 6.07374579694 0.171765260305

