-1 0 1.98301806112
-1 0.209439510239 1.98301806112
-1 0.418879020479 1.98301806112
-1 0.628318530718 1.98301806112
-1 0.837758040957 1.98301806112
-1 1.0471975512 1.98301806112
-1 1.25663706144 1.98301806112
-1 1.46607657168 1.98301806112
-1 1.67551608191 1.98301806112
-1 1.88495559215 1.98301806112
-1 2.09439510239 1.98301806112
-1 2.30383461263 1.98301806112
-1 2.51327412287 1.98301806112
-1 2.72271363311 1.98301806112
-1 2.93215314335 1.98301806112
-1 3.14159265359 1.98301806112
-1 3.35103216383 1.98301806112
-1 3.56047167407 1.98301806112
-1 3.76991118431 1.98301806112
-1 3.97935069455 1.98301806112
-1 4.18879020479 1.98301806112
-1 4.39822971503 1.98301806112
-1 4.60766922527 1.98301806112
-1 4.8171087355 1.98301806112
-1 5.02654824574 1.98301806112
-1 5.23598775598 1.98301806112
-1 5.44542726622 1.98301806112
-1 5.65486677646 1.98301806112
-1 5.8643062867 1.98301806112
-1 6.07374579694 1.98301806112

-0.933333333333 0 7.90341902683
-0.933333333333 0.209439510239 10.2509064122
-0.933333333333 0.418879020479 12.0008259804
-0.933333333333 0.628318530718 12.6418010635
-0.933333333333 0.837758040957 12.4029507458
-0.933333333333 1.0471975512 11.2964175848
-0.933333333333 1.25663706144 9.25485487309
-0.933333333333 1.46607657168 6.53559137125
-0.933333333333 1.67551608191 3.60333491291
-0.933333333333 1.88495559215 1.32988833778
-0.933333333333 2.09439510239 0.835118910565
-0.933333333333 2.30383461263 1.12292071602
-0.933333333333 2.51327412287 0.544932958743
-0.933333333333 2.72271363311 0.291415819818
-0.933333333333 2.93215314335 0.846308300194
-0.933333333333 3.14159265359 0.948092391091
-0.933333333333 3.35103216383 0.587625103131
-0.933333333333 3.56047167407 0.413470277868
-0.933333333333 3.76991118431 0.506902372289
-0.933333333333 3.97935069455 0.664536435591
-0.933333333333 4.18879020479 0.73442923036
-0.933333333333 4.39822971503 0.661273363641
-0.933333333333 4.60766922527 0.629622072093
-0.933333333333 4.8171087355 1.12277953539
-0.933333333333 5.02654824574 2.1137927298
-0.933333333333 5.23598775598 2.6563040106
-0.933333333333 5.44542726622 3.08418323782
-0.933333333333 5.65486677646 4.72185328859
-0.933333333333 5.8643062867 6.14127548818
-0.933333333333 6.07374579694 6.54519655666

-0.866666666667 0 8.30309392034
-0.866666666667 0.209439510239 9.15131652977
-0.866666666667 0.418879020479 9.1461998674
-0.866666666667 0.628318530718 10.2285883574
-0.866666666667 0.837758040957 12.6724110119
-0.866666666667 1.0471975512 14.8597863607
-0.866666666667 1.25663706144 13.9319890659
-0.866666666667 1.46607657168 9.09904992365
-0.866666666667 1.67551608191 4.56564688436
-0.866666666667 1.88495559215 2.14655229509
-0.866666666667 2.09439510239 0.512169422495
-0.866666666667 2.30383461263 1.01315011665
-0.866666666667 2.51327412287 0.491595281698
-0.866666666667 2.72271363311 0.568318140253
-0.866666666667 2.93215314335 0.913346412746
-0.866666666667 3.14159265359 0.274243451484
-0.866666666667 3.35103216383 0.27931267997
-0.866666666667 3.56047167407 0.528661528476
-0.866666666667 3.76991118431 0.591402673457
-0.866666666667 3.97935069455 0.681165907476
-0.866666666667 4.18879020479 0.997915894767
-0.866666666667 4.39822971503 1.53384478592
-0.866666666667 4.60766922527 1.80956625382
-0.866666666667 4.8171087355 1.39726934805
-0.866666666667 5.02654824574 1.81396439113
-0.866666666667 5.23598775598 3.65695983112
-0.866666666667 5.44542726622 3.96520689734
-0.866666666667 5.65486677646 4.64087388863
-0.866666666667 5.8643062867 6.05844652886
-0.866666666667 6.07374579694 6.64387512282

-0.8 0 5.00377670603
-0.8 0.209439510239 4.10169295709
-0.8 0.418879020479 3.80258427266
-0.8 0.628318530718 5.11188776069
-0.8 0.837758040957 8.45658879791
-0.8 1.0471975512 14.3405174279
-0.8 1.25663706144 19.7578701323
-0.8 1.46607657168 16.404986328
-0.8 1.67551608191 5.78488337036
-0.8 1.88495559215 1.75430266945
-0.8 2.09439510239 0.556061103107
-0.8 2.30383461263 0.967925975448
-0.8 2.51327412287 0.512369959327
-0.8 2.72271363311 0.706296814571
-0.8 2.93215314335 0.526350101325
-0.8 3.14159265359 0.0904444577614
-0.8 3.35103216383 0.282755841315
-0.8 3.56047167407 0.130476996884
-0.8 3.76991118431 0.0530496948986
-0.8 3.97935069455 0.148914697672
-0.8 4.18879020479 0.355961596309
-0.8 4.39822971503 0.793724159959
-0.8 4.60766922527 1.65368933014
-0.8 4.8171087355 2.3026558456
-0.8 5.02654824574 2.31175185541
-0.8 5.23598775598 3.66387728724
-0.8 5.44542726622 4.74127357182
-0.8 5.65486677646 4.24891264536
-0.8 5.8643062867 5.16671049961
-0.8 6.07374579694 5.13101462588

-0.733333333333 0 2.44841306806
-0.733333333333 0.209439510239 1.67501530104
-0.733333333333 0.418879020479 1.56956382047
-0.733333333333 0.628318530718 1.64712716412
-0.733333333333 0.837758040957 2.68176041595
-0.733333333333 1.0471975512 7.16228255772
-0.733333333333 1.25663706144 17.0612738901
-0.733333333333 1.46607657168 22.7537540643
-0.733333333333 1.67551608191 10.5534082939
-0.733333333333 1.88495559215 1.06562573721
-0.733333333333 2.09439510239 0.659279753301
-0.733333333333 2.30383461263 0.915246735194
-0.733333333333 2.51327412287 0.527685997971
-0.733333333333 2.72271363311 0.7280277086
-0.733333333333 2.93215314335 0.229085604528
-0.733333333333 3.14159265359 0.149479306098
-0.733333333333 3.35103216383 0.109279439158
-0.733333333333 3.56047167407 0.0439408728962
-0.733333333333 3.76991118431 0.224114489123
-0.733333333333 3.97935069455 0.422597543794
-0.733333333333 4.18879020479 0.724155499979
-0.733333333333 4.39822971503 1.08489478162
-0.733333333333 4.60766922527 1.4655493326
-0.733333333333 4.8171087355 2.13520521628
-0.733333333333 5.02654824574 3.05764210269
-0.733333333333 5.23598775598 3.69256321346
-0.733333333333 5.44542726622 5.16253043951
-0.733333333333 5.65486677646 4.07841128439
-0.733333333333 5.8643062867 4.37951587629
-0.733333333333 6.07374579694 3.69823997535

-0.666666666667 0 1.55511168111
-0.666666666667 0.209439510239 1.71223847608
-0.666666666667 0.418879020479 1.66619783359
-0.666666666667 0.628318530718 1.00690507583
-0.666666666667 0.837758040957 0.495741128463
-0.666666666667 1.0471975512 1.74281058328
-0.666666666667 1.25663706144 9.84901891736
-0.666666666667 1.46607657168 23.0636659049
-0.666666666667 1.67551608191 16.4275698527
-0.666666666667 1.88495559215 1.046263448
-0.666666666667 2.09439510239 0.74451203778
-0.666666666667 2.30383461263 0.844999959104
-0.666666666667 2.51327412287 0.527679740796
-0.666666666667 2.72271363311 0.702144229173
-0.666666666667 2.93215314335 0.0918516574612
-0.666666666667 3.14159265359 0.174312521906
-0.666666666667 3.35103216383 0.0228562244698
-0.666666666667 3.56047167407 0.187645815209
-0.666666666667 3.76991118431 0.307475780507
-0.666666666667 3.97935069455 0.362956089177
-0.666666666667 4.18879020479 0.755591519235
-0.666666666667 4.39822971503 1.46635735395
-0.666666666667 4.60766922527 1.89909203261
-0.666666666667 4.8171087355 1.907084867
-0.666666666667 5.02654824574 3.28160128912
-0.666666666667 5.23598775598 4.01564033545
-0.666666666667 5.44542726622 5.27231204793
-0.666666666667 5.65486677646 4.00336090987
-0.666666666667 5.8643062867 3.80759368713
-0.666666666667 6.07374579694 2.96119058316

-0.6 0 1.59415703856
-0.6 0.209439510239 2.38213066934
-0.6 0.418879020479 1.94311457746
-0.6 0.628318530718 1.17265769037
-0.6 0.837758040957 0.558371945265
-0.6 1.0471975512 0.161016578747
-0.6 1.25663706144 4.28281133121
-0.6 1.46607657168 19.2014235197
-0.6 1.67551608191 20.9105499751
-0.6 1.88495559215 1.85859731255
-0.6 2.09439510239 0.807153592119
-0.6 2.30383461263 0.762808277247
-0.6 2.51327412287 0.516608502583
-0.6 2.72271363311 0.664925788923
-0.6 2.93215314335 0.0566029320955
-0.6 3.14159265359 0.142618812671
-0.6 3.35103216383 0.0501090475942
-0.6 3.56047167407 0.278682853352
-0.6 3.76991118431 0.226511487034
-0.6 3.97935069455 0.16814991267
-0.6 4.18879020479 0.563664846695
-0.6 4.39822971503 1.50207273354
-0.6 4.60766922527 2.2329543131
-0.6 4.8171087355 2.02092923763
-0.6 5.02654824574 3.12984545043
-0.6 5.23598775598 4.45083325364
-0.6 5.44542726622 5.19993552599
-0.6 5.65486677646 3.91140796871
-0.6 5.8643062867 3.40692223481
-0.6 6.07374579694 2.76804969262

-0.533333333333 0 1.85778126722
-0.533333333333 0.209439510239 2.67431571493
-0.533333333333 0.418879020479 1.76149206253
-0.533333333333 0.628318530718 1.13853758197
-0.533333333333 0.837758040957 0.823453866144
-0.533333333333 1.0471975512 0.313930042778
-0.533333333333 1.25663706144 1.67053918251
-0.533333333333 1.46607657168 14.4149836985
-0.533333333333 1.67551608191 23.2619810343
-0.533333333333 1.88495559215 3.22984811801
-0.533333333333 2.09439510239 0.855231421864
-0.533333333333 2.30383461263 0.676842166775
-0.533333333333 2.51327412287 0.500630081007
-0.533333333333 2.72271363311 0.629661020176
-0.533333333333 2.93215314335 0.0682412960513
-0.533333333333 3.14159265359 0.0924078251509
-0.533333333333 3.35103216383 0.121222689911
-0.533333333333 3.56047167407 0.295969501103
-0.533333333333 3.76991118431 0.166436877975
-0.533333333333 3.97935069455 0.111150490825
-0.533333333333 4.18879020479 0.496695744309
-0.533333333333 4.39822971503 1.49402918928
-0.533333333333 4.60766922527 2.29640552278
-0.533333333333 4.8171087355 2.28012108809
-0.533333333333 5.02654824574 2.88394285733
-0.533333333333 5.23598775598 4.84293155016
-0.533333333333 5.44542726622 5.04558987198
-0.533333333333 5.65486677646 3.7933800059
-0.533333333333 5.8643062867 3.14379743328
-0.533333333333 6.07374579694 2.83416950977

-0.466666666667 0 2.03299325907
-0.466666666667 0.209439510239 2.56432334698
-0.466666666667 0.418879020479 1.53527475789
-0.466666666667 0.628318530718 1.0634842967
-0.466666666667 0.837758040957 0.815335505065
-0.466666666667 1.0471975512 0.638042109464
-0.466666666667 1.25663706144 0.935376225845
-0.466666666667 1.46607657168 10.4731426857
-0.466666666667 1.67551608191 23.8585085681
-0.466666666667 1.88495559215 4.81903191796
-0.466666666667 2.09439510239 0.893538599432
-0.466666666667 2.30383461263 0.593888839079
-0.466666666667 2.51327412287 0.484768839534
-0.466666666667 2.72271363311 0.599425386149
-0.466666666667 2.93215314335 0.0953000047237
-0.466666666667 3.14159265359 0.0494824957472
-0.466666666667 3.35103216383 0.189535363628
-0.466666666667 3.56047167407 0.28153883353
-0.466666666667 3.76991118431 0.156465772457
-0.466666666667 3.97935069455 0.151107373108
-0.466666666667 4.18879020479 0.541602022091
-0.466666666667 4.39822971503 1.55644359662
-0.466666666667 4.60766922527 2.23713288756
-0.466666666667 4.8171087355 2.51755592127
-0.466666666667 5.02654824574 2.67554320059
-0.466666666667 5.23598775598 5.13659281795
-0.466666666667 5.44542726622 4.86861729819
-0.466666666667 5.65486677646 3.67150421302
-0.466666666667 5.8643062867 2.98494517402
-0.466666666667 6.07374579694 2.96555190181

-0.4 0 2.06991213036
-0.4 0.209439510239 2.33766087896
-0.4 0.418879020479 1.55459971586
-0.4 0.628318530718 1.12396906447
-0.4 0.837758040957 0.709118419029
-0.4 1.0471975512 0.722549608347
-0.4 1.25663706144 0.951913663612
-0.4 1.46607657168 7.76766880485
-0.4 1.67551608191 23.3869518394
-0.4 1.88495559215 6.37579839024
-0.4 2.09439510239 0.922441261942
-0.4 2.30383461263 0.518562996809
-0.4 2.51327412287 0.472460382734
-0.4 2.72271363311 0.574026282042
-0.4 2.93215314335 0.123392404968
-0.4 3.14159265359 0.0218498521273
-0.4 3.35103216383 0.238028476816
-0.4 3.56047167407 0.257160009581
-0.4 3.76991118431 0.159373526278
-0.4 3.97935069455 0.200063305755
-0.4 4.18879020479 0.602156938303
-0.4 4.39822971503 1.63757684424
-0.4 4.60766922527 2.15546211554
-0.4 4.8171087355 2.69014293705
-0.4 5.02654824574 2.52948789455
-0.4 5.23598775598 5.3326879612
-0.4 5.44542726622 4.70007199828
-0.4 5.65486677646 3.56402528066
-0.4 5.8643062867 2.895808423
-0.4 6.07374579694 3.07333226816

-0.333333333333 0 2.01507096009
-0.333333333333 0.209439510239 2.18112105313
-0.333333333333 0.418879020479 1.76250719748
-0.333333333333 0.628318530718 1.26899924481
-0.333333333333 0.837758040957 0.648656495859
-0.333333333333 1.0471975512 0.643164613025
-0.333333333333 1.25663706144 1.12755176707
-0.333333333333 1.46607657168 6.08125551942
-0.333333333333 1.67551608191 22.4318229487
-0.333333333333 1.88495559215 7.76299768795
-0.333333333333 2.09439510239 0.939942672598
-0.333333333333 2.30383461263 0.453562609676
-0.333333333333 2.51327412287 0.465829311529
-0.333333333333 2.72271363311 0.552786341097
-0.333333333333 2.93215314335 0.147224725802
-0.333333333333 3.14159265359 0.0079920900557
-0.333333333333 3.35103216383 0.265490992421
-0.333333333333 3.56047167407 0.230064558779
-0.333333333333 3.76991118431 0.155200309789
-0.333333333333 3.97935069455 0.228893995782
-0.333333333333 4.18879020479 0.64234169302
-0.333333333333 4.39822971503 1.69743974565
-0.333333333333 4.60766922527 2.07843327394
-0.333333333333 4.8171087355 2.8062037849
-0.333333333333 5.02654824574 2.43287425545
-0.333333333333 5.23598775598 5.45155036159
-0.333333333333 5.44542726622 4.5544855567
-0.333333333333 5.65486677646 3.47955680118
-0.333333333333 5.8643062867 2.84701432486
-0.333333333333 6.07374579694 3.13544436145

-0.266666666667 0 1.92418923415
-0.266666666667 0.209439510239 2.13298505449
-0.266666666667 0.418879020479 2.00264329169
-0.266666666667 0.628318530718 1.39452816851
-0.266666666667 0.837758040957 0.650746809188
-0.266666666667 1.0471975512 0.526971398674
-0.266666666667 1.25663706144 1.26102173241
-0.266666666667 1.46607657168 5.07762433547
-0.266666666667 1.67551608191 21.3704391594
-0.266666666667 1.88495559215 8.92771828312
-0.266666666667 2.09439510239 0.943538981101
-0.266666666667 2.30383461263 0.400186174845
-0.266666666667 2.51327412287 0.466107736563
-0.266666666667 2.72271363311 0.535324622798
-0.266666666667 2.93215314335 0.165624910271
-0.266666666667 3.14159265359 0.00334905682639
-0.266666666667 3.35103216383 0.277004124054
-0.266666666667 3.56047167407 0.20407169636
-0.266666666667 3.76991118431 0.144735538363
-0.266666666667 3.97935069455 0.242477246174
-0.266666666667 4.18879020479 0.664425754931
-0.266666666667 4.39822971503 1.73511517176
-0.266666666667 4.60766922527 2.00963791761
-0.266666666667 4.8171087355 2.88114643054
-0.266666666667 5.02654824574 2.36816511349
-0.266666666667 5.23598775598 5.51545606175
-0.266666666667 5.44542726622 4.43748229914
-0.266666666667 5.65486677646 3.42009052453
-0.266666666667 5.8643062867 2.8175957342
-0.266666666667 6.07374579694 3.16036667809

-0.2 0 1.83460970537
-0.2 0.209439510239 2.16039839704
-0.2 0.418879020479 2.17990853611
-0.2 0.628318530718 1.4527280776
-0.2 0.837758040957 0.681453217041
-0.2 1.0471975512 0.43723132083
-0.2 1.25663706144 1.32741276383
-0.2 1.46607657168 4.48418983351
-0.2 1.67551608191 20.405232348
-0.2 1.88495559215 9.86570466364
-0.2 2.09439510239 0.931259499544
-0.2 2.30383461263 0.358826735469
-0.2 2.51327412287 0.474004798609
-0.2 2.72271363311 0.521581138268
-0.2 2.93215314335 0.178971838786
-0.2 3.14159265359 0.00347736475235
-0.2 3.35103216383 0.278968728826
-0.2 3.56047167407 0.181921973044
-0.2 3.76991118431 0.134064103245
-0.2 3.97935069455 0.249517551304
-0.2 4.18879020479 0.676112891057
-0.2 4.39822971503 1.76136648037
-0.2 4.60766922527 1.94977002965
-0.2 4.8171087355 2.92678520554
-0.2 5.02654824574 2.32249095157
-0.2 5.23598775598 5.54252899476
-0.2 5.44542726622 4.3501971196
-0.2 5.65486677646 3.38455206304
-0.2 5.8643062867 2.79446832974
-0.2 6.07374579694 3.16519119044

-0.133333333333 0 1.76451973764
-0.133333333333 0.209439510239 2.22205930749
-0.133333333333 0.418879020479 2.27504151246
-0.133333333333 0.628318530718 1.45102339527
-0.133333333333 0.837758040957 0.709441843864
-0.133333333333 1.0471975512 0.38592085822
-0.133333333333 1.25663706144 1.35372573142
-0.133333333333 1.46607657168 4.12130896946
-0.133333333333 1.67551608191 19.6267098239
-0.133333333333 1.88495559215 10.5945116867
-0.133333333333 2.09439510239 0.902092023304
-0.133333333333 2.30383461263 0.32935619313
-0.133333333333 2.51327412287 0.48998058537
-0.133333333333 2.72271363311 0.511633531867
-0.133333333333 2.93215314335 0.187969847904
-0.133333333333 3.14159265359 0.00513106641312
-0.133333333333 3.35103216383 0.27689747196
-0.133333333333 3.56047167407 0.164882671413
-0.133333333333 3.76991118431 0.126592828901
-0.133333333333 3.97935069455 0.253428739607
-0.133333333333 4.18879020479 0.682848964346
-0.133333333333 4.39822971503 1.78401824043
-0.133333333333 4.60766922527 1.8981915663
-0.133333333333 4.8171087355 2.95176585489
-0.133333333333 5.02654824574 2.28790394048
-0.133333333333 5.23598775598 5.54571848857
-0.133333333333 5.44542726622 4.29169697691
-0.133333333333 5.65486677646 3.3711748062
-0.133333333333 5.8643062867 2.77039887975
-0.133333333333 6.07374579694 3.16556096149

-0.0666666666667 0 1.71969131271
-0.0666666666667 0.209439510239 2.29222694865
-0.0666666666667 0.418879020479 2.308320371
-0.0666666666667 0.628318530718 1.41667360672
-0.0666666666667 0.837758040957 0.718641886189
-0.0666666666667 1.0471975512 0.364789457677
-0.0666666666667 1.25663706144 1.36936756322
-0.0666666666667 1.46607657168 3.88247723191
-0.0666666666667 1.67551608191 19.0646201206
-0.0666666666667 1.88495559215 11.1371915883
-0.0666666666667 2.09439510239 0.856094222761
-0.0666666666667 2.30383461263 0.311391212935
-0.0666666666667 2.51327412287 0.514422984013
-0.0666666666667 2.72271363311 0.505493677877
-0.0666666666667 2.93215314335 0.193090400542
-0.0666666666667 3.14159265359 0.00638773698983
-0.0666666666667 3.35103216383 0.274746798959
-0.0666666666667 3.56047167407 0.153030758464
-0.0666666666667 3.76991118431 0.122261932121
-0.0666666666667 3.97935069455 0.254068025817
-0.0666666666667 4.18879020479 0.690357381649
-0.0666666666667 4.39822971503 1.80675551027
-0.0666666666667 4.60766922527 1.8522358487
-0.0666666666667 4.8171087355 2.96277975037
-0.0666666666667 5.02654824574 2.25965368742
-0.0666666666667 5.23598775598 5.5335783054
-0.0666666666667 5.44542726622 4.2602394928
-0.0666666666667 5.65486677646 3.37880621138
-0.0666666666667 5.8643062867 2.74198647849
-0.0666666666667 6.07374579694 3.17235741218

6.12323399574e-17 0 1.69977285336
6.12323399574e-17 0.209439510239 2.36262248093
6.12323399574e-17 0.418879020479 2.30964104537
6.12323399574e-17 0.628318530718 1.37314813212
6.12323399574e-17 0.837758040957 0.704912893571
6.12323399574e-17 1.0471975512 0.36581822407
6.12323399574e-17 1.25663706144 1.39198617562
6.12323399574e-17 1.46607657168 3.71029432666
6.12323399574e-17 1.67551608191 18.7187274864
6.12323399574e-17 1.88495559215 11.5141083742
6.12323399574e-17 2.09439510239 0.794407076961
6.12323399574e-17 2.30383461263 0.304456993913
6.12323399574e-17 2.51327412287 0.547739097038
6.12323399574e-17 2.72271363311 0.502914447756
6.12323399574e-17 2.93215314335 0.194332067195
6.12323399574e-17 3.14159265359 0.00649887859643
6.12323399574e-17 3.35103216383 0.274913892948
6.12323399574e-17 3.56047167407 0.146322341818
6.12323399574e-17 3.76991118431 0.119461330839
6.12323399574e-17 3.97935069455 0.251545153764
6.12323399574e-17 4.18879020479 0.70652460198
6.12323399574e-17 4.39822971503 1.83035107784
6.12323399574e-17 4.60766922527 1.80838449369
6.12323399574e-17 4.8171087355 2.96473471225
6.12323399574e-17 5.02654824574 2.23473940097
6.12323399574e-17 5.23598775598 5.51141634055
6.12323399574e-17 5.44542726622 4.25387146404
6.12323399574e-17 5.65486677646 3.40754708159
6.12323399574e-17 5.8643062867 2.70825113175
6.12323399574e-17 6.07374579694 3.1913154353

0.0666666666667 0 1.70206457862
0.0666666666667 0.209439510239 2.43725786462
0.0666666666667 0.418879020479 2.30689973328
0.0666666666667 0.628318530718 1.33559589358
0.0666666666667 0.837758040957 0.67349134652
0.0666666666667 1.0471975512 0.391633799067
0.0666666666667 1.25663706144 1.42380585294
0.0666666666667 1.46607657168 3.58204398676
0.0666666666667 1.67551608191 18.5720909715
0.0666666666667 1.88495559215 11.7402015938
0.0666666666667 2.09439510239 0.719279613398
0.0666666666667 2.30383461263 0.308073418237
0.0666666666667 2.51327412287 0.590369642828
0.0666666666667 2.72271363311 0.503184302836
0.0666666666667 2.93215314335 0.191157119623
0.0666666666667 3.14159265359 0.00582280714427
0.0666666666667 3.35103216383 0.278259251858
0.0666666666667 3.56047167407 0.145862382207
0.0666666666667 3.76991118431 0.117404303342
0.0666666666667 3.97935069455 0.249221994636
0.0666666666667 4.18879020479 0.740939098283
0.0666666666667 4.39822971503 1.85236741667
0.0666666666667 4.60766922527 1.76439230935
0.0666666666667 4.8171087355 2.96039721576
0.0666666666667 5.02654824574 2.21106039326
0.0666666666667 5.23598775598 5.48229262895
0.0666666666667 5.44542726622 4.27065472919
0.0666666666667 5.65486677646 3.45903067203
0.0666666666667 5.8643062867 2.66994231433
0.0666666666667 6.07374579694 3.22348134657

0.133333333333 0 1.72302406936
0.133333333333 0.209439510239 2.52634131223
0.133333333333 0.418879020479 2.32706708324
0.133333333333 0.628318530718 1.31832283361
0.133333333333 0.837758040957 0.642509862258
0.133333333333 1.0471975512 0.459655845623
0.133333333333 1.25663706144 1.44758984109
0.133333333333 1.46607657168 3.50733731214
0.133333333333 1.67551608191 18.5910173964
0.133333333333 1.88495559215 11.8258968698
0.133333333333 2.09439510239 0.634134894227
0.133333333333 2.30383461263 0.32178712008
0.133333333333 2.51327412287 0.642727216486
0.133333333333 2.72271363311 0.504884346753
0.133333333333 2.93215314335 0.182602353545
0.133333333333 3.14159265359 0.00599376546356
0.133333333333 3.35103216383 0.283725830783
0.133333333333 3.56047167407 0.154899288841
0.133333333333 3.76991118431 0.118356015038
0.133333333333 3.97935069455 0.255353648951
0.133333333333 4.18879020479 0.802750284424
0.133333333333 4.39822971503 1.86591484791
0.133333333333 4.60766922527 1.72129409311
0.133333333333 4.8171087355 2.95005647274
0.133333333333 5.02654824574 2.18695606948
0.133333333333 5.23598775598 5.44771465808
0.133333333333 5.44542726622 4.30867216187
0.133333333333 5.65486677646 3.53651303969
0.133333333333 5.8643062867 2.62951031946
0.133333333333 6.07374579694 3.26567882008

0.2 0 1.75834519569
0.2 0.209439510239 2.63962591401
0.2 0.418879020479 2.40182479579
0.2 0.628318530718 1.34729796287
0.2 0.837758040957 0.650930785201
0.2 1.0471975512 0.597842940764
0.2 1.25663706144 1.42073498657
0.2 1.46607657168 3.53643849392
0.2 1.67551608191 18.7146021407
0.2 1.88495559215 11.7807065602
0.2 2.09439510239 0.543646868957
0.2 2.30383461263 0.345173520658
0.2 2.51327412287 0.705051223643
0.2 2.72271363311 0.505607691029
0.2 2.93215314335 0.167694163033
0.2 3.14159265359 0.0102906368197
0.2 3.35103216383 0.287450874712
0.2 3.56047167407 0.178813151525
0.2 3.76991118431 0.129221654785
0.2 3.97935069455 0.282719466495
0.2 4.18879020479 0.896851242992
0.2 4.39822971503 1.85918740409
0.2 4.60766922527 1.6847732651
0.2 4.8171087355 2.93149705893
0.2 5.02654824574 2.16090260524
0.2 5.23598775598 5.40802067924
0.2 5.44542726622 4.36589403966
0.2 5.65486677646 3.64483080786
0.2 5.8643062867 2.59165729178
0.2 6.07374579694 3.31093603553

0.266666666667 0 1.802486305
0.266666666667 0.209439510239 2.77735433595
0.266666666667 0.418879020479 2.56947213602
0.266666666667 0.628318530718 1.47100466834
0.266666666667 0.837758040957 0.762131739661
0.266666666667 1.0471975512 0.822539832012
0.266666666667 1.25663706144 1.27675635861
0.266666666667 1.46607657168 3.77281050809
0.266666666667 1.67551608191 18.8372470646
0.266666666667 1.88495559215 11.6188258966
0.266666666667 2.09439510239 0.453761192607
0.266666666667 2.30383461263 0.377835909259
0.266666666667 2.51327412287 0.7771655445
0.266666666667 2.72271363311 0.501706628732
0.266666666667 2.93215314335 0.146448655398
0.266666666667 3.14159265359 0.0238194201445
0.266666666667 3.35103216383 0.282028877551
0.266666666667 3.56047167407 0.2226817802
0.266666666667 3.76991118431 0.161180269733
0.266666666667 3.97935069455 0.345059384036
0.266666666667 4.18879020479 1.01845279052
0.266666666667 4.39822971503 1.81773052216
0.266666666667 4.60766922527 1.66530964419
0.266666666667 4.8171087355 2.90047791703
0.266666666667 5.02654824574 2.13126048408
0.266666666667 5.23598775598 5.36245623131
0.266666666667 5.44542726622 4.43993214144
0.266666666667 5.65486677646 3.79019091957
0.266666666667 5.8643062867 2.56437841845
0.266666666667 6.07374579694 3.34944319172

0.333333333333 0 1.84849238513
0.333333333333 0.209439510239 2.91810202382
0.333333333333 0.418879020479 2.86250560934
0.333333333333 0.628318530718 1.75650489969
0.333333333333 0.837758040957 1.04416791253
0.333333333333 1.0471975512 1.09045620443
0.333333333333 1.25663706144 0.960597225056
0.333333333333 1.46607657168 4.37020487651
0.333333333333 1.67551608191 18.7932529418
0.333333333333 1.88495559215 11.3651211725
0.333333333333 2.09439510239 0.371585559781
0.333333333333 2.30383461263 0.419435933935
0.333333333333 2.51327412287 0.858123410038
0.333333333333 2.72271363311 0.488262750807
0.333333333333 2.93215314335 0.121892729912
0.333333333333 3.14159265359 0.0524039453604
0.333333333333 3.35103216383 0.258161595129
0.333333333333 3.56047167407 0.285078415135
0.333333333333 3.76991118431 0.225462451099
0.333333333333 3.97935069455 0.449833378854
0.333333333333 4.18879020479 1.14826172557
0.333333333333 4.39822971503 1.73111463981
0.333333333333 4.60766922527 1.67607899005
0.333333333333 4.8171087355 2.85190596106
0.333333333333 5.02654824574 2.09613626372
0.333333333333 5.23598775598 5.30892561744
0.333333333333 5.44542726622 4.52768147667
0.333333333333 5.65486677646 3.9796664769
0.333333333333 5.8643062867 2.56032697064
0.333333333333 6.07374579694 3.37124244365

0.4 0 1.88899995186
0.4 0.209439510239 3.00847967467
0.4 0.418879020479 3.27017323111
0.4 0.628318530718 2.24772585912
0.4 0.837758040957 1.5038584153
0.4 1.0471975512 1.24973546582
0.4 1.25663706144 0.538179636785
0.4 1.46607657168 5.47188123397
0.4 1.67551608191 18.3669696602
0.4 1.88495559215 11.0570400228
0.4 2.09439510239 0.305154199097
0.4 2.30383461263 0.46979744539
0.4 2.51327412287 0.945736772851
0.4 2.72271363311 0.459726478769
0.4 2.93215314335 0.103531880993
0.4 3.14159265359 0.0980696512312
0.4 3.35103216383 0.212686149521
0.4 3.56047167407 0.350609888065
0.4 3.76991118431 0.324958600365
0.4 3.97935069455 0.590059982753
0.4 4.18879020479 1.25403465771
0.4 4.39822971503 1.60331573111
0.4 4.60766922527 1.72773394918
0.4 4.8171087355 2.78159812894
0.4 5.02654824574 2.05365725333
0.4 5.23598775598 5.24335555548
0.4 5.44542726622 4.62481775458
0.4 5.65486677646 4.22016636454
0.4 5.8643062867 2.59812668627
0.4 6.07374579694 3.37251141546

0.466666666667 0 1.91967400812
0.466666666667 0.209439510239 2.96988331919
0.466666666667 0.418879020479 3.68316089496
0.466666666667 0.628318530718 2.87387096815
0.466666666667 0.837758040957 1.99045910537
0.466666666667 1.0471975512 1.09843942785
0.466666666667 1.25663706144 0.381990128777
0.466666666667 1.46607657168 7.03989977177
0.466666666667 1.67551608191 17.3726316699
0.466666666667 1.88495559215 10.7322220971
0.466666666667 2.09439510239 0.263354643848
0.466666666667 2.30383461263 0.529120461489
0.466666666667 2.51327412287 1.03601796787
0.466666666667 2.72271363311 0.412139899471
0.466666666667 2.93215314335 0.11192849713
0.466666666667 3.14159265359 0.1493799739
0.466666666667 3.35103216383 0.16445858692
0.466666666667 3.56047167407 0.393232840205
0.466666666667 3.76991118431 0.447218303081
0.466666666667 3.97935069455 0.742867572579
0.466666666667 4.18879020479 1.30461701745
0.466666666667 4.39822971503 1.46018945335
0.466666666667 4.60766922527 1.82146048499
0.466666666667 4.8171087355 2.68752250685
0.466666666667 5.02654824574 2.0032467153
0.466666666667 5.23598775598 5.15857478766
0.466666666667 5.44542726622 4.72509336215
0.466666666667 5.65486677646 4.51651116307
0.466666666667 5.8643062867 2.70280838393
0.466666666667 6.07374579694 3.36748323404

0.533333333333 0 1.94838555957
0.533333333333 0.209439510239 2.74359865101
0.533333333333 0.418879020479 3.88344810733
0.533333333333 0.628318530718 3.3800180319
0.533333333333 0.837758040957 2.217322118
0.533333333333 1.0471975512 0.722445702455
0.533333333333 1.25663706144 1.26156139575
0.533333333333 1.46607657168 8.60246963877
0.533333333333 1.67551608191 15.8442831766
0.533333333333 1.88495559215 10.3838927318
0.533333333333 2.09439510239 0.257035740495
0.533333333333 2.30383461263 0.598276199874
0.533333333333 2.51327412287 1.1225941597
0.533333333333 2.72271363311 0.348675342518
0.533333333333 2.93215314335 0.180905992473
0.533333333333 3.14159265359 0.172561577208
0.533333333333 3.35103216383 0.162450198338
0.533333333333 3.56047167407 0.404939634034
0.533333333333 3.76991118431 0.570778138921
0.533333333333 3.97935069455 0.88099554381
0.533333333333 4.18879020479 1.29028639829
0.533333333333 4.39822971503 1.34194316555
0.533333333333 4.60766922527 1.94681504148
0.533333333333 4.8171087355 2.56751327248
0.533333333333 5.02654824574 1.94873445582
0.533333333333 5.23598775598 5.04263666169
0.533333333333 5.44542726622 4.81932607465
0.533333333333 5.65486677646 4.86806477858
0.533333333333 5.8643062867 2.90381685385
0.533333333333 6.07374579694 3.40616155706

0.6 0 2.02077834466
0.6 0.209439510239 2.37317306106
0.6 0.418879020479 3.70358252742
0.6 0.628318530718 3.51277630799
0.6 0.837758040957 2.19032607625
0.6 1.0471975512 1.04467756868
0.6 1.25663706144 3.91027052137
0.6 1.46607657168 9.21811146912
0.6 1.67551608191 14.2509112828
0.6 1.88495559215 9.86670895934
0.6 2.09439510239 0.303721513211
0.6 2.30383461263 0.678912177129
0.6 2.51327412287 1.19601954027
0.6 2.72271363311 0.291399475648
0.6 2.93215314335 0.345411749486
0.6 3.14159265359 0.132864926087
0.6 3.35103216383 0.239806042146
0.6 3.56047167407 0.425875815627
0.6 3.76991118431 0.680332873207
0.6 3.97935069455 0.979934151658
0.6 4.18879020479 1.22000939858
0.6 4.39822971503 1.28000257853
0.6 4.60766922527 2.09360462935
0.6 4.8171087355 2.40925721108
0.6 5.02654824574 1.90378251441
0.6 5.23598775598 4.87667149977
0.6 5.44542726622 4.893901761
0.6 5.65486677646 5.26313993674
0.6 5.8643062867 3.22806535146
0.6 6.07374579694 3.59030667014

0.666666666667 0 2.28604552928
0.666666666667 0.209439510239 2.05590969576
0.666666666667 0.418879020479 3.34872380742
0.666666666667 0.628318530718 3.6058651034
0.666666666667 0.837758040957 2.93720796498
0.666666666667 1.0471975512 3.68174245621
0.666666666667 1.25663706144 7.7528386787
0.666666666667 1.46607657168 8.22687410026
0.666666666667 1.67551608191 13.3076991991
0.666666666667 1.88495559215 8.78758730189
0.666666666667 2.09439510239 0.439545150694
0.666666666667 2.30383461263 0.772452359151
0.666666666667 2.51327412287 1.24186241777
0.666666666667 2.72271363311 0.302047367562
0.666666666667 2.93215314335 0.591906849141
0.666666666667 3.14159265359 0.0936037376406
0.666666666667 3.35103216383 0.31018766347
0.666666666667 3.56047167407 0.486470516174
0.666666666667 3.76991118431 0.741609770826
0.666666666667 3.97935069455 0.98219387409
0.666666666667 4.18879020479 1.08973048009
0.666666666667 4.39822971503 1.30219206654
0.666666666667 4.60766922527 2.26771864999
0.666666666667 4.8171087355 2.17442427988
0.666666666667 5.02654824574 1.89768863502
0.666666666667 5.23598775598 4.63285407019
0.666666666667 5.44542726622 4.92845516212
0.666666666667 5.65486677646 5.67012186347
0.666666666667 5.8643062867 3.68473246484
0.666666666667 6.07374579694 4.06028556263

0.733333333333 0 3.10681246475
0.733333333333 0.209439510239 2.09232863271
0.733333333333 0.418879020479 3.33672009064
0.733333333333 0.628318530718 4.63801052458
0.733333333333 0.837758040957 5.83603694044
0.733333333333 1.0471975512 8.43153066759
0.733333333333 1.25663706144 9.82185999025
0.733333333333 1.46607657168 6.49253144692
0.733333333333 1.67551608191 12.818924971
0.733333333333 1.88495559215 6.61891998446
0.733333333333 2.09439510239 0.734733984242
0.733333333333 2.30383461263 0.875968225792
0.733333333333 2.51327412287 1.23271071822
0.733333333333 2.72271363311 0.501106321219
0.733333333333 2.93215314335 0.780724883346
0.733333333333 3.14159265359 0.311818788686
0.733333333333 3.35103216383 0.26995166827
0.733333333333 3.56047167407 0.484157374881
0.733333333333 3.76991118431 0.667718325541
0.733333333333 3.97935069455 0.819110408625
0.733333333333 4.18879020479 0.960771266045
0.733333333333 4.39822971503 1.5193567157
0.733333333333 4.60766922527 2.43795143644
0.733333333333 4.8171087355 1.8057967064
0.733333333333 5.02654824574 1.97190872357
0.733333333333 5.23598775598 4.27429472523
0.733333333333 5.44542726622 4.89204726326
0.733333333333 5.65486677646 6.0239222926
0.733333333333 5.8643062867 4.23919105178
0.733333333333 6.07374579694 4.89125791539

0.8 0 4.97560835002
0.8 0.209439510239 3.02301029758
0.8 0.418879020479 3.59336050473
0.8 0.628318530718 5.82526231436
0.8 0.837758040957 8.36560222536
0.8 1.0471975512 9.83901237603
0.8 1.25663706144 7.31393502022
0.8 1.46607657168 5.65370179045
0.8 1.67551608191 10.6148044691
0.8 1.88495559215 3.524236341
0.8 2.09439510239 1.26031330367
0.8 2.30383461263 0.97326592649
0.8 2.51327412287 1.1068831557
0.8 2.72271363311 1.00105613275
0.8 2.93215314335 0.752088406819
0.8 3.14159265359 0.869034387681
0.8 3.35103216383 0.496729816286
0.8 3.56047167407 0.498799459066
0.8 3.76991118431 0.610173330159
0.8 3.97935069455 0.799520637557
0.8 4.18879020479 1.24176434018
0.8 4.39822971503 2.05582615701
0.8 4.60766922527 2.33630368002
0.8 4.8171087355 1.33623556425
0.8 5.02654824574 2.14052109478
0.8 5.23598775598 3.76145050827
0.8 5.44542726622 4.73624103142
0.8 5.65486677646 6.20577161199
0.8 5.8643062867 4.77855393046
0.8 6.07374579694 5.83014307768

0.866666666667 0 7.26255923687
0.866666666667 0.209439510239 5.96134521415
0.866666666667 0.418879020479 4.64877506274
0.866666666667 0.628318530718 4.87904561917
0.866666666667 0.837758040957 5.5593553901
0.866666666667 1.0471975512 5.07901566982
0.866666666667 1.25663706144 3.98821309944
0.866666666667 1.46607657168 5.46105531152
0.866666666667 1.67551608191 5.55747384852
0.866666666667 1.88495559215 1.31866717904
0.866666666667 2.09439510239 1.86248158536
0.866666666667 2.30383461263 1.02968293792
0.866666666667 2.51327412287 0.777415031286
0.866666666667 2.72271363311 1.53892977712
0.866666666667 2.93215314335 0.888270702377
0.866666666667 3.14159265359 1.06087120718
0.866666666667 3.35103216383 1.18811535149
0.866666666667 3.56047167407 1.18772355788
0.866666666667 3.76991118431 1.3152725817
0.866666666667 3.97935069455 1.62146971216
0.866666666667 4.18879020479 2.04857239118
0.866666666667 4.39822971503 2.18862633152
0.866666666667 4.60766922527 1.5494562517
0.866666666667 4.8171087355 1.12593548302
0.866666666667 5.02654824574 2.26876383823
0.866666666667 5.23598775598 3.07578756824
0.866666666667 5.44542726622 4.38029605524
0.866666666667 5.65486677646 6.0115235539
0.866666666667 5.8643062867 5.08448706528
0.866666666667 6.07374579694 6.01119139648

0.933333333333 0 5.9361866616
0.933333333333 0.209439510239 7.38484176329
0.933333333333 0.418879020479 7.67936198712
0.933333333333 0.628318530718 7.10823196364
0.933333333333 0.837758040957 6.30418588357
0.933333333333 1.0471975512 5.55677549645
0.933333333333 1.25663706144 4.7840295003
0.933333333333 1.46607657168 3.44720990991
0.933333333333 1.67551608191 1.68630077391
0.933333333333 1.88495559215 1.36851020158
0.933333333333 2.09439510239 1.97582691501
0.933333333333 2.30383461263 1.03053094584
0.933333333333 2.51327412287 0.374053872956
0.933333333333 2.72271363311 1.12287261695
0.933333333333 2.93215314335 1.4492421423
0.933333333333 3.14159265359 1.23073200139
0.933333333333 3.35103216383 1.14297160777
0.933333333333 3.56047167407 1.23752895322
0.933333333333 3.76991118431 1.36323242562
0.933333333333 3.97935069455 1.40929869849
0.933333333333 4.18879020479 1.29961491555
0.933333333333 4.39822971503 1.088741897
0.933333333333 4.60766922527 1.08527734783
0.933333333333 4.8171087355 1.50027082673
0.933333333333 5.02654824574 1.9028283409
0.933333333333 5.23598775598 2.28504565738
0.933333333333 5.44542726622 3.66664437442
0.933333333333 5.65486677646 5.08018722092
0.933333333333 5.8643062867 4.82057104804
0.933333333333 6.07374579694 4.59834806662

