-1 0 0.891838100414
-1 0.209439510239 0.891838100414
-1 0.418879020479 0.891838100415
-1 0.628318530718 0.891838100414
-1 0.837758040957 0.891838100413
-1 1.0471975512 0.891838100413
-1 1.25663706144 0.891838100413
-1 1.46607657168 0.891838100413
-1 1.67551608191 0.891838100414
-1 1.88495559215 0.891838100415
-1 2.09439510239 0.891838100414
-1 2.30383461263 0.891838100413
-1 2.51327412287 0.891838100413
-1 2.72271363311 0.891838100413
-1 2.93215314335 0.891838100413
-1 3.14159265359 0.891838100414
-1 3.35103216383 0.891838100414
-1 3.56047167407 0.891838100415
-1 3.76991118431 0.891838100414
-1 3.97935069455 0.891838100413
-1 4.18879020479 0.891838100413
-1 4.39822971503 0.891838100413
-1 4.60766922527 0.891838100413
-1 4.8171087355 0.891838100414
-1 5.02654824574 0.891838100415
-1 5.23598775598 0.891838100414
-1 5.44542726622 0.891838100413
-1 5.65486677646 0.891838100413
-1 5.8643062867 0.891838100413
-1 6.07374579694 0.891838100413

-0.933333333333 0 0.455915013282
-0.933333333333 0.209439510239 0.343577616234
-0.933333333333 0.418879020479 0.330011522449
-0.933333333333 0.628318530718 0.346982159353
-0.933333333333 0.837758040957 0.418945304413
-0.933333333333 1.0471975512 0.584922805032
-0.933333333333 1.25663706144 0.857502836599
-0.933333333333 1.46607657168 1.16992004473
-0.933333333333 1.67551608191 1.30286030872
-0.933333333333 1.88495559215 1.06768739796
-0.933333333333 2.09439510239 0.769754010868
-0.933333333333 2.30383461263 0.754088714095
-0.933333333333 2.51327412287 0.627298689182
-0.933333333333 2.72271363311 0.319532946512
-0.933333333333 2.93215314335 0.3263047629
-0.933333333333 3.14159265359 0.555202703765
-0.933333333333 3.35103216383 0.670991878134
-0.933333333333 3.56047167407 0.671834709396
-0.933333333333 3.76991118431 0.664712146266
-0.933333333333 3.97935069455 0.67242532932
-0.933333333333 4.18879020479 0.663772512676
-0.933333333333 4.39822971503 0.612003470999
-0.933333333333 4.60766922527 0.527526257346
-0.933333333333 4.8171087355 0.484125254749
-0.933333333333 5.02654824574 0.610517270382
-0.933333333333 5.23598775598 0.830100479345
-0.933333333333 5.44542726622 0.849052145914
-0.933333333333 5.65486677646 0.818589331584
-0.933333333333 5.8643062867 0.878194834864
-0.933333333333 6.07374579694 0.719877172219

-0.866666666667 0 0.131640978158
-0.866666666667 0.209439510239 0.10456162862
-0.866666666667 0.418879020479 0.105169400264
-0.866666666667 0.628318530718 0.163428638925
-0.866666666667 0.837758040957 0.142671031897
-0.866666666667 1.0471975512 0.0592013987424
-0.866666666667 1.25663706144 0.0883069795716
-0.866666666667 1.46607657168 0.4481866761
-0.866666666667 1.67551608191 1.27084723334
-0.866666666667 1.88495559215 1.77528309276
-0.866666666667 2.09439510239 1.02038192047
-0.866666666667 2.30383461263 0.573219754033
-0.866666666667 2.51327412287 0.484441921228
-0.866666666667 2.72271363311 0.179432776039
-0.866666666667 2.93215314335 0.427550345805
-0.866666666667 3.14159265359 0.559538020496
-0.866666666667 3.35103216383 0.495300584118
-0.866666666667 3.56047167407 0.510422581364
-0.866666666667 3.76991118431 0.594339183361
-0.866666666667 3.97935069455 0.720903177527
-0.866666666667 4.18879020479 0.869973174634
-0.866666666667 4.39822971503 0.901571753284
-0.866666666667 4.60766922527 0.673179752149
-0.866666666667 4.8171087355 0.364837800784
-0.866666666667 5.02654824574 0.455553391957
-0.866666666667 5.23598775598 1.03358687531
-0.866666666667 5.44542726622 0.894261679119
-0.866666666667 5.65486677646 0.591718232482
-0.866666666667 5.8643062867 0.695028032886
-0.866666666667 6.07374579694 0.309438234906

-0.8 0 0.140831501284
-0.8 0.209439510239 0.511766185525
-0.8 0.418879020479 1.04669566077
-0.8 0.628318530718 1.28837719801
-0.8 0.837758040957 1.10628783282
-0.8 1.0471975512 0.678618121332
-0.8 1.25663706144 0.266721044154
-0.8 1.46607657168 0.0937453571455
-0.8 1.67551608191 0.57688932328
-0.8 1.88495559215 1.90033438252
-0.8 2.09439510239 1.47384417454
-0.8 2.30383461263 0.446664154635
-0.8 2.51327412287 0.385235564016
-0.8 2.72271363311 0.132299785418
-0.8 2.93215314335 0.45686077855
-0.8 3.14159265359 0.416736492027
-0.8 3.35103216383 0.338015585578
-0.8 3.56047167407 0.333002233318
-0.8 3.76991118431 0.31634613258
-0.8 3.97935069455 0.332042202323
-0.8 4.18879020479 0.522835658143
-0.8 4.39822971503 0.912216740426
-0.8 4.60766922527 0.998934820973
-0.8 4.8171087355 0.541121872957
-0.8 5.02654824574 0.312280396468
-0.8 5.23598775598 1.05256189283
-0.8 5.44542726622 0.878602119468
-0.8 5.65486677646 0.474589889229
-0.8 5.8643062867 0.511608681444
-0.8 6.07374579694 0.087938782085

-0.733333333333 0 0.499172491209
-0.733333333333 0.209439510239 1.38485151328
-0.733333333333 0.418879020479 1.77677234711
-0.733333333333 0.628318530718 1.77732025521
-0.733333333333 0.837758040957 1.52015767461
-0.733333333333 1.0471975512 1.04642033711
-0.733333333333 1.25663706144 0.537800579623
-0.733333333333 1.46607657168 0.220581863166
-0.733333333333 1.67551608191 0.200745994086
-0.733333333333 1.88495559215 1.58065844831
-0.733333333333 2.09439510239 1.88028304303
-0.733333333333 2.30383461263 0.367649623302
-0.733333333333 2.51327412287 0.320926946291
-0.733333333333 2.72271363311 0.12622943246
-0.733333333333 2.93215314335 0.424504438656
-0.733333333333 3.14159265359 0.288713814514
-0.733333333333 3.35103216383 0.271563314586
-0.733333333333 3.56047167407 0.28548697238
-0.733333333333 3.76991118431 0.231436649122
-0.733333333333 3.97935069455 0.140539884829
-0.733333333333 4.18879020479 0.121676707694
-0.733333333333 4.39822971503 0.501957137096
-0.733333333333 4.60766922527 1.0412937196
-0.733333333333 4.8171087355 0.801438375212
-0.733333333333 5.02654824574 0.290498553535
-0.733333333333 5.23598775598 0.9729244603
-0.733333333333 5.44542726622 0.846700252525
-0.733333333333 5.65486677646 0.426433802224
-0.733333333333 5.8643062867 0.358487413731
-0.733333333333 6.07374579694 0.0308071445664

-0.666666666667 0 1.17644392103
-0.666666666667 0.209439510239 1.80219501226
-0.666666666667 0.418879020479 1.66069073998
-0.666666666667 0.628318530718 1.75866170767
-0.666666666667 0.837758040957 1.67708441532
-0.666666666667 1.0471975512 1.24283479403
-0.666666666667 1.25663706144 0.63565132019
-0.666666666667 1.46607657168 0.302916227523
-0.666666666667 1.67551608191 0.161929672027
-0.666666666667 1.88495559215 1.16880842297
-0.666666666667 2.09439510239 2.15789865417
-0.666666666667 2.30383461263 0.32286148686
-0.666666666667 2.51327412287 0.283219250283
-0.666666666667 2.72271363311 0.134715689416
-0.666666666667 2.93215314335 0.35743944302
-0.666666666667 3.14159265359 0.232825156871
-0.666666666667 3.35103216383 0.323403983293
-0.666666666667 3.56047167407 0.337826029569
-0.666666666667 3.76991118431 0.278503890212
-0.666666666667 3.97935069455 0.230594442022
-0.666666666667 4.18879020479 0.123744236588
-0.666666666667 4.39822971503 0.187752465485
-0.666666666667 4.60766922527 0.86345325381
-0.666666666667 4.8171087355 0.96548513364
-0.666666666667 5.02654824574 0.34938906989
-0.666666666667 5.23598775598 0.870640656277
-0.666666666667 5.44542726622 0.830247563625
-0.666666666667 5.65486677646 0.374305027583
-0.666666666667 5.8643062867 0.306036241404
-0.666666666667 6.07374579694 0.133962743872

-0.6 0 1.76200346643
-0.6 0.209439510239 1.55709024358
-0.6 0.418879020479 1.40083727211
-0.6 0.628318530718 1.85449318883
-0.6 0.837758040957 1.96575748394
-0.6 1.0471975512 1.60785341302
-0.6 1.25663706144 0.819282440702
-0.6 1.46607657168 0.29229678148
-0.6 1.67551608191 0.227491362226
-0.6 1.88495559215 0.843623946916
-0.6 2.09439510239 2.31022392597
-0.6 2.30383461263 0.301097735401
-0.6 2.51327412287 0.264482280951
-0.6 2.72271363311 0.143955319115
-0.6 2.93215314335 0.282975649001
-0.6 3.14159265359 0.258151198377
-0.6 3.35103216383 0.396103775819
-0.6 3.56047167407 0.34208850672
-0.6 3.76991118431 0.284581279812
-0.6 3.97935069455 0.344947188449
-0.6 4.18879020479 0.360255800102
-0.6 4.39822971503 0.170078424709
-0.6 4.60766922527 0.668222587583
-0.6 4.8171087355 1.01721822079
-0.6 5.02654824574 0.435147301784
-0.6 5.23598775598 0.778265945322
-0.6 5.44542726622 0.83107845682
-0.6 5.65486677646 0.307732983416
-0.6 5.8643062867 0.360502571273
-0.6 6.07374579694 0.371533301347

-0.533333333333 0 1.98265838324
-0.533333333333 0.209439510239 1.06912925373
-0.533333333333 0.418879020479 1.28948463135
-0.533333333333 0.628318530718 1.8594086622
-0.533333333333 0.837758040957 2.10657860489
-0.533333333333 1.0471975512 2.00024611614
-0.533333333333 1.25663706144 1.15210949514
-0.533333333333 1.46607657168 0.304336910486
-0.533333333333 1.67551608191 0.269755042257
-0.533333333333 1.88495559215 0.640514192905
-0.533333333333 2.09439510239 2.36922284162
-0.533333333333 2.30383461263 0.294378803512
-0.533333333333 2.51327412287 0.258430427671
-0.533333333333 2.72271363311 0.148542319301
-0.533333333333 2.93215314335 0.221565353928
-0.533333333333 3.14159265359 0.328820376278
-0.533333333333 3.35103216383 0.422001682737
-0.533333333333 3.56047167407 0.302750019602
-0.533333333333 3.76991118431 0.260515703028
-0.533333333333 3.97935069455 0.377913941198
-0.533333333333 4.18879020479 0.560437685296
-0.533333333333 4.39822971503 0.334443093725
-0.533333333333 4.60766922527 0.552462563683
-0.533333333333 4.8171087355 1.01803173219
-0.533333333333 5.02654824574 0.512364005211
-0.533333333333 5.23598775598 0.705026946626
-0.533333333333 5.44542726622 0.842436965902
-0.533333333333 5.65486677646 0.241371119235
-0.533333333333 5.8643062867 0.477477062925
-0.533333333333 6.07374579694 0.655835615341

-0.466666666667 0 1.87912552842
-0.466666666667 0.209439510239 0.666598439707
-0.466666666667 0.418879020479 1.16203847098
-0.466666666667 0.628318530718 1.54468577329
-0.466666666667 0.837758040957 1.91227912402
-0.466666666667 1.0471975512 2.21343173842
-0.466666666667 1.25663706144 1.53178741877
-0.466666666667 1.46607657168 0.39510166863
-0.466666666667 1.67551608191 0.266826108164
-0.466666666667 1.88495559215 0.534233502114
-0.466666666667 2.09439510239 2.36874754127
-0.466666666667 2.30383461263 0.297453609791
-0.466666666667 2.51327412287 0.260284917571
-0.466666666667 2.72271363311 0.147812388694
-0.466666666667 2.93215314335 0.182126550591
-0.466666666667 3.14159265359 0.404026502149
-0.466666666667 3.35103216383 0.404867004268
-0.466666666667 3.56047167407 0.269888145988
-0.466666666667 3.76991118431 0.242539811873
-0.466666666667 3.97935069455 0.341923804315
-0.466666666667 4.18879020479 0.611775752495
-0.466666666667 4.39822971503 0.500931202412
-0.466666666667 4.60766922527 0.504627939
-0.466666666667 4.8171087355 1.01723046028
-0.466666666667 5.02654824574 0.568826455189
-0.466666666667 5.23598775598 0.650853852387
-0.466666666667 5.44542726622 0.858606846095
-0.466666666667 5.65486677646 0.18711404554
-0.466666666667 5.8643062867 0.608817163751
-0.466666666667 6.07374579694 0.906352585568

-0.4 0 1.618733245
-0.4 0.209439510239 0.418003019203
-0.4 0.418879020479 0.918404471533
-0.4 0.628318530718 1.02755861153
-0.4 0.837758040957 1.49123758313
-0.4 1.0471975512 2.20498991158
-0.4 1.25663706144 1.85787441244
-0.4 1.46607657168 0.5527634716
-0.4 1.67551608191 0.237394118369
-0.4 1.88495559215 0.488292576891
-0.4 2.09439510239 2.33536569731
-0.4 2.30383461263 0.307068521943
-0.4 2.51327412287 0.266621176569
-0.4 2.72271363311 0.14315249408
-0.4 2.93215314335 0.163992908512
-0.4 3.14159265359 0.461036587509
-0.4 3.35103216383 0.372412030399
-0.4 3.56047167407 0.260937162758
-0.4 3.76991118431 0.236377871764
-0.4 3.97935069455 0.284494303883
-0.4 4.18879020479 0.556651708297
-0.4 4.39822971503 0.584672965963
-0.4 4.60766922527 0.483393108446
-0.4 4.8171087355 1.02939959668
-0.4 5.02654824574 0.606782273728
-0.4 5.23598775598 0.612485223858
-0.4 5.44542726622 0.876429712398
-0.4 5.65486677646 0.149118235043
-0.4 5.8643062867 0.723661527558
-0.4 6.07374579694 1.08660369237

-0.333333333333 0 1.33864533888
-0.333333333333 0.209439510239 0.276472801615
-0.333333333333 0.418879020479 0.624540644036
-0.333333333333 0.628318530718 0.54594994782
-0.333333333333 0.837758040957 1.03964012123
-0.333333333333 1.0471975512 2.04512272288
-0.333333333333 1.25663706144 2.08879275855
-0.333333333333 1.46607657168 0.741829511918
-0.333333333333 1.67551608191 0.202507346983
-0.333333333333 1.88495559215 0.473604644673
-0.333333333333 2.09439510239 2.28707173763
-0.333333333333 2.30383461263 0.321343871805
-0.333333333333 2.51327412287 0.275093392054
-0.333333333333 2.72271363311 0.13642930375
-0.333333333333 2.93215314335 0.161498886984
-0.333333333333 3.14159265359 0.494997029657
-0.333333333333 3.35103216383 0.343731120947
-0.333333333333 3.56047167407 0.268501420834
-0.333333333333 3.76991118431 0.235492925482
-0.333333333333 3.97935069455 0.242683868968
-0.333333333333 4.18879020479 0.482292650954
-0.333333333333 4.39822971503 0.595838972661
-0.333333333333 4.60766922527 0.463202068615
-0.333333333333 4.8171087355 1.04947601541
-0.333333333333 5.02654824574 0.633059845682
-0.333333333333 5.23598775598 0.585957257205
-0.333333333333 5.44542726622 0.894662172384
-0.333333333333 5.65486677646 0.126240649574
-0.333333333333 5.8643062867 0.808999458712
-0.333333333333 6.07374579694 1.19581719642

-0.266666666667 0 1.10767062452
-0.266666666667 0.209439510239 0.191660840251
-0.266666666667 0.418879020479 0.379327112143
-0.266666666667 0.628318530718 0.241054899854
-0.266666666667 0.837758040957 0.685338700774
-0.266666666667 1.0471975512 1.82313794598
-0.266666666667 1.25663706144 2.22845649469
-0.266666666667 1.46607657168 0.930693107379
-0.266666666667 1.67551608191 0.174237509132
-0.266666666667 1.88495559215 0.471610728504
-0.266666666667 2.09439510239 2.23481540614
-0.266666666667 2.30383461263 0.339317267963
-0.266666666667 2.51327412287 0.284144003545
-0.266666666667 2.72271363311 0.129267010968
-0.266666666667 2.93215314335 0.167806375018
-0.266666666667 3.14159265359 0.510548948756
-0.266666666667 3.35103216383 0.325025917235
-0.266666666667 3.56047167407 0.282123330966
-0.266666666667 3.76991118431 0.235677218392
-0.266666666667 3.97935069455 0.230220375893
-0.266666666667 4.18879020479 0.442190397711
-0.266666666667 4.39822971503 0.575809158828
-0.266666666667 4.60766922527 0.437997793561
-0.266666666667 4.8171087355 1.06912411637
-0.266666666667 5.02654824574 0.653477542432
-0.266666666667 5.23598775598 0.567616407722
-0.266666666667 5.44542726622 0.913172186051
-0.266666666667 5.65486677646 0.114919541945
-0.266666666667 5.8643062867 0.863556423131
-0.266666666667 6.07374579694 1.24963242047

-0.2 0 0.944844853704
-0.2 0.209439510239 0.136883654769
-0.2 0.418879020479 0.227902201865
-0.2 0.628318530718 0.124878642615
-0.2 0.837758040957 0.465405534826
-0.2 1.0471975512 1.60325049856
-0.2 1.25663706144 2.30101194248
-0.2 1.46607657168 1.09910453378
-0.2 1.67551608191 0.15633913905
-0.2 1.88495559215 0.472024746044
-0.2 2.09439510239 2.18456991799
-0.2 2.30383461263 0.36063189367
-0.2 2.51327412287 0.292745125185
-0.2 2.72271363311 0.122825465956
-0.2 2.93215314335 0.176980155738
-0.2 3.14159265359 0.514872087409
-0.2 3.35103216383 0.315595300606
-0.2 3.56047167407 0.296776486952
-0.2 3.76991118431 0.237119456514
-0.2 3.97935069455 0.244133429111
-0.2 4.18879020479 0.444378139554
-0.2 4.39822971503 0.554799437339
-0.2 4.60766922527 0.410788498347
-0.2 4.8171087355 1.08382953457
-0.2 5.02654824574 0.671145389945
-0.2 5.23598775598 0.554472898007
-0.2 5.44542726622 0.932373171291
-0.2 5.65486677646 0.111033518413
-0.2 5.8643062867 0.891799128987
-0.2 6.07374579694 1.26659642913

-0.133333333333 0 0.845123263446
-0.133333333333 0.209439510239 0.101517086695
-0.133333333333 0.418879020479 0.161625666438
-0.133333333333 0.628318530718 0.140266374762
-0.133333333333 0.837758040957 0.362061041638
-0.133333333333 1.0471975512 1.41966086272
-0.133333333333 1.25663706144 2.33422892007
-0.133333333333 1.46607657168 1.23615039029
-0.133333333333 1.67551608191 0.147764490146
-0.133333333333 1.88495559215 0.469790613359
-0.133333333333 2.09439510239 2.13909388222
-0.133333333333 2.30383461263 0.385332397146
-0.133333333333 2.51327412287 0.300187461982
-0.133333333333 2.72271363311 0.117811054211
-0.133333333333 2.93215314335 0.18465328589
-0.133333333333 3.14159265359 0.514285001211
-0.133333333333 3.35103216383 0.312930931899
-0.133333333333 3.56047167407 0.312285570847
-0.133333333333 3.76991118431 0.242589722251
-0.133333333333 3.97935069455 0.275744746545
-0.133333333333 4.18879020479 0.473524804812
-0.133333333333 4.39822971503 0.543845106268
-0.133333333333 4.60766922527 0.385603217997
-0.133333333333 4.8171087355 1.0934321338
-0.133333333333 5.02654824574 0.686790984063
-0.133333333333 5.23598775598 0.544237859004
-0.133333333333 5.44542726622 0.952886161513
-0.133333333333 5.65486677646 0.110862298731
-0.133333333333 5.8643062867 0.899905863012
-0.133333333333 6.07374579694 1.26202999151

-0.0666666666667 0 0.796209257936
-0.0666666666667 0.209439510239 0.0812928661538
-0.0666666666667 0.418879020479 0.148814558296
-0.0666666666667 0.628318530718 0.21977702901
-0.0666666666667 0.837758040957 0.339469149134
-0.0666666666667 1.0471975512 1.28616052564
-0.0666666666667 1.25663706144 2.35181053576
-0.0666666666667 1.46607657168 1.33586928089
-0.0666666666667 1.67551608191 0.145685615469
-0.0666666666667 1.88495559215 0.462739730659
-0.0666666666667 2.09439510239 2.09918980549
-0.0666666666667 2.30383461263 0.41373258048
-0.0666666666667 2.51327412287 0.305916566968
-0.0666666666667 2.72271363311 0.114558917367
-0.0666666666667 2.93215314335 0.187939061906
-0.0666666666667 3.14159265359 0.513349691775
-0.0666666666667 3.35103216383 0.314778493304
-0.0666666666667 3.56047167407 0.330794819189
-0.0666666666667 3.76991118431 0.256053881929
-0.0666666666667 3.97935069455 0.317814119887
-0.0666666666667 4.18879020479 0.512391152237
-0.0666666666667 4.39822971503 0.542049068704
-0.0666666666667 4.60766922527 0.364649881418
-0.0666666666667 4.8171087355 1.1003203388
-0.0666666666667 5.02654824574 0.699699859078
-0.0666666666667 5.23598775598 0.535220612308
-0.0666666666667 5.44542726622 0.975354101245
-0.0666666666667 5.65486677646 0.111502364627
-0.0666666666667 5.8643062867 0.89357465196
-0.0666666666667 6.07374579694 1.24643712789

6.12323399574e-17 0 0.786540845482
6.12323399574e-17 0.209439510239 0.0739218677885
6.12323399574e-17 0.418879020479 0.15834169321
6.12323399574e-17 0.628318530718 0.313897505507
6.12323399574e-17 0.837758040957 0.364865709525
6.12323399574e-17 1.0471975512 1.2067665787
6.12323399574e-17 1.25663706144 2.37025126815
6.12323399574e-17 1.46607657168 1.39330275253
6.12323399574e-17 1.67551608191 0.147437548441
6.12323399574e-17 1.88495559215 0.450156073185
6.12323399574e-17 2.09439510239 2.06450319442
6.12323399574e-17 2.30383461263 0.44632743865
6.12323399574e-17 2.51327412287 0.309412472584
6.12323399574e-17 2.72271363311 0.113101719014
6.12323399574e-17 2.93215314335 0.185123770297
6.12323399574e-17 3.14159265359 0.515068523174
6.12323399574e-17 3.35103216383 0.31931574502
6.12323399574e-17 3.56047167407 0.354945665425
6.12323399574e-17 3.76991118431 0.282052722105
6.12323399574e-17 3.97935069455 0.366862885378
6.12323399574e-17 4.18879020479 0.550994268248
6.12323399574e-17 4.39822971503 0.544122262514
6.12323399574e-17 4.60766922527 0.348553424045
6.12323399574e-17 4.8171087355 1.10757412061
6.12323399574e-17 5.02654824574 0.708589780061
6.12323399574e-17 5.23598775598 0.52618601497
6.12323399574e-17 5.44542726622 1.00034293967
6.12323399574e-17 5.65486677646 0.111008882643
6.12323399574e-17 5.8643062867 0.877061420587
6.12323399574e-17 6.07374579694 1.22588288587

0.0666666666667 0 0.807988801713
0.0666666666667 0.209439510239 0.0782992005739
0.0666666666667 0.418879020479 0.168930896797
0.0666666666667 0.628318530718 0.395535618462
0.0666666666667 0.837758040957 0.416709779586
0.0666666666667 1.0471975512 1.18279779084
0.0666666666667 1.25663706144 2.39645367049
0.0666666666667 1.46607657168 1.4018131215
0.0666666666667 1.67551608191 0.151626218275
0.0666666666667 1.88495559215 0.432080106421
0.0666666666667 2.09439510239 2.03396722364
0.0666666666667 2.30383461263 0.483725470458
0.0666666666667 2.51327412287 0.310110547968
0.0666666666667 2.72271363311 0.113184790015
0.0666666666667 2.93215314335 0.175483495473
0.0666666666667 3.14159265359 0.521231487043
0.0666666666667 3.35103216383 0.324734415182
0.0666666666667 3.56047167407 0.386515053155
0.0666666666667 3.76991118431 0.32492506802
0.0666666666667 3.97935069455 0.422430916852
0.0666666666667 4.18879020479 0.586359444987
0.0666666666667 4.39822971503 0.54391052073
0.0666666666667 4.60766922527 0.337594224593
0.0666666666667 4.8171087355 1.11772522829
0.0666666666667 5.02654824574 0.712219503675
0.0666666666667 5.23598775598 0.516230951616
0.0666666666667 5.44542726622 1.02828749944
0.0666666666667 5.65486677646 0.108430675881
0.0666666666667 5.8643062867 0.852903802696
0.0666666666667 6.07374579694 1.2028748724

0.133333333333 0 0.856045320757
0.133333333333 0.209439510239 0.0950204579747
0.133333333333 0.418879020479 0.169485862113
0.133333333333 0.628318530718 0.454271007754
0.133333333333 0.837758040957 0.485427503791
0.133333333333 1.0471975512 1.21474493182
0.133333333333 1.25663706144 2.42360670745
0.133333333333 1.46607657168 1.35228733776
0.133333333333 1.67551608191 0.158651161616
0.133333333333 1.88495559215 0.409168749973
0.133333333333 2.09439510239 2.00599119842
0.133333333333 2.30383461263 0.526581273896
0.133333333333 2.51327412287 0.307368604665
0.133333333333 2.72271363311 0.114210163209
0.133333333333 2.93215314335 0.159439847017
0.133333333333 3.14159265359 0.532360902538
0.133333333333 3.35103216383 0.329063648716
0.133333333333 3.56047167407 0.424425688835
0.133333333333 3.76991118431 0.386706051301
0.133333333333 3.97935069455 0.484626838648
0.133333333333 4.18879020479 0.618274402883
0.133333333333 4.39822971503 0.5350435446
0.133333333333 4.60766922527 0.332933444994
0.133333333333 4.8171087355 1.13206901508
0.133333333333 5.02654824574 0.709751657572
0.133333333333 5.23598775598 0.504712526461
0.133333333333 5.44542726622 1.0594544297
0.133333333333 5.65486677646 0.103830677057
0.133333333333 5.8643062867 0.821968281266
0.133333333333 6.07374579694 1.17710647702

0.2 0 0.928861794164
0.2 0.209439510239 0.127295426933
0.2 0.418879020479 0.156185762606
0.2 0.628318530718 0.488450799957
0.2 0.837758040957 0.569217604548
0.2 1.0471975512 1.29698669523
0.2 1.25663706144 2.42467557007
0.2 1.46607657168 1.23554356244
0.2 1.67551608191 0.170597175536
0.2 1.88495559215 0.383003516224
0.2 2.09439510239 1.97846983292
0.2 2.30383461263 0.575506426472
0.2 2.51327412287 0.300494322365
0.2 2.72271363311 0.115107930269
0.2 2.93215314335 0.139190728108
0.2 3.14159265359 0.546845581945
0.2 3.35103216383 0.33097523744
0.2 3.56047167407 0.461482211523
0.2 3.76991118431 0.462708018801
0.2 3.97935069455 0.550279506748
0.2 4.18879020479 0.644267497799
0.2 4.39822971503 0.510970271166
0.2 4.60766922527 0.337459559445
0.2 4.8171087355 1.15031207585
0.2 5.02654824574 0.70093944793
0.2 5.23598775598 0.491248547705
0.2 5.44542726622 1.09390366063
0.2 5.65486677646 0.0983357794492
0.2 5.8643062867 0.783631631888
0.2 6.07374579694 1.14588407095

0.266666666667 0 1.02537804636
0.266666666667 0.209439510239 0.182295361377
0.266666666667 0.418879020479 0.129634997537
0.266666666667 0.628318530718 0.497303098267
0.266666666667 0.837758040957 0.663981291514
0.266666666667 1.0471975512 1.40363826752
0.266666666667 1.25663706144 2.34702366252
0.266666666667 1.46607657168 1.04998595696
0.266666666667 1.67551608191 0.190061490235
0.266666666667 1.88495559215 0.356785636663
0.266666666667 2.09439510239 1.94867659788
0.266666666667 2.30383461263 0.630929463235
0.266666666667 2.51327412287 0.288859853728
0.266666666667 2.72271363311 0.114166344087
0.266666666667 2.93215314335 0.119820728243
0.266666666667 3.14159265359 0.558949213172
0.266666666667 3.35103216383 0.332418008805
0.266666666667 3.56047167407 0.4812272958
0.266666666667 3.76991118431 0.53522096696
0.266666666667 3.97935069455 0.608019075652
0.266666666667 4.18879020479 0.655562360475
0.266666666667 4.39822971503 0.466268632882
0.266666666667 4.60766922527 0.356009841553
0.266666666667 4.8171087355 1.1704324855
0.266666666667 5.02654824574 0.686172979451
0.266666666667 5.23598775598 0.475806490538
0.266666666667 5.44542726622 1.13143824861
0.266666666667 5.65486677646 0.0942293318637
0.266666666667 5.8643062867 0.736039702374
0.266666666667 6.07374579694 1.1043003215

0.333333333333 0 1.14204910726
0.333333333333 0.209439510239 0.273039890349
0.333333333333 0.418879020479 0.0943466699425
0.333333333333 0.628318530718 0.473172487972
0.333333333333 0.837758040957 0.746593564329
0.333333333333 1.0471975512 1.46995875542
0.333333333333 1.25663706144 2.11995257512
0.333333333333 1.46607657168 0.815525267226
0.333333333333 1.67551608191 0.217248918869
0.333333333333 1.88495559215 0.336281097007
0.333333333333 2.09439510239 1.91312075136
0.333333333333 2.30383461263 0.692862002054
0.333333333333 2.51327412287 0.272136860263
0.333333333333 2.72271363311 0.108943924438
0.333333333333 2.93215314335 0.110498693062
0.333333333333 3.14159265359 0.555935235966
0.333333333333 3.35103216383 0.343122521132
0.333333333333 3.56047167407 0.460768667071
0.333333333333 3.76991118431 0.57013047364
0.333333333333 3.97935069455 0.634970051906
0.333333333333 4.18879020479 0.636548479568
0.333333333333 4.39822971503 0.400265643637
0.333333333333 4.60766922527 0.394600055644
0.333333333333 4.8171087355 1.18880854497
0.333333333333 5.02654824574 0.666348212329
0.333333333333 5.23598775598 0.458894313243
0.333333333333 5.44542726622 1.17153115359
0.333333333333 5.65486677646 0.0950711710734
0.333333333333 5.8643062867 0.676492918349
0.333333333333 6.07374579694 1.04539240852

0.4 0 1.2674084516
0.4 0.209439510239 0.419571587845
0.4 0.418879020479 0.063909071547
0.4 0.628318530718 0.398064994489
0.4 0.837758040957 0.759628671747
0.4 1.0471975512 1.39082059688
0.4 1.25663706144 1.69540716347
0.4 1.46607657168 0.588368229535
0.4 1.67551608191 0.245299534202
0.4 1.88495559215 0.330562689898
0.4 2.09439510239 1.86750879738
0.4 2.30383461263 0.760497755341
0.4 2.51327412287 0.250677428382
0.4 2.72271363311 0.0966172511803
0.4 2.93215314335 0.124368382073
0.4 3.14159265359 0.516530786527
0.4 3.35103216383 0.383005281625
0.4 3.56047167407 0.389880760206
0.4 3.76991118431 0.52849383663
0.4 3.97935069455 0.602512652076
0.4 4.18879020479 0.571905529519
0.4 4.39822971503 0.322156590915
0.4 4.60766922527 0.458377669575
0.4 4.8171087355 1.20079887064
0.4 5.02654824574 0.642459449452
0.4 5.23598775598 0.441862721482
0.4 5.44542726622 1.21322175535
0.4 5.65486677646 0.105799842269
0.4 5.8643062867 0.602099789403
0.4 6.07374579694 0.960713860738

0.466666666667 0 1.37450721039
0.466666666667 0.209439510239 0.644377741872
0.466666666667 0.418879020479 0.0752958470355
0.466666666667 0.628318530718 0.259509159472
0.466666666667 0.837758040957 0.626450728554
0.466666666667 1.0471975512 1.07778636803
0.466666666667 1.25663706144 1.1302740658
0.466666666667 1.46607657168 0.456337474118
0.466666666667 1.67551608191 0.256767800677
0.466666666667 1.88495559215 0.35140030321
0.466666666667 2.09439510239 1.80706917909
0.466666666667 2.30383461263 0.831516768585
0.466666666667 2.51327412287 0.226002924566
0.466666666667 2.72271363311 0.0755993403393
0.466666666667 2.93215314335 0.173877349495
0.466666666667 3.14159265359 0.417229422087
0.466666666667 3.35103216383 0.46997032159
0.466666666667 3.56047167407 0.308120165668
0.466666666667 3.76991118431 0.40635884376
0.466666666667 3.97935069455 0.500617801986
0.466666666667 4.18879020479 0.463181521036
0.466666666667 4.39822971503 0.253464807979
0.466666666667 4.60766922527 0.548855818341
0.466666666667 4.8171087355 1.2018827821
0.466666666667 5.02654824574 0.614813889534
0.466666666667 5.23598775598 0.427307882107
0.466666666667 5.44542726622 1.25497256236
0.466666666667 5.65486677646 0.132725259363
0.466666666667 5.8643062867 0.510932623269
0.466666666667 6.07374579694 0.841968786917

0.533333333333 0 1.41438743363
0.533333333333 0.209439510239 0.95133728351
0.533333333333 0.418879020479 0.205034339762
0.533333333333 0.628318530718 0.105873757504
0.533333333333 0.837758040957 0.34006394555
0.533333333333 1.0471975512 0.595641018478
0.533333333333 1.25663706144 0.651156004706
0.533333333333 1.46607657168 0.481228489858
0.533333333333 1.67551608191 0.23050081479
0.533333333333 1.88495559215 0.409239286328
0.533333333333 2.09439510239 1.7276115743
0.533333333333 2.30383461263 0.900864208318
0.533333333333 2.51327412287 0.201172692808
0.533333333333 2.72271363311 0.0499839502335
0.533333333333 2.93215314335 0.256644550397
0.533333333333 3.14159265359 0.256703787425
0.533333333333 3.35103216383 0.57771724418
0.533333333333 3.56047167407 0.318696541548
0.533333333333 3.76991118431 0.286515531353
0.533333333333 3.97935069455 0.373819307415
0.533333333333 4.18879020479 0.343509914469
0.533333333333 4.39822971503 0.221296817341
0.533333333333 4.60766922527 0.662836665515
0.533333333333 4.8171087355 1.18889572719
0.533333333333 5.02654824574 0.581955971688
0.533333333333 5.23598775598 0.419516168999
0.533333333333 5.44542726622 1.29447760416
0.533333333333 5.65486677646 0.183253530372
0.533333333333 5.8643062867 0.403990756865
0.533333333333 6.07374579694 0.684477115528

0.6 0 1.3202539347
0.6 0.209439510239 1.27853218314
0.6 0.418879020479 0.544935528107
0.6 0.628318530718 0.115422210693
0.6 0.837758040957 0.106046106444
0.6 1.0471975512 0.267839664187
0.6 1.25663706144 0.540206733763
0.6 1.46607657168 0.590905000122
0.6 1.67551608191 0.172423026825
0.6 1.88495559215 0.504057897364
0.6 2.09439510239 1.62746744733
0.6 2.30383461263 0.958604991183
0.6 2.51327412287 0.180359774456
0.6 2.72271363311 0.0383797724212
0.6 2.93215314335 0.331776197128
0.6 3.14159265359 0.0963078330158
0.6 3.35103216383 0.588285024857
0.6 3.56047167407 0.483638724532
0.6 3.76991118431 0.309672157346
0.6 3.97935069455 0.313347441959
0.6 4.18879020479 0.260111547862
0.6 4.39822971503 0.2430434335
0.6 4.60766922527 0.796528549024
0.6 4.8171087355 1.1595945481
0.6 5.02654824574 0.539951620299
0.6 5.23598775598 0.424783698576
0.6 5.44542726622 1.32841114517
0.6 5.65486677646 0.26508802803
0.6 5.8643062867 0.288274022817
0.6 6.07374579694 0.492883634251

0.666666666667 0 1.03910566681
0.666666666667 0.209439510239 1.44818493766
0.666666666667 0.418879020479 1.06007428612
0.666666666667 0.628318530718 0.511284960007
0.666666666667 0.837758040957 0.300928675256
0.666666666667 1.0471975512 0.450542197486
0.666666666667 1.25663706144 0.763565202318
0.666666666667 1.46607657168 0.565368114829
0.666666666667 1.67551608191 0.162253156973
0.666666666667 1.88495559215 0.615428775829
0.666666666667 2.09439510239 1.508704906
0.666666666667 2.30383461263 0.986412207819
0.666666666667 2.51327412287 0.166277894116
0.666666666667 2.72271363311 0.0834137180885
0.666666666667 2.93215314335 0.314310378712
0.666666666667 3.14159265359 0.0589784624851
0.666666666667 3.35103216383 0.369170203311
0.666666666667 3.56047167407 0.610521809027
0.666666666667 3.76991118431 0.45689956992
0.666666666667 3.97935069455 0.330362485229
0.666666666667 4.18879020479 0.216457390716
0.666666666667 4.39822971503 0.327581340532
0.666666666667 4.60766922527 0.952305773558
0.666666666667 4.8171087355 1.10752251948
0.666666666667 5.02654824574 0.48378806566
0.666666666667 5.23598775598 0.451232161128
0.666666666667 5.44542726622 1.35210356871
0.666666666667 5.65486677646 0.38452580932
0.666666666667 5.8643062867 0.18102677535
0.666666666667 6.07374579694 0.288051680602

0.733333333333 0 0.600591659521
0.733333333333 0.209439510239 1.22242727398
0.733333333333 0.418879020479 1.37311156782
0.733333333333 0.628318530718 1.1139549728
0.733333333333 0.837758040957 0.896065093726
0.733333333333 1.0471975512 0.892179341167
0.733333333333 1.25663706144 0.798082246666
0.733333333333 1.46607657168 0.339011173584
0.733333333333 1.67551608191 0.335052920548
0.733333333333 1.88495559215 0.710531494167
0.733333333333 2.09439510239 1.37060775211
0.733333333333 2.30383461263 0.953939061394
0.733333333333 2.51327412287 0.154489261366
0.733333333333 2.72271363311 0.235926784527
0.733333333333 2.93215314335 0.169644333059
0.733333333333 3.14159265359 0.181172656019
0.733333333333 3.35103216383 0.0674646401481
0.733333333333 3.56047167407 0.364842472526
0.733333333333 3.76991118431 0.391421682546
0.733333333333 3.97935069455 0.254641351978
0.733333333333 4.18879020479 0.195360822747
0.733333333333 4.39822971503 0.524504297578
0.733333333333 4.60766922527 1.12445508183
0.733333333333 4.8171087355 1.01184268579
0.733333333333 5.02654824574 0.413933373998
0.733333333333 5.23598775598 0.507357975035
0.733333333333 5.44542726622 1.35911775639
0.733333333333 5.65486677646 0.54333104116
0.733333333333 5.8643062867 0.11440614738
0.733333333333 6.07374579694 0.111104008156

0.8 0 0.181619249397
0.8 0.209439510239 0.604263230188
0.8 0.418879020479 0.972769498825
0.8 0.628318530718 1.07904117758
0.8 0.837758040957 0.972254875564
0.8 1.0471975512 0.744188711681
0.8 1.25663706144 0.417283366001
0.8 1.46607657168 0.31984751805
0.8 1.67551608191 0.695718883912
0.8 1.88495559215 0.777107961467
0.8 2.09439510239 1.18637350105
0.8 2.30383461263 0.827464295818
0.8 2.51327412287 0.131494200078
0.8 2.72271363311 0.454778191602
0.8 2.93215314335 0.116034022102
0.8 3.14159265359 0.271561899336
0.8 3.35103216383 0.132300418454
0.8 3.56047167407 0.078422334739
0.8 3.76991118431 0.123832730099
0.8 3.97935069455 0.172338502904
0.8 4.18879020479 0.404265778934
0.8 4.39822971503 0.914313708892
0.8 4.60766922527 1.22650383965
0.8 4.8171087355 0.837250176248
0.8 5.02654824574 0.350340576515
0.8 5.23598775598 0.597935090617
0.8 5.44542726622 1.34065483462
0.8 5.65486677646 0.733572681444
0.8 5.8643062867 0.13782459681
0.8 6.07374579694 0.0182294641879

0.866666666667 0 0.0320807652144
0.866666666667 0.209439510239 0.127950395262
0.866666666667 0.418879020479 0.263602520879
0.866666666667 0.628318530718 0.352804418988
0.866666666667 0.837758040957 0.353478832735
0.866666666667 1.0471975512 0.327443570463
0.866666666667 1.25663706144 0.43812384784
0.866666666667 1.46607657168 0.760386991979
0.866666666667 1.67551608191 0.949537260321
0.866666666667 1.88495559215 0.781363660525
0.866666666667 2.09439510239 0.913282385423
0.866666666667 2.30383461263 0.631905062986
0.866666666667 2.51327412287 0.107381486303
0.866666666667 2.72271363311 0.48302747268
0.866666666667 2.93215314335 0.417568796363
0.866666666667 3.14159265359 0.344108014069
0.866666666667 3.35103216383 0.487159821785
0.866666666667 3.56047167407 0.524732219442
0.866666666667 3.76991118431 0.572253424726
0.866666666667 3.97935069455 0.744518375973
0.866666666667 4.18879020479 1.03177837494
0.866666666667 4.39822971503 1.22784386885
0.866666666667 4.60766922527 1.04169657992
0.866666666667 4.8171087355 0.587040895421
0.866666666667 5.02654824574 0.346562995844
0.866666666667 5.23598775598 0.715212055062
0.866666666667 5.44542726622 1.28448586876
0.866666666667 5.65486677646 0.929722987284
0.866666666667 5.8643062867 0.310976042779
0.866666666667 6.07374579694 0.0684514256775

0.933333333333 0 0.219526718335
0.933333333333 0.209439510239 0.219073220343
0.933333333333 0.418879020479 0.283793451342
0.933333333333 0.628318530718 0.379420661112
0.933333333333 0.837758040957 0.502297119722
0.933333333333 1.0471975512 0.652399913906
0.933333333333 1.25663706144 0.793756133553
0.933333333333 1.46607657168 0.838055778664
0.933333333333 1.67551608191 0.736367277801
0.933333333333 1.88495559215 0.644398788352
0.933333333333 2.09439510239 0.690796329965
0.933333333333 2.30383461263 0.548106237912
0.933333333333 2.51327412287 0.201245379312
0.933333333333 2.72271363311 0.208151109091
0.933333333333 2.93215314335 0.460264965772
0.933333333333 3.14159265359 0.586853234612
0.933333333333 3.35103216383 0.66461494047
0.933333333333 3.56047167407 0.787292946827
0.933333333333 3.76991118431 0.911835454375
0.933333333333 3.97935069455 0.983177864183
0.933333333333 4.18879020479 0.955074124245
0.933333333333 4.39822971503 0.802540321073
0.933333333333 4.60766922527 0.576452110259
0.933333333333 4.8171087355 0.410577465657
0.933333333333 5.02654824574 0.469425006959
0.933333333333 5.23598775598 0.824645032773
0.933333333333 5.44542726622 1.17133248244
0.933333333333 5.65486677646 1.07497602009
0.933333333333 5.8643062867 0.670770022719
0.933333333333 6.07374579694 0.350190675366

