-1 0 0.154143028718
-1 0.209439510239 0.154143028718
-1 0.418879020479 0.154143028718
-1 0.628318530718 0.154143028718
-1 0.837758040957 0.154143028718
-1 1.0471975512 0.154143028718
-1 1.25663706144 0.154143028718
-1 1.46607657168 0.154143028718
-1 1.67551608191 0.154143028718
-1 1.88495559215 0.154143028718
-1 2.09439510239 0.154143028718
-1 2.30383461263 0.154143028718
-1 2.51327412287 0.154143028718
-1 2.72271363311 0.154143028718
-1 2.93215314335 0.154143028718
-1 3.14159265359 0.154143028718
-1 3.35103216383 0.154143028718
-1 3.56047167407 0.154143028718
-1 3.76991118431 0.154143028718
-1 3.97935069455 0.154143028718
-1 4.18879020479 0.154143028718
-1 4.39822971503 0.154143028718
-1 4.60766922527 0.154143028718
-1 4.8171087355 0.154143028718
-1 5.02654824574 0.154143028718
-1 5.23598775598 0.154143028718
-1 5.44542726622 0.154143028718
-1 5.65486677646 0.154143028718
-1 5.8643062867 0.154143028718
-1 6.07374579694 0.154143028718

-0.933333333333 0 0.290790767644
-0.933333333333 0.209439510239 0.337849178416
-0.933333333333 0.418879020479 0.344679037753
-0.933333333333 0.628318530718 0.313578302974
-0.933333333333 0.837758040957 0.263924058277
-0.933333333333 1.0471975512 0.190623913658
-0.933333333333 1.25663706144 0.101462662215
-0.933333333333 1.46607657168 0.0370468010777
-0.933333333333 1.67551608191 0.0260429292442
-0.933333333333 1.88495559215 0.0393613254134
-0.933333333333 2.09439510239 0.0581418647551
-0.933333333333 2.30383461263 0.0832999117845
-0.933333333333 2.51327412287 0.0955631784968
-0.933333333333 2.72271363311 0.10197187525
-0.933333333333 2.93215314335 0.118690261079
-0.933333333333 3.14159265359 0.15369214742
-0.933333333333 3.35103216383 0.181420213471
-0.933333333333 3.56047167407 0.188059748879
-0.933333333333 3.76991118431 0.199827494142
-0.933333333333 3.97935069455 0.233233771955
-0.933333333333 4.18879020479 0.265985490613
-0.933333333333 4.39822971503 0.236031690006
-0.933333333333 4.60766922527 0.114633770288
-0.933333333333 4.8171087355 0.0951036571339
-0.933333333333 5.02654824574 0.363669885262
-0.933333333333 5.23598775598 0.457084104616
-0.933333333333 5.44542726622 0.16819043057
-0.933333333333 5.65486677646 0.22192700304
-0.933333333333 5.8643062867 0.430955091553
-0.933333333333 6.07374579694 0.342099976758

-0.866666666667 0 0.472706080966
-0.866666666667 0.209439510239 0.552591415984
-0.866666666667 0.418879020479 0.534461615067
-0.866666666667 0.628318530718 0.460541868625
-0.866666666667 0.837758040957 0.376225855992
-0.866666666667 1.0471975512 0.352077141142
-0.866666666667 1.25663706144 0.331148838846
-0.866666666667 1.46607657168 0.187990606261
-0.866666666667 1.67551608191 0.0372499174641
-0.866666666667 1.88495559215 0.0438928947123
-0.866666666667 2.09439510239 0.0591864671911
-0.866666666667 2.30383461263 0.0745546385836
-0.866666666667 2.51327412287 0.0725597167675
-0.866666666667 2.72271363311 0.102680354283
-0.866666666667 2.93215314335 0.166132310275
-0.866666666667 3.14159265359 0.170290644258
-0.866666666667 3.35103216383 0.0847252770935
-0.866666666667 3.56047167407 0.0890440349019
-0.866666666667 3.76991118431 0.1863236334
-0.866666666667 3.97935069455 0.250988947418
-0.866666666667 4.18879020479 0.261411462977
-0.866666666667 4.39822971503 0.330239207486
-0.866666666667 4.60766922527 0.454697144495
-0.866666666667 4.8171087355 0.228962795881
-0.866666666667 5.02654824574 0.116346898633
-0.866666666667 5.23598775598 0.623510271989
-0.866666666667 5.44542726622 0.221702371248
-0.866666666667 5.65486677646 0.453198886024
-0.866666666667 5.8643062867 0.743399482507
-0.866666666667 6.07374579694 0.320563327898

-0.8 0 0.702939369382
-0.8 0.209439510239 0.835130415628
-0.8 0.418879020479 0.784825632267
-0.8 0.628318530718 0.570474638184
-0.8 0.837758040957 0.327355829236
-0.8 1.0471975512 0.146588936522
-0.8 1.25663706144 0.166983359024
-0.8 1.46607657168 0.260526656896
-0.8 1.67551608191 0.11553980239
-0.8 1.88495559215 0.0488187510983
-0.8 2.09439510239 0.0705612601949
-0.8 2.30383461263 0.0832055511869
-0.8 2.51327412287 0.0675040106203
-0.8 2.72271363311 0.109959003212
-0.8 2.93215314335 0.174434501151
-0.8 3.14159265359 0.115874187548
-0.8 3.35103216383 0.123635081747
-0.8 3.56047167407 0.337459779064
-0.8 3.76991118431 0.490502941836
-0.8 3.97935069455 0.521874985465
-0.8 4.18879020479 0.464783034199
-0.8 4.39822971503 0.30627893535
-0.8 4.60766922527 0.298621564943
-0.8 4.8171087355 0.459687927578
-0.8 5.02654824574 0.0874899040487
-0.8 5.23598775598 0.473224986187
-0.8 5.44542726622 0.289060665138
-0.8 5.65486677646 0.598259011934
-0.8 5.8643062867 0.727350576248
-0.8 6.07374579694 0.249525303743

-0.733333333333 0 0.960847055779
-0.733333333333 0.209439510239 1.1193459921
-0.733333333333 0.418879020479 1.14250709183
-0.733333333333 0.628318530718 1.12430494183
-0.733333333333 0.837758040957 0.905448473835
-0.733333333333 1.0471975512 0.471786520563
-0.733333333333 1.25663706144 0.125769890429
-0.733333333333 1.46607657168 0.145197952172
-0.733333333333 1.67551608191 0.162672743505
-0.733333333333 1.88495559215 0.0552353761816
-0.733333333333 2.09439510239 0.081196665107
-0.733333333333 2.30383461263 0.09637503712
-0.733333333333 2.51327412287 0.0691860810078
-0.733333333333 2.72271363311 0.109473606733
-0.733333333333 2.93215314335 0.177257871615
-0.733333333333 3.14159265359 0.115465261957
-0.733333333333 3.35103216383 0.232929101637
-0.733333333333 3.56047167407 0.381234231972
-0.733333333333 3.76991118431 0.372157800317
-0.733333333333 3.97935069455 0.33181628082
-0.733333333333 4.18879020479 0.352217171118
-0.733333333333 4.39822971503 0.367781599887
-0.733333333333 4.60766922527 0.191969905878
-0.733333333333 4.8171087355 0.339751139561
-0.733333333333 5.02654824574 0.266321058667
-0.733333333333 5.23598775598 0.268473743771
-0.733333333333 5.44542726622 0.35221033293
-0.733333333333 5.65486677646 0.604783463723
-0.733333333333 5.8643062867 0.574887742226
-0.733333333333 6.07374579694 0.346991711585

-0.666666666667 0 1.0632591091
-0.666666666667 0.209439510239 1.17003893299
-0.666666666667 0.418879020479 1.41241961942
-0.666666666667 0.628318530718 1.59506217603
-0.666666666667 0.837758040957 1.37644595404
-0.666666666667 1.0471975512 0.892651340829
-0.666666666667 1.25663706144 0.35278925019
-0.666666666667 1.46607657168 0.0962724446499
-0.666666666667 1.67551608191 0.144611054547
-0.666666666667 1.88495559215 0.0597439258359
-0.666666666667 2.09439510239 0.089888191515
-0.666666666667 2.30383461263 0.108684370642
-0.666666666667 2.51327412287 0.0725265172027
-0.666666666667 2.72271363311 0.106957590667
-0.666666666667 2.93215314335 0.189431185542
-0.666666666667 3.14159265359 0.123019554182
-0.666666666667 3.35103216383 0.23632122254
-0.666666666667 3.56047167407 0.281779617351
-0.666666666667 3.76991118431 0.253549499012
-0.666666666667 3.97935069455 0.200670131947
-0.666666666667 4.18879020479 0.154456318876
-0.666666666667 4.39822971503 0.246553440671
-0.666666666667 4.60766922527 0.25113551665
-0.666666666667 4.8171087355 0.163935884259
-0.666666666667 5.02654824574 0.378360632899
-0.666666666667 5.23598775598 0.175640153653
-0.666666666667 5.44542726622 0.407946148527
-0.666666666667 5.65486677646 0.550429856652
-0.666666666667 5.8643062867 0.458095859505
-0.666666666667 6.07374579694 0.537258226827

-0.6 0 0.98825206111
-0.6 0.209439510239 1.04729416988
-0.6 0.418879020479 1.51248651994
-0.6 0.628318530718 1.66989274392
-0.6 0.837758040957 1.40694866531
-0.6 1.0471975512 0.998210276811
-0.6 1.25663706144 0.511821775114
-0.6 1.46607657168 0.151399078954
-0.6 1.67551608191 0.103424379218
-0.6 1.88495559215 0.0592196538878
-0.6 2.09439510239 0.0966171951125
-0.6 2.30383461263 0.118119584087
-0.6 2.51327412287 0.0754718453626
-0.6 2.72271363311 0.107979038803
-0.6 2.93215314335 0.200568472517
-0.6 3.14159265359 0.109852344801
-0.6 3.35103216383 0.206934491252
-0.6 3.56047167407 0.284722660969
-0.6 3.76991118431 0.325571326933
-0.6 3.97935069455 0.285820757126
-0.6 4.18879020479 0.16605865646
-0.6 4.39822971503 0.102027524729
-0.6 4.60766922527 0.262117818473
-0.6 4.8171087355 0.11387427473
-0.6 5.02654824574 0.362607647163
-0.6 5.23598775598 0.191816924661
-0.6 5.44542726622 0.455106090084
-0.6 5.65486677646 0.492452800399
-0.6 5.8643062867 0.396304535004
-0.6 6.07374579694 0.721573162091

-0.533333333333 0 0.818053121213
-0.533333333333 0.209439510239 0.902724480983
-0.533333333333 0.418879020479 1.50370125285
-0.533333333333 0.628318530718 1.55290470491
-0.533333333333 0.837758040957 1.30197752477
-0.533333333333 1.0471975512 0.977392112038
-0.533333333333 1.25663706144 0.530440666562
-0.533333333333 1.46607657168 0.214254295158
-0.533333333333 1.67551608191 0.0751555568775
-0.533333333333 1.88495559215 0.0538680093109
-0.533333333333 2.09439510239 0.101309121616
-0.533333333333 2.30383461263 0.124227560614
-0.533333333333 2.51327412287 0.0773844841265
-0.533333333333 2.72271363311 0.114239237933
-0.533333333333 2.93215314335 0.200664955937
-0.533333333333 3.14159265359 0.0901002616166
-0.533333333333 3.35103216383 0.214762543904
-0.533333333333 3.56047167407 0.360571913216
-0.533333333333 3.76991118431 0.390207489586
-0.533333333333 3.97935069455 0.334670282663
-0.533333333333 4.18879020479 0.237133261002
-0.533333333333 4.39822971503 0.058171275352
-0.533333333333 4.60766922527 0.18921586833
-0.533333333333 4.8171087355 0.145451027828
-0.533333333333 5.02654824574 0.279540474708
-0.533333333333 5.23598775598 0.268006656001
-0.533333333333 5.44542726622 0.492462429816
-0.533333333333 5.65486677646 0.449051628503
-0.533333333333 5.8643062867 0.36573252221
-0.533333333333 6.07374579694 0.867954884135

-0.466666666667 0 0.631619227809
-0.466666666667 0.209439510239 0.798171670494
-0.466666666667 0.418879020479 1.45190043179
-0.466666666667 0.628318530718 1.43922469355
-0.466666666667 0.837758040957 1.26091809088
-0.466666666667 1.0471975512 1.00995486269
-0.466666666667 1.25663706144 0.525941421328
-0.466666666667 1.46607657168 0.232009252295
-0.466666666667 1.67551608191 0.0674412424017
-0.466666666667 1.88495559215 0.0457069601425
-0.466666666667 2.09439510239 0.103939100523
-0.466666666667 2.30383461263 0.127248000659
-0.466666666667 2.51327412287 0.0782451117242
-0.466666666667 2.72271363311 0.124868660205
-0.466666666667 2.93215314335 0.188316142559
-0.466666666667 3.14159265359 0.082458151639
-0.466666666667 3.35103216383 0.254415676524
-0.466666666667 3.56047167407 0.407868636853
-0.466666666667 3.76991118431 0.348866044261
-0.466666666667 3.97935069455 0.265161235549
-0.466666666667 4.18879020479 0.235680297262
-0.466666666667 4.39822971503 0.0799846037045
-0.466666666667 4.60766922527 0.102600563674
-0.466666666667 4.8171087355 0.184762298566
-0.466666666667 5.02654824574 0.18853464346
-0.466666666667 5.23598775598 0.364437565742
-0.466666666667 5.44542726622 0.519417317796
-0.466666666667 5.65486677646 0.42059921393
-0.466666666667 5.8643062867 0.349915736615
-0.466666666667 6.07374579694 0.972741591345

-0.4 0 0.471360973283
-0.4 0.209439510239 0.729400171478
-0.4 0.418879020479 1.37639112968
-0.4 0.628318530718 1.38193872751
-0.4 0.837758040957 1.28834159257
-0.4 1.0471975512 1.09201966861
-0.4 1.25663706144 0.572948571916
-0.4 1.46607657168 0.215385081621
-0.4 1.67551608191 0.0726605710906
-0.4 1.88495559215 0.0368306409984
-0.4 2.09439510239 0.104668139862
-0.4 2.30383461263 0.127686910264
-0.4 2.51327412287 0.0782741866851
-0.4 2.72271363311 0.138076442933
-0.4 2.93215314335 0.167834215572
-0.4 3.14159265359 0.0926644845426
-0.4 3.35103216383 0.294441668204
-0.4 3.56047167407 0.394587468927
-0.4 3.76991118431 0.246623977721
-0.4 3.97935069455 0.155995638689
-0.4 4.18879020479 0.181099319237
-0.4 4.39822971503 0.110960093067
-0.4 4.60766922527 0.0488769504708
-0.4 4.8171087355 0.201831225453
-0.4 5.02654824574 0.117581626292
-0.4 5.23598775598 0.458164078927
-0.4 5.44542726622 0.536183587908
-0.4 5.65486677646 0.402731545486
-0.4 5.8643062867 0.342345891417
-0.4 6.07374579694 1.03909553951

-0.333333333333 0 0.349817524969
-0.333333333333 0.209439510239 0.677453972395
-0.333333333333 0.418879020479 1.28081301722
-0.333333333333 0.628318530718 1.37123460025
-0.333333333333 0.837758040957 1.34120756396
-0.333333333333 1.0471975512 1.1634615401
-0.333333333333 1.25663706144 0.664833048809
-0.333333333333 1.46607657168 0.193914785091
-0.333333333333 1.67551608191 0.081491676472
-0.333333333333 1.88495559215 0.0286557982407
-0.333333333333 2.09439510239 0.103845166444
-0.333333333333 2.30383461263 0.12611073831
-0.333333333333 2.51327412287 0.0777671299008
-0.333333333333 2.72271363311 0.152127818188
-0.333333333333 2.93215314335 0.144789272056
-0.333333333333 3.14159265359 0.116028464391
-0.333333333333 3.35103216383 0.31476445635
-0.333333333333 3.56047167407 0.343237252626
-0.333333333333 3.76991118431 0.152592581177
-0.333333333333 3.97935069455 0.0858134353482
-0.333333333333 4.18879020479 0.132479828822
-0.333333333333 4.39822971503 0.130472279081
-0.333333333333 4.60766922527 0.0316946009059
-0.333333333333 4.8171087355 0.198236893599
-0.333333333333 5.02654824574 0.0720799186455
-0.333333333333 5.23598775598 0.538611683325
-0.333333333333 5.44542726622 0.54356661143
-0.333333333333 5.65486677646 0.391027409374
-0.333333333333 5.8643062867 0.341121220827
-0.333333333333 6.07374579694 1.07393045817

-0.266666666667 0 0.264151320657
-0.266666666667 0.209439510239 0.627657154197
-0.266666666667 0.418879020479 1.17348461851
-0.266666666667 0.628318530718 1.38094842229
-0.266666666667 0.837758040957 1.39310578933
-0.266666666667 1.0471975512 1.19332372362
-0.266666666667 1.25663706144 0.765376598881
-0.266666666667 1.46607657168 0.18662081483
-0.266666666667 1.67551608191 0.0883375805522
-0.266666666667 1.88495559215 0.0218754145452
-0.266666666667 2.09439510239 0.101936440973
-0.266666666667 2.30383461263 0.1230527531
-0.266666666667 2.51327412287 0.0770360145784
-0.266666666667 2.72271363311 0.165722061586
-0.266666666667 2.93215314335 0.123511237184
-0.266666666667 3.14159265359 0.144880710093
-0.266666666667 3.35103216383 0.312258610993
-0.266666666667 3.56047167407 0.285495603902
-0.266666666667 3.76991118431 0.100221453795
-0.266666666667 3.97935069455 0.0749254464472
-0.266666666667 4.18879020479 0.115363339099
-0.266666666667 4.39822971503 0.139273192789
-0.266666666667 4.60766922527 0.0364869485199
-0.266666666667 4.8171087355 0.184392268664
-0.266666666667 5.02654824574 0.0474130814932
-0.266666666667 5.23598775598 0.60253600493
-0.266666666667 5.44542726622 0.542687465662
-0.266666666667 5.65486677646 0.382155925303
-0.266666666667 5.8643062867 0.345808971443
-0.266666666667 6.07374579694 1.08648270724

-0.2 0 0.206485991563
-0.2 0.209439510239 0.572374624197
-0.2 0.418879020479 1.06371821285
-0.2 0.628318530718 1.38495895027
-0.2 0.837758040957 1.43338299936
-0.2 1.0471975512 1.18337435832
-0.2 1.25663706144 0.847594214506
-0.2 1.46607657168 0.197652494102
-0.2 1.67551608191 0.0913970078572
-0.2 1.88495559215 0.016675161613
-0.2 2.09439510239 0.0994460710565
-0.2 2.30383461263 0.118977022155
-0.2 2.51327412287 0.0764022780715
-0.2 2.72271363311 0.178017983046
-0.2 2.93215314335 0.106468925078
-0.2 3.14159265359 0.173328229639
-0.2 3.35103216383 0.293158167223
-0.2 3.56047167407 0.240655531432
-0.2 3.76991118431 0.0898498021594
-0.2 3.97935069455 0.105209110376
-0.2 4.18879020479 0.122271510439
-0.2 4.39822971503 0.141910226552
-0.2 4.60766922527 0.0490086953332
-0.2 4.8171087355 0.168529084398
-0.2 5.02654824574 0.0365941975435
-0.2 5.23598775598 0.650482645113
-0.2 5.44542726622 0.534773922746
-0.2 5.65486677646 0.373903951707
-0.2 5.8643062867 0.356435518381
-0.2 6.07374579694 1.08593491264

-0.133333333333 0 0.169399729988
-0.133333333333 0.209439510239 0.509018804155
-0.133333333333 0.418879020479 0.957607067853
-0.133333333333 0.628318530718 1.36548732212
-0.133333333333 0.837758040957 1.45525773973
-0.133333333333 1.0471975512 1.14662830532
-0.133333333333 1.25663706144 0.902408523424
-0.133333333333 1.46607657168 0.222440176389
-0.133333333333 1.67551608191 0.0910351391005
-0.133333333333 1.88495559215 0.0129624849665
-0.133333333333 2.09439510239 0.0968586227382
-0.133333333333 2.30383461263 0.114271136803
-0.133333333333 2.51327412287 0.076211979389
-0.133333333333 2.72271363311 0.188495908652
-0.133333333333 2.93215314335 0.0946121615112
-0.133333333333 3.14159265359 0.198554938141
-0.133333333333 3.35103216383 0.265567881018
-0.133333333333 3.56047167407 0.214570122844
-0.133333333333 3.76991118431 0.10851807037
-0.133333333333 3.97935069455 0.151466825704
-0.133333333333 4.18879020479 0.136488320349
-0.133333333333 4.39822971503 0.141338732137
-0.133333333333 4.60766922527 0.0608517243408
-0.133333333333 4.8171087355 0.154680959032
-0.133333333333 5.02654824574 0.0335345647461
-0.133333333333 5.23598775598 0.68462330534
-0.133333333333 5.44542726622 0.521034221032
-0.133333333333 5.65486677646 0.364939991434
-0.133333333333 5.8643062867 0.37340120212
-0.133333333333 6.07374579694 1.079422278

-0.0666666666667 0 0.148331553986
-0.0666666666667 0.209439510239 0.437673497174
-0.0666666666667 0.418879020479 0.85794928376
-0.0666666666667 0.628318530718 1.31554361098
-0.0666666666667 0.837758040957 1.45051231644
-0.0666666666667 1.0471975512 1.09275374271
-0.0666666666667 1.25663706144 0.932787703956
-0.0666666666667 1.46607657168 0.253969162779
-0.0666666666667 1.67551608191 0.0883504379004
-0.0666666666667 1.88495559215 0.0105268773159
-0.0666666666667 2.09439510239 0.0946109358982
-0.0666666666667 2.30383461263 0.109253307692
-0.0666666666667 2.51327412287 0.0768583081069
-0.0666666666667 2.72271363311 0.196764996896
-0.0666666666667 2.93215314335 0.087996870126
-0.0666666666667 3.14159265359 0.220204564374
-0.0666666666667 3.35103216383 0.235845916175
-0.0666666666667 3.56047167407 0.205255618691
-0.0666666666667 3.76991118431 0.143428416108
-0.0666666666667 3.97935069455 0.196492828764
-0.0666666666667 4.18879020479 0.14656043556
-0.0666666666667 4.39822971503 0.139192831543
-0.0666666666667 4.60766922527 0.0685237472225
-0.0666666666667 4.8171087355 0.143995281873
-0.0666666666667 5.02654824574 0.0338950860629
-0.0666666666667 5.23598775598 0.707536183954
-0.0666666666667 5.44542726622 0.502596456891
-0.0666666666667 5.65486677646 0.354571726292
-0.0666666666667 5.8643062867 0.397623210312
-0.0666666666667 6.07374579694 1.07094240921

6.12323399574e-17 0 0.142304659141
6.12323399574e-17 0.209439510239 0.359913988171
6.12323399574e-17 0.418879020479 0.764543049188
6.12323399574e-17 0.628318530718 1.23608428496
6.12323399574e-17 0.837758040957 1.40925322341
6.12323399574e-17 1.0471975512 1.02431141442
6.12323399574e-17 1.25663706144 0.946630160234
6.12323399574e-17 1.46607657168 0.286033016288
6.12323399574e-17 1.67551608191 0.0844270428295
6.12323399574e-17 1.88495559215 0.00913054873511
6.12323399574e-17 2.09439510239 0.0930882419891
6.12323399574e-17 2.30383461263 0.104186019862
6.12323399574e-17 2.51327412287 0.0788019519201
6.12323399574e-17 2.72271363311 0.202370800415
6.12323399574e-17 2.93215314335 0.0863680286194
6.12323399574e-17 3.14159265359 0.239148928571
6.12323399574e-17 3.35103216383 0.208149807288
6.12323399574e-17 3.56047167407 0.207581420628
6.12323399574e-17 3.76991118431 0.186118158028
6.12323399574e-17 3.97935069455 0.232225278036
6.12323399574e-17 4.18879020479 0.148465965066
6.12323399574e-17 4.39822971503 0.136602333685
6.12323399574e-17 4.60766922527 0.0712071261139
6.12323399574e-17 4.8171087355 0.136368009896
6.12323399574e-17 5.02654824574 0.0349238860068
6.12323399574e-17 5.23598775598 0.721568983371
6.12323399574e-17 5.44542726622 0.480492333955
6.12323399574e-17 5.65486677646 0.342554663658
6.12323399574e-17 5.8643062867 0.430612925735
6.12323399574e-17 6.07374579694 1.06092462107

0.0666666666667 0 0.153751143552
0.0666666666667 0.209439510239 0.279075673559
0.0666666666667 0.418879020479 0.673702572338
0.0666666666667 0.628318530718 1.1305416555
0.0666666666667 0.837758040957 1.3211660086
0.0666666666667 1.0471975512 0.939408396741
0.0666666666667 1.25663706144 0.952961206711
0.0666666666667 1.46607657168 0.313863910158
0.0666666666667 1.67551608191 0.0801567216365
0.0666666666667 1.88495559215 0.00855226896135
0.0666666666667 2.09439510239 0.0926364255413
0.0666666666667 2.30383461263 0.0992928871498
0.0666666666667 2.51327412287 0.0825808486601
0.0666666666667 2.72271363311 0.2046290163
0.0666666666667 2.93215314335 0.0896033130919
0.0666666666667 3.14159265359 0.256205618742
0.0666666666667 3.35103216383 0.185605104043
0.0666666666667 3.56047167407 0.215356771093
0.0666666666667 3.76991118431 0.231250330691
0.0666666666667 3.97935069455 0.255850641957
0.0666666666667 4.18879020479 0.142727281711
0.0666666666667 4.39822971503 0.134357353545
0.0666666666667 4.60766922527 0.0691092853213
0.0666666666667 4.8171087355 0.131533289518
0.0666666666667 5.02654824574 0.0350205133619
0.0666666666667 5.23598775598 0.728535324826
0.0666666666667 5.44542726622 0.455668433029
0.0666666666667 5.65486677646 0.32895226194
0.0666666666667 5.8643062867 0.47437013035
0.0666666666667 6.07374579694 1.0461197841

0.133333333333 0 0.187689694672
0.133333333333 0.209439510239 0.201727308054
0.133333333333 0.418879020479 0.57830831779
0.133333333333 0.628318530718 1.00003954087
0.133333333333 0.837758040957 1.17791415661
0.133333333333 1.0471975512 0.837533766203
0.133333333333 1.25663706144 0.960944982046
0.133333333333 1.46607657168 0.333261513012
0.133333333333 1.67551608191 0.0764085093852
0.133333333333 1.88495559215 0.00861034938554
0.133333333333 2.09439510239 0.0935805933703
0.133333333333 2.30383461263 0.0947767931969
0.133333333333 2.51327412287 0.0887979537454
0.133333333333 2.72271363311 0.2025115678
0.133333333333 2.93215314335 0.0980125215155
0.133333333333 3.14159265359 0.27089221167
0.133333333333 3.35103216383 0.17199778892
0.133333333333 3.56047167407 0.2216735546
0.133333333333 3.76991118431 0.273577613045
0.133333333333 3.97935069455 0.266162044651
0.133333333333 4.18879020479 0.131577897555
0.133333333333 4.39822971503 0.132695307067
0.133333333333 4.60766922527 0.0626494804536
0.133333333333 4.8171087355 0.129627343243
0.133333333333 5.02654824574 0.0333475114454
0.133333333333 5.23598775598 0.729584302667
0.133333333333 5.44542726622 0.429012602133
0.133333333333 5.65486677646 0.314034089363
0.133333333333 5.8643062867 0.531020760454
0.133333333333 6.07374579694 1.01972239751

0.2 0 0.250040307647
0.2 0.209439510239 0.139711401201
0.2 0.418879020479 0.470533600273
0.2 0.628318530718 0.842117214461
0.2 0.837758040957 0.978323213369
0.2 1.0471975512 0.72723970408
0.2 1.25663706144 0.979202522523
0.2 1.46607657168 0.339123180327
0.2 1.67551608191 0.0743845233318
0.2 1.88495559215 0.00919214584135
0.2 2.09439510239 0.0962409032856
0.2 2.30383461263 0.0908395994927
0.2 2.51327412287 0.0980687570772
0.2 2.72271363311 0.194632723186
0.2 2.93215314335 0.112478270031
0.2 3.14159265359 0.280210851642
0.2 3.35103216383 0.173160645316
0.2 3.56047167407 0.219180929775
0.2 3.76991118431 0.305192973203
0.2 3.97935069455 0.261717205709
0.2 4.18879020479 0.117484708051
0.2 4.39822971503 0.131066686822
0.2 4.60766922527 0.0522601832268
0.2 4.8171087355 0.13142212057
0.2 5.02654824574 0.029600621468
0.2 5.23598775598 0.725147168212
0.2 5.44542726622 0.401387084182
0.2 5.65486677646 0.298200042688
0.2 5.8643062867 0.602120901641
0.2 6.07374579694 0.97199307846

0.266666666667 0 0.344494270227
0.266666666667 0.209439510239 0.111260696054
0.266666666667 0.418879020479 0.349300402425
0.266666666667 0.628318530718 0.655207126225
0.266666666667 0.837758040957 0.737096908237
0.266666666667 1.0471975512 0.63304978258
0.266666666667 1.25663706144 1.01168030258
0.266666666667 1.46607657168 0.324354134606
0.266666666667 1.67551608191 0.0760221232411
0.266666666667 1.88495559215 0.0103284970748
0.266666666667 2.09439510239 0.100933565176
0.266666666667 2.30383461263 0.087702947892
0.266666666667 2.51327412287 0.110899647239
0.266666666667 2.72271363311 0.179430735101
0.266666666667 2.93215314335 0.134319950457
0.266666666667 3.14159265359 0.277782716096
0.266666666667 3.35103216383 0.196688662736
0.266666666667 3.56047167407 0.202301238823
0.266666666667 3.76991118431 0.314736381916
0.266666666667 3.97935069455 0.240687190404
0.266666666667 4.18879020479 0.102585764466
0.266666666667 4.39822971503 0.128094249392
0.266666666667 4.60766922527 0.0386020895969
0.266666666667 4.8171087355 0.138329676952
0.266666666667 5.02654824574 0.0239653081238
0.266666666667 5.23598775598 0.714911116275
0.266666666667 5.44542726622 0.373662223576
0.266666666667 5.65486677646 0.281922816312
0.266666666667 5.8643062867 0.687542523266
0.266666666667 6.07374579694 0.892017811708

0.333333333333 0 0.467286696346
0.333333333333 0.209439510239 0.138369822386
0.333333333333 0.418879020479 0.232434620246
0.333333333333 0.628318530718 0.450365561357
0.333333333333 0.837758040957 0.494103236918
0.333333333333 1.0471975512 0.593596881492
0.333333333333 1.25663706144 1.04611662612
0.333333333333 1.46607657168 0.281172937056
0.333333333333 1.67551608191 0.0841511116248
0.333333333333 1.88495559215 0.0123757785081
0.333333333333 2.09439510239 0.107940051561
0.333333333333 2.30383461263 0.085631019129
0.333333333333 2.51327412287 0.127452685779
0.333333333333 2.72271363311 0.155707766222
0.333333333333 2.93215314335 0.16456132449
0.333333333333 3.14159265359 0.254524888749
0.333333333333 3.35103216383 0.247370737977
0.333333333333 3.56047167407 0.172815803774
0.333333333333 3.76991118431 0.290530450405
0.333333333333 3.97935069455 0.202076298236
0.333333333333 4.18879020479 0.0885528454531
0.333333333333 4.39822971503 0.121924553354
0.333333333333 4.60766922527 0.0231165451941
0.333333333333 4.8171087355 0.152109263638
0.333333333333 5.02654824574 0.0172573970623
0.333333333333 5.23598775598 0.697808290687
0.333333333333 5.44542726622 0.346746258028
0.333333333333 5.65486677646 0.265708080612
0.333333333333 5.8643062867 0.783890581391
0.333333333333 6.07374579694 0.771512888097

0.4 0 0.600000152734
0.4 0.209439510239 0.236773919287
0.4 0.418879020479 0.166672829439
0.4 0.628318530718 0.268062149388
0.4 0.837758040957 0.315236893926
0.4 1.0471975512 0.637878615227
0.4 1.25663706144 1.03744821963
0.4 1.46607657168 0.208559480863
0.4 1.67551608191 0.101704083327
0.4 1.88495559215 0.0164025850735
0.4 2.09439510239 0.117414587709
0.4 2.30383461263 0.0849538983959
0.4 2.51327412287 0.147137016574
0.4 2.72271363311 0.123739943056
0.4 2.93215314335 0.202035033949
0.4 3.14159265359 0.203416707519
0.4 3.35103216383 0.315642935063
0.4 3.56047167407 0.146158349513
0.4 3.76991118431 0.229335480369
0.4 3.97935069455 0.148494910799
0.4 4.18879020479 0.077057481623
0.4 4.39822971503 0.111201914537
0.4 4.60766922527 0.00889953705726
0.4 4.8171087355 0.174051275366
0.4 5.02654824574 0.0112151464146
0.4 5.23598775598 0.672044858802
0.4 5.44542726622 0.321605532261
0.4 5.65486677646 0.250079999153
0.4 5.8643062867 0.882531474198
0.4 6.07374579694 0.611476124785

0.466666666667 0 0.703179408277
0.466666666667 0.209439510239 0.397031289504
0.466666666667 0.418879020479 0.216469176477
0.466666666667 0.628318530718 0.185993248558
0.466666666667 0.837758040957 0.270376834353
0.466666666667 1.0471975512 0.737828142782
0.466666666667 1.25663706144 0.908661647845
0.466666666667 1.46607657168 0.128804770759
0.466666666667 1.67551608191 0.128822319951
0.466666666667 1.88495559215 0.0248830900057
0.466666666667 2.09439510239 0.129178891281
0.466666666667 2.30383461263 0.0860861297623
0.466666666667 2.51327412287 0.167968369638
0.466666666667 2.72271363311 0.0870718061564
0.466666666667 2.93215314335 0.23978562422
0.466666666667 3.14159265359 0.13127965581
0.466666666667 3.35103216383 0.362933475383
0.466666666667 3.56047167407 0.146037892427
0.466666666667 3.76991118431 0.148592150655
0.466666666667 3.97935069455 0.0910313320056
0.466666666667 4.18879020479 0.0712364855932
0.466666666667 4.39822971503 0.0967607400346
0.466666666667 4.60766922527 0.00172191476193
0.466666666667 4.8171087355 0.203366194653
0.466666666667 5.02654824574 0.00882400336215
0.466666666667 5.23598775598 0.635240692675
0.466666666667 5.44542726622 0.299267495405
0.466666666667 5.65486677646 0.235609031681
0.466666666667 5.8643062867 0.967619521397
0.466666666667 6.07374579694 0.431335899981

0.533333333333 0 0.718879049806
0.533333333333 0.209439510239 0.563815563815
0.533333333333 0.418879020479 0.407174222362
0.533333333333 0.628318530718 0.283705260143
0.533333333333 0.837758040957 0.379971119532
0.533333333333 1.0471975512 0.780466124409
0.533333333333 1.25663706144 0.611576857773
0.533333333333 1.46607657168 0.103440152541
0.533333333333 1.67551608191 0.157434645553
0.533333333333 1.88495559215 0.0426150704486
0.533333333333 2.09439510239 0.142314830632
0.533333333333 2.30383461263 0.0895182284507
0.533333333333 2.51327412287 0.185716921269
0.533333333333 2.72271363311 0.0545162007982
0.533333333333 2.93215314335 0.260590132891
0.533333333333 3.14159265359 0.0743151476304
0.533333333333 3.35103216383 0.327027148699
0.533333333333 3.56047167407 0.172521468187
0.533333333333 3.76991118431 0.0874780205774
0.533333333333 3.97935069455 0.0528558296289
0.533333333333 4.18879020479 0.0770583933224
0.533333333333 4.39822971503 0.0834276880672
0.533333333333 4.60766922527 0.0103531988244
0.533333333333 4.8171087355 0.234803964349
0.533333333333 5.02654824574 0.0143576585544
0.533333333333 5.23598775598 0.584810142729
0.533333333333 5.44542726622 0.280794856127
0.533333333333 5.65486677646 0.223007679488
0.533333333333 5.8643062867 1.01509361228
0.533333333333 6.07374579694 0.276917658055

0.6 0 0.59621627835
0.6 0.209439510239 0.636697860166
0.6 0.418879020479 0.634461531
0.6 0.628318530718 0.530006923393
0.6 0.837758040957 0.55001568525
0.6 1.0471975512 0.636761743074
0.6 1.25663706144 0.248300556033
0.6 1.46607657168 0.205973135603
0.6 1.67551608191 0.167777140753
0.6 1.88495559215 0.0769278981948
0.6 2.09439510239 0.154423254734
0.6 2.30383461263 0.0957122794748
0.6 2.51327412287 0.193198695705
0.6 2.72271363311 0.0401305772605
0.6 2.93215314335 0.237282258057
0.6 3.14159265359 0.0926998763509
0.6 3.35103216383 0.188075279823
0.6 3.56047167407 0.172954004342
0.6 3.76991118431 0.0748282615513
0.6 3.97935069455 0.0594721181355
0.6 4.18879020479 0.102066129334
0.6 4.39822971503 0.0793812730724
0.6 4.60766922527 0.0440988772422
0.6 4.8171087355 0.256600979155
0.6 5.02654824574 0.0324875432072
0.6 5.23598775598 0.51878665905
0.6 5.44542726622 0.267208917778
0.6 5.65486677646 0.213317624174
0.6 5.8643062867 0.994587211709
0.6 6.07374579694 0.216943230762

0.666666666667 0 0.35087660518
0.666666666667 0.209439510239 0.526680344962
0.666666666667 0.418879020479 0.657193548729
0.666666666667 0.628318530718 0.665922926051
0.666666666667 0.837758040957 0.561244939339
0.666666666667 1.0471975512 0.324500625002
0.666666666667 1.25663706144 0.0995153843589
0.666666666667 1.46607657168 0.403930209843
0.666666666667 1.67551608191 0.141861687511
0.666666666667 1.88495559215 0.133853307678
0.666666666667 2.09439510239 0.160479850831
0.666666666667 2.30383461263 0.104707881908
0.666666666667 2.51327412287 0.181088766914
0.666666666667 2.72271363311 0.0556926528225
0.666666666667 2.93215314335 0.152338603576
0.666666666667 3.14159265359 0.200051745767
0.666666666667 3.35103216383 0.0728907560421
0.666666666667 3.56047167407 0.113020696881
0.666666666667 3.76991118431 0.0985012753771
0.666666666667 3.97935069455 0.117033412791
0.666666666667 4.18879020479 0.148141809087
0.666666666667 4.39822971503 0.0888432669078
0.666666666667 4.60766922527 0.105285046103
0.666666666667 4.8171087355 0.252105838962
0.666666666667 5.02654824574 0.0654862279304
0.666666666667 5.23598775598 0.437352335518
0.666666666667 5.44542726622 0.259319533248
0.666666666667 5.65486677646 0.208172960309
0.666666666667 5.8643062867 0.877509448383
0.666666666667 6.07374579694 0.310144474096

0.733333333333 0 0.134644129608
0.733333333333 0.209439510239 0.265917625625
0.733333333333 0.418879020479 0.355601132165
0.733333333333 0.628318530718 0.403897752397
0.733333333333 0.837758040957 0.280677396045
0.733333333333 1.0471975512 0.108906344918
0.733333333333 1.25663706144 0.297276800533
0.733333333333 1.46607657168 0.4740805923
0.733333333333 1.67551608191 0.107652408458
0.733333333333 1.88495559215 0.203915017576
0.733333333333 2.09439510239 0.151999602128
0.733333333333 2.30383461263 0.11501598177
0.733333333333 2.51327412287 0.143827159754
0.733333333333 2.72271363311 0.0898357870722
0.733333333333 2.93215314335 0.0445118400503
0.733333333333 3.14159265359 0.265028282627
0.733333333333 3.35103216383 0.155335284389
0.733333333333 3.56047167407 0.109338844542
0.733333333333 3.76991118431 0.153501646173
0.733333333333 3.97935069455 0.199345262732
0.733333333333 4.18879020479 0.186465363263
0.733333333333 4.39822971503 0.10175953553
0.733333333333 4.60766922527 0.178507109757
0.733333333333 4.8171087355 0.210139047931
0.733333333333 5.02654824574 0.107839527496
0.733333333333 5.23598775598 0.345281194109
0.733333333333 5.44542726622 0.257373961716
0.733333333333 5.65486677646 0.209981532653
0.733333333333 5.8643062867 0.655504868422
0.733333333333 6.07374579694 0.530642998878

0.8 0 0.185292541052
0.8 0.209439510239 0.0702581069426
0.8 0.418879020479 0.0536311827592
0.8 0.628318530718 0.0415838901694
0.8 0.837758040957 0.0568799797039
0.8 1.0471975512 0.205156047787
0.8 1.25663706144 0.446940873272
0.8 1.46607657168 0.273548430062
0.8 1.67551608191 0.150475603867
0.8 1.88495559215 0.240337853586
0.8 2.09439510239 0.120573940403
0.8 2.30383461263 0.121545792873
0.8 2.51327412287 0.0946810472051
0.8 2.72271363311 0.0914114981435
0.8 2.93215314335 0.0100447529952
0.8 3.14159265359 0.140553065846
0.8 3.35103216383 0.244853721412
0.8 3.56047167407 0.210235330397
0.8 3.76991118431 0.211778619966
0.8 3.97935069455 0.208423562348
0.8 4.18879020479 0.143788495231
0.8 4.39822971503 0.110356313017
0.8 4.60766922527 0.225387126951
0.8 4.8171087355 0.1414522466
0.8 5.02654824574 0.14040840224
0.8 5.23598775598 0.255091787101
0.8 5.44542726622 0.260315513039
0.8 5.65486677646 0.22143140101
0.8 5.8643062867 0.370869468484
0.8 6.07374579694 0.690814756896

0.866666666667 0 0.435209905028
0.866666666667 0.209439510239 0.186581434947
0.866666666667 0.418879020479 0.104478053973
0.866666666667 0.628318530718 0.109372444253
0.866666666667 0.837758040957 0.17958858166
0.866666666667 1.0471975512 0.264877477004
0.866666666667 1.25663706144 0.219398319091
0.866666666667 1.46607657168 0.125327063547
0.866666666667 1.67551608191 0.237520320757
0.866666666667 1.88495559215 0.181113467066
0.866666666667 2.09439510239 0.0738830814946
0.866666666667 2.30383461263 0.115694252528
0.866666666667 2.51327412287 0.0751018150196
0.866666666667 2.72271363311 0.0347965099032
0.866666666667 2.93215314335 0.0354615962438
0.866666666667 3.14159265359 0.0313360148374
0.866666666667 3.35103216383 0.0803757296844
0.866666666667 3.56047167407 0.102603170156
0.866666666667 3.76991118431 0.0874022779861
0.866666666667 3.97935069455 0.0639233212887
0.866666666667 4.18879020479 0.0718457646209
0.866666666667 4.39822971503 0.157052375174
0.866666666667 4.60766922527 0.196883776379
0.866666666667 4.8171087355 0.0769407377714
0.866666666667 5.02654824574 0.136653866452
0.866666666667 5.23598775598 0.189261110033
0.866666666667 5.44542726622 0.264054547276
0.866666666667 5.65486677646 0.242438524288
0.866666666667 5.8643062867 0.14387181912
0.866666666667 6.07374579694 0.521122176046

0.933333333333 0 0.264325044437
0.933333333333 0.209439510239 0.283330738885
0.933333333333 0.418879020479 0.227902873518
0.933333333333 0.628318530718 0.176619182695
0.933333333333 0.837758040957 0.1427063132
0.933333333333 1.0471975512 0.121164419218
0.933333333333 1.25663706144 0.130078903581
0.933333333333 1.46607657168 0.171318391022
0.933333333333 1.67551608191 0.160892389218
0.933333333333 1.88495559215 0.0756175015521
0.933333333333 2.09439510239 0.0502641478363
0.933333333333 2.30383461263 0.0984437240987
0.933333333333 2.51327412287 0.104082765735
0.933333333333 2.72271363311 0.0403963822974
0.933333333333 2.93215314335 0.00462414438836
0.933333333333 3.14159265359 0.0323516182473
0.933333333333 3.35103216383 0.07261231455
0.933333333333 3.56047167407 0.0970561647462
0.933333333333 3.76991118431 0.113753430428
0.933333333333 3.97935069455 0.135981261461
0.933333333333 4.18879020479 0.154424826229
0.933333333333 4.39822971503 0.131213963964
0.933333333333 4.60766922527 0.06249721084
0.933333333333 4.8171087355 0.0442430137079
0.933333333333 5.02654824574 0.113038557065
0.933333333333 5.23598775598 0.174776306556
0.933333333333 5.44542726622 0.256267649843
0.933333333333 5.65486677646 0.258161236408
0.933333333333 5.8643062867 0.127101330859
0.933333333333 6.07374579694 0.143235041782

