-1 0 0.231331085734
-1 0.209439510239 0.231331085734
-1 0.418879020479 0.231331085734
-1 0.628318530718 0.231331085734
-1 0.837758040957 0.231331085734
-1 1.0471975512 0.231331085734
-1 1.25663706144 0.231331085734
-1 1.46607657168 0.231331085734
-1 1.67551608191 0.231331085734
-1 1.88495559215 0.231331085734
-1 2.09439510239 0.231331085734
-1 2.30383461263 0.231331085734
-1 2.51327412287 0.231331085734
-1 2.72271363311 0.231331085734
-1 2.93215314335 0.231331085734
-1 3.14159265359 0.231331085734
-1 3.35103216383 0.231331085734
-1 3.56047167407 0.231331085734
-1 3.76991118431 0.231331085734
-1 3.97935069455 0.231331085734
-1 4.18879020479 0.231331085734
-1 4.39822971503 0.231331085734
-1 4.60766922527 0.231331085734
-1 4.8171087355 0.231331085734
-1 5.02654824574 0.231331085734
-1 5.23598775598 0.231331085734
-1 5.44542726622 0.231331085734
-1 5.65486677646 0.231331085734
-1 5.8643062867 0.231331085734
-1 6.07374579694 0.231331085734

-0.933333333333 0 0.805742605729
-0.933333333333 0.209439510239 0.914773245504
-0.933333333333 0.418879020479 1.11617397316
-0.933333333333 0.628318530718 1.1951688198
-0.933333333333 0.837758040957 1.08367967965
-0.933333333333 1.0471975512 0.821285761203
-0.933333333333 1.25663706144 0.47435856333
-0.933333333333 1.46607657168 0.17303090256
-0.933333333333 1.67551608191 0.104720725304
-0.933333333333 1.88495559215 0.257022283508
-0.933333333333 2.09439510239 0.293805775767
-0.933333333333 2.30383461263 0.128945722533
-0.933333333333 2.51327412287 0.0492692058075
-0.933333333333 2.72271363311 0.0632408499344
-0.933333333333 2.93215314335 0.0626002599746
-0.933333333333 3.14159265359 0.0720027873246
-0.933333333333 3.35103216383 0.104897243506
-0.933333333333 3.56047167407 0.145836073432
-0.933333333333 3.76991118431 0.18246653791
-0.933333333333 3.97935069455 0.204153151952
-0.933333333333 4.18879020479 0.200907093056
-0.933333333333 4.39822971503 0.192991156671
-0.933333333333 4.60766922527 0.281889336957
-0.933333333333 4.8171087355 0.51540958144
-0.933333333333 5.02654824574 0.627887469715
-0.933333333333 5.23598775598 0.516324826214
-0.933333333333 5.44542726622 0.618628991221
-0.933333333333 5.65486677646 0.841589804261
-0.933333333333 5.8643062867 0.891308552785
-0.933333333333 6.07374579694 0.850326388297

-0.866666666667 0 1.47958957076
-0.866666666667 0.209439510239 1.89541582884
-0.866666666667 0.418879020479 1.77092990344
-0.866666666667 0.628318530718 1.46225566478
-0.866666666667 0.837758040957 1.2496473204
-0.866666666667 1.0471975512 1.07048645453
-0.866666666667 1.25663706144 0.855410606312
-0.866666666667 1.46607657168 0.600547673499
-0.866666666667 1.67551608191 0.259797885619
-0.866666666667 1.88495559215 0.0908803024582
-0.866666666667 2.09439510239 0.225642712215
-0.866666666667 2.30383461263 0.122486055741
-0.866666666667 2.51327412287 0.0714976237008
-0.866666666667 2.72271363311 0.0898885696915
-0.866666666667 2.93215314335 0.0851302744088
-0.866666666667 3.14159265359 0.0987856550742
-0.866666666667 3.35103216383 0.131691325519
-0.866666666667 3.56047167407 0.171976677453
-0.866666666667 3.76991118431 0.199897011448
-0.866666666667 3.97935069455 0.239617462519
-0.866666666667 4.18879020479 0.340541604418
-0.866666666667 4.39822971503 0.451058955383
-0.866666666667 4.60766922527 0.301436572154
-0.866666666667 4.8171087355 0.239601727052
-0.866666666667 5.02654824574 0.994260101143
-0.866666666667 5.23598775598 0.9713785793
-0.866666666667 5.44542726622 0.699197535389
-0.866666666667 5.65486677646 1.23267389627
-0.866666666667 5.8643062867 1.16276204476
-0.866666666667 6.07374579694 1.12799227521

-0.8 0 1.6609176078
-0.8 0.209439510239 1.66272827365
-0.8 0.418879020479 1.33093241204
-0.8 0.628318530718 1.31035727737
-0.8 0.837758040957 1.32985030327
-0.8 1.0471975512 1.25354094073
-0.8 1.25663706144 0.93442225036
-0.8 1.46607657168 0.489061707124
-0.8 1.67551608191 0.324978225317
-0.8 1.88495559215 0.122023859859
-0.8 2.09439510239 0.13818067018
-0.8 2.30383461263 0.110272937259
-0.8 2.51327412287 0.0976474745921
-0.8 2.72271363311 0.106343224155
-0.8 2.93215314335 0.0948022020178
-0.8 3.14159265359 0.0825195330967
-0.8 3.35103216383 0.122977477573
-0.8 3.56047167407 0.153643602769
-0.8 3.76991118431 0.144459785979
-0.8 3.97935069455 0.110849304236
-0.8 4.18879020479 0.0905810534713
-0.8 4.39822971503 0.284920718234
-0.8 4.60766922527 0.672084660919
-0.8 4.8171087355 0.280493451003
-0.8 5.02654824574 0.679903678304
-0.8 5.23598775598 1.39089902301
-0.8 5.44542726622 0.69438415892
-0.8 5.65486677646 1.43965405724
-0.8 5.8643062867 1.11580437384
-0.8 6.07374579694 1.09826279153

-0.733333333333 0 1.58729967753
-0.733333333333 0.209439510239 1.48058269681
-0.733333333333 0.418879020479 1.65340381668
-0.733333333333 0.628318530718 1.68857314063
-0.733333333333 0.837758040957 1.44644929733
-0.733333333333 1.0471975512 1.37703586068
-0.733333333333 1.25663706144 1.3269836807
-0.733333333333 1.46607657168 0.724505412725
-0.733333333333 1.67551608191 0.214054510457
-0.733333333333 1.88495559215 0.175980076022
-0.733333333333 2.09439510239 0.0772524023623
-0.733333333333 2.30383461263 0.0941438382496
-0.733333333333 2.51327412287 0.114967161558
-0.733333333333 2.72271363311 0.118368124427
-0.733333333333 2.93215314335 0.0898616516924
-0.733333333333 3.14159265359 0.0819062485038
-0.733333333333 3.35103216383 0.152592933899
-0.733333333333 3.56047167407 0.195379282766
-0.733333333333 3.76991118431 0.192676556633
-0.733333333333 3.97935069455 0.210977981459
-0.733333333333 4.18879020479 0.191778456732
-0.733333333333 4.39822971503 0.0550677894746
-0.733333333333 4.60766922527 0.458144302495
-0.733333333333 4.8171087355 0.664418901012
-0.733333333333 5.02654824574 0.354682999285
-0.733333333333 5.23598775598 1.47016755036
-0.733333333333 5.44542726622 0.700853064696
-0.733333333333 5.65486677646 1.49359028083
-0.733333333333 5.8643062867 0.899215330585
-0.733333333333 6.07374579694 0.937416029707

-0.666666666667 0 1.54962894255
-0.666666666667 0.209439510239 1.67144957054
-0.666666666667 0.418879020479 2.35945962455
-0.666666666667 0.628318530718 2.07766034376
-0.666666666667 0.837758040957 1.37567979526
-0.666666666667 1.0471975512 1.04666057297
-0.666666666667 1.25663706144 1.20998448201
-0.666666666667 1.46607657168 1.0587039896
-0.666666666667 1.67551608191 0.226774392897
-0.666666666667 1.88495559215 0.179043610371
-0.666666666667 2.09439510239 0.0451531756874
-0.666666666667 2.30383461263 0.0772236202718
-0.666666666667 2.51327412287 0.123454873526
-0.666666666667 2.72271363311 0.129678867058
-0.666666666667 2.93215314335 0.0845907121171
-0.666666666667 3.14159265359 0.0987158677821
-0.666666666667 3.35103216383 0.184294691734
-0.666666666667 3.56047167407 0.190375432808
-0.666666666667 3.76991118431 0.154517981959
-0.666666666667 3.97935069455 0.219995739499
-0.666666666667 4.18879020479 0.357564717312
-0.666666666667 4.39822971503 0.260024257865
-0.666666666667 4.60766922527 0.150333035062
-0.666666666667 4.8171087355 0.760314918513
-0.666666666667 5.02654824574 0.341165864801
-0.666666666667 5.23598775598 1.30741081958
-0.666666666667 5.44542726622 0.738578809116
-0.666666666667 5.65486677646 1.49371319434
-0.666666666667 5.8643062867 0.678176050798
-0.666666666667 6.07374579694 0.836848770987

-0.6 0 1.56421203205
-0.6 0.209439510239 2.05172804764
-0.6 0.418879020479 3.19644206553
-0.6 0.628318530718 2.76507772315
-0.6 0.837758040957 1.7021554909
-0.6 1.0471975512 0.951942693033
-0.6 1.25663706144 0.894179809291
-0.6 1.46607657168 1.11071543166
-0.6 1.67551608191 0.379368071947
-0.6 1.88495559215 0.148581289553
-0.6 2.09439510239 0.0333841946928
-0.6 2.30383461263 0.0615107571374
-0.6 2.51327412287 0.125523768294
-0.6 2.72271363311 0.141338374652
-0.6 2.93215314335 0.0843893916215
-0.6 3.14159265359 0.113470373023
-0.6 3.35103216383 0.19311011698
-0.6 3.56047167407 0.135780001134
-0.6 3.76991118431 0.102289000241
-0.6 3.97935069455 0.177638412239
-0.6 4.18879020479 0.312024644269
-0.6 4.39822971503 0.453115866152
-0.6 4.60766922527 0.14332988585
-0.6 4.8171087355 0.612912745939
-0.6 5.02654824574 0.47578889314
-0.6 5.23598775598 1.078972298
-0.6 5.44542726622 0.797013597681
-0.6 5.65486677646 1.49236320536
-0.6 5.8643062867 0.508808134972
-0.6 6.07374579694 0.846515631924

-0.533333333333 0 1.59280017341
-0.533333333333 0.209439510239 2.46073661563
-0.533333333333 0.418879020479 4.00746689984
-0.533333333333 0.628318530718 3.76260291409
-0.533333333333 0.837758040957 2.37372421616
-0.533333333333 1.0471975512 1.1555051497
-0.533333333333 1.25663706144 0.787692467863
-0.533333333333 1.46607657168 0.958533004805
-0.533333333333 1.67551608191 0.550669694487
-0.533333333333 1.88495559215 0.116845235807
-0.533333333333 2.09439510239 0.0334684901158
-0.533333333333 2.30383461263 0.0480018817261
-0.533333333333 2.51327412287 0.123606874333
-0.533333333333 2.72271363311 0.153305969418
-0.533333333333 2.93215314335 0.0875642544589
-0.533333333333 3.14159265359 0.119773567542
-0.533333333333 3.35103216383 0.1851257148
-0.533333333333 3.56047167407 0.0905327222096
-0.533333333333 3.76991118431 0.132634453966
-0.533333333333 3.97935069455 0.229859942259
-0.533333333333 4.18879020479 0.221800268676
-0.533333333333 4.39822971503 0.410227161551
-0.533333333333 4.60766922527 0.267317760986
-0.533333333333 4.8171087355 0.472101101007
-0.533333333333 5.02654824574 0.587773215587
-0.533333333333 5.23598775598 0.882735023623
-0.533333333333 5.44542726622 0.864526534425
-0.533333333333 5.65486677646 1.50141558704
-0.533333333333 5.8643062867 0.396122974928
-0.533333333333 6.07374579694 0.94607976631

-0.466666666667 0 1.61064716184
-0.466666666667 0.209439510239 2.7984343477
-0.466666666667 0.418879020479 4.63076725593
-0.466666666667 0.628318530718 4.87658283544
-0.466666666667 0.837758040957 3.18634460648
-0.466666666667 1.0471975512 1.41198962526
-0.466666666667 1.25663706144 0.881536029931
-0.466666666667 1.46607657168 0.806643733345
-0.466666666667 1.67551608191 0.658220977562
-0.466666666667 1.88495559215 0.101206964578
-0.466666666667 2.09439510239 0.0393996952991
-0.466666666667 2.30383461263 0.0370275532944
-0.466666666667 2.51327412287 0.119608729107
-0.466666666667 2.72271363311 0.165159537809
-0.466666666667 2.93215314335 0.0910680666011
-0.466666666667 3.14159265359 0.121415598642
-0.466666666667 3.35103216383 0.171586316476
-0.466666666667 3.56047167407 0.0769035303808
-0.466666666667 3.76991118431 0.214664954322
-0.466666666667 3.97935069455 0.343796593837
-0.466666666667 4.18879020479 0.219876524107
-0.466666666667 4.39822971503 0.26409601833
-0.466666666667 4.60766922527 0.32529135013
-0.466666666667 4.8171087355 0.431456383169
-0.466666666667 5.02654824574 0.623010783745
-0.466666666667 5.23598775598 0.749213263802
-0.466666666667 5.44542726622 0.933623884797
-0.466666666667 5.65486677646 1.51821246689
-0.466666666667 5.8643062867 0.332042717117
-0.466666666667 6.07374579694 1.09312745679

-0.4 0 1.61105221067
-0.4 0.209439510239 3.01777491512
-0.4 0.418879020479 4.98071252816
-0.4 0.628318530718 5.91193408063
-0.4 0.837758040957 4.07371185148
-0.4 1.0471975512 1.63313614295
-0.4 1.25663706144 1.01614159709
-0.4 1.46607657168 0.753707200374
-0.4 1.67551608191 0.690494379366
-0.4 1.88495559215 0.104029184708
-0.4 2.09439510239 0.0474994040093
-0.4 2.30383461263 0.0285209204452
-0.4 2.51327412287 0.114881638421
-0.4 2.72271363311 0.17643569643
-0.4 2.93215314335 0.0930940444867
-0.4 3.14159265359 0.123062951861
-0.4 3.35103216383 0.157880546522
-0.4 3.56047167407 0.0829809848146
-0.4 3.76991118431 0.284093352573
-0.4 3.97935069455 0.427462292722
-0.4 4.18879020479 0.276019248937
-0.4 4.39822971503 0.159981278725
-0.4 4.60766922527 0.291390991256
-0.4 4.8171087355 0.46299312306
-0.4 5.02654824574 0.595698131639
-0.4 5.23598775598 0.675820349279
-0.4 5.44542726622 0.999985070341
-0.4 5.65486677646 1.53749123677
-0.4 5.8643062867 0.30493796656
-0.4 6.07374579694 1.24903152068

-0.333333333333 0 1.59691415427
-0.333333333333 0.209439510239 3.11748704024
-0.333333333333 0.418879020479 5.04893987842
-0.333333333333 0.628318530718 6.70797779687
-0.333333333333 0.837758040957 4.99364767782
-0.333333333333 1.0471975512 1.86055336879
-0.333333333333 1.25663706144 1.09894825928
-0.333333333333 1.46607657168 0.791671030429
-0.333333333333 1.67551608191 0.673352175328
-0.333333333333 1.88495559215 0.120112559145
-0.333333333333 2.09439510239 0.05572854496
-0.333333333333 2.30383461263 0.0222011397215
-0.333333333333 2.51327412287 0.110338825926
-0.333333333333 2.72271363311 0.186781719238
-0.333333333333 2.93215314335 0.0932600980392
-0.333333333333 3.14159265359 0.126725698402
-0.333333333333 3.35103216383 0.145182611488
-0.333333333333 3.56047167407 0.0927222196986
-0.333333333333 3.76991118431 0.315069551374
-0.333333333333 3.97935069455 0.444918001035
-0.333333333333 4.18879020479 0.319985932003
-0.333333333333 4.39822971503 0.129509446011
-0.333333333333 4.60766922527 0.219728092116
-0.333333333333 4.8171087355 0.515690596619
-0.333333333333 5.02654824574 0.537212121763
-0.333333333333 5.23598775598 0.648236115539
-0.333333333333 5.44542726622 1.06122523771
-0.333333333333 5.65486677646 1.55478982408
-0.333333333333 5.8643062867 0.30231974187
-0.333333333333 6.07374579694 1.388251754

-0.266666666667 0 1.5726123099
-0.266666666667 0.209439510239 3.11867339193
-0.266666666667 0.418879020479 4.88296374043
-0.266666666667 0.628318530718 7.15101975144
-0.266666666667 0.837758040957 5.8458782156
-0.266666666667 1.0471975512 2.12968520745
-0.266666666667 1.25663706144 1.12255419452
-0.266666666667 1.46607657168 0.872894402111
-0.266666666667 1.67551608191 0.637394818245
-0.266666666667 1.88495559215 0.142645378064
-0.266666666667 2.09439510239 0.0630673213875
-0.266666666667 2.30383461263 0.0176915891418
-0.266666666667 2.51327412287 0.106581487435
-0.266666666667 2.72271363311 0.195983587956
-0.266666666667 2.93215314335 0.0919579743273
-0.266666666667 3.14159265359 0.132217580262
-0.266666666667 3.35103216383 0.133779718527
-0.266666666667 3.56047167407 0.0984816636237
-0.266666666667 3.76991118431 0.315059316371
-0.266666666667 3.97935069455 0.412453188432
-0.266666666667 4.18879020479 0.322857768522
-0.266666666667 4.39822971503 0.141801427596
-0.266666666667 4.60766922527 0.155972533634
-0.266666666667 4.8171087355 0.558038075166
-0.266666666667 5.02654824574 0.472727394351
-0.266666666667 5.23598775598 0.650458203207
-0.266666666667 5.44542726622 1.11612645288
-0.266666666667 5.65486677646 1.56691638831
-0.266666666667 5.8643062867 0.312663646987
-0.266666666667 6.07374579694 1.49756008307

-0.2 0 1.54114411479
-0.2 0.209439510239 3.0461167774
-0.2 0.418879020479 4.55801610325
-0.2 0.628318530718 7.20269658604
-0.2 0.837758040957 6.5045291609
-0.2 1.0471975512 2.42388795152
-0.2 1.25663706144 1.11444901802
-0.2 1.46607657168 0.955518339265
-0.2 1.67551608191 0.603582802972
-0.2 1.88495559215 0.166123425562
-0.2 2.09439510239 0.0690839063114
-0.2 2.30383461263 0.0145934632669
-0.2 2.51327412287 0.104003699603
-0.2 2.72271363311 0.203917043146
-0.2 2.93215314335 0.0897643847249
-0.2 3.14159265359 0.13844181874
-0.2 3.35103216383 0.124345919895
-0.2 3.56047167407 0.0990092572668
-0.2 3.76991118431 0.299881651895
-0.2 3.97935069455 0.360139659677
-0.2 4.18879020479 0.293731548583
-0.2 4.39822971503 0.164078261097
-0.2 4.60766922527 0.116587153037
-0.2 4.8171087355 0.580562471722
-0.2 5.02654824574 0.41610125353
-0.2 5.23598775598 0.668714064865
-0.2 5.44542726622 1.16419661021
-0.2 5.65486677646 1.57167209426
-0.2 5.8643062867 0.326713183871
-0.2 6.07374579694 1.57185392601

-0.133333333333 0 1.50457314346
-0.133333333333 0.209439510239 2.91965053749
-0.133333333333 0.418879020479 4.14949490357
-0.133333333333 0.628318530718 6.9011954259
-0.133333333333 0.837758040957 6.8708768829
-0.133333333333 1.0471975512 2.69367910652
-0.133333333333 1.25663706144 1.10125428981
-0.133333333333 1.46607657168 1.01670262591
-0.133333333333 1.67551608191 0.581808204486
-0.133333333333 1.88495559215 0.187129291253
-0.133333333333 2.09439510239 0.0736656508457
-0.133333333333 2.30383461263 0.0125306595049
-0.133333333333 2.51327412287 0.102869048456
-0.133333333333 2.72271363311 0.210461501807
-0.133333333333 2.93215314335 0.0871747093456
-0.133333333333 3.14159265359 0.144207647956
-0.133333333333 3.35103216383 0.117877751057
-0.133333333333 3.56047167407 0.0947737315664
-0.133333333333 3.76991118431 0.280143360245
-0.133333333333 3.97935069455 0.309742042465
-0.133333333333 4.18879020479 0.252735694788
-0.133333333333 4.39822971503 0.18121109819
-0.133333333333 4.60766922527 0.0992820007749
-0.133333333333 4.8171087355 0.586415745033
-0.133333333333 5.02654824574 0.372161664523
-0.133333333333 5.23598775598 0.692489353794
-0.133333333333 5.44542726622 1.20540295572
-0.133333333333 5.65486677646 1.56748623621
-0.133333333333 5.8643062867 0.338177673877
-0.133333333333 6.07374579694 1.61010631553

-0.0666666666667 0 1.46525441713
-0.0666666666667 0.209439510239 2.75098236375
-0.0666666666667 0.418879020479 3.71576043409
-0.0666666666667 0.628318530718 6.32819327309
-0.0666666666667 0.837758040957 6.89529703869
-0.0666666666667 1.0471975512 2.88612337547
-0.0666666666667 1.25663706144 1.09800540901
-0.0666666666667 1.46607657168 1.0491333801
-0.0666666666667 1.67551608191 0.574440261675
-0.0666666666667 1.88495559215 0.204080460658
-0.0666666666667 2.09439510239 0.0768604587846
-0.0666666666667 2.30383461263 0.0111774600395
-0.0666666666667 2.51327412287 0.103361066202
-0.0666666666667 2.72271363311 0.215404769383
-0.0666666666667 2.93215314335 0.0846134276178
-0.0666666666667 3.14159265359 0.148456980605
-0.0666666666667 3.35103216383 0.115460302799
-0.0666666666667 3.56047167407 0.0856292145316
-0.0666666666667 3.76991118431 0.259342638363
-0.0666666666667 3.97935069455 0.270976578502
-0.0666666666667 4.18879020479 0.214810821374
-0.0666666666667 4.39822971503 0.191524038468
-0.0666666666667 4.60766922527 0.095461572594
-0.0666666666667 4.8171087355 0.582991522587
-0.0666666666667 5.02654824574 0.340511850024
-0.0666666666667 5.23598775598 0.714341530399
-0.0666666666667 5.44542726622 1.23999754049
-0.0666666666667 5.65486677646 1.55312123929
-0.0666666666667 5.8643062867 0.343980358386
-0.0666666666667 6.07374579694 1.61253381406

6.12323399574e-17 0 1.4267200882
6.12323399574e-17 0.209439510239 2.54337753692
6.12323399574e-17 0.418879020479 3.2930897305
6.12323399574e-17 0.628318530718 5.57119725085
6.12323399574e-17 0.837758040957 6.57452047501
6.12323399574e-17 1.0471975512 2.96350688816
6.12323399574e-17 1.25663706144 1.10974173123
6.12323399574e-17 1.46607657168 1.05399218338
6.12323399574e-17 1.67551608191 0.580159070784
6.12323399574e-17 1.88495559215 0.216678447596
6.12323399574e-17 2.09439510239 0.0787848015514
6.12323399574e-17 2.30383461263 0.010277289721
6.12323399574e-17 2.51327412287 0.105611584553
6.12323399574e-17 2.72271363311 0.218356601651
6.12323399574e-17 2.93215314335 0.0826078282987
6.12323399574e-17 3.14159265359 0.150134883283
6.12323399574e-17 3.35103216383 0.118275993523
6.12323399574e-17 3.56047167407 0.0708477288703
6.12323399574e-17 3.76991118431 0.236640891696
6.12323399574e-17 3.97935069455 0.245337237425
6.12323399574e-17 4.18879020479 0.186419503723
6.12323399574e-17 4.39822971503 0.198698652974
6.12323399574e-17 4.60766922527 0.0967900046008
6.12323399574e-17 4.8171087355 0.577315561643
6.12323399574e-17 5.02654824574 0.318643160025
6.12323399574e-17 5.23598775598 0.729301870236
6.12323399574e-17 5.44542726622 1.2683916507
6.12323399574e-17 5.65486677646 1.52746848216
6.12323399574e-17 5.8643062867 0.344270181758
6.12323399574e-17 6.07374579694 1.57898010948

0.0666666666667 0 1.39386953226
0.0666666666667 0.209439510239 2.29369813682
0.0666666666667 0.418879020479 2.89863722253
0.0666666666667 0.628318530718 4.7039572926
0.0666666666667 0.837758040957 5.94246308064
0.0666666666667 1.0471975512 2.91235261399
0.0666666666667 1.25663706144 1.1347208194
0.0666666666667 1.46607657168 1.0361728114
0.0666666666667 1.67551608191 0.596373885355
0.0666666666667 1.88495559215 0.225411892726
0.0666666666667 2.09439510239 0.0795696113224
0.0666666666667 2.30383461263 0.00965935412234
0.0666666666667 2.51327412287 0.10970867764
0.0666666666667 2.72271363311 0.218689268583
0.0666666666667 2.93215314335 0.0820303187521
0.0666666666667 3.14159265359 0.1479498704
0.0666666666667 3.35103216383 0.127714255954
0.0666666666667 3.56047167407 0.0504607175635
0.0666666666667 3.76991118431 0.209918626805
0.0666666666667 3.97935069455 0.230169364238
0.0666666666667 4.18879020479 0.167998559377
0.0666666666667 4.39822971503 0.206791480384
0.0666666666667 4.60766922527 0.0971943790934
0.0666666666667 4.8171087355 0.574241181649
0.0666666666667 5.02654824574 0.303943863923
0.0666666666667 5.23598775598 0.734231823313
0.0666666666667 5.44542726622 1.291057203
0.0666666666667 5.65486677646 1.48942485331
0.0666666666667 5.8643062867 0.342333813201
0.0666666666667 6.07374579694 1.50827345567

0.133333333333 0 1.37213857201
0.133333333333 0.209439510239 1.9969692587
0.133333333333 0.418879020479 2.53587891263
0.133333333333 0.628318530718 3.78802963621
0.133333333333 0.837758040957 5.06524614408
0.133333333333 1.0471975512 2.74671598868
0.133333333333 1.25663706144 1.16472229655
0.133333333333 1.46607657168 1.00282708333
0.133333333333 1.67551608191 0.620090824153
0.133333333333 1.88495559215 0.231214441028
0.133333333333 2.09439510239 0.0793287661843
0.133333333333 2.30383461263 0.00925862235279
0.133333333333 2.51327412287 0.115683851172
0.133333333333 2.72271363311 0.215534031319
0.133333333333 2.93215314335 0.0843238051546
0.133333333333 3.14159265359 0.140232889675
0.133333333333 3.35103216383 0.145175312603
0.133333333333 3.56047167407 0.0272445013384
0.133333333333 3.76991118431 0.177898589282
0.133333333333 3.97935069455 0.220793406484
0.133333333333 4.18879020479 0.157091373951
0.133333333333 4.39822971503 0.218194082948
0.133333333333 4.60766922527 0.0929286803527
0.133333333333 4.8171087355 0.575965312349
0.133333333333 5.02654824574 0.294824095985
0.133333333333 5.23598775598 0.727292211323
0.133333333333 5.44542726622 1.30844096982
0.133333333333 5.65486677646 1.43784355057
0.133333333333 5.8643062867 0.344420732461
0.133333333333 6.07374579694 1.39842213734

0.2 0 1.36507863668
0.2 0.209439510239 1.65392007272
0.2 0.418879020479 2.19847116664
0.2 0.628318530718 2.88658778232
0.2 0.837758040957 4.04223481963
0.2 1.0471975512 2.50498000332
0.2 1.25663706144 1.18251435298
0.2 1.46607657168 0.964242335691
0.2 1.67551608191 0.647737836938
0.2 1.88495559215 0.235231034084
0.2 2.09439510239 0.0781475595036
0.2 2.30383461263 0.00914492558593
0.2 2.51327412287 0.123474782031
0.2 2.72271363311 0.207883531751
0.2 2.93215314335 0.0915766933455
0.2 3.14159265359 0.125147756181
0.2 3.35103216383 0.171005468549
0.2 3.56047167407 0.00872694836798
0.2 3.76991118431 0.141634264286
0.2 3.97935069455 0.211287357907
0.2 4.18879020479 0.150514184308
0.2 4.39822971503 0.232849639215
0.2 4.60766922527 0.0824073128275
0.2 4.8171087355 0.581849671809
0.2 5.02654824574 0.29126323082
0.2 5.23598775598 0.707584863928
0.2 5.44542726622 1.32088021391
0.2 5.65486677646 1.37156207801
0.2 5.8643062867 0.359355091011
0.2 6.07374579694 1.24773282538

0.266666666667 0 1.36971177699
0.266666666667 0.209439510239 1.28152913856
0.266666666667 0.418879020479 1.87134747212
0.266666666667 0.628318530718 2.07612697521
0.266666666667 0.837758040957 3.00698603238
0.266666666667 1.0471975512 2.2358681584
0.266666666667 1.25663706144 1.16095872596
0.266666666667 1.46607657168 0.934653577061
0.266666666667 1.67551608191 0.674836343062
0.266666666667 1.88495559215 0.238546632789
0.266666666667 2.09439510239 0.0761007810442
0.266666666667 2.30383461263 0.00956712567718
0.266666666667 2.51327412287 0.132857749527
0.266666666667 2.72271363311 0.194879657276
0.266666666667 2.93215314335 0.106194387621
0.266666666667 3.14159265359 0.101627709559
0.266666666667 3.35103216383 0.202048732558
0.266666666667 3.56047167407 0.00751790249523
0.266666666667 3.76991118431 0.105651947496
0.266666666667 3.97935069455 0.195305229528
0.266666666667 4.18879020479 0.14558164355
0.266666666667 4.39822971503 0.247644438889
0.266666666667 4.60766922527 0.0665770960983
0.266666666667 4.8171087355 0.588109367652
0.266666666667 5.02654824574 0.294957685418
0.266666666667 5.23598775598 0.674988763178
0.266666666667 5.44542726622 1.32851049132
0.266666666667 5.65486677646 1.28952420406
0.266666666667 5.8643062867 0.397655256449
0.266666666667 6.07374579694 1.05714224325

0.333333333333 0 1.36975809445
0.333333333333 0.209439510239 0.924038333305
0.333333333333 0.418879020479 1.53252133933
0.333333333333 0.628318530718 1.43930801718
0.333333333333 0.837758040957 2.11338692115
0.333333333333 1.0471975512 1.97317647716
0.333333333333 1.25663706144 1.07305313189
0.333333333333 1.46607657168 0.9287423139
0.333333333333 1.67551608191 0.696875266201
0.333333333333 1.88495559215 0.241646906699
0.333333333333 2.09439510239 0.0733301501633
0.333333333333 2.30383461263 0.0110183427906
0.333333333333 2.51327412287 0.143345260427
0.333333333333 2.72271363311 0.176386546715
0.333333333333 2.93215314335 0.129759240715
0.333333333333 3.14159265359 0.0714330508094
0.333333333333 3.35103216383 0.228161096369
0.333333333333 3.56047167407 0.0364854857965
0.333333333333 3.76991118431 0.0777143298133
0.333333333333 3.97935069455 0.167831665185
0.333333333333 4.18879020479 0.140662371881
0.333333333333 4.39822971503 0.255911650106
0.333333333333 4.60766922527 0.0498709348952
0.333333333333 4.8171087355 0.587479392493
0.333333333333 5.02654824574 0.309047645059
0.333333333333 5.23598775598 0.630199160446
0.333333333333 5.44542726622 1.33115568422
0.333333333333 5.65486677646 1.19102958458
0.333333333333 5.8643062867 0.469723777655
0.333333333333 6.07374579694 0.834114690769

0.4 0 1.32927712738
0.4 0.209439510239 0.655383859093
0.4 0.418879020479 1.16532659251
0.4 0.628318530718 1.02863739584
0.4 0.837758040957 1.48906265855
0.4 1.0471975512 1.7131322542
0.4 1.25663706144 0.92038901579
0.4 1.46607657168 0.948900536943
0.4 1.67551608191 0.71299036863
0.4 1.88495559215 0.243358289501
0.4 2.09439510239 0.0702387216344
0.4 2.30383461263 0.0143251996803
0.4 2.51327412287 0.15405707129
0.4 2.72271363311 0.153908980553
0.4 2.93215314335 0.160660642688
0.4 3.14159265359 0.0420981253377
0.4 3.35103216383 0.230811570146
0.4 3.56047167407 0.0957375682254
0.4 3.76991118431 0.0645324479105
0.4 3.97935069455 0.127539161581
0.4 4.18879020479 0.135076445149
0.4 4.39822971503 0.24814214842
0.4 4.60766922527 0.0409245678225
0.4 4.8171087355 0.569617254389
0.4 5.02654824574 0.337173342935
0.4 5.23598775598 0.574974357509
0.4 5.44542726622 1.32818824077
0.4 5.65486677646 1.07616121377
0.4 5.8643062867 0.582551376855
0.4 6.07374579694 0.598103891143

0.466666666667 0 1.19436110343
0.466666666667 0.209439510239 0.554515732526
0.466666666667 0.418879020479 0.791971774844
0.466666666667 0.628318530718 0.820051214742
0.466666666667 0.837758040957 1.16150682607
0.466666666667 1.0471975512 1.42644602089
0.466666666667 1.25663706144 0.762496643163
0.466666666667 1.46607657168 0.965604854431
0.466666666667 1.67551608191 0.732372451691
0.466666666667 1.88495559215 0.239276225896
0.466666666667 2.09439510239 0.0679001582319
0.466666666667 2.30383461263 0.0207504970735
0.466666666667 2.51327412287 0.163616322584
0.466666666667 2.72271363311 0.131684592945
0.466666666667 2.93215314335 0.190740443191
0.466666666667 3.14159265359 0.0283405232896
0.466666666667 3.35103216383 0.191476762674
0.466666666667 3.56047167407 0.156938209191
0.466666666667 3.76991118431 0.0629281191545
0.466666666667 3.97935069455 0.0787153813153
0.466666666667 4.18879020479 0.128421402345
0.466666666667 4.39822971503 0.216016198743
0.466666666667 4.60766922527 0.0510155797925
0.466666666667 4.8171087355 0.523789619244
0.466666666667 5.02654824574 0.38141225894
0.466666666667 5.23598775598 0.512580675869
0.466666666667 5.44542726622 1.3183485831
0.466666666667 5.65486677646 0.946458113252
0.466666666667 5.8643062867 0.734445890614
0.466666666667 6.07374579694 0.38629160933

0.533333333333 0 0.917478646122
0.533333333333 0.209439510239 0.635280546416
0.533333333333 0.418879020479 0.513997731151
0.533333333333 0.628318530718 0.721126804693
0.533333333333 0.837758040957 1.02672721744
0.533333333333 1.0471975512 1.12401344671
0.533333333333 1.25663706144 0.685566568015
0.533333333333 1.46607657168 0.916439183945
0.533333333333 1.67551608191 0.776102898113
0.533333333333 1.88495559215 0.220799627523
0.533333333333 2.09439510239 0.0688037360886
0.533333333333 2.30383461263 0.0320506083623
0.533333333333 2.51327412287 0.170245001234
0.533333333333 2.72271363311 0.117077203026
0.533333333333 2.93215314335 0.203508193918
0.533333333333 3.14159265359 0.0457021669103
0.533333333333 3.35103216383 0.116280868579
0.533333333333 3.56047167407 0.169154942081
0.533333333333 3.76991118431 0.0563428106988
0.533333333333 3.97935069455 0.033199146148
0.533333333333 4.18879020479 0.120402014382
0.533333333333 4.39822971503 0.160791585616
0.533333333333 4.60766922527 0.087300085054
0.533333333333 4.8171087355 0.445824221346
0.533333333333 5.02654824574 0.438632686678
0.533333333333 5.23598775598 0.448374608399
0.533333333333 5.44542726622 1.29950997479
0.533333333333 5.65486677646 0.805899689957
0.533333333333 5.8643062867 0.907879026467
0.533333333333 6.07374579694 0.255450535449

0.6 0 0.519811824797
0.6 0.209439510239 0.755177147833
0.6 0.418879020479 0.474045168412
0.6 0.628318530718 0.677636948038
0.6 0.837758040957 0.95010020225
0.6 1.0471975512 0.896297333499
0.6 1.25663706144 0.68109941868
0.6 1.46607657168 0.769864332934
0.6 1.67551608191 0.853190111082
0.6 1.88495559215 0.178789787671
0.6 2.09439510239 0.0779267905668
0.6 2.30383461263 0.0502792944523
0.6 2.51327412287 0.172509302774
0.6 2.72271363311 0.117902989993
0.6 2.93215314335 0.1806402667
0.6 3.14159265359 0.0900693365679
0.6 3.35103216383 0.0565973346086
0.6 3.56047167407 0.115311940145
0.6 3.76991118431 0.0357638809625
0.6 3.97935069455 0.0130562595681
0.6 4.18879020479 0.112822383018
0.6 4.39822971503 0.100443093815
0.6 4.60766922527 0.140278641719
0.6 4.8171087355 0.34962350157
0.6 5.02654824574 0.49540159993
0.6 5.23598775598 0.390335608493
0.6 5.44542726622 1.26837381162
0.6 5.65486677646 0.662224551372
0.6 5.8643062867 1.06225269024
0.6 6.07374579694 0.271057835696

0.666666666667 0 0.174829301421
0.666666666667 0.209439510239 0.63868159206
0.666666666667 0.418879020479 0.626099451992
0.666666666667 0.628318530718 0.723392064105
0.666666666667 0.837758040957 0.890881534772
0.666666666667 1.0471975512 0.777221505445
0.666666666667 1.25663706144 0.599033223646
0.666666666667 1.46607657168 0.632734886793
0.666666666667 1.67551608191 0.89380638751
0.666666666667 1.88495559215 0.12042846068
0.666666666667 2.09439510239 0.103331337562
0.666666666667 2.30383461263 0.0767172737458
0.666666666667 2.51327412287 0.171564928062
0.666666666667 2.72271363311 0.132880301764
0.666666666667 2.93215314335 0.123376219819
0.666666666667 3.14159265359 0.116733163848
0.666666666667 3.35103216383 0.0640992752463
0.666666666667 3.56047167407 0.0704858539512
0.666666666667 3.76991118431 0.0372729096997
0.666666666667 3.97935069455 0.0435869306337
0.666666666667 4.18879020479 0.108074724498
0.666666666667 4.39822971503 0.0613489799974
0.666666666667 4.60766922527 0.176740924554
0.666666666667 4.8171087355 0.276617795588
0.666666666667 5.02654824574 0.523718621556
0.666666666667 5.23598775598 0.349080128259
0.666666666667 5.44542726622 1.22008192302
0.666666666667 5.65486677646 0.528436291903
0.666666666667 5.8643062867 1.13206183592
0.666666666667 6.07374579694 0.469946669851

0.733333333333 0 0.193260754955
0.733333333333 0.209439510239 0.233190529939
0.733333333333 0.418879020479 0.540474849305
0.733333333333 0.628318530718 0.697034150747
0.733333333333 0.837758040957 0.74646184121
0.733333333333 1.0471975512 0.575077043623
0.733333333333 1.25663706144 0.384673312037
0.733333333333 1.46607657168 0.664506910043
0.733333333333 1.67551608191 0.723927729007
0.733333333333 1.88495559215 0.103766119181
0.733333333333 2.09439510239 0.15270307248
0.733333333333 2.30383461263 0.108501395515
0.733333333333 2.51327412287 0.17514674966
0.733333333333 2.72271363311 0.137194239849
0.733333333333 2.93215314335 0.0713669985486
0.733333333333 3.14159265359 0.0780601988527
0.733333333333 3.35103216383 0.0881022960098
0.733333333333 3.56047167407 0.095746308694
0.733333333333 3.76991118431 0.0954016101559
0.733333333333 3.97935069455 0.103573624503
0.733333333333 4.18879020479 0.0912383277021
0.733333333333 4.39822971503 0.049708406929
0.733333333333 4.60766922527 0.170168199147
0.733333333333 4.8171087355 0.282675503949
0.733333333333 5.02654824574 0.484680060609
0.733333333333 5.23598775598 0.336320461793
0.733333333333 5.44542726622 1.14772293914
0.733333333333 5.65486677646 0.423856575636
0.733333333333 5.8643062867 1.04203126496
0.733333333333 6.07374579694 0.786366981889

0.8 0 0.685009890066
0.8 0.209439510239 0.188332611753
0.8 0.418879020479 0.128945492694
0.8 0.628318530718 0.253002568084
0.8 0.837758040957 0.283726784722
0.8 1.0471975512 0.21863956948
0.8 1.25663706144 0.337496577289
0.8 1.46607657168 0.663435090044
0.8 1.67551608191 0.315418596805
0.8 1.88495559215 0.237738857883
0.8 2.09439510239 0.217529995698
0.8 2.30383461263 0.132044252719
0.8 2.51327412287 0.196489752776
0.8 2.72271363311 0.0962995791471
0.8 2.93215314335 0.0556176053313
0.8 3.14159265359 0.0269260916534
0.8 3.35103216383 0.03913140982
0.8 3.56047167407 0.0768945579835
0.8 3.76991118431 0.0979354445654
0.8 3.97935069455 0.0832203353821
0.8 4.18879020479 0.0392901207539
0.8 4.39822971503 0.0515992304306
0.8 4.60766922527 0.175262438561
0.8 4.8171087355 0.369715284059
0.8 5.02654824574 0.3537106859
0.8 5.23598775598 0.359658152378
0.8 5.44542726622 1.0416648645
0.8 5.65486677646 0.37275027398
0.8 5.8643062867 0.757209025559
0.8 6.07374579694 0.973902097028

0.866666666667 0 0.974375328786
0.866666666667 0.209439510239 0.895264202624
0.866666666667 0.418879020479 0.582508073365
0.866666666667 0.628318530718 0.378458799929
0.866666666667 0.837758040957 0.337546595274
0.866666666667 1.0471975512 0.413532275462
0.866666666667 1.25663706144 0.486850345945
0.866666666667 1.46607657168 0.28818446625
0.866666666667 1.67551608191 0.137842772342
0.866666666667 1.88495559215 0.492789465995
0.866666666667 2.09439510239 0.249913919116
0.866666666667 2.30383461263 0.12420022782
0.866666666667 2.51327412287 0.223937489682
0.866666666667 2.72271363311 0.057652300718
0.866666666667 2.93215314335 0.0217190896666
0.866666666667 3.14159265359 0.031294018888
0.866666666667 3.35103216383 0.0207418823717
0.866666666667 3.56047167407 0.016961621036
0.866666666667 3.76991118431 0.019379195564
0.866666666667 3.97935069455 0.0198349045361
0.866666666667 4.18879020479 0.0433843072133
0.866666666667 4.39822971503 0.13304910343
0.866666666667 4.60766922527 0.288452059299
0.866666666667 4.8171087355 0.378757879728
0.866666666667 5.02654824574 0.178270914814
0.866666666667 5.23598775598 0.409760984691
0.866666666667 5.44542726622 0.888361316259
0.866666666667 5.65486677646 0.394724066982
0.866666666667 5.8643062867 0.380895503696
0.866666666667 6.07374579694 0.704327499396

0.933333333333 0 0.265920017152
0.933333333333 0.209439510239 0.440940746312
0.933333333333 0.418879020479 0.585605175489
0.933333333333 0.628318530718 0.599439263772
0.933333333333 0.837758040957 0.487216769016
0.933333333333 1.0471975512 0.289332022795
0.933333333333 1.25663706144 0.10497639454
0.933333333333 1.46607657168 0.142211775145
0.933333333333 1.67551608191 0.434492574251
0.933333333333 1.88495559215 0.515410440618
0.933333333333 2.09439510239 0.208167242177
0.933333333333 2.30383461263 0.0938329460571
0.933333333333 2.51327412287 0.180682173182
0.933333333333 2.72271363311 0.12609131637
0.933333333333 2.93215314335 0.0346631729568
0.933333333333 3.14159265359 0.0211635293813
0.933333333333 3.35103216383 0.0466078013578
0.933333333333 3.56047167407 0.075416887911
0.933333333333 3.76991118431 0.105236514345
0.933333333333 3.97935069455 0.145781798196
0.933333333333 4.18879020479 0.2027453828
0.933333333333 4.39822971503 0.258484725679
0.933333333333 4.60766922527 0.253257171073
0.933333333333 4.8171087355 0.148470866329
0.933333333333 5.02654824574 0.129306436319
0.933333333333 5.23598775598 0.433184011298
0.933333333333 5.44542726622 0.666019154842
0.933333333333 5.65486677646 0.46725790094
0.933333333333 5.8643062867 0.240654264969
0.933333333333 6.07374579694 0.192043757961

