-1 0 0.0634128961103
-1 0.209439510239 0.0634128961104
-1 0.418879020479 0.0634128961104
-1 0.628318530718 0.0634128961104
-1 0.837758040957 0.0634128961104
-1 1.0471975512 0.0634128961103
-1 1.25663706144 0.0634128961103
-1 1.46607657168 0.0634128961103
-1 1.67551608191 0.0634128961103
-1 1.88495559215 0.0634128961104
-1 2.09439510239 0.0634128961104
-1 2.30383461263 0.0634128961104
-1 2.51327412287 0.0634128961104
-1 2.72271363311 0.0634128961103
-1 2.93215314335 0.0634128961103
-1 3.14159265359 0.0634128961103
-1 3.35103216383 0.0634128961104
-1 3.56047167407 0.0634128961104
-1 3.76991118431 0.0634128961104
-1 3.97935069455 0.0634128961104
-1 4.18879020479 0.0634128961103
-1 4.39822971503 0.0634128961103
-1 4.60766922527 0.0634128961103
-1 4.8171087355 0.0634128961103
-1 5.02654824574 0.0634128961104
-1 5.23598775598 0.0634128961104
-1 5.44542726622 0.0634128961104
-1 5.65486677646 0.0634128961104
-1 5.8643062867 0.0634128961103
-1 6.07374579694 0.0634128961103

-0.933333333333 0 0.500166232791
-0.933333333333 0.209439510239 0.402829533335
-0.933333333333 0.418879020479 0.445358412829
-0.933333333333 0.628318530718 0.574895810566
-0.933333333333 0.837758040957 0.724786427718
-0.933333333333 1.0471975512 0.826240434361
-0.933333333333 1.25663706144 0.785975733278
-0.933333333333 1.46607657168 0.573832051247
-0.933333333333 1.67551608191 0.323816611171
-0.933333333333 1.88495559215 0.161480625089
-0.933333333333 2.09439510239 0.0487227210058
-0.933333333333 2.30383461263 0.0103826301629
-0.933333333333 2.51327412287 0.0984906455713
-0.933333333333 2.72271363311 0.214645944804
-0.933333333333 2.93215314335 0.250053046831
-0.933333333333 3.14159265359 0.189777795598
-0.933333333333 3.35103216383 0.107601003598
-0.933333333333 3.56047167407 0.0595993518567
-0.933333333333 3.76991118431 0.0435724498852
-0.933333333333 3.97935069455 0.0421931787091
-0.933333333333 4.18879020479 0.0457048716951
-0.933333333333 4.39822971503 0.0420227718663
-0.933333333333 4.60766922527 0.0210521334902
-0.933333333333 4.8171087355 0.0416651726066
-0.933333333333 5.02654824574 0.168969958444
-0.933333333333 5.23598775598 0.221810269582
-0.933333333333 5.44542726622 0.127101194084
-0.933333333333 5.65486677646 0.231754301934
-0.933333333333 5.8643062867 0.528955762908
-0.933333333333 6.07374579694 0.628468752985

-0.866666666667 0 0.114779132243
-0.866666666667 0.209439510239 0.118343631507
-0.866666666667 0.418879020479 0.216045564528
-0.866666666667 0.628318530718 0.255667242695
-0.866666666667 0.837758040957 0.325281175545
-0.866666666667 1.0471975512 0.56948303027
-0.866666666667 1.25663706144 0.978130614652
-0.866666666667 1.46607657168 1.12824340118
-0.866666666667 1.67551608191 0.689227552404
-0.866666666667 1.88495559215 0.244867670174
-0.866666666667 2.09439510239 0.0827881881985
-0.866666666667 2.30383461263 0.00514384577303
-0.866666666667 2.51327412287 0.0984376222973
-0.866666666667 2.72271363311 0.242267354959
-0.866666666667 2.93215314335 0.22295610017
-0.866666666667 3.14159265359 0.0997720697811
-0.866666666667 3.35103216383 0.0828945201822
-0.866666666667 3.56047167407 0.0956412728164
-0.866666666667 3.76991118431 0.104029576442
-0.866666666667 3.97935069455 0.119457246385
-0.866666666667 4.18879020479 0.10824307593
-0.866666666667 4.39822971503 0.0828071145376
-0.866666666667 4.60766922527 0.124815953757
-0.866666666667 4.8171087355 0.12095034845
-0.866666666667 5.02654824574 0.0849102217608
-0.866666666667 5.23598775598 0.136792821037
-0.866666666667 5.44542726622 0.129265727465
-0.866666666667 5.65486677646 0.287006469716
-0.866666666667 5.8643062867 0.438780957586
-0.866666666667 6.07374579694 0.352780328335

-0.8 0 0.0482545939882
-0.8 0.209439510239 0.243912628392
-0.8 0.418879020479 0.313340902614
-0.8 0.628318530718 0.228623678366
-0.8 0.837758040957 0.106596802677
-0.8 1.0471975512 0.0470219962078
-0.8 1.25663706144 0.35527622296
-0.8 1.46607657168 1.03941565804
-0.8 1.67551608191 1.03715871783
-0.8 1.88495559215 0.390177910569
-0.8 2.09439510239 0.132134359822
-0.8 2.30383461263 0.0104103923328
-0.8 2.51327412287 0.112432367579
-0.8 2.72271363311 0.263694750456
-0.8 2.93215314335 0.1414043699
-0.8 3.14159265359 0.110141384707
-0.8 3.35103216383 0.1276756263
-0.8 3.56047167407 0.0603817047607
-0.8 3.76991118431 0.0894117784883
-0.8 3.97935069455 0.168923206414
-0.8 4.18879020479 0.223713565405
-0.8 4.39822971503 0.158240116999
-0.8 4.60766922527 0.0409745070777
-0.8 4.8171087355 0.0973968193538
-0.8 5.02654824574 0.150598556572
-0.8 5.23598775598 0.139636389135
-0.8 5.44542726622 0.12911359686
-0.8 5.65486677646 0.272707936922
-0.8 5.8643062867 0.321073197377
-0.8 6.07374579694 0.306934936733

-0.733333333333 0 0.157990739701
-0.733333333333 0.209439510239 0.43416760197
-0.733333333333 0.418879020479 0.400869406876
-0.733333333333 0.628318530718 0.361310383548
-0.733333333333 0.837758040957 0.290763790462
-0.733333333333 1.0471975512 0.116189534735
-0.733333333333 1.25663706144 0.015814292387
-0.733333333333 1.46607657168 0.596307235284
-0.733333333333 1.67551608191 1.14214278255
-0.733333333333 1.88495559215 0.539334152248
-0.733333333333 2.09439510239 0.189052453142
-0.733333333333 2.30383461263 0.0233258158852
-0.733333333333 2.51327412287 0.131550296376
-0.733333333333 2.72271363311 0.25057408555
-0.733333333333 2.93215314335 0.0904681585827
-0.733333333333 3.14159265359 0.193917662182
-0.733333333333 3.35103216383 0.0687857398717
-0.733333333333 3.56047167407 0.0660934432414
-0.733333333333 3.76991118431 0.195058095564
-0.733333333333 3.97935069455 0.192291190936
-0.733333333333 4.18879020479 0.168176934107
-0.733333333333 4.39822971503 0.181753397562
-0.733333333333 4.60766922527 0.0636374147338
-0.733333333333 4.8171087355 0.00953061826206
-0.733333333333 5.02654824574 0.128856820016
-0.733333333333 5.23598775598 0.187464740166
-0.733333333333 5.44542726622 0.131459191125
-0.733333333333 5.65486677646 0.247762610762
-0.733333333333 5.8643062867 0.343831448281
-0.733333333333 6.07374579694 0.305636495254

-0.666666666667 0 0.306166332576
-0.666666666667 0.209439510239 0.431166669484
-0.666666666667 0.418879020479 0.416093848648
-0.666666666667 0.628318530718 0.469121423235
-0.666666666667 0.837758040957 0.426667194795
-0.666666666667 1.0471975512 0.314366600603
-0.666666666667 1.25663706144 0.0694005377162
-0.666666666667 1.46607657168 0.24968063801
-0.666666666667 1.67551608191 1.05779333288
-0.666666666667 1.88495559215 0.659514873001
-0.666666666667 2.09439510239 0.243704530208
-0.666666666667 2.30383461263 0.0420343924541
-0.666666666667 2.51327412287 0.147702847831
-0.666666666667 2.72271363311 0.211986669933
-0.666666666667 2.93215314335 0.114463557691
-0.666666666667 3.14159265359 0.226802151064
-0.666666666667 3.35103216383 0.0540137758483
-0.666666666667 3.56047167407 0.321106109295
-0.666666666667 3.76991118431 0.466583033041
-0.666666666667 3.97935069455 0.312780606414
-0.666666666667 4.18879020479 0.137482444242
-0.666666666667 4.39822971503 0.0929403481534
-0.666666666667 4.60766922527 0.0757901307244
-0.666666666667 4.8171087355 0.0169282207158
-0.666666666667 5.02654824574 0.0907172647551
-0.666666666667 5.23598775598 0.221674955887
-0.666666666667 5.44542726622 0.135219908245
-0.666666666667 5.65486677646 0.227450012107
-0.666666666667 5.8643062867 0.41426363428
-0.666666666667 6.07374579694 0.270153560333

-0.6 0 0.382073455668
-0.6 0.209439510239 0.382021161331
-0.6 0.418879020479 0.575615427525
-0.6 0.628318530718 0.641200478742
-0.6 0.837758040957 0.488109803665
-0.6 1.0471975512 0.390244452354
-0.6 1.25663706144 0.218996176927
-0.6 1.46607657168 0.107227282461
-0.6 1.67551608191 0.892137910708
-0.6 1.88495559215 0.744970105706
-0.6 2.09439510239 0.290761997613
-0.6 2.30383461263 0.0648358553999
-0.6 2.51327412287 0.157618109247
-0.6 2.72271363311 0.165754097962
-0.6 2.93215314335 0.187313723437
-0.6 3.14159265359 0.199426117072
-0.6 3.35103216383 0.177058750709
-0.6 3.56047167407 0.609948123
-0.6 3.76991118431 0.617833621071
-0.6 3.97935069455 0.4012754135
-0.6 4.18879020479 0.235528069592
-0.6 4.39822971503 0.123193619069
-0.6 4.60766922527 0.0509795175284
-0.6 4.8171087355 0.0620859078423
-0.6 5.02654824574 0.100188983288
-0.6 5.23598775598 0.236176017377
-0.6 5.44542726622 0.13906635424
-0.6 5.65486677646 0.211698084796
-0.6 5.8643062867 0.465208102491
-0.6 6.07374579694 0.250159581597

-0.533333333333 0 0.387651991789
-0.533333333333 0.209439510239 0.42011686632
-0.533333333333 0.418879020479 0.824320468817
-0.533333333333 0.628318530718 0.799524328123
-0.533333333333 0.837758040957 0.511978171318
-0.533333333333 1.0471975512 0.371958752833
-0.533333333333 1.25663706144 0.308670996033
-0.533333333333 1.46607657168 0.0990959020106
-0.533333333333 1.67551608191 0.720566680193
-0.533333333333 1.88495559215 0.800609145613
-0.533333333333 2.09439510239 0.328717960144
-0.533333333333 2.30383461263 0.0901970591625
-0.533333333333 2.51327412287 0.161228959981
-0.533333333333 2.72271363311 0.124467671842
-0.533333333333 2.93215314335 0.269148860798
-0.533333333333 3.14159265359 0.158058473143
-0.533333333333 3.35103216383 0.361470061747
-0.533333333333 3.56047167407 0.730350420204
-0.533333333333 3.76991118431 0.561816460609
-0.533333333333 3.97935069455 0.382123982138
-0.533333333333 4.18879020479 0.340122225164
-0.533333333333 4.39822971503 0.27933957575
-0.533333333333 4.60766922527 0.0561326125492
-0.533333333333 4.8171087355 0.0915159330815
-0.533333333333 5.02654824574 0.146806820913
-0.533333333333 5.23598775598 0.240380243389
-0.533333333333 5.44542726622 0.142396455562
-0.533333333333 5.65486677646 0.198967663317
-0.533333333333 5.8643062867 0.488246599828
-0.533333333333 6.07374579694 0.25937182563

-0.466666666667 0 0.368009081524
-0.466666666667 0.209439510239 0.513022856758
-0.466666666667 0.418879020479 0.987910087638
-0.466666666667 0.628318530718 0.843713177288
-0.466666666667 0.837758040957 0.497766877756
-0.466666666667 1.0471975512 0.325787256517
-0.466666666667 1.25663706144 0.327659606193
-0.466666666667 1.46607657168 0.142212077016
-0.466666666667 1.67551608191 0.577841705303
-0.466666666667 1.88495559215 0.833503557688
-0.466666666667 2.09439510239 0.358043455166
-0.466666666667 2.30383461263 0.116800910424
-0.466666666667 2.51327412287 0.15991044961
-0.466666666667 2.72271363311 0.0936531069938
-0.466666666667 2.93215314335 0.335217545574
-0.466666666667 3.14159265359 0.134393658597
-0.466666666667 3.35103216383 0.51240663927
-0.466666666667 3.56047167407 0.680461481213
-0.466666666667 3.76991118431 0.405016423327
-0.466666666667 3.97935069455 0.306774282047
-0.466666666667 4.18879020479 0.376969581754
-0.466666666667 4.39822971503 0.429831892346
-0.466666666667 4.60766922527 0.10121589038
-0.466666666667 4.8171087355 0.100594508674
-0.466666666667 5.02654824574 0.203042763777
-0.466666666667 5.23598775598 0.241386008705
-0.466666666667 5.44542726622 0.145184994712
-0.466666666667 5.65486677646 0.188582223727
-0.466666666667 5.8643062867 0.495211382441
-0.466666666667 6.07374579694 0.28059992001

-0.4 0 0.351247766566
-0.4 0.209439510239 0.587374084576
-0.4 0.418879020479 1.01145932509
-0.4 0.628318530718 0.773085927903
-0.4 0.837758040957 0.45022304546
-0.4 1.0471975512 0.284810695295
-0.4 1.25663706144 0.30968000158
-0.4 1.46607657168 0.189738932665
-0.4 1.67551608191 0.472271364968
-0.4 1.88495559215 0.850189404659
-0.4 2.09439510239 0.379860508521
-0.4 2.30383461263 0.143558165942
-0.4 2.51327412287 0.155382332117
-0.4 2.72271363311 0.0739164380646
-0.4 2.93215314335 0.377605608041
-0.4 3.14159265359 0.133824134047
-0.4 3.35103216383 0.593565215869
-0.4 3.56047167407 0.551107654952
-0.4 3.76991118431 0.258910978845
-0.4 3.97935069455 0.241208445546
-0.4 4.18879020479 0.369103013379
-0.4 4.39822971503 0.509210211748
-0.4 4.60766922527 0.156893312458
-0.4 4.8171087355 0.0999175753403
-0.4 5.02654824574 0.25184129936
-0.4 5.23598775598 0.242240484781
-0.4 5.44542726622 0.147650093377
-0.4 5.65486677646 0.180385755547
-0.4 5.8643062867 0.497123575986
-0.4 6.07374579694 0.298418376956

-0.333333333333 0 0.343229445303
-0.333333333333 0.209439510239 0.615040868093
-0.333333333333 0.418879020479 0.943904174886
-0.333333333333 0.628318530718 0.645892934737
-0.333333333333 0.837758040957 0.386701092133
-0.333333333333 1.0471975512 0.257794857116
-0.333333333333 1.25663706144 0.282538650597
-0.333333333333 1.46607657168 0.225458128337
-0.333333333333 1.67551608191 0.399953564201
-0.333333333333 1.88495559215 0.856188983584
-0.333333333333 2.09439510239 0.395262070348
-0.333333333333 2.30383461263 0.169590788985
-0.333333333333 2.51327412287 0.149178844357
-0.333333333333 2.72271363311 0.0634006623153
-0.333333333333 2.93215314335 0.398363551034
-0.333333333333 3.14159265359 0.148424857734
-0.333333333333 3.35103216383 0.614704926846
-0.333333333333 3.56047167407 0.419765104682
-0.333333333333 3.76991118431 0.167494931072
-0.333333333333 3.97935069455 0.209237017839
-0.333333333333 4.18879020479 0.358963567752
-0.333333333333 4.39822971503 0.534153230981
-0.333333333333 4.60766922527 0.201084138306
-0.333333333333 4.8171087355 0.0970621918867
-0.333333333333 5.02654824574 0.287730730342
-0.333333333333 5.23598775598 0.243648684212
-0.333333333333 5.44542726622 0.150042125175
-0.333333333333 5.65486677646 0.174320532185
-0.333333333333 5.8643062867 0.499753422477
-0.333333333333 6.07374579694 0.307511440944

-0.266666666667 0 0.34064178799
-0.266666666667 0.209439510239 0.605335926872
-0.266666666667 0.418879020479 0.850659892426
-0.266666666667 0.628318530718 0.521088993102
-0.266666666667 0.837758040957 0.325865631738
-0.266666666667 1.0471975512 0.243987702856
-0.266666666667 1.25663706144 0.259761149934
-0.266666666667 1.46607657168 0.248209843469
-0.266666666667 1.67551608191 0.353473409697
-0.266666666667 1.88495559215 0.85604935354
-0.266666666667 2.09439510239 0.40505710694
-0.266666666667 2.30383461263 0.194201075123
-0.266666666667 2.51327412287 0.142466016987
-0.266666666667 2.72271363311 0.0594929561579
-0.266666666667 2.93215314335 0.403263672755
-0.266666666667 3.14159265359 0.168590083382
-0.266666666667 3.35103216383 0.600817242295
-0.266666666667 3.56047167407 0.321166784191
-0.266666666667 3.76991118431 0.127035655761
-0.266666666667 3.97935069455 0.204221142134
-0.266666666667 4.18879020479 0.364397406492
-0.266666666667 4.39822971503 0.540709870927
-0.266666666667 4.60766922527 0.228798306105
-0.266666666667 4.8171087355 0.0947334223165
-0.266666666667 5.02654824574 0.311639541075
-0.266666666667 5.23598775598 0.245381998286
-0.266666666667 5.44542726622 0.152564104858
-0.266666666667 5.65486677646 0.170259183329
-0.266666666667 5.8643062867 0.504852752475
-0.266666666667 6.07374579694 0.308877794415

-0.2 0 0.339907486833
-0.2 0.209439510239 0.576321485347
-0.2 0.418879020479 0.771393583736
-0.2 0.628318530718 0.432188371493
-0.2 0.837758040957 0.279422417123
-0.2 1.0471975512 0.240259643387
-0.2 1.25663706144 0.245486541225
-0.2 1.46607657168 0.26146782777
-0.2 1.67551608191 0.325873295526
-0.2 1.88495559215 0.853417414725
-0.2 2.09439510239 0.409731680993
-0.2 2.30383461263 0.216835585774
-0.2 2.51327412287 0.136036963441
-0.2 2.72271363311 0.0597468012642
-0.2 2.93215314335 0.398218991274
-0.2 3.14159265359 0.187698061361
-0.2 3.35103216383 0.573600760238
-0.2 3.56047167407 0.259716237681
-0.2 3.76991118431 0.118841112108
-0.2 3.97935069455 0.212127574426
-0.2 4.18879020479 0.382837383333
-0.2 4.39822971503 0.549289042031
-0.2 4.60766922527 0.24345733321
-0.2 4.8171087355 0.0930332192297
-0.2 5.02654824574 0.32675361109
-0.2 5.23598775598 0.246999437118
-0.2 5.44542726622 0.155364241238
-0.2 5.65486677646 0.167996918176
-0.2 5.8643062867 0.512040740292
-0.2 6.07374579694 0.305465734249

-0.133333333333 0 0.339593483644
-0.133333333333 0.209439510239 0.540635474047
-0.133333333333 0.418879020479 0.718419322683
-0.133333333333 0.628318530718 0.388229014213
-0.133333333333 0.837758040957 0.251850567935
-0.133333333333 1.0471975512 0.243618235506
-0.133333333333 1.25663706144 0.239701297823
-0.133333333333 1.46607657168 0.26881283664
-0.133333333333 1.67551608191 0.311938779218
-0.133333333333 1.88495559215 0.851098255143
-0.133333333333 2.09439510239 0.409495409571
-0.133333333333 2.30383461263 0.237049444293
-0.133333333333 2.51327412287 0.130381562688
-0.133333333333 2.72271363311 0.0622622034434
-0.133333333333 2.93215314335 0.387821258252
-0.133333333333 3.14159265359 0.202427866801
-0.133333333333 3.35103216383 0.546113569206
-0.133333333333 3.56047167407 0.227453411908
-0.133333333333 3.76991118431 0.126186367339
-0.133333333333 3.97935069455 0.222805966283
-0.133333333333 4.18879020479 0.406717797824
-0.133333333333 4.39822971503 0.563679529756
-0.133333333333 4.60766922527 0.249127789955
-0.133333333333 4.8171087355 0.0911943587735
-0.133333333333 5.02654824574 0.336358180642
-0.133333333333 5.23598775598 0.248124991493
-0.133333333333 5.44542726622 0.158556035097
-0.133333333333 5.65486677646 0.167302466638
-0.133333333333 5.8643062867 0.520047029904
-0.133333333333 6.07374579694 0.300047773294

-0.0666666666667 0 0.339843737552
-0.0666666666667 0.209439510239 0.503942627916
-0.0666666666667 0.418879020479 0.688323910496
-0.0666666666667 0.628318530718 0.384693082503
-0.0666666666667 0.837758040957 0.244068979087
-0.0666666666667 1.0471975512 0.25224038268
-0.0666666666667 1.25663706144 0.241163438126
-0.0666666666667 1.46607657168 0.272687508902
-0.0666666666667 1.67551608191 0.308312644248
-0.0666666666667 1.88495559215 0.851109036191
-0.0666666666667 2.09439510239 0.404351220812
-0.0666666666667 2.30383461263 0.25447352554
-0.0666666666667 2.51327412287 0.125774953378
-0.0666666666667 2.72271363311 0.0657655116725
-0.0666666666667 2.93215314335 0.375062512399
-0.0666666666667 3.14159265359 0.211673924315
-0.0666666666667 3.35103216383 0.523890682558
-0.0666666666667 3.56047167407 0.214815690423
-0.0666666666667 3.76991118431 0.138443199539
-0.0666666666667 3.97935069455 0.231911876239
-0.0666666666667 4.18879020479 0.431676637819
-0.0666666666667 4.39822971503 0.579910394724
-0.0666666666667 4.60766922527 0.24788399556
-0.0666666666667 4.8171087355 0.0883623840524
-0.0666666666667 5.02654824574 0.343031480009
-0.0666666666667 5.23598775598 0.248501964275
-0.0666666666667 5.44542726622 0.162243559424
-0.0666666666667 5.65486677646 0.167976598759
-0.0666666666667 5.8643062867 0.527303701893
-0.0666666666667 6.07374579694 0.294756805158

6.12323399574e-17 0 0.341305879323
6.12323399574e-17 0.209439510239 0.467835317691
6.12323399574e-17 0.418879020479 0.671724286325
6.12323399574e-17 0.628318530718 0.41238400371
6.12323399574e-17 0.837758040957 0.25647612176
6.12323399574e-17 1.0471975512 0.265986295351
6.12323399574e-17 1.25663706144 0.24851019579
6.12323399574e-17 1.46607657168 0.274422827196
6.12323399574e-17 1.67551608191 0.313250808675
6.12323399574e-17 1.88495559215 0.854712534406
6.12323399574e-17 2.09439510239 0.394167178846
6.12323399574e-17 2.30383461263 0.268786295992
6.12323399574e-17 2.51327412287 0.122360338869
6.12323399574e-17 2.72271363311 0.0695540198095
6.12323399574e-17 2.93215314335 0.361558379652
6.12323399574e-17 3.14159265359 0.215517998747
6.12323399574e-17 3.35103216383 0.507489189982
6.12323399574e-17 3.56047167407 0.214577306677
6.12323399574e-17 3.76991118431 0.150065820949
6.12323399574e-17 3.97935069455 0.239381575918
6.12323399574e-17 4.18879020479 0.457335611535
6.12323399574e-17 4.39822971503 0.592240528203
6.12323399574e-17 4.60766922527 0.24016143901
6.12323399574e-17 4.8171087355 0.0838726176283
6.12323399574e-17 5.02654824574 0.348526079999
6.12323399574e-17 5.23598775598 0.247948367865
6.12323399574e-17 5.44542726622 0.166542635424
6.12323399574e-17 5.65486677646 0.169898870326
6.12323399574e-17 5.8643062867 0.53213768774
6.12323399574e-17 6.07374579694 0.291349610709

0.0666666666667 0 0.344311553262
0.0666666666667 0.209439510239 0.432937284644
0.0666666666667 0.418879020479 0.658018415522
0.0666666666667 0.628318530718 0.461002559624
0.0666666666667 0.837758040957 0.289597372629
0.0666666666667 1.0471975512 0.286284236523
0.0666666666667 1.25663706144 0.260326888992
0.0666666666667 1.46607657168 0.274613922753
0.0666666666667 1.67551608191 0.326368269189
0.0666666666667 1.88495559215 0.862388845376
0.0666666666667 2.09439510239 0.378751714593
0.0666666666667 2.30383461263 0.279691364429
0.0666666666667 2.51327412287 0.120216780993
0.0666666666667 2.72271363311 0.0733990304758
0.0666666666667 2.93215314335 0.347908735995
0.0666666666667 3.14159265359 0.214659078476
0.0666666666667 3.35103216383 0.494414316796
0.0666666666667 3.56047167407 0.222120435937
0.0666666666667 3.76991118431 0.158729286852
0.0666666666667 3.97935069455 0.247583517781
0.0666666666667 4.18879020479 0.485001216965
0.0666666666667 4.39822971503 0.595046714946
0.0666666666667 4.60766922527 0.225931494606
0.0666666666667 4.8171087355 0.077350652974
0.0666666666667 5.02654824574 0.353930489544
0.0666666666667 5.23598775598 0.246271946287
0.0666666666667 5.44542726622 0.171594904548
0.0666666666667 5.65486677646 0.173059260577
0.0666666666667 5.8643062867 0.532788261157
0.0666666666667 6.07374579694 0.291629128601

0.133333333333 0 0.348287941589
0.133333333333 0.209439510239 0.401167642421
0.133333333333 0.418879020479 0.637054867371
0.133333333333 0.628318530718 0.518809508181
0.133333333333 0.837758040957 0.342354377583
0.133333333333 1.0471975512 0.314957237995
0.133333333333 1.25663706144 0.274638908919
0.133333333333 1.46607657168 0.273599535842
0.133333333333 1.67551608191 0.348470746949
0.133333333333 1.88495559215 0.873688984387
0.133333333333 2.09439510239 0.357945919922
0.133333333333 2.30383461263 0.286902428324
0.133333333333 2.51327412287 0.119411953056
0.133333333333 2.72271363311 0.0774516793899
0.133333333333 2.93215314335 0.334055308595
0.133333333333 3.14159265359 0.210236284669
0.133333333333 3.35103216383 0.480272475218
0.133333333333 3.56047167407 0.23429812103
0.133333333333 3.76991118431 0.164219014328
0.133333333333 3.97935069455 0.260020128965
0.133333333333 4.18879020479 0.515063280253
0.133333333333 4.39822971503 0.582861341443
0.133333333333 4.60766922527 0.205767017936
0.133333333333 4.8171087355 0.0687731724656
0.133333333333 5.02654824574 0.359913408123
0.133333333333 5.23598775598 0.243171453041
0.133333333333 5.44542726622 0.177572161763
0.133333333333 5.65486677646 0.177575614262
0.133333333333 5.8643062867 0.527399190697
0.133333333333 6.07374579694 0.297762025551

0.2 0 0.351273998161
0.2 0.209439510239 0.37716081145
0.2 0.418879020479 0.600449790863
0.2 0.628318530718 0.570873100609
0.2 0.837758040957 0.408635737898
0.2 1.0471975512 0.351586573497
0.2 1.25663706144 0.288176702075
0.2 1.46607657168 0.272119968407
0.2 1.67551608191 0.381422692719
0.2 1.88495559215 0.886912083476
0.2 2.09439510239 0.331752966723
0.2 2.30383461263 0.290137788704
0.2 2.51327412287 0.120042396742
0.2 2.72271363311 0.0821673765842
0.2 2.93215314335 0.319629742391
0.2 3.14159265359 0.203805234098
0.2 3.35103216383 0.459900942095
0.2 3.56047167407 0.248094835329
0.2 3.76991118431 0.168546129923
0.2 3.97935069455 0.280482738442
0.2 4.18879020479 0.544987549485
0.2 4.39822971503 0.550580088209
0.2 4.60766922527 0.18154525965
0.2 4.8171087355 0.0585299541995
0.2 5.02654824574 0.366968003185
0.2 5.23598775598 0.23814262032
0.2 5.44542726622 0.184668967941
0.2 5.65486677646 0.183697843191
0.2 5.8643062867 0.514088743251
0.2 6.07374579694 0.312353057476

0.266666666667 0 0.349624456205
0.266666666667 0.209439510239 0.3685937969
0.266666666667 0.418879020479 0.544660248198
0.266666666667 0.628318530718 0.598729291854
0.266666666667 0.837758040957 0.473776142577
0.266666666667 1.0471975512 0.389849956531
0.266666666667 1.25663706144 0.296127782359
0.266666666667 1.46607657168 0.272324301813
0.266666666667 1.67551608191 0.427870823209
0.266666666667 1.88495559215 0.898561426821
0.266666666667 2.09439510239 0.300529889376
0.266666666667 2.30383461263 0.289129530362
0.266666666667 2.51327412287 0.122266526308
0.266666666667 2.72271363311 0.088251226601
0.266666666667 2.93215314335 0.304355462047
0.266666666667 3.14159265359 0.197124527738
0.266666666667 3.35103216383 0.429589489022
0.266666666667 3.56047167407 0.2599656694
0.266666666667 3.76991118431 0.177197853024
0.266666666667 3.97935069455 0.312398502562
0.266666666667 4.18879020479 0.568324748588
0.266666666667 4.39822971503 0.495005246028
0.266666666667 4.60766922527 0.156601022553
0.266666666667 4.8171087355 0.0475039813557
0.266666666667 5.02654824574 0.375607065901
0.266666666667 5.23598775598 0.230416888225
0.266666666667 5.44542726622 0.193077576819
0.266666666667 5.65486677646 0.191794598728
0.266666666667 5.8643062867 0.491185315642
0.266666666667 6.07374579694 0.338129866922

0.333333333333 0 0.338337248632
0.333333333333 0.209439510239 0.38441321694
0.333333333333 0.418879020479 0.476542782517
0.333333333333 0.628318530718 0.585035876096
0.333333333333 0.837758040957 0.514710307363
0.333333333333 1.0471975512 0.415806560103
0.333333333333 1.25663706144 0.29383532888
0.333333333333 1.46607657168 0.279126005803
0.333333333333 1.67551608191 0.490449499965
0.333333333333 1.88495559215 0.902610156912
0.333333333333 2.09439510239 0.265261296765
0.333333333333 2.30383461263 0.283654498634
0.333333333333 2.51327412287 0.126337554493
0.333333333333 2.72271363311 0.0966170816438
0.333333333333 2.93215314335 0.288602835512
0.333333333333 3.14159265359 0.191325476372
0.333333333333 3.35103216383 0.391179551335
0.333333333333 3.56047167407 0.266965755246
0.333333333333 3.76991118431 0.200376170376
0.333333333333 3.97935069455 0.358191690846
0.333333333333 4.18879020479 0.575616833171
0.333333333333 4.39822971503 0.417959289057
0.333333333333 4.60766922527 0.134958037104
0.333333333333 4.8171087355 0.0372113430281
0.333333333333 5.02654824574 0.386424130163
0.333333333333 5.23598775598 0.21898662174
0.333333333333 5.44542726622 0.202937651403
0.333333333333 5.65486677646 0.202313681109
0.333333333333 5.8643062867 0.457717855542
0.333333333333 6.07374579694 0.377024539905

0.4 0 0.312791053497
0.4 0.209439510239 0.429343176959
0.4 0.418879020479 0.41909516202
0.4 0.628318530718 0.526459770695
0.4 0.837758040957 0.510062419764
0.4 1.0471975512 0.414312551877
0.4 1.25663706144 0.281975045642
0.4 1.46607657168 0.301150237913
0.4 1.67551608191 0.569842287677
0.4 1.88495559215 0.889838103802
0.4 2.09439510239 0.227915384914
0.4 2.30383461263 0.273600338957
0.4 2.51327412287 0.132648072392
0.4 2.72271363311 0.10833339963
0.4 2.93215314335 0.274193084518
0.4 3.14159265359 0.185156559457
0.4 3.35103216383 0.356661674989
0.4 3.56047167407 0.270590592865
0.4 3.76991118431 0.251044032878
0.4 3.97935069455 0.418046727728
0.4 4.18879020479 0.558078853041
0.4 4.39822971503 0.329550704032
0.4 4.60766922527 0.119289023674
0.4 4.8171087355 0.030103144346
0.4 5.02654824574 0.399834010529
0.4 5.23598775598 0.202809381273
0.4 5.44542726622 0.214247917689
0.4 5.65486677646 0.215695885869
0.4 5.8643062867 0.414254897905
0.4 6.07374579694 0.428406112139

0.466666666667 0 0.272651583091
0.466666666667 0.209439510239 0.493878399358
0.466666666667 0.418879020479 0.409853237564
0.466666666667 0.628318530718 0.451756067947
0.466666666667 0.837758040957 0.463294784338
0.466666666667 1.0471975512 0.386990836395
0.466666666667 1.25663706144 0.273477472582
0.466666666667 1.46607657168 0.34885835152
0.466666666667 1.67551608191 0.660980177448
0.466666666667 1.88495559215 0.848060338707
0.466666666667 2.09439510239 0.191802999893
0.466666666667 2.30383461263 0.259088464375
0.466666666667 2.51327412287 0.141808312885
0.466666666667 2.72271363311 0.124473569633
0.466666666667 2.93215314335 0.265458039753
0.466666666667 3.14159265359 0.172807971037
0.466666666667 3.35103216383 0.346827547731
0.466666666667 3.56047167407 0.281200530071
0.466666666667 3.76991118431 0.334697118521
0.466666666667 3.97935069455 0.48557479241
0.466666666667 4.18879020479 0.512645204012
0.466666666667 4.39822971503 0.247525707449
0.466666666667 4.60766922527 0.108102128522
0.466666666667 4.8171087355 0.0301725765688
0.466666666667 5.02654824574 0.415164876923
0.466666666667 5.23598775598 0.181331402872
0.466666666667 5.44542726622 0.226722427414
0.466666666667 5.65486677646 0.232209917333
0.466666666667 5.8643062867 0.364156330298
0.466666666667 6.07374579694 0.486414990793

0.533333333333 0 0.22747913893
0.533333333333 0.209439510239 0.543932606261
0.533333333333 0.418879020479 0.479604071562
0.533333333333 0.628318530718 0.425977702321
0.533333333333 0.837758040957 0.423295058014
0.533333333333 1.0471975512 0.367542085605
0.533333333333 1.25663706144 0.291717286872
0.533333333333 1.46607657168 0.426179548658
0.533333333333 1.67551608191 0.747538561337
0.533333333333 1.88495559215 0.765098611643
0.533333333333 2.09439510239 0.161655991886
0.533333333333 2.30383461263 0.240687366375
0.533333333333 2.51327412287 0.154798692114
0.533333333333 2.72271363311 0.145651624946
0.533333333333 2.93215314335 0.270235102834
0.533333333333 3.14159265359 0.144114441817
0.533333333333 3.35103216383 0.373596784356
0.533333333333 3.56047167407 0.312718039237
0.533333333333 3.76991118431 0.428855225413
0.533333333333 3.97935069455 0.536457688071
0.533333333333 4.18879020479 0.442353963664
0.533333333333 4.39822971503 0.187531656861
0.533333333333 4.60766922527 0.0947375645553
0.533333333333 4.8171087355 0.0437966139324
0.533333333333 5.02654824574 0.428725212944
0.533333333333 5.23598775598 0.155497905133
0.533333333333 5.44542726622 0.239569890232
0.533333333333 5.65486677646 0.251653666087
0.533333333333 5.8643062867 0.315171125058
0.533333333333 6.07374579694 0.537144273467

0.6 0 0.200011657768
0.6 0.209439510239 0.525632937367
0.6 0.418879020479 0.603971637977
0.6 0.628318530718 0.506982815237
0.6 0.837758040957 0.459594896378
0.6 1.0471975512 0.398135461776
0.6 1.25663706144 0.343085161938
0.6 1.46607657168 0.517621452603
0.6 1.67551608191 0.798698574521
0.6 1.88495559215 0.637300696492
0.6 2.09439510239 0.142664537325
0.6 2.30383461263 0.219760760415
0.6 2.51327412287 0.173249217414
0.6 2.72271363311 0.17080009695
0.6 2.93215314335 0.299424431654
0.6 3.14159265359 0.0937326008762
0.6 3.35103216383 0.407623059054
0.6 3.56047167407 0.355799491206
0.6 3.76991118431 0.467034627286
0.6 3.97935069455 0.516306829273
0.6 4.18879020479 0.346471495269
0.6 4.39822971503 0.147082673739
0.6 4.60766922527 0.0729125074424
0.6 4.8171087355 0.0796567098782
0.6 5.02654824574 0.430945651639
0.6 5.23598775598 0.129342905275
0.6 5.44542726622 0.251173447047
0.6 5.65486677646 0.272838469175
0.6 5.8643062867 0.280926573626
0.6 6.07374579694 0.558313039128

0.666666666667 0 0.216903035708
0.666666666667 0.209439510239 0.408296507095
0.666666666667 0.418879020479 0.660437841584
0.666666666667 0.628318530718 0.640355115975
0.666666666667 0.837758040957 0.558760395255
0.666666666667 1.0471975512 0.44811849331
0.666666666667 1.25663706144 0.381277945381
0.666666666667 1.46607657168 0.592794620873
0.666666666667 1.67551608191 0.780753505481
0.666666666667 1.88495559215 0.484012368169
0.666666666667 2.09439510239 0.136907284359
0.666666666667 2.30383461263 0.19896502439
0.666666666667 2.51327412287 0.199783078733
0.666666666667 2.72271363311 0.194756634277
0.666666666667 2.93215314335 0.360728584144
0.666666666667 3.14159265359 0.0447740888183
0.666666666667 3.35103216383 0.37132780202
0.666666666667 3.56047167407 0.358726688846
0.666666666667 3.76991118431 0.373167316907
0.666666666667 3.97935069455 0.366480820333
0.666666666667 4.18879020479 0.216563088234
0.666666666667 4.39822971503 0.106682295114
0.666666666667 4.60766922527 0.0506451985703
0.666666666667 4.8171087355 0.143770536742
0.666666666667 5.02654824574 0.404697101092
0.666666666667 5.23598775598 0.111875803547
0.666666666667 5.44542726622 0.258658307769
0.666666666667 5.65486677646 0.292738776423
0.666666666667 5.8643062867 0.280900667495
0.666666666667 6.07374579694 0.527187261162

0.733333333333 0 0.274851801174
0.733333333333 0.209439510239 0.256734317763
0.733333333333 0.418879020479 0.513625196578
0.733333333333 0.628318530718 0.610183677817
0.733333333333 0.837758040957 0.538078238865
0.733333333333 1.0471975512 0.393267241822
0.733333333333 1.25663706144 0.377352259432
0.733333333333 1.46607657168 0.657627817796
0.733333333333 1.67551608191 0.697641708078
0.733333333333 1.88495559215 0.354018679294
0.733333333333 2.09439510239 0.135703028897
0.733333333333 2.30383461263 0.182634863287
0.733333333333 2.51327412287 0.237535529888
0.733333333333 2.72271363311 0.206201685278
0.733333333333 2.93215314335 0.437533073955
0.733333333333 3.14159265359 0.0654072479629
0.733333333333 3.35103216383 0.224608790794
0.733333333333 3.56047167407 0.285199348454
0.733333333333 3.76991118431 0.188861376709
0.733333333333 3.97935069455 0.138621198221
0.733333333333 4.18879020479 0.0859979943789
0.733333333333 4.39822971503 0.0717429071168
0.733333333333 4.60766922527 0.0586311382316
0.733333333333 4.8171087355 0.222413110331
0.733333333333 5.02654824574 0.331701620542
0.733333333333 5.23598775598 0.117842813046
0.733333333333 5.44542726622 0.257381011529
0.733333333333 5.65486677646 0.305171760405
0.733333333333 5.8643062867 0.335423153241
0.733333333333 6.07374579694 0.444884012799

0.8 0 0.307575702844
0.8 0.209439510239 0.220779146766
0.8 0.418879020479 0.289832589273
0.8 0.628318530718 0.36772735486
0.8 0.837758040957 0.345930855213
0.8 1.0471975512 0.323588237136
0.8 1.25663706144 0.507394994174
0.8 1.46607657168 0.777419993148
0.8 1.67551608191 0.609040618418
0.8 1.88495559215 0.282933951651
0.8 2.09439510239 0.114680012306
0.8 2.30383461263 0.175553477887
0.8 2.51327412287 0.285005371968
0.8 2.72271363311 0.195422353544
0.8 2.93215314335 0.456902683602
0.8 3.14159265359 0.206402755353
0.8 3.35103216383 0.0914548612032
0.8 3.56047167407 0.184422627861
0.8 3.76991118431 0.121892940474
0.8 3.97935069455 0.0675547366147
0.8 4.18879020479 0.0732097181971
0.8 4.39822971503 0.0873121492528
0.8 4.60766922527 0.116006518428
0.8 4.8171087355 0.255380391534
0.8 5.02654824574 0.219895447266
0.8 5.23598775598 0.163132527761
0.8 5.44542726622 0.2405123138
0.8 5.65486677646 0.298971510762
0.8 5.8643062867 0.448544095666
0.8 6.07374579694 0.378359031263

0.866666666667 0 0.297694622569
0.866666666667 0.209439510239 0.279879293294
0.866666666667 0.418879020479 0.328468927417
0.866666666667 0.628318530718 0.397037236552
0.866666666667 0.837758040957 0.489058107085
0.866666666667 1.0471975512 0.652497643246
0.866666666667 1.25663706144 0.848396222358
0.866666666667 1.46607657168 0.816122170485
0.866666666667 1.67551608191 0.484431057149
0.866666666667 1.88495559215 0.211327502958
0.866666666667 2.09439510239 0.0653854607315
0.866666666667 2.30383461263 0.175889787052
0.866666666667 2.51327412287 0.320700690939
0.866666666667 2.72271363311 0.187286233849
0.866666666667 2.93215314335 0.329605176624
0.866666666667 3.14159265359 0.334344941091
0.866666666667 3.35103216383 0.134921481504
0.866666666667 3.56047167407 0.109805695209
0.866666666667 3.76991118431 0.138353170976
0.866666666667 3.97935069455 0.137550050274
0.866666666667 4.18879020479 0.124257905402
0.866666666667 4.39822971503 0.11236492848
0.866666666667 4.60766922527 0.139845969327
0.866666666667 4.8171087355 0.16981809142
0.866666666667 5.02654824574 0.154374597383
0.866666666667 5.23598775598 0.244821952749
0.866666666667 5.44542726622 0.199342499053
0.866666666667 5.65486677646 0.256273634261
0.866666666667 5.8643062867 0.566895665841
0.866666666667 6.07374579694 0.472408623517

0.933333333333 0 0.560579501187
0.933333333333 0.209439510239 0.389192941218
0.933333333333 0.418879020479 0.358367497042
0.933333333333 0.628318530718 0.435699872182
0.933333333333 0.837758040957 0.538598643205
0.933333333333 1.0471975512 0.595923318965
0.933333333333 1.25663706144 0.551480951642
0.933333333333 1.46607657168 0.409709130121
0.933333333333 1.67551608191 0.253807827372
0.933333333333 1.88495559215 0.127077438021
0.933333333333 2.09439510239 0.0605216721769
0.933333333333 2.30383461263 0.162111059427
0.933333333333 2.51327412287 0.293426935456
0.933333333333 2.72271363311 0.247707638981
0.933333333333 2.93215314335 0.190944286983
0.933333333333 3.14159265359 0.211436503118
0.933333333333 3.35103216383 0.182566648246
0.933333333333 3.56047167407 0.110897159282
0.933333333333 3.76991118431 0.0603362140402
0.933333333333 3.97935069455 0.0376420361188
0.933333333333 4.18879020479 0.0306540299718
0.933333333333 4.39822971503 0.0397813075349
0.933333333333 4.60766922527 0.0736355252979
0.933333333333 4.8171087355 0.151718314349
0.933333333333 5.02654824574 0.271603710334
0.933333333333 5.23598775598 0.288154331405
0.933333333333 5.44542726622 0.126802891238
0.933333333333 5.65486677646 0.155243799567
0.933333333333 5.8643062867 0.506645077976
0.933333333333 6.07374579694 0.695883279737

