-1 0 0.198263936274
-1 0.209439510239 0.198263936274
-1 0.418879020479 0.198263936274
-1 0.628318530718 0.198263936274
-1 0.837758040957 0.198263936274
-1 1.0471975512 0.198263936274
-1 1.25663706144 0.198263936274
-1 1.46607657168 0.198263936274
-1 1.67551608191 0.198263936274
-1 1.88495559215 0.198263936274
-1 2.09439510239 0.198263936274
-1 2.30383461263 0.198263936274
-1 2.51327412287 0.198263936274
-1 2.72271363311 0.198263936274
-1 2.93215314335 0.198263936274
-1 3.14159265359 0.198263936274
-1 3.35103216383 0.198263936274
-1 3.56047167407 0.198263936274
-1 3.76991118431 0.198263936274
-1 3.97935069455 0.198263936274
-1 4.18879020479 0.198263936274
-1 4.39822971503 0.198263936274
-1 4.60766922527 0.198263936274
-1 4.8171087355 0.198263936274
-1 5.02654824574 0.198263936274
-1 5.23598775598 0.198263936274
-1 5.44542726622 0.198263936274
-1 5.65486677646 0.198263936274
-1 5.8643062867 0.198263936274
-1 6.07374579694 0.198263936274

-0.933333333333 0 0.244345840766
-0.933333333333 0.209439510239 0.256222670681
-0.933333333333 0.418879020479 0.279692370899
-0.933333333333 0.628318530718 0.304122827549
-0.933333333333 0.837758040957 0.300728011181
-0.933333333333 1.0471975512 0.251377024371
-0.933333333333 1.25663706144 0.165230406832
-0.933333333333 1.46607657168 0.0967537078994
-0.933333333333 1.67551608191 0.0908348062749
-0.933333333333 1.88495559215 0.0895905039363
-0.933333333333 2.09439510239 0.0932005731905
-0.933333333333 2.30383461263 0.244950858899
-0.933333333333 2.51327412287 0.36214659845
-0.933333333333 2.72271363311 0.209650098429
-0.933333333333 2.93215314335 0.0412882535752
-0.933333333333 3.14159265359 0.0182516880236
-0.933333333333 3.35103216383 0.0405688070266
-0.933333333333 3.56047167407 0.0485087667074
-0.933333333333 3.76991118431 0.0486862412783
-0.933333333333 3.97935069455 0.0478094321275
-0.933333333333 4.18879020479 0.0479520499329
-0.933333333333 4.39822971503 0.0565286062205
-0.933333333333 4.60766922527 0.0888665109209
-0.933333333333 4.8171087355 0.146807696339
-0.933333333333 5.02654824574 0.179395573177
-0.933333333333 5.23598775598 0.131026842104
-0.933333333333 5.44542726622 0.0532146538658
-0.933333333333 5.65486677646 0.031539525046
-0.933333333333 5.8643062867 0.0941048357299
-0.933333333333 6.07374579694 0.195889168358

-0.866666666667 0 0.229125287226
-0.866666666667 0.209439510239 0.284458151155
-0.866666666667 0.418879020479 0.328203305656
-0.866666666667 0.628318530718 0.353926151528
-0.866666666667 0.837758040957 0.402445449182
-0.866666666667 1.0471975512 0.459279946876
-0.866666666667 1.25663706144 0.4475583125
-0.866666666667 1.46607657168 0.273036652737
-0.866666666667 1.67551608191 0.0513121744632
-0.866666666667 1.88495559215 0.0794875233263
-0.866666666667 2.09439510239 0.108021018256
-0.866666666667 2.30383461263 0.178849689131
-0.866666666667 2.51327412287 0.302255223348
-0.866666666667 2.72271363311 0.0936556060217
-0.866666666667 2.93215314335 0.0383550034652
-0.866666666667 3.14159265359 0.0269887772331
-0.866666666667 3.35103216383 0.0170953705581
-0.866666666667 3.56047167407 0.0611810636143
-0.866666666667 3.76991118431 0.0931447733656
-0.866666666667 3.97935069455 0.0855191611298
-0.866666666667 4.18879020479 0.0559946153658
-0.866666666667 4.39822971503 0.0248910910544
-0.866666666667 4.60766922527 0.0064737210888
-0.866666666667 4.8171087355 0.0252707607109
-0.866666666667 5.02654824574 0.094338410167
-0.866666666667 5.23598775598 0.0925185133781
-0.866666666667 5.44542726622 0.0354467540157
-0.866666666667 5.65486677646 0.107586120339
-0.866666666667 5.8643062867 0.157058858255
-0.866666666667 6.07374579694 0.20805197706

-0.8 0 0.169587562541
-0.8 0.209439510239 0.171362185615
-0.8 0.418879020479 0.121067656442
-0.8 0.628318530718 0.105483973232
-0.8 0.837758040957 0.168995611972
-0.8 1.0471975512 0.292167929432
-0.8 1.25663706144 0.405987760793
-0.8 1.46607657168 0.411069386487
-0.8 1.67551608191 0.169496093401
-0.8 1.88495559215 0.0227392152491
-0.8 2.09439510239 0.151511866064
-0.8 2.30383461263 0.124621038743
-0.8 2.51327412287 0.238047013914
-0.8 2.72271363311 0.0819593981424
-0.8 2.93215314335 0.0636280330657
-0.8 3.14159265359 0.00434777460853
-0.8 3.35103216383 0.106975957931
-0.8 3.56047167407 0.209768716933
-0.8 3.76991118431 0.215964273604
-0.8 3.97935069455 0.176849901622
-0.8 4.18879020479 0.121388849676
-0.8 4.39822971503 0.0569978785099
-0.8 4.60766922527 0.0285705104043
-0.8 4.8171087355 0.0757240728873
-0.8 5.02654824574 0.0659229495246
-0.8 5.23598775598 0.062254758607
-0.8 5.44542726622 0.0611514384044
-0.8 5.65486677646 0.137023129764
-0.8 5.8643062867 0.133795435386
-0.8 6.07374579694 0.207711912165

-0.733333333333 0 0.10088873305
-0.733333333333 0.209439510239 0.100378662052
-0.733333333333 0.418879020479 0.0155534912208
-0.733333333333 0.628318530718 0.017236550369
-0.733333333333 0.837758040957 0.0571958641852
-0.733333333333 1.0471975512 0.17978092128
-0.733333333333 1.25663706144 0.347877756028
-0.733333333333 1.46607657168 0.384291367492
-0.733333333333 1.67551608191 0.273394265976
-0.733333333333 1.88495559215 0.00382696802199
-0.733333333333 2.09439510239 0.178129631459
-0.733333333333 2.30383461263 0.0902781631318
-0.733333333333 2.51327412287 0.18699481011
-0.733333333333 2.72271363311 0.11141870094
-0.733333333333 2.93215314335 0.0488485170719
-0.733333333333 3.14159265359 0.0503033992691
-0.733333333333 3.35103216383 0.23852982729
-0.733333333333 3.56047167407 0.292111166484
-0.733333333333 3.76991118431 0.249805927392
-0.733333333333 3.97935069455 0.216758211451
-0.733333333333 4.18879020479 0.187235391385
-0.733333333333 4.39822971503 0.10316436005
-0.733333333333 4.60766922527 0.0176344758064
-0.733333333333 4.8171087355 0.107356198814
-0.733333333333 5.02654824574 0.141544987877
-0.733333333333 5.23598775598 0.0484970698312
-0.733333333333 5.44542726622 0.112332132189
-0.733333333333 5.65486677646 0.112732305601
-0.733333333333 5.8643062867 0.127032711102
-0.733333333333 6.07374579694 0.191648153501

-0.666666666667 0 0.110823287859
-0.666666666667 0.209439510239 0.0803729302907
-0.666666666667 0.418879020479 0.0406456596363
-0.666666666667 0.628318530718 0.093779897678
-0.666666666667 0.837758040957 0.0771849935696
-0.666666666667 1.0471975512 0.112878767382
-0.666666666667 1.25663706144 0.325848387998
-0.666666666667 1.46607657168 0.394798851933
-0.666666666667 1.67551608191 0.291713578482
-0.666666666667 1.88495559215 0.0297105033266
-0.666666666667 2.09439510239 0.180706681538
-0.666666666667 2.30383461263 0.0725067122215
-0.666666666667 2.51327412287 0.149661448196
-0.666666666667 2.72271363311 0.145692946873
-0.666666666667 2.93215314335 0.028643162488
-0.666666666667 3.14159265359 0.138249820938
-0.666666666667 3.35103216383 0.313480450717
-0.666666666667 3.56047167407 0.284406008458
-0.666666666667 3.76991118431 0.203570260409
-0.666666666667 3.97935069455 0.201033036955
-0.666666666667 4.18879020479 0.238379168018
-0.666666666667 4.39822971503 0.174895894774
-0.666666666667 4.60766922527 0.0290015529729
-0.666666666667 4.8171087355 0.084129112217
-0.666666666667 5.02654824574 0.2160346956
-0.666666666667 5.23598775598 0.0493142179878
-0.666666666667 5.44542726622 0.163428307296
-0.666666666667 5.65486677646 0.073955967138
-0.666666666667 5.8643062867 0.146281760303
-0.666666666667 6.07374579694 0.140335041725

-0.6 0 0.162834761131
-0.6 0.209439510239 0.0696629755325
-0.6 0.418879020479 0.137054555311
-0.6 0.628318530718 0.224688984469
-0.6 0.837758040957 0.190713117164
-0.6 1.0471975512 0.119671976417
-0.6 1.25663706144 0.273199178169
-0.6 1.46607657168 0.456860129204
-0.6 1.67551608191 0.275489065835
-0.6 1.88495559215 0.0746829536696
-0.6 2.09439510239 0.166407886653
-0.6 2.30383461263 0.0662548003303
-0.6 2.51327412287 0.123246450648
-0.6 2.72271363311 0.171489706336
-0.6 2.93215314335 0.0250587707987
-0.6 3.14159265359 0.217973122616
-0.6 3.35103216383 0.331697682501
-0.6 3.56047167407 0.220098341742
-0.6 3.76991118431 0.127559463305
-0.6 3.97935069455 0.146890242599
-0.6 4.18879020479 0.24473719893
-0.6 4.39822971503 0.260165004958
-0.6 4.60766922527 0.0627832943231
-0.6 4.8171087355 0.078268097872
-0.6 5.02654824574 0.249008008088
-0.6 5.23598775598 0.057987770668
-0.6 5.44542726622 0.203081183935
-0.6 5.65486677646 0.0428526363937
-0.6 5.8643062867 0.168952942041
-0.6 6.07374579694 0.0911849345275

-0.533333333333 0 0.199758052746
-0.533333333333 0.209439510239 0.0712456060544
-0.533333333333 0.418879020479 0.203983410852
-0.533333333333 0.628318530718 0.285626857184
-0.533333333333 0.837758040957 0.293891066368
-0.533333333333 1.0471975512 0.19374101413
-0.533333333333 1.25663706144 0.213881693389
-0.533333333333 1.46607657168 0.506005297214
-0.533333333333 1.67551608191 0.273572414184
-0.533333333333 1.88495559215 0.116348358689
-0.533333333333 2.09439510239 0.144425845004
-0.533333333333 2.30383461263 0.0671555514776
-0.533333333333 2.51327412287 0.104766037257
-0.533333333333 2.72271363311 0.18681716168
-0.533333333333 2.93215314335 0.0403868369616
-0.533333333333 3.14159265359 0.271344768784
-0.533333333333 3.35103216383 0.310178864088
-0.533333333333 3.56047167407 0.145589636731
-0.533333333333 3.76991118431 0.0650820411397
-0.533333333333 3.97935069455 0.0829965729116
-0.533333333333 4.18879020479 0.192565940397
-0.533333333333 4.39822971503 0.318879353044
-0.533333333333 4.60766922527 0.110953867788
-0.533333333333 4.8171087355 0.097009030345
-0.533333333333 5.02654824574 0.259261479697
-0.533333333333 5.23598775598 0.0686929408013
-0.533333333333 5.44542726622 0.230180402793
-0.533333333333 5.65486677646 0.023805833978
-0.533333333333 5.8643062867 0.182528338391
-0.533333333333 6.07374579694 0.0660923373041

-0.466666666667 0 0.209261089316
-0.466666666667 0.209439510239 0.0781244480348
-0.466666666667 0.418879020479 0.201405693616
-0.466666666667 0.628318530718 0.274173812042
-0.466666666667 0.837758040957 0.336153531218
-0.466666666667 1.0471975512 0.2789903196
-0.466666666667 1.25663706144 0.181238297201
-0.466666666667 1.46607657168 0.512158638512
-0.466666666667 1.67551608191 0.298431647321
-0.466666666667 1.88495559215 0.144628904818
-0.466666666667 2.09439510239 0.121704694533
-0.466666666667 2.30383461263 0.0720119811864
-0.466666666667 2.51327412287 0.0918090327982
-0.466666666667 2.72271363311 0.193816306917
-0.466666666667 2.93215314335 0.068274843749
-0.466666666667 3.14159265359 0.300561051145
-0.466666666667 3.35103216383 0.269429666705
-0.466666666667 3.56047167407 0.087933146672
-0.466666666667 3.76991118431 0.0285955112254
-0.466666666667 3.97935069455 0.0323470081124
-0.466666666667 4.18879020479 0.110751390041
-0.466666666667 4.39822971503 0.31648531341
-0.466666666667 4.60766922527 0.16889416383
-0.466666666667 4.8171087355 0.115997852922
-0.466666666667 5.02654824574 0.26983269149
-0.466666666667 5.23598775598 0.0785086686044
-0.466666666667 5.44542726622 0.247135053481
-0.466666666667 5.65486677646 0.0145024152186
-0.466666666667 5.8643062867 0.186013861961
-0.466666666667 6.07374579694 0.0630072295948

-0.4 0 0.202489391065
-0.4 0.209439510239 0.0796109062306
-0.4 0.418879020479 0.167217087804
-0.4 0.628318530718 0.254364085038
-0.4 0.837758040957 0.335434317342
-0.4 1.0471975512 0.338948840373
-0.4 1.25663706144 0.179362494023
-0.4 1.46607657168 0.48223088747
-0.4 1.67551608191 0.340377731317
-0.4 1.88495559215 0.158574738522
-0.4 2.09439510239 0.102300355171
-0.4 2.30383461263 0.0786918939335
-0.4 2.51327412287 0.0826119157272
-0.4 2.72271363311 0.1954154635
-0.4 2.93215314335 0.101347549767
-0.4 3.14159265359 0.312075152151
-0.4 3.35103216383 0.226562841453
-0.4 3.56047167407 0.0529582301606
-0.4 3.76991118431 0.0145454094547
-0.4 3.97935069455 0.00823338785914
-0.4 4.18879020479 0.0389107732663
-0.4 4.39822971503 0.263648407891
-0.4 4.60766922527 0.223150392762
-0.4 4.8171087355 0.121507874153
-0.4 5.02654824574 0.289675006942
-0.4 5.23598775598 0.0865245025463
-0.4 5.44542726622 0.256848137544
-0.4 5.65486677646 0.011567386208
-0.4 5.8643062867 0.182819996455
-0.4 6.07374579694 0.0716129659639

-0.333333333333 0 0.191111814354
-0.333333333333 0.209439510239 0.0732451830826
-0.333333333333 0.418879020479 0.144732155118
-0.333333333333 0.628318530718 0.261646047202
-0.333333333333 0.837758040957 0.322167639725
-0.333333333333 1.0471975512 0.369160686084
-0.333333333333 1.25663706144 0.196707891195
-0.333333333333 1.46607657168 0.43478182725
-0.333333333333 1.67551608191 0.385395994003
-0.333333333333 1.88495559215 0.161352269515
-0.333333333333 2.09439510239 0.0879861101645
-0.333333333333 2.30383461263 0.0858758551539
-0.333333333333 2.51327412287 0.0759532843183
-0.333333333333 2.72271363311 0.194087553464
-0.333333333333 2.93215314335 0.134231960808
-0.333333333333 3.14159265359 0.311842323527
-0.333333333333 3.35103216383 0.190438752371
-0.333333333333 3.56047167407 0.0368290476971
-0.333333333333 3.76991118431 0.0162615262344
-0.333333333333 3.97935069455 0.0134828688946
-0.333333333333 4.18879020479 0.00433738179643
-0.333333333333 4.39822971503 0.193048036932
-0.333333333333 4.60766922527 0.262326954599
-0.333333333333 4.8171087355 0.114020888563
-0.333333333333 5.02654824574 0.317427845641
-0.333333333333 5.23598775598 0.0926379788738
-0.333333333333 5.44542726622 0.261792676798
-0.333333333333 5.65486677646 0.0122682646439
-0.333333333333 5.8643062867 0.176552850899
-0.333333333333 6.07374579694 0.083127581022

-0.266666666667 0 0.181383718968
-0.266666666667 0.209439510239 0.0627693306008
-0.266666666667 0.418879020479 0.14611220689
-0.266666666667 0.628318530718 0.29314986902
-0.266666666667 0.837758040957 0.313645762343
-0.266666666667 1.0471975512 0.379690195238
-0.266666666667 1.25663706144 0.221338007728
-0.266666666667 1.46607657168 0.385180478774
-0.266666666667 1.67551608191 0.423696595433
-0.266666666667 1.88495559215 0.156930839463
-0.266666666667 2.09439510239 0.0790765486196
-0.266666666667 2.30383461263 0.092807824873
-0.266666666667 2.51327412287 0.0710233110953
-0.266666666667 2.72271363311 0.191563839902
-0.266666666667 2.93215314335 0.163911569951
-0.266666666667 3.14159265359 0.304893323921
-0.266666666667 3.35103216383 0.163831178777
-0.266666666667 3.56047167407 0.0333530078832
-0.266666666667 3.76991118431 0.0276280855847
-0.266666666667 3.97935069455 0.0399842834584
-0.266666666667 4.18879020479 0.00927172085603
-0.266666666667 4.39822971503 0.132377101735
-0.266666666667 4.60766922527 0.28408158213
-0.266666666667 4.8171087355 0.0997603046085
-0.266666666667 5.02654824574 0.348337136667
-0.266666666667 5.23598775598 0.0969131125795
-0.266666666667 5.44542726622 0.263853766696
-0.266666666667 5.65486677646 0.0147407412724
-0.266666666667 5.8643062867 0.169715032179
-0.266666666667 6.07374579694 0.0927198010792

-0.2 0 0.175335875619
-0.2 0.209439510239 0.0523570332735
-0.2 0.418879020479 0.163082845821
-0.2 0.628318530718 0.332351185127
-0.2 0.837758040957 0.314192000298
-0.2 1.0471975512 0.381801035992
-0.2 1.25663706144 0.24552762248
-0.2 1.46607657168 0.342030303595
-0.2 1.67551608191 0.450970312697
-0.2 1.88495559215 0.148590711859
-0.2 2.09439510239 0.0751109093125
-0.2 2.30383461263 0.0990933951727
-0.2 2.51327412287 0.0673144796054
-0.2 2.72271363311 0.18890509138
-0.2 2.93215314335 0.189058533003
-0.2 3.14159265359 0.295296946954
-0.2 3.35103216383 0.146618057027
-0.2 3.56047167407 0.0372900731818
-0.2 3.76991118431 0.0438738919117
-0.2 3.97935069455 0.0754286294146
-0.2 4.18879020479 0.0379220850898
-0.2 4.39822971503 0.0935859798008
-0.2 4.60766922527 0.292274071394
-0.2 4.8171087355 0.0845142865781
-0.2 5.02654824574 0.378115940514
-0.2 5.23598775598 0.099387108393
-0.2 5.44542726622 0.264398041198
-0.2 5.65486677646 0.0178160112339
-0.2 5.8643062867 0.163690507132
-0.2 6.07374579694 0.0986381153181

-0.133333333333 0 0.172960105235
-0.133333333333 0.209439510239 0.0440965079657
-0.133333333333 0.418879020479 0.183954177446
-0.133333333333 0.628318530718 0.366651770872
-0.133333333333 0.837758040957 0.32236218626
-0.133333333333 1.0471975512 0.383133585981
-0.133333333333 1.25663706144 0.264957183523
-0.133333333333 1.46607657168 0.308582508742
-0.133333333333 1.67551608191 0.466752528757
-0.133333333333 1.88495559215 0.138536182832
-0.133333333333 2.09439510239 0.0753184903364
-0.133333333333 2.30383461263 0.104550394039
-0.133333333333 2.51327412287 0.0645435749989
-0.133333333333 2.72271363311 0.186658507567
-0.133333333333 2.93215314335 0.209234043193
-0.133333333333 3.14159265359 0.286135968192
-0.133333333333 3.35103216383 0.137568881141
-0.133333333333 3.56047167407 0.0452117203764
-0.133333333333 3.76991118431 0.061729879926
-0.133333333333 3.97935069455 0.109367634014
-0.133333333333 4.18879020479 0.0720013339612
-0.133333333333 4.39822971503 0.075349196473
-0.133333333333 4.60766922527 0.292433184892
-0.133333333333 4.8171087355 0.0716845804761
-0.133333333333 5.02654824574 0.404039588576
-0.133333333333 5.23598775598 0.100075632687
-0.133333333333 5.44542726622 0.264388182451
-0.133333333333 5.65486677646 0.0208042253424
-0.133333333333 5.8643062867 0.159072929795
-0.133333333333 6.07374579694 0.10078221053

-0.0666666666667 0 0.173667582757
-0.0666666666667 0.209439510239 0.038262562633
-0.0666666666667 0.418879020479 0.201145933035
-0.0666666666667 0.628318530718 0.391886974916
-0.0666666666667 0.837758040957 0.336324351206
-0.0666666666667 1.0471975512 0.387467355142
-0.0666666666667 1.25663706144 0.276896990212
-0.0666666666667 1.46607657168 0.285119438543
-0.0666666666667 1.67551608191 0.472532616105
-0.0666666666667 1.88495559215 0.128004459541
-0.0666666666667 2.09439510239 0.0788909224444
-0.0666666666667 2.30383461263 0.10910409001
-0.0666666666667 2.51327412287 0.0626031671704
-0.0666666666667 2.72271363311 0.184994637435
-0.0666666666667 2.93215314335 0.224271231462
-0.0666666666667 3.14159265359 0.279683040261
-0.0666666666667 3.35103216383 0.135170056757
-0.0666666666667 3.56047167407 0.0551626681008
-0.0666666666667 3.76991118431 0.0789642138494
-0.0666666666667 3.97935069455 0.13520471236
-0.0666666666667 4.18879020479 0.0993568580102
-0.0666666666667 4.39822971503 0.0708636075699
-0.0666666666667 4.60766922527 0.289154493795
-0.0666666666667 4.8171087355 0.0626711125388
-0.0666666666667 5.02654824574 0.424731240224
-0.0666666666667 5.23598775598 0.0990275183537
-0.0666666666667 5.44542726622 0.264487557819
-0.0666666666667 5.65486677646 0.0233246301994
-0.0666666666667 5.8643062867 0.155982550464
-0.0666666666667 6.07374579694 0.0996887655603

6.12323399574e-17 0 0.176930173245
6.12323399574e-17 0.209439510239 0.0342982643215
6.12323399574e-17 0.418879020479 0.211590137713
6.12323399574e-17 0.628318530718 0.409549099346
6.12323399574e-17 0.837758040957 0.355541557706
6.12323399574e-17 1.0471975512 0.395556914405
6.12323399574e-17 1.25663706144 0.27881139028
6.12323399574e-17 1.46607657168 0.270840897279
6.12323399574e-17 1.67551608191 0.470499988667
6.12323399574e-17 1.88495559215 0.117525107867
6.12323399574e-17 2.09439510239 0.0851099186278
6.12323399574e-17 2.30383461263 0.112716921014
6.12323399574e-17 2.51327412287 0.0615377968709
6.12323399574e-17 2.72271363311 0.183793431879
6.12323399574e-17 2.93215314335 0.233881833484
6.12323399574e-17 3.14159265359 0.277715934806
6.12323399574e-17 3.35103216383 0.138014891762
6.12323399574e-17 3.56047167407 0.066000670511
6.12323399574e-17 3.76991118431 0.0936629515161
6.12323399574e-17 3.97935069455 0.149818976715
6.12323399574e-17 4.18879020479 0.114845011242
6.12323399574e-17 4.39822971503 0.0738003301209
6.12323399574e-17 4.60766922527 0.285266257974
6.12323399574e-17 4.8171087355 0.0578597177909
6.12323399574e-17 5.02654824574 0.439590496516
6.12323399574e-17 5.23598775598 0.0963705954554
6.12323399574e-17 5.44542726622 0.265140944539
6.12323399574e-17 5.65486677646 0.0251925078612
6.12323399574e-17 5.8643062867 0.15428368939
6.12323399574e-17 6.07374579694 0.0960280460463

0.0666666666667 0 0.182385226038
0.0666666666667 0.209439510239 0.031560603751
0.0666666666667 0.418879020479 0.214675021078
0.0666666666667 0.628318530718 0.42269523358
0.0666666666667 0.837758040957 0.380087869805
0.0666666666667 1.0471975512 0.405286796489
0.0666666666667 1.25663706144 0.267709548299
0.0666666666667 1.46607657168 0.265075113932
0.0666666666667 1.67551608191 0.462966244848
0.0666666666667 1.88495559215 0.107186296899
0.0666666666667 2.09439510239 0.0933744060814
0.0666666666667 2.30383461263 0.115344508615
0.0666666666667 2.51327412287 0.0615394313556
0.0666666666667 2.72271363311 0.182681908963
0.0666666666667 2.93215314335 0.237462256048
0.0666666666667 3.14159265359 0.281779787212
0.0666666666667 3.35103216383 0.145019037823
0.0666666666667 3.56047167407 0.0768635404098
0.0666666666667 3.76991118431 0.103674609927
0.0666666666667 3.97935069455 0.152440108123
0.0666666666667 4.18879020479 0.118032902624
0.0666666666667 4.39822971503 0.0807000716834
0.0666666666667 4.60766922527 0.281843918759
0.0666666666667 4.8171087355 0.057447311902
0.0666666666667 5.02654824574 0.448270093825
0.0666666666667 5.23598775598 0.0923380908549
0.0666666666667 5.44542726622 0.266629530023
0.0666666666667 5.65486677646 0.026353237495
0.0666666666667 5.8643062867 0.153707691125
0.0666666666667 6.07374579694 0.0904634050725

0.133333333333 0 0.18961768727
0.133333333333 0.209439510239 0.0297960369585
0.133333333333 0.418879020479 0.21016401365
0.133333333333 0.628318530718 0.433014978378
0.133333333333 0.837758040957 0.408888400091
0.133333333333 1.0471975512 0.410813794616
0.133333333333 1.25663706144 0.240643046068
0.133333333333 1.46607657168 0.268021486376
0.133333333333 1.67551608191 0.452226768261
0.133333333333 1.88495559215 0.0968828845417
0.133333333333 2.09439510239 0.103156461164
0.133333333333 2.30383461263 0.116913501166
0.133333333333 2.51327412287 0.0629547132833
0.133333333333 2.72271363311 0.181041053603
0.133333333333 2.93215314335 0.234105648117
0.133333333333 3.14159265359 0.293170778944
0.133333333333 3.35103216383 0.155657289535
0.133333333333 3.56047167407 0.087008714882
0.133333333333 3.76991118431 0.106587470127
0.133333333333 3.97935069455 0.143686079865
0.133333333333 4.18879020479 0.110964399918
0.133333333333 4.39822971503 0.0911859967223
0.133333333333 4.60766922527 0.278408765772
0.133333333333 4.8171087355 0.061951755988
0.133333333333 5.02654824574 0.450317472534
0.133333333333 5.23598775598 0.0872815383384
0.133333333333 5.44542726622 0.269103277799
0.133333333333 5.65486677646 0.0268525073357
0.133333333333 5.8643062867 0.153910001384
0.133333333333 6.07374579694 0.0837339074248

0.2 0 0.197693078485
0.2 0.209439510239 0.0296014995049
0.2 0.418879020479 0.19677945094
0.2 0.628318530718 0.438844723433
0.2 0.837758040957 0.43725153598
0.2 1.0471975512 0.401511791865
0.2 1.25663706144 0.19725142625
0.2 1.46607657168 0.28118201388
0.2 1.67551608191 0.440553270842
0.2 1.88495559215 0.0865887908724
0.2 2.09439510239 0.113901401244
0.2 2.30383461263 0.117322249271
0.2 2.51327412287 0.0662922650401
0.2 2.72271363311 0.178016195496
0.2 2.93215314335 0.222887136279
0.2 3.14159265359 0.312345904974
0.2 3.35103216383 0.170380518252
0.2 3.56047167407 0.0962564989569
0.2 3.76991118431 0.100695138948
0.2 3.97935069455 0.125320993653
0.2 4.18879020479 0.0972197710512
0.2 4.39822971503 0.107349783802
0.2 4.60766922527 0.273037442114
0.2 4.8171087355 0.0724528597778
0.2 5.02654824574 0.444995917735
0.2 5.23598775598 0.0816785709777
0.2 5.44542726622 0.272592150045
0.2 5.65486677646 0.0268339981661
0.2 5.8643062867 0.154491793056
0.2 6.07374579694 0.0768717984557

0.266666666667 0 0.204460835372
0.266666666667 0.209439510239 0.0330370665261
0.266666666667 0.418879020479 0.171751686857
0.266666666667 0.628318530718 0.433343283891
0.266666666667 0.837758040957 0.454007910457
0.266666666667 1.0471975512 0.363172364534
0.266666666667 1.25663706144 0.145404594605
0.266666666667 1.46607657168 0.307362910888
0.266666666667 1.67551608191 0.429939598585
0.266666666667 1.88495559215 0.0767332942286
0.266666666667 2.09439510239 0.124877001043
0.266666666667 2.30383461263 0.1164741977
0.266666666667 2.51327412287 0.0722074465016
0.266666666667 2.72271363311 0.172587384434
0.266666666667 2.93215314335 0.203539537021
0.266666666667 3.14159265359 0.337388878531
0.266666666667 3.35103216383 0.191121425172
0.266666666667 3.56047167407 0.106191967402
0.266666666667 3.76991118431 0.0872854797346
0.266666666667 3.97935069455 0.101024267539
0.266666666667 4.18879020479 0.0823029618682
0.266666666667 4.39822971503 0.13272665162
0.266666666667 4.60766922527 0.262457181616
0.266666666667 4.8171087355 0.0905922186804
0.266666666667 5.02654824574 0.431290007015
0.266666666667 5.23598775598 0.0761404135013
0.266666666667 5.44542726622 0.276997771875
0.266666666667 5.65486677646 0.0265579080315
0.266666666667 5.8643062867 0.155019466006
0.266666666667 6.07374579694 0.0714826606202

0.333333333333 0 0.2058119092
0.333333333333 0.209439510239 0.0440896083963
0.333333333333 0.418879020479 0.132280073277
0.333333333333 0.628318530718 0.403455494091
0.333333333333 0.837758040957 0.440314767629
0.333333333333 1.0471975512 0.286104192889
0.333333333333 1.25663706144 0.10909980102
0.333333333333 1.46607657168 0.34966382729
0.333333333333 1.67551608191 0.421112844725
0.333333333333 1.88495559215 0.0687657985055
0.333333333333 2.09439510239 0.134975068924
0.333333333333 2.30383461263 0.114367450612
0.333333333333 2.51327412287 0.0814219294072
0.333333333333 2.72271363311 0.163799160637
0.333333333333 2.93215314335 0.177601114043
0.333333333333 3.14159265359 0.361401319122
0.333333333333 3.35103216383 0.221027303426
0.333333333333 3.56047167407 0.121787263683
0.333333333333 3.76991118431 0.0737242767499
0.333333333333 3.97935069455 0.0780886418461
0.333333333333 4.18879020479 0.0745968187189
0.333333333333 4.39822971503 0.170487356293
0.333333333333 4.60766922527 0.242526399674
0.333333333333 4.8171087355 0.118258533639
0.333333333333 5.02654824574 0.408122217571
0.333333333333 5.23598775598 0.0714189240189
0.333333333333 5.44542726622 0.282066385981
0.333333333333 5.65486677646 0.02643282547
0.333333333333 5.8643062867 0.155079624237
0.333333333333 6.07374579694 0.0699613172883

0.4 0 0.195631065415
0.4 0.209439510239 0.0676823013953
0.4 0.418879020479 0.0805349138619
0.4 0.628318530718 0.333699196392
0.4 0.837758040957 0.37622477146
0.4 1.0471975512 0.184412781645
0.4 1.25663706144 0.131275928898
0.4 1.46607657168 0.408244367171
0.4 1.67551608191 0.411341414026
0.4 1.88495559215 0.0659193236751
0.4 2.09439510239 0.142484978371
0.4 2.30383461263 0.111289425084
0.4 2.51327412287 0.0945001066699
0.4 2.72271363311 0.151310472662
0.4 2.93215314335 0.149825508804
0.4 3.14159265359 0.370048200021
0.4 3.35103216383 0.261257220642
0.4 3.56047167407 0.151941683675
0.4 3.76991118431 0.0747547416817
0.4 3.97935069455 0.0688196212477
0.4 4.18879020479 0.0853086220901
0.4 4.39822971503 0.220034483405
0.4 4.60766922527 0.20976140861
0.4 4.8171087355 0.156758463203
0.4 5.02654824574 0.374819171912
0.4 5.23598775598 0.0684078952232
0.4 5.44542726622 0.287342498551
0.4 5.65486677646 0.0270492770866
0.4 5.8643062867 0.154418373378
0.4 6.07374579694 0.0753755502022

0.466666666667 0 0.168193473845
0.466666666667 0.209439510239 0.104826709529
0.466666666667 0.418879020479 0.0317540194373
0.466666666667 0.628318530718 0.221913851797
0.466666666667 0.837758040957 0.263847932624
0.466666666667 1.0471975512 0.117840046894
0.466666666667 1.25663706144 0.254609909604
0.466666666667 1.46607657168 0.473447091838
0.466666666667 1.67551608191 0.391358995445
0.466666666667 1.88495559215 0.0738931005963
0.466666666667 2.09439510239 0.144915508082
0.466666666667 2.30383461263 0.108207069483
0.466666666667 2.51327412287 0.111354733314
0.466666666667 2.72271363311 0.136490271697
0.466666666667 2.93215314335 0.128756263318
0.466666666667 3.14159265359 0.343911109444
0.466666666667 3.35103216383 0.302574356215
0.466666666667 3.56047167407 0.205445775564
0.466666666667 3.76991118431 0.107517723469
0.466666666667 3.97935069455 0.088402991025
0.466666666667 4.18879020479 0.125345729239
0.466666666667 4.39822971503 0.271637977622
0.466666666667 4.60766922527 0.164433464389
0.466666666667 4.8171087355 0.205186631724
0.466666666667 5.02654824574 0.331824712771
0.466666666667 5.23598775598 0.0681280886532
0.466666666667 5.44542726622 0.292104224564
0.466666666667 5.65486677646 0.0291913661876
0.466666666667 5.8643062867 0.153218243574
0.466666666667 6.07374579694 0.0905581918351

0.533333333333 0 0.125324528411
0.533333333333 0.209439510239 0.142961411204
0.533333333333 0.418879020479 0.0157449640474
0.533333333333 0.628318530718 0.105184153045
0.533333333333 0.837758040957 0.159539856712
0.533333333333 1.0471975512 0.174412580151
0.533333333333 1.25663706144 0.467341151528
0.533333333333 1.46607657168 0.516835904397
0.533333333333 1.67551608191 0.344882150194
0.533333333333 1.88495559215 0.100353772162
0.533333333333 2.09439510239 0.139099531777
0.533333333333 2.30383461263 0.107501029782
0.533333333333 2.51327412287 0.130320661694
0.533333333333 2.72271363311 0.124229044485
0.533333333333 2.93215314335 0.123534255795
0.533333333333 3.14159265359 0.273756428892
0.533333333333 3.35103216383 0.315918897931
0.533333333333 3.56047167407 0.276147329268
0.533333333333 3.76991118431 0.178860388181
0.533333333333 3.97935069455 0.146682995655
0.533333333333 4.18879020479 0.196624563582
0.533333333333 4.39822971503 0.302305731448
0.533333333333 4.60766922527 0.114641689251
0.533333333333 4.8171087355 0.257903255535
0.533333333333 5.02654824574 0.281518670943
0.533333333333 5.23598775598 0.0716831794423
0.533333333333 5.44542726622 0.295283168656
0.533333333333 5.65486677646 0.0337821754012
0.533333333333 5.8643062867 0.152535858266
0.533333333333 6.07374579694 0.115883879553

0.6 0 0.0871614847833
0.6 0.209439510239 0.150465624774
0.6 0.418879020479 0.0502822592046
0.6 0.628318530718 0.0573256715153
0.6 0.837758040957 0.155135213106
0.6 1.0471975512 0.366604939643
0.6 1.25663706144 0.643269125066
0.6 1.46607657168 0.493320972509
0.6 1.67551608191 0.260750625835
0.6 1.88495559215 0.150299100353
0.6 2.09439510239 0.122210290487
0.6 2.30383461263 0.114199741576
0.6 2.51327412287 0.146774137864
0.6 2.72271363311 0.124954922359
0.6 2.93215314335 0.132686094033
0.6 3.14159265359 0.189166821127
0.6 3.35103216383 0.263385443828
0.6 3.56047167407 0.320234761821
0.6 3.76991118431 0.267710126668
0.6 3.97935069455 0.233722286655
0.6 4.18879020479 0.274977461543
0.6 4.39822971503 0.283769597976
0.6 4.60766922527 0.0785715499017
0.6 4.8171087355 0.302174942274
0.6 5.02654824574 0.228752484473
0.6 5.23598775598 0.0801766057693
0.6 5.44542726622 0.295378652262
0.6 5.65486677646 0.0416830948163
0.6 5.8643062867 0.154797974151
0.6 6.07374579694 0.145827873493

0.666666666667 0 0.0925418633183
0.666666666667 0.209439510239 0.105345348101
0.666666666667 0.418879020479 0.0880121493873
0.666666666667 0.628318530718 0.095805853595
0.666666666667 0.837758040957 0.242660153965
0.666666666667 1.0471975512 0.509836064324
0.666666666667 1.25663706144 0.577879963762
0.666666666667 1.46607657168 0.380959056792
0.666666666667 1.67551608191 0.165914837501
0.666666666667 1.88495559215 0.212014448853
0.666666666667 2.09439510239 0.0951582592497
0.666666666667 2.30383461263 0.137468078327
0.666666666667 2.51327412287 0.152174356635
0.666666666667 2.72271363311 0.153439572252
0.666666666667 2.93215314335 0.128925570666
0.666666666667 3.14159265359 0.165521583299
0.666666666667 3.35103216383 0.15627762294
0.666666666667 3.56047167407 0.279393033334
0.666666666667 3.76991118431 0.311061367991
0.666666666667 3.97935069455 0.299101907451
0.666666666667 4.18879020479 0.302525838898
0.666666666667 4.39822971503 0.21045074973
0.666666666667 4.60766922527 0.0793307855435
0.666666666667 4.8171087355 0.319973740478
0.666666666667 5.02654824574 0.180449528807
0.666666666667 5.23598775598 0.0945917798898
0.666666666667 5.44542726622 0.290392225857
0.666666666667 5.65486677646 0.0532202391421
0.666666666667 5.8643062867 0.163900414964
0.666666666667 6.07374579694 0.167018344644

0.733333333333 0 0.1608470063
0.733333333333 0.209439510239 0.0761923481203
0.733333333333 0.418879020479 0.0505241254048
0.733333333333 0.628318530718 0.0812807832651
0.733333333333 0.837758040957 0.204350991893
0.733333333333 1.0471975512 0.329217714564
0.733333333333 1.25663706144 0.270092638439
0.733333333333 1.46607657168 0.255145129607
0.733333333333 1.67551608191 0.137976329929
0.733333333333 1.88495559215 0.235234114397
0.733333333333 2.09439510239 0.0706191989559
0.733333333333 2.30383461263 0.189922415592
0.733333333333 2.51327412287 0.137616337079
0.733333333333 2.72271363311 0.213538944816
0.733333333333 2.93215314335 0.0757326561401
0.733333333333 3.14159265359 0.227120102424
0.733333333333 3.35103216383 0.110380974322
0.733333333333 3.56047167407 0.180238994924
0.733333333333 3.76991118431 0.262642871609
0.733333333333 3.97935069455 0.278662325937
0.733333333333 4.18879020479 0.241333861705
0.733333333333 4.39822971503 0.124089720387
0.733333333333 4.60766922527 0.123695391505
0.733333333333 4.8171087355 0.300168124072
0.733333333333 5.02654824574 0.143642280573
0.733333333333 5.23598775598 0.115650209237
0.733333333333 5.44542726622 0.277846258795
0.733333333333 5.65486677646 0.0672776231996
0.733333333333 5.8643062867 0.183635086232
0.733333333333 6.07374579694 0.166423361246

0.8 0 0.219181416173
0.8 0.209439510239 0.195845886134
0.8 0.418879020479 0.0851225207766
0.8 0.628318530718 0.0215096808246
0.8 0.837758040957 0.0313918728266
0.8 1.0471975512 0.0774666821212
0.8 1.25663706144 0.174916884963
0.8 1.46607657168 0.262781367742
0.8 1.67551608191 0.18462573588
0.8 1.88495559215 0.150279513945
0.8 2.09439510239 0.0822944019202
0.8 2.30383461263 0.27584581387
0.8 2.51327412287 0.111946062995
0.8 2.72271363311 0.259354770826
0.8 2.93215314335 0.013549305658
0.8 3.14159265359 0.200494731287
0.8 3.35103216383 0.193467769945
0.8 3.56047167407 0.148071115047
0.8 3.76991118431 0.180366982969
0.8 3.97935069455 0.187962126983
0.8 4.18879020479 0.140767100869
0.8 4.39822971503 0.0920150097856
0.8 4.60766922527 0.174446257205
0.8 4.8171087355 0.256238163093
0.8 5.02654824574 0.122603466382
0.8 5.23598775598 0.143615403291
0.8 5.44542726622 0.255047218684
0.8 5.65486677646 0.0799050635317
0.8 5.8643062867 0.21146755495
0.8 6.07374579694 0.160109987606

0.866666666667 0 0.167578575081
0.866666666667 0.209439510239 0.28155479236
0.866666666667 0.418879020479 0.344777991371
0.866666666667 0.628318530718 0.331297745804
0.866666666667 0.837758040957 0.328530435094
0.866666666667 1.0471975512 0.369922088877
0.866666666667 1.25663706144 0.382824166749
0.866666666667 1.46607657168 0.252172358165
0.866666666667 1.67551608191 0.117577076777
0.866666666667 1.88495559215 0.0161282641872
0.866666666667 2.09439510239 0.159849606444
0.866666666667 2.30383461263 0.358721328204
0.866666666667 2.51327412287 0.131480664066
0.866666666667 2.72271363311 0.20932510712
0.866666666667 2.93215314335 0.0627139266673
0.866666666667 3.14159265359 0.023185761709
0.866666666667 3.35103216383 0.12207915092
0.866666666667 3.56047167407 0.14214893264
0.866666666667 3.76991118431 0.128611993016
0.866666666667 3.97935069455 0.107592622611
0.866666666667 4.18879020479 0.0884008276391
0.866666666667 4.39822971503 0.114500655704
0.866666666667 4.60766922527 0.195672753063
0.866666666667 4.8171087355 0.214102438871
0.866666666667 5.02654824574 0.120606225771
0.866666666667 5.23598775598 0.177600797082
0.866666666667 5.44542726622 0.22006229228
0.866666666667 5.65486677646 0.0832321812153
0.866666666667 5.8643062867 0.222532818935
0.866666666667 6.07374579694 0.211675813734

0.933333333333 0 0.24144557403
0.933333333333 0.209439510239 0.158719527261
0.933333333333 0.418879020479 0.148857302969
0.933333333333 0.628318530718 0.180953405538
0.933333333333 0.837758040957 0.191508012665
0.933333333333 1.0471975512 0.153457601341
0.933333333333 1.25663706144 0.0880711834186
0.933333333333 1.46607657168 0.0470778959149
0.933333333333 1.67551608191 0.0344732074119
0.933333333333 1.88495559215 0.0623218842919
0.933333333333 2.09439510239 0.231548440555
0.933333333333 2.30383461263 0.356347541379
0.933333333333 2.51327412287 0.247827315269
0.933333333333 2.72271363311 0.166487645492
0.933333333333 2.93215314335 0.141561047122
0.933333333333 3.14159265359 0.0791972639673
0.933333333333 3.35103216383 0.034811329729
0.933333333333 3.56047167407 0.0331532111216
0.933333333333 3.76991118431 0.0493956015723
0.933333333333 3.97935069455 0.0757770712618
0.933333333333 4.18879020479 0.118701941795
0.933333333333 4.39822971503 0.172375608894
0.933333333333 4.60766922527 0.198889348978
0.933333333333 4.8171087355 0.171349755578
0.933333333333 5.02654824574 0.159392807095
0.933333333333 5.23598775598 0.211181752234
0.933333333333 5.44542726622 0.175377124146
0.933333333333 5.65486677646 0.0707194750197
0.933333333333 5.8643062867 0.150095794117
0.933333333333 6.07374579694 0.27801695757

