-1 0 0.100713100222
-1 0.209439510239 0.100713100221
-1 0.418879020479 0.100713100222
-1 0.628318530718 0.100713100222
-1 0.837758040957 0.100713100222
-1 1.0471975512 0.100713100222
-1 1.25663706144 0.100713100222
-1 1.46607657168 0.100713100222
-1 1.67551608191 0.100713100221
-1 1.88495559215 0.100713100221
-1 2.09439510239 0.100713100222
-1 2.30383461263 0.100713100222
-1 2.51327412287 0.100713100222
-1 2.72271363311 0.100713100222
-1 2.93215314335 0.100713100222
-1 3.14159265359 0.100713100222
-1 3.35103216383 0.100713100221
-1 3.56047167407 0.100713100222
-1 3.76991118431 0.100713100222
-1 3.97935069455 0.100713100222
-1 4.18879020479 0.100713100222
-1 4.39822971503 0.100713100222
-1 4.60766922527 0.100713100222
-1 4.8171087355 0.100713100221
-1 5.02654824574 0.100713100221
-1 5.23598775598 0.100713100222
-1 5.44542726622 0.100713100222
-1 5.65486677646 0.100713100222
-1 5.8643062867 0.100713100222
-1 6.07374579694 0.100713100222

-0.933333333333 0 0.17327032671
-0.933333333333 0.209439510239 0.211736896516
-0.933333333333 0.418879020479 0.22641823816
-0.933333333333 0.628318530718 0.217715849667
-0.933333333333 0.837758040957 0.209968269657
-0.933333333333 1.0471975512 0.218150492947
-0.933333333333 1.25663706144 0.2367548316
-0.933333333333 1.46607657168 0.250349670967
-0.933333333333 1.67551608191 0.239508000654
-0.933333333333 1.88495559215 0.175235844438
-0.933333333333 2.09439510239 0.098647350757
-0.933333333333 2.30383461263 0.130176864559
-0.933333333333 2.51327412287 0.149771015621
-0.933333333333 2.72271363311 0.0342752996819
-0.933333333333 2.93215314335 0.0728256705551
-0.933333333333 3.14159265359 0.348382963928
-0.933333333333 3.35103216383 0.56589386499
-0.933333333333 3.56047167407 0.588037310221
-0.933333333333 3.76991118431 0.493304291893
-0.933333333333 3.97935069455 0.362890852716
-0.933333333333 4.18879020479 0.224648781228
-0.933333333333 4.39822971503 0.107008933272
-0.933333333333 4.60766922527 0.0618180707874
-0.933333333333 4.8171087355 0.12108892225
-0.933333333333 5.02654824574 0.226613290958
-0.933333333333 5.23598775598 0.219209717618
-0.933333333333 5.44542726622 0.131750176306
-0.933333333333 5.65486677646 0.14335417697
-0.933333333333 5.8643062867 0.16875627407
-0.933333333333 6.07374579694 0.153545723461

-0.866666666667 0 0.147177492899
-0.866666666667 0.209439510239 0.192447338613
-0.866666666667 0.418879020479 0.213442734889
-0.866666666667 0.628318530718 0.158674113315
-0.866666666667 0.837758040957 0.0840962123935
-0.866666666667 1.0471975512 0.0285918093016
-0.866666666667 1.25663706144 0.0292186261054
-0.866666666667 1.46607657168 0.0989223004054
-0.866666666667 1.67551608191 0.222523529178
-0.866666666667 1.88495559215 0.296202899753
-0.866666666667 2.09439510239 0.152240219265
-0.866666666667 2.30383461263 0.141044237344
-0.866666666667 2.51327412287 0.203721774131
-0.866666666667 2.72271363311 0.0769398212763
-0.866666666667 2.93215314335 0.455633316768
-0.866666666667 3.14159265359 0.725854567652
-0.866666666667 3.35103216383 0.528343873847
-0.866666666667 3.56047167407 0.314622834254
-0.866666666667 3.76991118431 0.255145206618
-0.866666666667 3.97935069455 0.287703684745
-0.866666666667 4.18879020479 0.292013266592
-0.866666666667 4.39822971503 0.181962887228
-0.866666666667 4.60766922527 0.124058858725
-0.866666666667 4.8171087355 0.164773460303
-0.866666666667 5.02654824574 0.0821713410988
-0.866666666667 5.23598775598 0.118763016093
-0.866666666667 5.44542726622 0.13849306235
-0.866666666667 5.65486677646 0.202266601878
-0.866666666667 5.8643062867 0.282850436723
-0.866666666667 6.07374579694 0.236968783619

-0.8 0 0.248828651718
-0.8 0.209439510239 0.537072945842
-0.8 0.418879020479 0.489665726667
-0.8 0.628318530718 0.436034667803
-0.8 0.837758040957 0.355383467733
-0.8 1.0471975512 0.201404201167
-0.8 1.25663706144 0.0714619934597
-0.8 1.46607657168 0.0177512975014
-0.8 1.67551608191 0.0964596732255
-0.8 1.88495559215 0.291268952435
-0.8 2.09439510239 0.202911792752
-0.8 2.30383461263 0.143575686256
-0.8 2.51327412287 0.263618983837
-0.8 2.72271363311 0.16890464512
-0.8 2.93215314335 0.609795193169
-0.8 3.14159265359 0.468726091204
-0.8 3.35103216383 0.184636005381
-0.8 3.56047167407 0.0980596950314
-0.8 3.76991118431 0.109026071091
-0.8 3.97935069455 0.223213969891
-0.8 4.18879020479 0.404109758988
-0.8 4.39822971503 0.388200082811
-0.8 4.60766922527 0.148484848142
-0.8 4.8171087355 0.381960039038
-0.8 5.02654824574 0.244278294115
-0.8 5.23598775598 0.0399777137607
-0.8 5.44542726622 0.156913875992
-0.8 5.65486677646 0.217333469108
-0.8 5.8643062867 0.363665298239
-0.8 6.07374579694 0.1398604818

-0.733333333333 0 0.587148374152
-0.733333333333 0.209439510239 0.591477430397
-0.733333333333 0.418879020479 0.468424895724
-0.733333333333 0.628318530718 0.619534329776
-0.733333333333 0.837758040957 0.627684360469
-0.733333333333 1.0471975512 0.402979716806
-0.733333333333 1.25663706144 0.17802691691
-0.733333333333 1.46607657168 0.0628300559003
-0.733333333333 1.67551608191 0.0339037482697
-0.733333333333 1.88495559215 0.235915493032
-0.733333333333 2.09439510239 0.236293900019
-0.733333333333 2.30383461263 0.142192014112
-0.733333333333 2.51327412287 0.311016604799
-0.733333333333 2.72271363311 0.230167558326
-0.733333333333 2.93215314335 0.536699981459
-0.733333333333 3.14159265359 0.25627943418
-0.733333333333 3.35103216383 0.145446192109
-0.733333333333 3.56047167407 0.0822253018451
-0.733333333333 3.76991118431 0.110655484377
-0.733333333333 3.97935069455 0.179459634925
-0.733333333333 4.18879020479 0.315135420486
-0.733333333333 4.39822971503 0.516814648535
-0.733333333333 4.60766922527 0.212138367559
-0.733333333333 4.8171087355 0.32272069101
-0.733333333333 5.02654824574 0.45001400249
-0.733333333333 5.23598775598 0.0549773727689
-0.733333333333 5.44542726622 0.191396120079
-0.733333333333 5.65486677646 0.228087279325
-0.733333333333 5.8643062867 0.355210649961
-0.733333333333 6.07374579694 0.0631816526324

-0.666666666667 0 0.693108783279
-0.666666666667 0.209439510239 0.333080406018
-0.666666666667 0.418879020479 0.472478957529
-0.666666666667 0.628318530718 0.782434477197
-0.666666666667 0.837758040957 0.864005255719
-0.666666666667 1.0471975512 0.626505211955
-0.666666666667 1.25663706144 0.262800682667
-0.666666666667 1.46607657168 0.12066864328
-0.666666666667 1.67551608191 0.0266946443466
-0.666666666667 1.88495559215 0.184599925557
-0.666666666667 2.09439510239 0.252537941588
-0.666666666667 2.30383461263 0.139153294851
-0.666666666667 2.51327412287 0.341374075854
-0.666666666667 2.72271363311 0.252797920838
-0.666666666667 2.93215314335 0.416308443233
-0.666666666667 3.14159265359 0.231438407686
-0.666666666667 3.35103216383 0.177213145768
-0.666666666667 3.56047167407 0.146727472984
-0.666666666667 3.76991118431 0.302688965573
-0.666666666667 3.97935069455 0.324726027613
-0.666666666667 4.18879020479 0.211905324839
-0.666666666667 4.39822971503 0.397510067603
-0.666666666667 4.60766922527 0.345218637319
-0.666666666667 4.8171087355 0.207630270304
-0.666666666667 5.02654824574 0.511060828846
-0.666666666667 5.23598775598 0.109771701577
-0.666666666667 5.44542726622 0.227343892261
-0.666666666667 5.65486677646 0.238184045225
-0.666666666667 5.8643062867 0.278074392495
-0.666666666667 6.07374579694 0.141535708755

-0.6 0 0.527736517126
-0.6 0.209439510239 0.236664113415
-0.6 0.418879020479 0.57786535901
-0.6 0.628318530718 0.77783444836
-0.6 0.837758040957 0.910099157779
-0.6 1.0471975512 0.823018319961
-0.6 1.25663706144 0.376026038019
-0.6 1.46607657168 0.159833583159
-0.6 1.67551608191 0.0427537700579
-0.6 1.88495559215 0.152964743152
-0.6 2.09439510239 0.256291545617
-0.6 2.30383461263 0.135631651267
-0.6 2.51327412287 0.356835748287
-0.6 2.72271363311 0.251594221312
-0.6 2.93215314335 0.33605409994
-0.6 3.14159265359 0.276069444526
-0.6 3.35103216383 0.179856776844
-0.6 3.56047167407 0.251550506394
-0.6 3.76991118431 0.494961135295
-0.6 3.97935069455 0.470948275554
-0.6 4.18879020479 0.189378607983
-0.6 4.39822971503 0.175421587377
-0.6 4.60766922527 0.381752579805
-0.6 4.8171087355 0.194286945522
-0.6 5.02654824574 0.478739899202
-0.6 5.23598775598 0.162386801954
-0.6 5.44542726622 0.256871799599
-0.6 5.65486677646 0.242815374793
-0.6 5.8643062867 0.189654784838
-0.6 6.07374579694 0.291364286248

-0.533333333333 0 0.316872537381
-0.533333333333 0.209439510239 0.363318743628
-0.533333333333 0.418879020479 0.605001696783
-0.533333333333 0.628318530718 0.582779674924
-0.533333333333 0.837758040957 0.740006345141
-0.533333333333 1.0471975512 0.892831424492
-0.533333333333 1.25663706144 0.51346702988
-0.533333333333 1.46607657168 0.189940055541
-0.533333333333 1.67551608191 0.0652957200312
-0.533333333333 1.88495559215 0.138902299402
-0.533333333333 2.09439510239 0.252379096723
-0.533333333333 2.30383461263 0.132229728718
-0.533333333333 2.51327412287 0.361569946997
-0.533333333333 2.72271363311 0.241227204103
-0.533333333333 2.93215314335 0.303146857077
-0.533333333333 3.14159265359 0.309720749538
-0.533333333333 3.35103216383 0.16827316824
-0.533333333333 3.56047167407 0.338760312898
-0.533333333333 3.76991118431 0.546677918733
-0.533333333333 3.97935069455 0.470487485268
-0.533333333333 4.18879020479 0.198365576922
-0.533333333333 4.39822971503 0.035333030889
-0.533333333333 4.60766922527 0.309526436959
-0.533333333333 4.8171087355 0.242221336407
-0.533333333333 5.02654824574 0.430522946719
-0.533333333333 5.23598775598 0.200913650816
-0.533333333333 5.44542726622 0.279416137066
-0.533333333333 5.65486677646 0.241228877208
-0.533333333333 5.8643062867 0.121237828587
-0.533333333333 6.07374579694 0.412262780596

-0.466666666667 0 0.192424457891
-0.466666666667 0.209439510239 0.533196288572
-0.466666666667 0.418879020479 0.523714246881
-0.466666666667 0.628318530718 0.358041188873
-0.466666666667 0.837758040957 0.494114789659
-0.466666666667 1.0471975512 0.828965135968
-0.466666666667 1.25663706144 0.634014519452
-0.466666666667 1.46607657168 0.221080397411
-0.466666666667 1.67551608191 0.0879905317244
-0.466666666667 1.88495559215 0.136463365845
-0.466666666667 2.09439510239 0.244480294341
-0.466666666667 2.30383461263 0.129260027098
-0.466666666667 2.51327412287 0.359618008026
-0.466666666667 2.72271363311 0.230589987818
-0.466666666667 2.93215314335 0.298016430747
-0.466666666667 3.14159265359 0.317499329477
-0.466666666667 3.35103216383 0.163796371177
-0.466666666667 3.56047167407 0.387212278718
-0.466666666667 3.76991118431 0.484498868812
-0.466666666667 3.97935069455 0.365733321328
-0.466666666667 4.18879020479 0.208223005574
-0.466666666667 4.39822971503 0.0196794984103
-0.466666666667 4.60766922527 0.215816418677
-0.466666666667 4.8171087355 0.287357525911
-0.466666666667 5.02654824574 0.398476482813
-0.466666666667 5.23598775598 0.226385998361
-0.466666666667 5.44542726622 0.296862718355
-0.466666666667 5.65486677646 0.234959349533
-0.466666666667 5.8643062867 0.0782593783242
-0.466666666667 6.07374579694 0.472440775735

-0.4 0 0.159662305719
-0.4 0.209439510239 0.636197273125
-0.4 0.418879020479 0.413544000743
-0.4 0.628318530718 0.23534876471
-0.4 0.837758040957 0.311800843152
-0.4 1.0471975512 0.698550317536
-0.4 1.25663706144 0.710752487677
-0.4 1.46607657168 0.2560305553
-0.4 1.67551608191 0.108198386138
-0.4 1.88495559215 0.140776555703
-0.4 2.09439510239 0.23503363642
-0.4 2.30383461263 0.126898953574
-0.4 2.51327412287 0.354147542612
-0.4 2.72271363311 0.223477027429
-0.4 2.93215314335 0.302518397396
-0.4 3.14159265359 0.310904861336
-0.4 3.35103216383 0.172939734197
-0.4 3.56047167407 0.40907890266
-0.4 3.76991118431 0.391515141469
-0.4 3.97935069455 0.254153749897
-0.4 4.18879020479 0.221470738835
-0.4 4.39822971503 0.0801345573911
-0.4 4.60766922527 0.153552055548
-0.4 4.8171087355 0.307626113137
-0.4 5.02654824574 0.385190227274
-0.4 5.23598775598 0.242563873851
-0.4 5.44542726622 0.311081728955
-0.4 5.65486677646 0.225892547068
-0.4 5.8643062867 0.0554464473927
-0.4 6.07374579694 0.483237279929

-0.333333333333 0 0.17790994808
-0.333333333333 0.209439510239 0.666720444746
-0.333333333333 0.418879020479 0.3342630155
-0.333333333333 0.628318530718 0.234340938113
-0.333333333333 0.837758040957 0.24687827698
-0.333333333333 1.0471975512 0.573142497068
-0.333333333333 1.25663706144 0.743495007669
-0.333333333333 1.46607657168 0.292929545709
-0.333333333333 1.67551608191 0.124461487911
-0.333333333333 1.88495559215 0.148780136672
-0.333333333333 2.09439510239 0.225518180264
-0.333333333333 2.30383461263 0.12527096281
-0.333333333333 2.51327412287 0.347360340084
-0.333333333333 2.72271363311 0.220582929227
-0.333333333333 2.93215314335 0.306805453053
-0.333333333333 3.14159265359 0.302396006423
-0.333333333333 3.35103216383 0.193892300757
-0.333333333333 3.56047167407 0.421134571467
-0.333333333333 3.76991118431 0.321820523324
-0.333333333333 3.97935069455 0.189131771639
-0.333333333333 4.18879020479 0.243150136114
-0.333333333333 4.39822971503 0.161191935381
-0.333333333333 4.60766922527 0.126770138368
-0.333333333333 4.8171087355 0.307733395286
-0.333333333333 5.02654824574 0.384359638945
-0.333333333333 5.23598775598 0.252649884931
-0.333333333333 5.44542726622 0.323260177058
-0.333333333333 5.65486677646 0.215644781164
-0.333333333333 5.8643062867 0.0457645484008
-0.333333333333 6.07374579694 0.465756709505

-0.266666666667 0 0.211521520029
-0.266666666667 0.209439510239 0.656562694783
-0.266666666667 0.418879020479 0.296044529998
-0.266666666667 0.628318530718 0.306945361166
-0.266666666667 0.837758040957 0.283049127556
-0.266666666667 1.0471975512 0.492727648079
-0.266666666667 1.25663706144 0.747168661023
-0.266666666667 1.46607657168 0.328612205191
-0.266666666667 1.67551608191 0.136066805229
-0.266666666667 1.88495559215 0.158738882852
-0.266666666667 2.09439510239 0.216773401672
-0.266666666667 2.30383461263 0.124493664451
-0.266666666667 2.51327412287 0.340651236354
-0.266666666667 2.72271363311 0.221144662044
-0.266666666667 2.93215314335 0.307638786557
-0.266666666667 3.14159265359 0.298331057545
-0.266666666667 3.35103216383 0.222217051847
-0.266666666667 3.56047167407 0.431888975014
-0.266666666667 3.76991118431 0.28878737835
-0.266666666667 3.97935069455 0.172824095152
-0.266666666667 4.18879020479 0.268515732583
-0.266666666667 4.39822971503 0.232738317
-0.266666666667 4.60766922527 0.121304982933
-0.266666666667 4.8171087355 0.297806242703
-0.266666666667 5.02654824574 0.390034704525
-0.266666666667 5.23598775598 0.258756660132
-0.266666666667 5.44542726622 0.333912632824
-0.266666666667 5.65486677646 0.20547729603
-0.266666666667 5.8643062867 0.0435510394101
-0.266666666667 6.07374579694 0.436641943113

-0.2 0 0.241484812116
-0.2 0.209439510239 0.633454105843
-0.2 0.418879020479 0.284652834889
-0.2 0.628318530718 0.399086228546
-0.2 0.837758040957 0.378035271999
-0.2 1.0471975512 0.465624200644
-0.2 1.25663706144 0.738536130434
-0.2 1.46607657168 0.360369934109
-0.2 1.67551608191 0.14294180917
-0.2 1.88495559215 0.169664265625
-0.2 2.09439510239 0.209248830339
-0.2 2.30383461263 0.124701216325
-0.2 2.51327412287 0.33482536356
-0.2 2.72271363311 0.223927564112
-0.2 2.93215314335 0.305248096009
-0.2 3.14159265359 0.299971057343
-0.2 3.35103216383 0.253371506142
-0.2 3.56047167407 0.44280230696
-0.2 3.76991118431 0.283544265646
-0.2 3.97935069455 0.18362865758
-0.2 4.18879020479 0.288344764039
-0.2 4.39822971503 0.285125175865
-0.2 4.60766922527 0.124454253133
-0.2 4.8171087355 0.284902855943
-0.2 5.02654824574 0.398797400284
-0.2 5.23598775598 0.262114735371
-0.2 5.44542726622 0.343057977291
-0.2 5.65486677646 0.196345941481
-0.2 5.8643062867 0.0449916193182
-0.2 6.07374579694 0.405832647571

-0.133333333333 0 0.260894613859
-0.133333333333 0.209439510239 0.611909059605
-0.133333333333 0.418879020479 0.284760887823
-0.133333333333 0.628318530718 0.477857162108
-0.133333333333 0.837758040957 0.492681144321
-0.133333333333 1.0471975512 0.481730178257
-0.133333333333 1.25663706144 0.729454929092
-0.133333333333 1.46607657168 0.38629267756
-0.133333333333 1.67551608191 0.145483275737
-0.133333333333 1.88495559215 0.180898936329
-0.133333333333 2.09439510239 0.203166468978
-0.133333333333 2.30383461263 0.12605664116
-0.133333333333 2.51327412287 0.330296740023
-0.133333333333 2.72271363311 0.227694490973
-0.133333333333 2.93215314335 0.301116028057
-0.133333333333 3.14159265359 0.305915824761
-0.133333333333 3.35103216383 0.283672170219
-0.133333333333 3.56047167407 0.45286043339
-0.133333333333 3.76991118431 0.291696605006
-0.133333333333 3.97935069455 0.198347221346
-0.133333333333 4.18879020479 0.296202341697
-0.133333333333 4.39822971503 0.317738835548
-0.133333333333 4.60766922527 0.129534138118
-0.133333333333 4.8171087355 0.272394560378
-0.133333333333 5.02654824574 0.409350734917
-0.133333333333 5.23598775598 0.263358570541
-0.133333333333 5.44542726622 0.350392857844
-0.133333333333 5.65486677646 0.188970733824
-0.133333333333 5.8643062867 0.0477531753924
-0.133333333333 6.07374579694 0.378240397352

-0.0666666666667 0 0.268797625916
-0.0666666666667 0.209439510239 0.596521198359
-0.0666666666667 0.418879020479 0.287457566018
-0.0666666666667 0.628318530718 0.530354069309
-0.0666666666667 0.837758040957 0.599677052776
-0.0666666666667 1.0471975512 0.52412101253
-0.0666666666667 1.25663706144 0.72568963884
-0.0666666666667 1.46607657168 0.404900644919
-0.0666666666667 1.67551608191 0.144428088532
-0.0666666666667 1.88495559215 0.191856926053
-0.0666666666667 2.09439510239 0.198608273405
-0.0666666666667 2.30383461263 0.128757977372
-0.0666666666667 2.51327412287 0.327243693989
-0.0666666666667 2.72271363311 0.231365762147
-0.0666666666667 2.93215314335 0.296932990637
-0.0666666666667 3.14159265359 0.313759535532
-0.0666666666667 3.35103216383 0.310425112154
-0.0666666666667 3.56047167407 0.461405970905
-0.0666666666667 3.76991118431 0.301298565045
-0.0666666666667 3.97935069455 0.201920094673
-0.0666666666667 4.18879020479 0.291096739132
-0.0666666666667 4.39822971503 0.332925221154
-0.0666666666667 4.60766922527 0.134296174928
-0.0666666666667 4.8171087355 0.261529882783
-0.0666666666667 5.02654824574 0.421619280732
-0.0666666666667 5.23598775598 0.262734336979
-0.0666666666667 5.44542726622 0.355421918488
-0.0666666666667 5.65486677646 0.183900190634
-0.0666666666667 5.8643062867 0.0504961012607
-0.0666666666667 6.07374579694 0.355763974525

6.12323399574e-17 0 0.266535205883
6.12323399574e-17 0.209439510239 0.586485004531
6.12323399574e-17 0.418879020479 0.289063030423
6.12323399574e-17 0.628318530718 0.553833825224
6.12323399574e-17 0.837758040957 0.681289660099
6.12323399574e-17 1.0471975512 0.575179603851
6.12323399574e-17 1.25663706144 0.728297507908
6.12323399574e-17 1.46607657168 0.414611424152
6.12323399574e-17 1.67551608191 0.140868161766
6.12323399574e-17 1.88495559215 0.201872057011
6.12323399574e-17 2.09439510239 0.195543808247
6.12323399574e-17 2.30383461263 0.133041215733
6.12323399574e-17 2.51327412287 0.325722661528
6.12323399574e-17 2.72271363311 0.234033953771
6.12323399574e-17 2.93215314335 0.29434917211
6.12323399574e-17 3.14159265359 0.320786599201
6.12323399574e-17 3.35103216383 0.331468496257
6.12323399574e-17 3.56047167407 0.468695991465
6.12323399574e-17 3.76991118431 0.304993800834
6.12323399574e-17 3.97935069455 0.189284399756
6.12323399574e-17 4.18879020479 0.276805871745
6.12323399574e-17 4.39822971503 0.334291371569
6.12323399574e-17 4.60766922527 0.1386848997
6.12323399574e-17 4.8171087355 0.252898479646
6.12323399574e-17 5.02654824574 0.436009513573
6.12323399574e-17 5.23598775598 0.260228267131
6.12323399574e-17 5.44542726622 0.357547973931
6.12323399574e-17 5.65486677646 0.181564574453
6.12323399574e-17 5.8643062867 0.0524834106162
6.12323399574e-17 6.07374579694 0.33868837202

0.0666666666667 0 0.256382080931
0.0666666666667 0.209439510239 0.578406212146
0.0666666666667 0.418879020479 0.288449812589
0.0666666666667 0.628318530718 0.54837832469
0.0666666666667 0.837758040957 0.724987751834
0.0666666666667 1.0471975512 0.619060203175
0.0666666666667 1.25663706144 0.735563034751
0.0666666666667 1.46607657168 0.413326274895
0.0666666666667 1.67551608191 0.136391183367
0.0666666666667 1.88495559215 0.210134195225
0.0666666666667 2.09439510239 0.193809035856
0.0666666666667 2.30383461263 0.13918043502
0.0666666666667 2.51327412287 0.325749137895
0.0666666666667 2.72271363311 0.234944181774
0.0666666666667 2.93215314335 0.295117587364
0.0666666666667 3.14159265359 0.324092891668
0.0666666666667 3.35103216383 0.344364120214
0.0666666666667 3.56047167407 0.47497584016
0.0666666666667 3.76991118431 0.299928939698
0.0666666666667 3.97935069455 0.164147460112
0.0666666666667 4.18879020479 0.260375261314
0.0666666666667 4.39822971503 0.326637319419
0.0666666666667 4.60766922527 0.143295214077
0.0666666666667 4.8171087355 0.247438369573
0.0666666666667 5.02654824574 0.452884857108
0.0666666666667 5.23598775598 0.255644653406
0.0666666666667 5.44542726622 0.356136576852
0.0666666666667 5.65486677646 0.18231471578
0.0666666666667 5.8643062867 0.0533176740876
0.0666666666667 6.07374579694 0.326453026476

0.133333333333 0 0.24144240216
0.133333333333 0.209439510239 0.567734712114
0.133333333333 0.418879020479 0.285394110432
0.133333333333 0.628318530718 0.514564665898
0.133333333333 0.837758040957 0.721879120808
0.133333333333 1.0471975512 0.643567070443
0.133333333333 1.25663706144 0.744598724145
0.133333333333 1.46607657168 0.398308351182
0.133333333333 1.67551608191 0.133220965275
0.133333333333 1.88495559215 0.215732111361
0.133333333333 2.09439510239 0.193042835148
0.133333333333 2.30383461263 0.147484464046
0.133333333333 2.51327412287 0.327356015357
0.133333333333 2.72271363311 0.233514915453
0.133333333333 2.93215314335 0.301315489079
0.133333333333 3.14159265359 0.320573218613
0.133333333333 3.35103216383 0.345593930517
0.133333333333 3.56047167407 0.478694249821
0.133333333333 3.76991118431 0.287484901504
0.133333333333 3.97935069455 0.137303608361
0.133333333333 4.18879020479 0.250949512917
0.133333333333 4.39822971503 0.316058594594
0.133333333333 4.60766922527 0.148263754385
0.133333333333 4.8171087355 0.247194665407
0.133333333333 5.02654824574 0.472140984553
0.133333333333 5.23598775598 0.248664012597
0.133333333333 5.44542726622 0.350569200576
0.133333333333 5.65486677646 0.186443067009
0.133333333333 5.8643062867 0.0527845061344
0.133333333333 6.07374579694 0.317989539456

0.2 0 0.225931456942
0.2 0.209439510239 0.549849770957
0.2 0.418879020479 0.279857008274
0.2 0.628318530718 0.454844840745
0.2 0.837758040957 0.669522624587
0.2 1.0471975512 0.643632538484
0.2 1.25663706144 0.752158893617
0.2 1.46607657168 0.366587047488
0.2 1.67551608191 0.134126296396
0.2 1.88495559215 0.217857191837
0.2 2.09439510239 0.192590668388
0.2 2.30383461263 0.158288158751
0.2 2.51327412287 0.330635602328
0.2 2.72271363311 0.22946499781
0.2 2.93215314335 0.315368881422
0.2 3.14159265359 0.307210619189
0.2 3.35103216383 0.330353778549
0.2 3.56047167407 0.474295949209
0.2 3.76991118431 0.273189959431
0.2 3.97935069455 0.125000582066
0.2 4.18879020479 0.25878751707
0.2 4.39822971503 0.309437992186
0.2 4.60766922527 0.152262896867
0.2 4.8171087355 0.256012246305
0.2 5.02654824574 0.49276328141
0.2 5.23598775598 0.238904166075
0.2 5.44542726622 0.340299429951
0.2 5.65486677646 0.194181615085
0.2 5.8643062867 0.0507786062886
0.2 6.07374579694 0.311822957071

0.266666666667 0 0.215139237192
0.266666666667 0.209439510239 0.521760851714
0.266666666667 0.418879020479 0.27157134454
0.266666666667 0.628318530718 0.376274507551
0.266666666667 0.837758040957 0.577637889867
0.266666666667 1.0471975512 0.625862423144
0.266666666667 1.25663706144 0.753972200191
0.266666666667 1.46607657168 0.316235600127
0.266666666667 1.67551608191 0.141755815652
0.266666666667 1.88495559215 0.216235043264
0.266666666667 2.09439510239 0.19139761412
0.266666666667 2.30383461263 0.171935094787
0.266666666667 2.51327412287 0.335766555598
0.266666666667 2.72271363311 0.223121839924
0.266666666667 2.93215314335 0.339551060358
0.266666666667 3.14159265359 0.282137796892
0.266666666667 3.35103216383 0.293877563583
0.266666666667 3.56047167407 0.450600546764
0.266666666667 3.76991118431 0.265530404377
0.266666666667 3.97935069455 0.146001977287
0.266666666667 4.18879020479 0.293402692948
0.266666666667 4.39822971503 0.3124227995
0.266666666667 4.60766922527 0.151854235545
0.266666666667 4.8171087355 0.280079204342
0.266666666667 5.02654824574 0.512311697333
0.266666666667 5.23598775598 0.226001678604
0.266666666667 5.44542726622 0.324923583114
0.266666666667 5.65486677646 0.205669870185
0.266666666667 5.8643062867 0.0472977845021
0.266666666667 6.07374579694 0.306099484676

0.333333333333 0 0.214372638382
0.333333333333 0.209439510239 0.485039312706
0.333333333333 0.418879020479 0.259948733523
0.333333333333 0.628318530718 0.291702224361
0.333333333333 0.837758040957 0.471515503733
0.333333333333 1.0471975512 0.608940041673
0.333333333333 1.25663706144 0.741730717229
0.333333333333 1.46607657168 0.248792472308
0.333333333333 1.67551608191 0.157062973969
0.333333333333 1.88495559215 0.211795929984
0.333333333333 2.09439510239 0.187953744264
0.333333333333 2.30383461263 0.188746772258
0.333333333333 2.51327412287 0.343012925088
0.333333333333 2.72271363311 0.21600269165
0.333333333333 2.93215314335 0.374534741458
0.333333333333 3.14159265359 0.246896766225
0.333333333333 3.35103216383 0.235313786114
0.333333333333 3.56047167407 0.392476207083
0.333333333333 3.76991118431 0.271398332535
0.333333333333 3.97935069455 0.214693347601
0.333333333333 4.18879020479 0.359076206655
0.333333333333 4.39822971503 0.324879115689
0.333333333333 4.60766922527 0.142409514616
0.333333333333 4.8171087355 0.327776789508
0.333333333333 5.02654824574 0.526387090888
0.333333333333 5.23598775598 0.209724618021
0.333333333333 5.44542726622 0.304276708969
0.333333333333 5.65486677646 0.220882552159
0.333333333333 5.8643062867 0.0425036152759
0.333333333333 6.07374579694 0.298696263729

0.4 0 0.226254062478
0.4 0.209439510239 0.449548135241
0.4 0.418879020479 0.245816321575
0.4 0.628318530718 0.216696167814
0.4 0.837758040957 0.38490129815
0.4 1.0471975512 0.611107746314
0.4 1.25663706144 0.698701005358
0.4 1.46607657168 0.172306898262
0.4 1.67551608191 0.176979588453
0.4 1.88495559215 0.20735938943
0.4 2.09439510239 0.180445816779
0.4 2.30383461263 0.208968635801
0.4 2.51327412287 0.352662935996
0.4 2.72271363311 0.211754736301
0.4 2.93215314335 0.416659038243
0.4 3.14159265359 0.209820278841
0.4 3.35103216383 0.163906818374
0.4 3.56047167407 0.290529736383
0.4 3.76991118431 0.287726987827
0.4 3.97935069455 0.32812949381
0.4 4.18879020479 0.44596594157
0.4 4.39822971503 0.334163339706
0.4 4.60766922527 0.122791779391
0.4 4.8171087355 0.407617486053
0.4 5.02654824574 0.528321997501
0.4 5.23598775598 0.190115530005
0.4 5.44542726622 0.278562175634
0.4 5.65486677646 0.239503230557
0.4 5.8643062867 0.0368544501819
0.4 6.07374579694 0.287578723231

0.466666666667 0 0.246485886041
0.466666666667 0.209439510239 0.434756112157
0.466666666667 0.418879020479 0.238051613253
0.466666666667 0.628318530718 0.163369911837
0.466666666667 0.837758040957 0.338201001468
0.466666666667 1.0471975512 0.623282844311
0.466666666667 1.25663706144 0.600916250945
0.466666666667 1.46607657168 0.102372215192
0.466666666667 1.67551608191 0.193108667497
0.466666666667 1.88495559215 0.207511504333
0.466666666667 2.09439510239 0.167457982836
0.466666666667 2.30383461263 0.232670270057
0.466666666667 2.51327412287 0.364836938835
0.466666666667 2.72271363311 0.217421802303
0.466666666667 2.93215314335 0.454333656487
0.466666666667 3.14159265359 0.188789844159
0.466666666667 3.35103216383 0.103055755823
0.466666666667 3.56047167407 0.161032520958
0.466666666667 3.76991118431 0.295545567798
0.466666666667 3.97935069455 0.449956870632
0.466666666667 4.18879020479 0.517951481476
0.466666666667 4.39822971503 0.31165546279
0.466666666667 4.60766922527 0.105634509111
0.466666666667 4.8171087355 0.522440922178
0.466666666667 5.02654824574 0.509628641669
0.466666666667 5.23598775598 0.167646334309
0.466666666667 5.44542726622 0.248519503531
0.466666666667 5.65486677646 0.260725973019
0.466666666667 5.8643062867 0.0313127737835
0.466666666667 6.07374579694 0.271537376887

0.533333333333 0 0.260350620672
0.533333333333 0.209439510239 0.460512979614
0.533333333333 0.418879020479 0.265454805727
0.533333333333 0.628318530718 0.142372196327
0.533333333333 0.837758040957 0.318189786793
0.533333333333 1.0471975512 0.594194895893
0.533333333333 1.25663706144 0.437032479924
0.533333333333 1.46607657168 0.0559711298277
0.533333333333 1.67551608191 0.195910232587
0.533333333333 1.88495559215 0.21581604842
0.533333333333 2.09439510239 0.149906787401
0.533333333333 2.30383461263 0.259536627669
0.533333333333 2.51327412287 0.379032371298
0.533333333333 2.72271363311 0.24455610865
0.533333333333 2.93215314335 0.466309600639
0.533333333333 3.14159265359 0.20810049598
0.533333333333 3.35103216383 0.0823636303748
0.533333333333 3.56047167407 0.0608785533523
0.533333333333 3.76991118431 0.269918605705
0.533333333333 3.97935069455 0.506202150509
0.533333333333 4.18879020479 0.508789639965
0.533333333333 4.39822971503 0.22746038386
0.533333333333 4.60766922527 0.129877887413
0.533333333333 4.8171087355 0.658639676234
0.533333333333 5.02654824574 0.462080831408
0.533333333333 5.23598775598 0.143338669629
0.533333333333 5.44542726622 0.215625738936
0.533333333333 5.65486677646 0.28296766224
0.533333333333 5.8643062867 0.0275948743537
0.533333333333 6.07374579694 0.251225252211

0.6 0 0.246051919885
0.6 0.209439510239 0.517408833025
0.6 0.418879020479 0.376689195993
0.6 0.628318530718 0.187666793266
0.6 0.837758040957 0.3030419016
0.6 1.0471975512 0.480384702073
0.6 1.25663706144 0.245518761547
0.6 1.46607657168 0.0369463310589
0.6 1.67551608191 0.1887363122
0.6 1.88495559215 0.226961828655
0.6 2.09439510239 0.135318409725
0.6 2.30383461263 0.288358815095
0.6 2.51327412287 0.393185672822
0.6 2.72271363311 0.308436161866
0.6 2.93215314335 0.428929491693
0.6 3.14159265359 0.280888073354
0.6 3.35103216383 0.112744860613
0.6 3.56047167407 0.0543228554275
0.6 3.76991118431 0.20706084668
0.6 3.97935069455 0.420083412844
0.6 4.18879020479 0.356867231021
0.6 4.39822971503 0.101055344241
0.6 4.60766922527 0.257595509822
0.6 4.8171087355 0.7734680576
0.6 5.02654824574 0.382382631223
0.6 5.23598775598 0.118778291638
0.6 5.44542726622 0.182307634326
0.6 5.65486677646 0.303482768673
0.6 5.8643062867 0.0283369399919
0.6 6.07374579694 0.229846750644

0.666666666667 0 0.193979304018
0.666666666667 0.209439510239 0.527997538158
0.666666666667 0.418879020479 0.577485247965
0.666666666667 0.628318530718 0.367309580703
0.666666666667 0.837758040957 0.340204962876
0.666666666667 1.0471975512 0.349526979312
0.666666666667 1.25663706144 0.114617358324
0.666666666667 1.46607657168 0.034058970934
0.666666666667 1.67551608191 0.200590096406
0.666666666667 1.88495559215 0.216187984263
0.666666666667 2.09439510239 0.145022110033
0.666666666667 2.30383461263 0.31566992702
0.666666666667 2.51327412287 0.401938356604
0.666666666667 2.72271363311 0.42090327132
0.666666666667 2.93215314335 0.342753344267
0.666666666667 3.14159265359 0.379551645208
0.666666666667 3.35103216383 0.168853762836
0.666666666667 3.56047167407 0.122680444961
0.666666666667 3.76991118431 0.132275531655
0.666666666667 3.97935069455 0.198336721794
0.666666666667 4.18879020479 0.11006986925
0.666666666667 4.39822971503 0.0660515161918
0.666666666667 4.60766922527 0.518780604194
0.666666666667 4.8171087355 0.79396743994
0.666666666667 5.02654824574 0.279244986692
0.666666666667 5.23598775598 0.0959763045524
0.666666666667 5.44542726622 0.152102035311
0.666666666667 5.65486677646 0.317914242374
0.666666666667 5.8643062867 0.03684381426
0.666666666667 6.07374579694 0.211915534778

0.733333333333 0 0.141387631838
0.733333333333 0.209439510239 0.375580181373
0.733333333333 0.418879020479 0.687605989201
0.733333333333 0.628318530718 0.633153855026
0.733333333333 0.837758040957 0.4923320944
0.733333333333 1.0471975512 0.323659514446
0.733333333333 1.25663706144 0.0826121212219
0.733333333333 1.46607657168 0.0630580120348
0.733333333333 1.67551608191 0.249185083954
0.733333333333 1.88495559215 0.149938358087
0.733333333333 2.09439510239 0.21811750366
0.733333333333 2.30383461263 0.332243987406
0.733333333333 2.51327412287 0.393939469821
0.733333333333 2.72271363311 0.56884120556
0.733333333333 2.93215314335 0.274261819598
0.733333333333 3.14159265359 0.444220520731
0.733333333333 3.35103216383 0.231178850959
0.733333333333 3.56047167407 0.164442608953
0.733333333333 3.76991118431 0.0864769070806
0.733333333333 3.97935069455 0.0253280700045
0.733333333333 4.18879020479 0.0317656896304
0.733333333333 4.39822971503 0.308456579138
0.733333333333 4.60766922527 0.796449049008
0.733333333333 4.8171087355 0.654253640805
0.733333333333 5.02654824574 0.178658231189
0.733333333333 5.23598775598 0.0772229561835
0.733333333333 5.44542726622 0.129621644052
0.733333333333 5.65486677646 0.319927141427
0.733333333333 5.8643062867 0.0557185059807
0.733333333333 6.07374579694 0.198015799327

0.8 0 0.172339719839
0.8 0.209439510239 0.117784025727
0.8 0.418879020479 0.399321625309
0.8 0.628318530718 0.572311231357
0.8 0.837758040957 0.49241968567
0.8 1.0471975512 0.269493781924
0.8 1.25663706144 0.0832495347895
0.8 1.46607657168 0.169155079068
0.8 1.67551608191 0.24400200328
0.8 1.88495559215 0.0714827494872
0.8 2.09439510239 0.379505481606
0.8 2.30383461263 0.316901803496
0.8 2.51327412287 0.350035571273
0.8 2.72271363311 0.676706500171
0.8 2.93215314335 0.335458960516
0.8 3.14159265359 0.485562030081
0.8 3.35103216383 0.378392593396
0.8 3.56047167407 0.230334715609
0.8 3.76991118431 0.175767710824
0.8 3.97935069455 0.188156502336
0.8 4.18879020479 0.36998442954
0.8 4.39822971503 0.71032377921
0.8 4.60766922527 0.809007550569
0.8 4.8171087355 0.387997280677
0.8 5.02654824574 0.115835620154
0.8 5.23598775598 0.0657096005249
0.8 5.44542726622 0.119997653606
0.8 5.65486677646 0.301375783415
0.8 5.8643062867 0.0832485882486
0.8 6.07374579694 0.1760137984

0.866666666667 0 0.267323516034
0.866666666667 0.209439510239 0.148528669763
0.866666666667 0.418879020479 0.0526837661613
0.866666666667 0.628318530718 0.0873209827842
0.866666666667 0.837758040957 0.105282378429
0.866666666667 1.0471975512 0.0929007402495
0.866666666667 1.25663706144 0.156946643294
0.866666666667 1.46607657168 0.241063063886
0.866666666667 1.67551608191 0.119338149224
0.866666666667 1.88495559215 0.178303109784
0.866666666667 2.09439510239 0.518166262797
0.866666666667 2.30383461263 0.240430965078
0.866666666667 2.51327412287 0.254344293284
0.866666666667 2.72271363311 0.605040746777
0.866666666667 2.93215314335 0.462828512334
0.866666666667 3.14159265359 0.565681299236
0.866666666667 3.35103216383 0.676334897712
0.866666666667 3.56047167407 0.585080807283
0.866666666667 3.76991118431 0.538454479257
0.866666666667 3.97935069455 0.604482631227
0.866666666667 4.18879020479 0.722128897158
0.866666666667 4.39822971503 0.728005873268
0.866666666667 4.60766922527 0.479422137612
0.866666666667 4.8171087355 0.182764354307
0.866666666667 5.02654824574 0.101879522667
0.866666666667 5.23598775598 0.0689785612957
0.866666666667 5.44542726622 0.126961220909
0.866666666667 5.65486677646 0.254261609272
0.866666666667 5.8643062867 0.106891802703
0.866666666667 6.07374579694 0.120431069646

0.933333333333 0 0.139346866678
0.933333333333 0.209439510239 0.277610324008
0.933333333333 0.418879020479 0.31952365764
0.933333333333 0.628318530718 0.30107114386
0.933333333333 0.837758040957 0.286695644067
0.933333333333 1.0471975512 0.282290609184
0.933333333333 1.25663706144 0.249473001682
0.933333333333 1.46607657168 0.183416699359
0.933333333333 1.67551608191 0.207744321312
0.933333333333 1.88495559215 0.366981313454
0.933333333333 2.09439510239 0.352551115266
0.933333333333 2.30383461263 0.117528391291
0.933333333333 2.51327412287 0.139110693122
0.933333333333 2.72271363311 0.323787627886
0.933333333333 2.93215314335 0.338947338586
0.933333333333 3.14159265359 0.385512784666
0.933333333333 3.35103216383 0.564494069051
0.933333333333 3.56047167407 0.703863605807
0.933333333333 3.76991118431 0.730302707118
0.933333333333 3.97935069455 0.674362510864
0.933333333333 4.18879020479 0.554775921294
0.933333333333 4.39822971503 0.383971359217
0.933333333333 4.60766922527 0.218495706974
0.933333333333 4.8171087355 0.127410509118
0.933333333333 5.02654824574 0.103911979675
0.933333333333 5.23598775598 0.106388864471
0.933333333333 5.44542726622 0.146593490244
0.933333333333 5.65486677646 0.178112054767
0.933333333333 5.8643062867 0.0998619951771
0.933333333333 6.07374579694 0.0373272671404

