-1 0 0.174080051179
-1 0.209439510239 0.174080051179
-1 0.418879020479 0.174080051179
-1 0.628318530718 0.174080051179
-1 0.837758040957 0.174080051179
-1 1.0471975512 0.174080051179
-1 1.25663706144 0.174080051179
-1 1.46607657168 0.174080051179
-1 1.67551608191 0.174080051179
-1 1.88495559215 0.174080051179
-1 2.09439510239 0.174080051179
-1 2.30383461263 0.174080051179
-1 2.51327412287 0.174080051179
-1 2.72271363311 0.174080051179
-1 2.93215314335 0.174080051179
-1 3.14159265359 0.174080051179
-1 3.35103216383 0.174080051179
-1 3.56047167407 0.174080051179
-1 3.76991118431 0.174080051179
-1 3.97935069455 0.174080051179
-1 4.18879020479 0.174080051179
-1 4.39822971503 0.174080051179
-1 4.60766922527 0.174080051179
-1 4.8171087355 0.174080051179
-1 5.02654824574 0.174080051179
-1 5.23598775598 0.174080051179
-1 5.44542726622 0.174080051179
-1 5.65486677646 0.174080051179
-1 5.8643062867 0.174080051179
-1 6.07374579694 0.174080051179

-0.933333333333 0 0.248869327877
-0.933333333333 0.209439510239 0.231474118928
-0.933333333333 0.418879020479 0.247463974429
-0.933333333333 0.628318530718 0.225074382023
-0.933333333333 0.837758040957 0.170633116904
-0.933333333333 1.0471975512 0.102865056318
-0.933333333333 1.25663706144 0.0459527186896
-0.933333333333 1.46607657168 0.0244780321532
-0.933333333333 1.67551608191 0.0329930748803
-0.933333333333 1.88495559215 0.0520912810868
-0.933333333333 2.09439510239 0.0771008415257
-0.933333333333 2.30383461263 0.0917783510869
-0.933333333333 2.51327412287 0.0959777522209
-0.933333333333 2.72271363311 0.110113688027
-0.933333333333 2.93215314335 0.150803275399
-0.933333333333 3.14159265359 0.180952743295
-0.933333333333 3.35103216383 0.160315240354
-0.933333333333 3.56047167407 0.13164479685
-0.933333333333 3.76991118431 0.141966347032
-0.933333333333 3.97935069455 0.189981895184
-0.933333333333 4.18879020479 0.263206890188
-0.933333333333 4.39822971503 0.333194047172
-0.933333333333 4.60766922527 0.299894836487
-0.933333333333 4.8171087355 0.121733341656
-0.933333333333 5.02654824574 0.117872593245
-0.933333333333 5.23598775598 0.418666342577
-0.933333333333 5.44542726622 0.382303895803
-0.933333333333 5.65486677646 0.108235658991
-0.933333333333 5.8643062867 0.229131839225
-0.933333333333 6.07374579694 0.330386305538

-0.866666666667 0 0.334018432587
-0.866666666667 0.209439510239 0.452761354749
-0.866666666667 0.418879020479 0.449703680144
-0.866666666667 0.628318530718 0.425130364519
-0.866666666667 0.837758040957 0.393559147785
-0.866666666667 1.0471975512 0.343269450007
-0.866666666667 1.25663706144 0.223951876208
-0.866666666667 1.46607657168 0.06534642962
-0.866666666667 1.67551608191 0.022854081809
-0.866666666667 1.88495559215 0.0501296551197
-0.866666666667 2.09439510239 0.0634452932778
-0.866666666667 2.30383461263 0.0730790158055
-0.866666666667 2.51327412287 0.0819236556889
-0.866666666667 2.72271363311 0.133489975555
-0.866666666667 2.93215314335 0.177808969385
-0.866666666667 3.14159265359 0.103116844834
-0.866666666667 3.35103216383 0.0853291214631
-0.866666666667 3.56047167407 0.242497185647
-0.866666666667 3.76991118431 0.39638497394
-0.866666666667 3.97935069455 0.441549207162
-0.866666666667 4.18879020479 0.381674292391
-0.866666666667 4.39822971503 0.287282514577
-0.866666666667 4.60766922527 0.356586346823
-0.866666666667 4.8171087355 0.441475793642
-0.866666666667 5.02654824574 0.0989798080452
-0.866666666667 5.23598775598 0.325428995042
-0.866666666667 5.44542726622 0.5247222265
-0.866666666667 5.65486677646 0.105020947049
-0.866666666667 5.8643062867 0.637974492207
-0.866666666667 6.07374579694 0.455778336263

-0.8 0 0.41430786318
-0.8 0.209439510239 0.606791733753
-0.8 0.418879020479 0.619387393528
-0.8 0.628318530718 0.470309766247
-0.8 0.837758040957 0.287179749265
-0.8 1.0471975512 0.23495289243
-0.8 1.25663706144 0.292891851459
-0.8 1.46607657168 0.207888218098
-0.8 1.67551608191 0.0401025425008
-0.8 1.88495559215 0.0614052710742
-0.8 2.09439510239 0.0662223448441
-0.8 2.30383461263 0.077002439576
-0.8 2.51327412287 0.077791911565
-0.8 2.72271363311 0.137865724831
-0.8 2.93215314335 0.164738872824
-0.8 3.14159265359 0.103072074338
-0.8 3.35103216383 0.26208750295
-0.8 3.56047167407 0.425549350945
-0.8 3.76991118431 0.435918829901
-0.8 3.97935069455 0.406978805992
-0.8 4.18879020479 0.413087260014
-0.8 4.39822971503 0.382329857165
-0.8 4.60766922527 0.22731278429
-0.8 4.8171087355 0.358193027023
-0.8 5.02654824574 0.304048016262
-0.8 5.23598775598 0.142964109775
-0.8 5.44542726622 0.528977203036
-0.8 5.65486677646 0.148374506857
-0.8 5.8643062867 0.880552029238
-0.8 6.07374579694 0.264796562139

-0.733333333333 0 0.612442504535
-0.733333333333 0.209439510239 0.89218752578
-0.733333333333 0.418879020479 0.917198722581
-0.733333333333 0.628318530718 0.718712784443
-0.733333333333 0.837758040957 0.440690648996
-0.733333333333 1.0471975512 0.164603726507
-0.733333333333 1.25663706144 0.120686980037
-0.733333333333 1.46607657168 0.22396023556
-0.733333333333 1.67551608191 0.087115892112
-0.733333333333 1.88495559215 0.06879089864
-0.733333333333 2.09439510239 0.0694769472511
-0.733333333333 2.30383461263 0.0911820055469
-0.733333333333 2.51327412287 0.0756992696149
-0.733333333333 2.72271363311 0.137064606797
-0.733333333333 2.93215314335 0.169641663733
-0.733333333333 3.14159265359 0.143457885502
-0.733333333333 3.35103216383 0.278242007049
-0.733333333333 3.56047167407 0.287286648975
-0.733333333333 3.76991118431 0.236125815871
-0.733333333333 3.97935069455 0.185581755519
-0.733333333333 4.18879020479 0.161866718771
-0.733333333333 4.39822971503 0.251637972446
-0.733333333333 4.60766922527 0.277946404279
-0.733333333333 4.8171087355 0.170120862004
-0.733333333333 5.02654824574 0.386609615392
-0.733333333333 5.23598775598 0.115798269517
-0.733333333333 5.44542726622 0.458684910428
-0.733333333333 5.65486677646 0.17498341418
-0.733333333333 5.8643062867 0.880521140159
-0.733333333333 6.07374579694 0.098216164697

-0.666666666667 0 0.829910445548
-0.666666666667 0.209439510239 1.09015378002
-0.666666666667 0.418879020479 1.17604107475
-0.666666666667 0.628318530718 1.19605801144
-0.666666666667 0.837758040957 0.980696262874
-0.666666666667 1.0471975512 0.507229355008
-0.666666666667 1.25663706144 0.128996984235
-0.666666666667 1.46607657168 0.139850279238
-0.666666666667 1.67551608191 0.118344476077
-0.666666666667 1.88495559215 0.0710816142526
-0.666666666667 2.09439510239 0.0708197611016
-0.666666666667 2.30383461263 0.108817300536
-0.666666666667 2.51327412287 0.0740473760343
-0.666666666667 2.72271363311 0.1423341637
-0.666666666667 2.93215314335 0.175978747811
-0.666666666667 3.14159265359 0.138238723577
-0.666666666667 3.35103216383 0.219016910538
-0.666666666667 3.56047167407 0.2717178821
-0.666666666667 3.76991118431 0.300662842396
-0.666666666667 3.97935069455 0.267413726477
-0.666666666667 4.18879020479 0.17554881572
-0.666666666667 4.39822971503 0.100953418184
-0.666666666667 4.60766922527 0.26024651054
-0.666666666667 4.8171087355 0.145507036263
-0.666666666667 5.02654824574 0.309311976185
-0.666666666667 5.23598775598 0.214985112856
-0.666666666667 5.44542726622 0.381628367217
-0.666666666667 5.65486677646 0.180563128715
-0.666666666667 5.8643062867 0.805900166058
-0.666666666667 6.07374579694 0.0859524709414

-0.6 0 0.947684143687
-0.6 0.209439510239 1.07082536088
-0.6 0.418879020479 1.29279881183
-0.6 0.628318530718 1.5280001438
-0.6 0.837758040957 1.34510177292
-0.6 1.0471975512 0.844617928302
-0.6 1.25663706144 0.303053083025
-0.6 1.46607657168 0.0964988883069
-0.6 1.67551608191 0.116572002931
-0.6 1.88495559215 0.0686718356792
-0.6 2.09439510239 0.0712897699961
-0.6 2.30383461263 0.126359083884
-0.6 2.51327412287 0.0727751394744
-0.6 2.72271363311 0.15489420735
-0.6 2.93215314335 0.165657333989
-0.6 3.14159265359 0.112717399078
-0.6 3.35103216383 0.228784145967
-0.6 3.56047167407 0.368324167239
-0.6 3.76991118431 0.365368941943
-0.6 3.97935069455 0.307811665031
-0.6 4.18879020479 0.255911905454
-0.6 4.39822971503 0.0935299493924
-0.6 4.60766922527 0.153636089944
-0.6 4.8171087355 0.196760248597
-0.6 5.02654824574 0.192080337603
-0.6 5.23598775598 0.348099720087
-0.6 5.44542726622 0.319595032631
-0.6 5.65486677646 0.179990343338
-0.6 5.8643062867 0.75041655923
-0.6 6.07374579694 0.172039245007

-0.533333333333 0 0.950016390992
-0.533333333333 0.209439510239 0.918012292082
-0.533333333333 0.418879020479 1.30329777027
-0.533333333333 0.628318530718 1.595946551
-0.533333333333 0.837758040957 1.39545337364
-0.533333333333 1.0471975512 0.9599129447
-0.533333333333 1.25663706144 0.439276637673
-0.533333333333 1.46607657168 0.119304760846
-0.533333333333 1.67551608191 0.0956788345684
-0.533333333333 1.88495559215 0.0626290082321
-0.533333333333 2.09439510239 0.0719565608957
-0.533333333333 2.30383461263 0.142119720164
-0.533333333333 2.51327412287 0.0720319294943
-0.533333333333 2.72271363311 0.1715827151
-0.533333333333 2.93215314335 0.139205937195
-0.533333333333 3.14159265359 0.105479854617
-0.533333333333 3.35103216383 0.291980158816
-0.533333333333 3.56047167407 0.409966163997
-0.533333333333 3.76991118431 0.287740516039
-0.533333333333 3.97935069455 0.197120230004
-0.533333333333 4.18879020479 0.215249114038
-0.533333333333 4.39822971503 0.132587848291
-0.533333333333 4.60766922527 0.0611284206722
-0.533333333333 4.8171087355 0.22273669345
-0.533333333333 5.02654824574 0.107039845448
-0.533333333333 5.23598775598 0.462419123158
-0.533333333333 5.44542726622 0.272688764446
-0.533333333333 5.65486677646 0.182036123758
-0.533333333333 5.8643062867 0.724542818666
-0.533333333333 6.07374579694 0.29551693859

-0.466666666667 0 0.8723497024
-0.466666666667 0.209439510239 0.748355006141
-0.466666666667 0.418879020479 1.26584009551
-0.466666666667 0.628318530718 1.51932145865
-0.466666666667 0.837758040957 1.31633012272
-0.466666666667 1.0471975512 0.961003335779
-0.466666666667 1.25663706144 0.480909662309
-0.466666666667 1.46607657168 0.162518591043
-0.466666666667 1.67551608191 0.0733921700114
-0.466666666667 1.88495559215 0.0545150292075
-0.466666666667 2.09439510239 0.0732553831496
-0.466666666667 2.30383461263 0.15544279538
-0.466666666667 2.51327412287 0.0718297736162
-0.466666666667 2.72271363311 0.188839505557
-0.466666666667 2.93215314335 0.106307844204
-0.466666666667 3.14159265359 0.12482064283
-0.466666666667 3.35103216383 0.3474346855
-0.466666666667 3.56047167407 0.365186634454
-0.466666666667 3.76991118431 0.162008423446
-0.466666666667 3.97935069455 0.0787223142487
-0.466666666667 4.18879020479 0.126331356334
-0.466666666667 4.39822971503 0.14681230988
-0.466666666667 4.60766922527 0.0271815839016
-0.466666666667 4.8171087355 0.208029857108
-0.466666666667 5.02654824574 0.0660588341997
-0.466666666667 5.23598775598 0.54154289689
-0.466666666667 5.44542726622 0.236580483662
-0.466666666667 5.65486677646 0.189009662565
-0.466666666667 5.8643062867 0.716680154053
-0.466666666667 6.07374579694 0.424352986605

-0.4 0 0.758189909747
-0.4 0.209439510239 0.612688684603
-0.4 0.418879020479 1.20856246937
-0.4 0.628318530718 1.41010889316
-0.4 0.837758040957 1.24152806012
-0.4 1.0471975512 0.966099325575
-0.4 1.25663706144 0.482616613871
-0.4 1.46607657168 0.189368291853
-0.4 1.67551608191 0.0584736206842
-0.4 1.88495559215 0.0458429243336
-0.4 2.09439510239 0.0751527211214
-0.4 2.30383461263 0.166217765893
-0.4 2.51327412287 0.0720100088977
-0.4 2.72271363311 0.204267935946
-0.4 2.93215314335 0.0761377069923
-0.4 3.14159265359 0.158906073681
-0.4 3.35103216383 0.366285144076
-0.4 3.56047167407 0.287109037805
-0.4 3.76991118431 0.0863004457557
-0.4 3.97935069455 0.0497015476033
-0.4 4.18879020479 0.088745735982
-0.4 4.39822971503 0.140900710917
-0.4 4.60766922527 0.0373949839246
-0.4 4.8171087355 0.174905435722
-0.4 5.02654824574 0.0566487552973
-0.4 5.23598775598 0.586868179546
-0.4 5.44542726622 0.20759806207
-0.4 5.65486677646 0.200405824751
-0.4 5.8643062867 0.717819355366
-0.4 6.07374579694 0.541712676661

-0.333333333333 0 0.641177817329
-0.333333333333 0.209439510239 0.513037870396
-0.333333333333 0.418879020479 1.1361649012
-0.333333333333 0.628318530718 1.3095722197
-0.333333333333 0.837758040957 1.19726037095
-0.333333333333 1.0471975512 0.998396775203
-0.333333333333 1.25663706144 0.497510225477
-0.333333333333 1.46607657168 0.192952491009
-0.333333333333 1.67551608191 0.0517076179071
-0.333333333333 1.88495559215 0.0376943172443
-0.333333333333 2.09439510239 0.077425539274
-0.333333333333 2.30383461263 0.174601958106
-0.333333333333 2.51327412287 0.0723004130102
-0.333333333333 2.72271363311 0.216836138073
-0.333333333333 2.93215314335 0.0537659137455
-0.333333333333 3.14159265359 0.193484967283
-0.333333333333 3.35103216383 0.352842463251
-0.333333333333 3.56047167407 0.223821985075
-0.333333333333 3.76991118431 0.0789874194782
-0.333333333333 3.97935069455 0.0971798305483
-0.333333333333 4.18879020479 0.114960802695
-0.333333333333 4.39822971503 0.133547081835
-0.333333333333 4.60766922527 0.0647391872984
-0.333333333333 4.8171087355 0.143080993719
-0.333333333333 5.02654824574 0.0637921407217
-0.333333333333 5.23598775598 0.605974321591
-0.333333333333 5.44542726622 0.183390281398
-0.333333333333 5.65486677646 0.215019596115
-0.333333333333 5.8643062867 0.724347504993
-0.333333333333 6.07374579694 0.63805796652

-0.266666666667 0 0.540850328045
-0.266666666667 0.209439510239 0.436960271775
-0.266666666667 0.418879020479 1.04807470552
-0.266666666667 0.628318530718 1.22369894505
-0.266666666667 0.837758040957 1.16928721913
-0.266666666667 1.0471975512 1.03385694486
-0.266666666667 1.25663706144 0.540330398096
-0.266666666667 1.46607657168 0.183012494386
-0.266666666667 1.67551608191 0.0504301856474
-0.266666666667 1.88495559215 0.0306421503186
-0.266666666667 2.09439510239 0.0798519208362
-0.266666666667 2.30383461263 0.180864301062
-0.266666666667 2.51327412287 0.072385900038
-0.266666666667 2.72271363311 0.226538639893
-0.266666666667 2.93215314335 0.0403737708568
-0.266666666667 3.14159265359 0.220073029821
-0.266666666667 3.35103216383 0.323259863984
-0.266666666667 3.56047167407 0.192230328695
-0.266666666667 3.76991118431 0.113118114322
-0.266666666667 3.97935069455 0.169796658786
-0.266666666667 4.18879020479 0.166590282878
-0.266666666667 4.39822971503 0.130130074771
-0.266666666667 4.60766922527 0.0915792705595
-0.266666666667 4.8171087355 0.12036214219
-0.266666666667 5.02654824574 0.0769889749643
-0.266666666667 5.23598775598 0.607199301145
-0.266666666667 5.44542726622 0.162597025807
-0.266666666667 5.65486677646 0.231758366582
-0.266666666667 5.8643062867 0.73582280974
-0.266666666667 6.07374579694 0.709002155193

-0.2 0 0.465591839253
-0.2 0.209439510239 0.373200009157
-0.2 0.418879020479 0.947643120282
-0.2 0.628318530718 1.14740048106
-0.2 0.837758040957 1.14169561662
-0.2 1.0471975512 1.05002483801
-0.2 1.25663706144 0.601338711152
-0.2 1.46607657168 0.170910715793
-0.2 1.67551608191 0.0516997091995
-0.2 1.88495559215 0.0248604742454
-0.2 2.09439510239 0.0822981369368
-0.2 2.30383461263 0.185299509191
-0.2 2.51327412287 0.0719703142888
-0.2 2.72271363311 0.233952427767
-0.2 2.93215314335 0.0347197157233
-0.2 3.14159265359 0.236474610829
-0.2 3.35103216383 0.291107541538
-0.2 3.56047167407 0.188626325609
-0.2 3.76991118431 0.159324135459
-0.2 3.97935069455 0.232298838583
-0.2 4.18879020479 0.209656093423
-0.2 4.39822971503 0.127594765536
-0.2 4.60766922527 0.111130800908
-0.2 4.8171087355 0.106581842111
-0.2 5.02654824574 0.0906009333109
-0.2 5.23598775598 0.597577012565
-0.2 5.44542726622 0.144468936542
-0.2 5.65486677646 0.249849017658
-0.2 5.8643062867 0.752986226449
-0.2 6.07374579694 0.753830161026

-0.133333333333 0 0.417466731739
-0.133333333333 0.209439510239 0.315354906262
-0.133333333333 0.418879020479 0.840562925249
-0.133333333333 0.628318530718 1.07184670288
-0.133333333333 0.837758040957 1.10327151542
-0.133333333333 1.0471975512 1.03947466927
-0.133333333333 1.25663706144 0.666133111301
-0.133333333333 1.46607657168 0.163112574619
-0.133333333333 1.67551608191 0.0535456990671
-0.133333333333 1.88495559215 0.020283535766
-0.133333333333 2.09439510239 0.0847364219841
-0.133333333333 2.30383461263 0.188182493416
-0.133333333333 2.51327412287 0.0708277747492
-0.133333333333 2.72271363311 0.239861235144
-0.133333333333 2.93215314335 0.0345395820761
-0.133333333333 3.14159265359 0.244576960924
-0.133333333333 3.35103216383 0.26319923168
-0.133333333333 3.56047167407 0.203351256251
-0.133333333333 3.76991118431 0.202100083463
-0.133333333333 3.97935069455 0.274583471045
-0.133333333333 4.18879020479 0.232043233698
-0.133333333333 4.39822971503 0.122991160268
-0.133333333333 4.60766922527 0.122821927008
-0.133333333333 4.8171087355 0.0986912865442
-0.133333333333 5.02654824574 0.102306655913
-0.133333333333 5.23598775598 0.58234702711
-0.133333333333 5.44542726622 0.128608829495
-0.133333333333 5.65486677646 0.2688156762
-0.133333333333 5.8643062867 0.776668734148
-0.133333333333 6.07374579694 0.773696785606

-0.0666666666667 0 0.396082604823
-0.0666666666667 0.209439510239 0.261671443045
-0.0666666666667 0.418879020479 0.731261607683
-0.0666666666667 0.628318530718 0.988257018023
-0.0666666666667 0.837758040957 1.04529957404
-0.0666666666667 1.0471975512 1.00526928767
-0.0666666666667 1.25663706144 0.725446459171
-0.0666666666667 1.46607657168 0.160905921264
-0.0666666666667 1.67551608191 0.055083802754
-0.0666666666667 1.88495559215 0.0167407489627
-0.0666666666667 2.09439510239 0.087228625388
-0.0666666666667 2.30383461263 0.189745049469
-0.0666666666667 2.51327412287 0.0688484887376
-0.0666666666667 2.72271363311 0.244982783552
-0.0666666666667 2.93215314335 0.0374703638763
-0.0666666666667 3.14159265359 0.248168962942
-0.0666666666667 3.35103216383 0.240753941325
-0.0666666666667 3.56047167407 0.228612353708
-0.0666666666667 3.76991118431 0.238509355851
-0.0666666666667 3.97935069455 0.300778563346
-0.0666666666667 4.18879020479 0.236126833502
-0.0666666666667 4.39822971503 0.116169392571
-0.0666666666667 4.60766922527 0.128310979281
-0.0666666666667 4.8171087355 0.0936303222993
-0.0666666666667 5.02654824574 0.111568412582
-0.0666666666667 5.23598775598 0.565112646284
-0.0666666666667 5.44542726622 0.114823101377
-0.0666666666667 5.65486677646 0.288384406321
-0.0666666666667 5.8643062867 0.807256351785
-0.0666666666667 6.07374579694 0.770038801131

6.12323399574e-17 0 0.400716061226
6.12323399574e-17 0.209439510239 0.214232290877
6.12323399574e-17 0.418879020479 0.621737114264
6.12323399574e-17 0.628318530718 0.890417635006
6.12323399574e-17 0.837758040957 0.961036943877
6.12323399574e-17 1.0471975512 0.954994098176
6.12323399574e-17 1.25663706144 0.77642253432
6.12323399574e-17 1.46607657168 0.162263896091
6.12323399574e-17 1.67551608191 0.0562360370044
6.12323399574e-17 1.88495559215 0.0140510005205
6.12323399574e-17 2.09439510239 0.0898982533684
6.12323399574e-17 2.30383461263 0.190164605656
6.12323399574e-17 2.51327412287 0.0660854512484
6.12323399574e-17 2.72271363311 0.249772865819
6.12323399574e-17 2.93215314335 0.0415256385627
6.12323399574e-17 3.14159265359 0.251569282756
6.12323399574e-17 3.35103216383 0.221752753068
6.12323399574e-17 3.56047167407 0.260231229013
6.12323399574e-17 3.76991118431 0.272176178972
6.12323399574e-17 3.97935069455 0.318204099145
6.12323399574e-17 4.18879020479 0.228243321044
6.12323399574e-17 4.39822971503 0.108820533787
6.12323399574e-17 4.60766922527 0.129379344422
6.12323399574e-17 4.8171087355 0.0893006071993
6.12323399574e-17 5.02654824574 0.11859415103
6.12323399574e-17 5.23598775598 0.548201612486
6.12323399574e-17 5.44542726622 0.103044670289
6.12323399574e-17 5.65486677646 0.308372622606
6.12323399574e-17 5.8643062867 0.844364831113
6.12323399574e-17 6.07374579694 0.743649718302

0.0666666666667 0 0.430792576804
0.0666666666667 0.209439510239 0.178422223939
0.0666666666667 0.418879020479 0.512742223734
0.0666666666667 0.628318530718 0.775520380008
0.0666666666667 0.837758040957 0.847997672477
0.0666666666667 1.0471975512 0.898759646043
0.0666666666667 1.25663706144 0.820073043999
0.0666666666667 1.46607657168 0.163594703586
0.0666666666667 1.67551608191 0.0574395553829
0.0666666666667 1.88495559215 0.0120897349485
0.0666666666667 2.09439510239 0.0929026668246
0.0666666666667 2.30383461263 0.189558752952
0.0666666666667 2.51327412287 0.062806800788
0.0666666666667 2.72271363311 0.254263250223
0.0666666666667 2.93215314335 0.0453018366707
0.0666666666667 3.14159265359 0.258909365132
0.0666666666667 3.35103216383 0.20287654621
0.0666666666667 3.56047167407 0.296200368652
0.0666666666667 3.76991118431 0.308268816167
0.0666666666667 3.97935069455 0.331766258004
0.0666666666667 4.18879020479 0.213253264106
0.0666666666667 4.39822971503 0.103030016954
0.0666666666667 4.60766922527 0.127136346492
0.0666666666667 4.8171087355 0.084612164884
0.0666666666667 5.02654824574 0.123756124224
0.0666666666667 5.23598775598 0.533027438711
0.0666666666667 5.44542726622 0.093296146347
0.0666666666667 5.65486677646 0.328580849929
0.0666666666667 5.8643062867 0.886518538268
0.0666666666667 6.07374579694 0.694594452246

0.133333333333 0 0.484924914385
0.133333333333 0.209439510239 0.162518910279
0.133333333333 0.418879020479 0.406697319668
0.133333333333 0.628318530718 0.644657127248
0.133333333333 0.837758040957 0.711858520205
0.133333333333 1.0471975512 0.850110537515
0.133333333333 1.25663706144 0.857381649221
0.133333333333 1.46607657168 0.160881808094
0.133333333333 1.67551608191 0.0594465636306
0.133333333333 1.88495559215 0.0108537587795
0.133333333333 2.09439510239 0.0964087148887
0.133333333333 2.30383461263 0.187982205077
0.133333333333 2.51327412287 0.0595547531906
0.133333333333 2.72271363311 0.257895095107
0.133333333333 2.93215314335 0.0481139249389
0.133333333333 3.14159265359 0.273575764026
0.133333333333 3.35103216383 0.181075984333
0.133333333333 3.56047167407 0.333840169079
0.133333333333 3.76991118431 0.350046542529
0.133333333333 3.97935069455 0.342461905647
0.133333333333 4.18879020479 0.193584056194
0.133333333333 4.39822971503 0.100449958487
0.133333333333 4.60766922527 0.121872332067
0.133333333333 4.8171087355 0.0792886013005
0.133333333333 5.02654824574 0.127304105953
0.133333333333 5.23598775598 0.520368224792
0.133333333333 5.44542726622 0.0856727430374
0.133333333333 5.65486677646 0.348692988479
0.133333333333 5.8643062867 0.930747268442
0.133333333333 6.07374579694 0.623043514706

0.2 0 0.558627625274
0.2 0.209439510239 0.176621099817
0.2 0.418879020479 0.312008026664
0.2 0.628318530718 0.50495048577
0.2 0.837758040957 0.570244847374
0.2 1.0471975512 0.825973490073
0.2 1.25663706144 0.884231567712
0.2 1.46607657168 0.150724204213
0.2 1.67551608191 0.0631542391126
0.2 1.88495559215 0.0105525001521
0.2 2.09439510239 0.100570621991
0.2 2.30383461263 0.18542418536
0.2 2.51327412287 0.0572050004085
0.2 2.72271363311 0.259330454583
0.2 2.93215314335 0.0502340897103
0.2 3.14159265359 0.297202714512
0.2 3.35103216383 0.155526270447
0.2 3.56047167407 0.366477117782
0.2 3.76991118431 0.39580322227
0.2 3.97935069455 0.34758938345
0.2 4.18879020479 0.170278257755
0.2 4.39822971503 0.101910668164
0.2 4.60766922527 0.113189912404
0.2 4.8171087355 0.0737654595031
0.2 5.02654824574 0.129233538123
0.2 5.23598775598 0.510535104297
0.2 5.44542726622 0.0803318470741
0.2 5.65486677646 0.368188485195
0.2 5.8643062867 0.972106512282
0.2 6.07374579694 0.531109892668

0.266666666667 0 0.640945526123
0.266666666667 0.209439510239 0.229700672814
0.266666666667 0.418879020479 0.247338844341
0.266666666667 0.628318530718 0.374088215413
0.266666666667 0.837758040957 0.453402320343
0.266666666667 1.0471975512 0.840216111545
0.266666666667 1.25663706144 0.885204321397
0.266666666667 1.46607657168 0.132322324758
0.266666666667 1.67551608191 0.0693052427725
0.266666666667 1.88495559215 0.0117545405582
0.266666666667 2.09439510239 0.105505015447
0.266666666667 2.30383461263 0.181805588276
0.266666666667 2.51327412287 0.0570060540869
0.266666666667 2.72271363311 0.256270458273
0.266666666667 2.93215314335 0.0533485907567
0.266666666667 3.14159265359 0.327634864281
0.266666666667 3.35103216383 0.130652950767
0.266666666667 3.56047167407 0.381089283949
0.266666666667 3.76991118431 0.435702273174
0.266666666667 3.97935069455 0.341415161016
0.266666666667 4.18879020479 0.144401673366
0.266666666667 4.39822971503 0.107059114193
0.266666666667 4.60766922527 0.100298457381
0.266666666667 4.8171087355 0.0692924701204
0.266666666667 5.02654824574 0.129228885003
0.266666666667 5.23598775598 0.503422527159
0.266666666667 5.44542726622 0.0774817136288
0.266666666667 5.65486677646 0.386273993203
0.266666666667 5.8643062867 1.00322348897
0.266666666667 6.07374579694 0.425679359342

0.333333333333 0 0.710952147552
0.333333333333 0.209439510239 0.323640270989
0.333333333333 0.418879020479 0.241283162679
0.333333333333 0.628318530718 0.284821754593
0.333333333333 0.837758040957 0.397226821234
0.333333333333 1.0471975512 0.886998983877
0.333333333333 1.25663706144 0.829977178325
0.333333333333 1.46607657168 0.111455242454
0.333333333333 1.67551608191 0.077856165542
0.333333333333 1.88495559215 0.0156065021947
0.333333333333 2.09439510239 0.111256168423
0.333333333333 2.30383461263 0.176976721846
0.333333333333 2.51327412287 0.0605517077363
0.333333333333 2.72271363311 0.245399624055
0.333333333333 2.93215314335 0.0611804787852
0.333333333333 3.14159265359 0.355741987152
0.333333333333 3.35103216383 0.119496098094
0.333333333333 3.56047167407 0.360314453203
0.333333333333 3.76991118431 0.45044967069
0.333333333333 3.97935069455 0.316532454278
0.333333333333 4.18879020479 0.11797165897
0.333333333333 4.39822971503 0.113907215248
0.333333333333 4.60766922527 0.0825233130945
0.333333333333 4.8171087355 0.0682009116512
0.333333333333 5.02654824574 0.126667671733
0.333333333333 5.23598775598 0.498441921075
0.333333333333 5.44542726622 0.0773638174922
0.333333333333 5.65486677646 0.401848238711
0.333333333333 5.8643062867 1.01409753238
0.333333333333 6.07374579694 0.321795254784

0.4 0 0.736750099552
0.4 0.209439510239 0.444446092659
0.4 0.418879020479 0.319339805255
0.4 0.628318530718 0.281157121635
0.4 0.837758040957 0.425200816585
0.4 1.0471975512 0.921072615511
0.4 1.25663706144 0.683727288822
0.4 1.46607657168 0.105731072072
0.4 1.67551608191 0.08695076786
0.4 1.88495559215 0.024089757288
0.4 2.09439510239 0.117740024383
0.4 2.30383461263 0.170719780591
0.4 2.51327412287 0.069591438704
0.4 2.72271363311 0.222752351421
0.4 2.93215314335 0.0797639472853
0.4 3.14159265359 0.362647169612
0.4 3.35103216383 0.142574025816
0.4 3.56047167407 0.293672290659
0.4 3.76991118431 0.416502651852
0.4 3.97935069455 0.26698423557
0.4 4.18879020479 0.0938699330114
0.4 4.39822971503 0.118685230229
0.4 4.60766922527 0.0601697245576
0.4 4.8171087355 0.0741189727913
0.4 5.02654824574 0.120736519104
0.4 5.23598775598 0.494344263136
0.4 5.44542726622 0.0802254446855
0.4 5.65486677646 0.413523271719
0.4 5.8643062867 0.992559185794
0.4 6.07374579694 0.245097967343

0.466666666667 0 0.682090473455
0.466666666667 0.209439510239 0.554391144383
0.466666666667 0.418879020479 0.472389657036
0.466666666667 0.628318530718 0.391511742835
0.466666666667 0.837758040957 0.522407503974
0.466666666667 1.0471975512 0.862027679349
0.466666666667 1.25663706144 0.446304184143
0.466666666667 1.46607657168 0.144375037038
0.466666666667 1.67551608191 0.0921263831756
0.466666666667 1.88495559215 0.0401243159748
0.466666666667 2.09439510239 0.124650465228
0.466666666667 2.30383461263 0.16276782534
0.466666666667 2.51327412287 0.0855026206387
0.466666666667 2.72271363311 0.185069993448
0.466666666667 2.93215314335 0.115876448444
0.466666666667 3.14159265359 0.322879771402
0.466666666667 3.35103216383 0.21169851921
0.466666666667 3.56047167407 0.197876439468
0.466666666667 3.76991118431 0.321788087322
0.466666666667 3.97935069455 0.193535722546
0.466666666667 4.18879020479 0.0748918302606
0.466666666667 4.39822971503 0.116902014227
0.466666666667 4.60766922527 0.0358532545915
0.466666666667 4.8171087355 0.0916393250335
0.466666666667 5.02654824574 0.110771890725
0.466666666667 5.23598775598 0.488954052711
0.466666666667 5.44542726622 0.0862790086993
0.466666666667 5.65486677646 0.419732463345
0.466666666667 5.8643062867 0.926010981761
0.466666666667 6.07374579694 0.229959119764

0.533333333333 0 0.527227100357
0.533333333333 0.209439510239 0.594625100285
0.533333333333 0.418879020479 0.620171398079
0.533333333333 0.628318530718 0.570800151444
0.533333333333 0.837758040957 0.61433891944
0.533333333333 1.0471975512 0.652056795388
0.533333333333 1.25663706144 0.209699319584
0.533333333333 1.46607657168 0.246632001029
0.533333333333 1.67551608191 0.0880834531924
0.533333333333 1.88495559215 0.0669599574995
0.533333333333 2.09439510239 0.131301445633
0.533333333333 2.30383461263 0.152869533445
0.533333333333 2.51327412287 0.108139083332
0.533333333333 2.72271363311 0.132943756403
0.533333333333 2.93215314335 0.170888359464
0.533333333333 3.14159265359 0.224123209769
0.533333333333 3.35103216383 0.294160982537
0.533333333333 3.56047167407 0.125255083825
0.533333333333 3.76991118431 0.188370141504
0.533333333333 3.97935069455 0.110219953543
0.533333333333 4.18879020479 0.0637975867553
0.533333333333 4.39822971503 0.106590145065
0.533333333333 4.60766922527 0.0160937507434
0.533333333333 4.8171087355 0.12463465737
0.533333333333 5.02654824574 0.096956209929
0.533333333333 5.23598775598 0.478878470548
0.533333333333 5.44542726622 0.0956449558744
0.533333333333 5.65486677646 0.418959762328
0.533333333333 5.8643062867 0.805250408433
0.533333333333 6.07374579694 0.30789911758

0.6 0 0.305865563973
0.6 0.209439510239 0.511381883748
0.6 0.418879020479 0.622647523587
0.6 0.628318530718 0.655361803173
0.6 0.837758040957 0.578058262668
0.6 1.0471975512 0.349782046613
0.6 1.25663706144 0.148665578851
0.6 1.46607657168 0.371282261525
0.6 1.67551608191 0.0772593699859
0.6 1.88495559215 0.105673907576
0.6 2.09439510239 0.136374369259
0.6 2.30383461263 0.140969630811
0.6 2.51327412287 0.133733357367
0.6 2.72271363311 0.0759570338975
0.6 2.93215314335 0.228180002606
0.6 3.14159265359 0.10826239741
0.6 3.35103216383 0.297156134015
0.6 3.56047167407 0.11540844108
0.6 3.76991118431 0.079578824088
0.6 3.97935069455 0.0488492936728
0.6 4.18879020479 0.065889626771
0.6 4.39822971503 0.0935236507181
0.6 4.60766922527 0.0119608991847
0.6 4.8171087355 0.172457297243
0.6 5.02654824574 0.0813475184136
0.6 5.23598775598 0.459350394818
0.6 5.44542726622 0.108274056445
0.6 5.65486677646 0.410109947956
0.6 5.8643062867 0.631055652066
0.6 6.07374579694 0.481444830221

0.666666666667 0 0.137807498198
0.666666666667 0.209439510239 0.308917353353
0.666666666667 0.418879020479 0.405521063923
0.666666666667 0.628318530718 0.469239765125
0.666666666667 0.837758040957 0.350785587118
0.666666666667 1.0471975512 0.156302115081
0.666666666667 1.25663706144 0.32335521522
0.666666666667 1.46607657168 0.395665506969
0.666666666667 1.67551608191 0.0846802580254
0.666666666667 1.88495559215 0.149334523071
0.666666666667 2.09439510239 0.1375944208
0.666666666667 2.30383461263 0.127651999885
0.666666666667 2.51327412287 0.152065584157
0.666666666667 2.72271363311 0.0364063910384
0.666666666667 2.93215314335 0.242574665198
0.666666666667 3.14159265359 0.0868395439905
0.666666666667 3.35103216383 0.170390502081
0.666666666667 3.56047167407 0.117561749323
0.666666666667 3.76991118431 0.0488593263701
0.666666666667 3.97935069455 0.0459181877745
0.666666666667 4.18879020479 0.0916978907069
0.666666666667 4.39822971503 0.0929233525394
0.666666666667 4.60766922527 0.0355861246285
0.666666666667 4.8171087355 0.22443565337
0.666666666667 5.02654824574 0.0686645288235
0.666666666667 5.23598775598 0.424550235717
0.666666666667 5.44542726622 0.123842082533
0.666666666667 5.65486677646 0.392982832312
0.666666666667 5.8643062867 0.4231347694
0.666666666667 6.07374579694 0.688072209161

0.733333333333 0 0.184610977759
0.733333333333 0.209439510239 0.103573645572
0.733333333333 0.418879020479 0.122847897721
0.733333333333 0.628318530718 0.131312961506
0.733333333333 0.837758040957 0.112530701776
0.733333333333 1.0471975512 0.206460256718
0.733333333333 1.25663706144 0.46797556216
0.733333333333 1.46607657168 0.248900897842
0.733333333333 1.67551608191 0.150222265632
0.733333333333 1.88495559215 0.175476980903
0.733333333333 2.09439510239 0.131719514805
0.733333333333 2.30383461263 0.115048667219
0.733333333333 2.51327412287 0.145931477792
0.733333333333 2.72271363311 0.0387611918468
0.733333333333 2.93215314335 0.167037878366
0.733333333333 3.14159265359 0.207161770919
0.733333333333 3.35103216383 0.0907001095083
0.733333333333 3.56047167407 0.090236468903
0.733333333333 3.76991118431 0.0868197791721
0.733333333333 3.97935069455 0.115063793448
0.733333333333 4.18879020479 0.15232526832
0.733333333333 4.39822971503 0.112281016194
0.733333333333 4.60766922527 0.0897381630464
0.733333333333 4.8171087355 0.256740015439
0.733333333333 5.02654824574 0.0651184765887
0.733333333333 5.23598775598 0.369078840368
0.733333333333 5.44542726622 0.141601448369
0.733333333333 5.65486677646 0.368665650806
0.733333333333 5.8643062867 0.227716497924
0.733333333333 6.07374579694 0.784397704677

0.8 0 0.429398763601
0.8 0.209439510239 0.104111488185
0.8 0.418879020479 0.0412761333127
0.8 0.628318530718 0.0386221319474
0.8 0.837758040957 0.121792328017
0.8 1.0471975512 0.290447335603
0.8 1.25663706144 0.300734789956
0.8 1.46607657168 0.118540480786
0.8 1.67551608191 0.245224681075
0.8 1.88495559215 0.151757793317
0.8 2.09439510239 0.11644657731
0.8 2.30383461263 0.107925436645
0.8 2.51327412287 0.103621528687
0.8 2.72271363311 0.0692982232908
0.8 2.93215314335 0.0486777139336
0.8 3.14159265359 0.251487882822
0.8 3.35103216383 0.227356269991
0.8 3.56047167407 0.178596349154
0.8 3.76991118431 0.19700742568
0.8 3.97935069455 0.225509408657
0.8 4.18879020479 0.203025213767
0.8 4.39822971503 0.120435337258
0.8 4.60766922527 0.158836427528
0.8 4.8171087355 0.241905234147
0.8 5.02654824574 0.072607452258
0.8 5.23598775598 0.291735544582
0.8 5.44542726622 0.160146721704
0.8 5.65486677646 0.339313785345
0.8 5.8643062867 0.112931083795
0.8 6.07374579694 0.6181549728

0.866666666667 0 0.465062035314
0.866666666667 0.209439510239 0.312172729971
0.866666666667 0.418879020479 0.171758886287
0.866666666667 0.628318530718 0.142987188027
0.866666666667 0.837758040957 0.160876680837
0.866666666667 1.0471975512 0.15321575201
0.866666666667 1.25663706144 0.110606952861
0.866666666667 1.46607657168 0.179978352313
0.866666666667 1.67551608191 0.224030635887
0.866666666667 1.88495559215 0.0834219168902
0.866666666667 2.09439510239 0.0969045235923
0.866666666667 2.30383461263 0.11209153279
0.866666666667 2.51327412287 0.0545233726526
0.866666666667 2.72271363311 0.0558214228704
0.866666666667 2.93215314335 0.0283332892955
0.866666666667 3.14159265359 0.0805301654693
0.866666666667 3.35103216383 0.180645091169
0.866666666667 3.56047167407 0.21009200634
0.866666666667 3.76991118431 0.205734378367
0.866666666667 3.97935069455 0.173469153637
0.866666666667 4.18879020479 0.114809389055
0.866666666667 4.39822971503 0.11237398448
0.866666666667 4.60766922527 0.21181845834
0.866666666667 4.8171087355 0.173075282395
0.866666666667 5.02654824574 0.0786487341481
0.866666666667 5.23598775598 0.203177691988
0.866666666667 5.44542726622 0.176947335327
0.866666666667 5.65486677646 0.306076045684
0.866666666667 5.8643062867 0.131352911276
0.866666666667 6.07374579694 0.253062682

0.933333333333 0 0.142126009424
0.933333333333 0.209439510239 0.196285530167
0.933333333333 0.418879020479 0.191073261628
0.933333333333 0.628318530718 0.154274845563
0.933333333333 0.837758040957 0.126698259007
0.933333333333 1.0471975512 0.126103140468
0.933333333333 1.25663706144 0.149712643252
0.933333333333 1.46607657168 0.150393965348
0.933333333333 1.67551608191 0.0906798983141
0.933333333333 1.88495559215 0.0517426573762
0.933333333333 2.09439510239 0.0938945423668
0.933333333333 2.30383461263 0.126954019205
0.933333333333 2.51327412287 0.0709108041235
0.933333333333 2.72271363311 0.0128449705859
0.933333333333 2.93215314335 0.0317337712559
0.933333333333 3.14159265359 0.0657905471511
0.933333333333 3.35103216383 0.0754337414505
0.933333333333 3.56047167407 0.0727068883859
0.933333333333 3.76991118431 0.0734395207488
0.933333333333 3.97935069455 0.0927731254814
0.933333333333 4.18879020479 0.139186419022
0.933333333333 4.39822971503 0.183964813225
0.933333333333 4.60766922527 0.155808350182
0.933333333333 4.8171087355 0.067018328489
0.933333333333 5.02654824574 0.0658740020592
0.933333333333 5.23598775598 0.138364064407
0.933333333333 5.44542726622 0.186950581974
0.933333333333 5.65486677646 0.262512452938
0.933333333333 5.8643062867 0.230135948263
0.933333333333 6.07374579694 0.126721788601

