-1 0 0.324177702851
-1 0.209439510239 0.324177702851
-1 0.418879020479 0.32417770285
-1 0.628318530718 0.32417770285
-1 0.837758040957 0.32417770285
-1 1.0471975512 0.324177702851
-1 1.25663706144 0.324177702851
-1 1.46607657168 0.324177702851
-1 1.67551608191 0.324177702851
-1 1.88495559215 0.324177702851
-1 2.09439510239 0.32417770285
-1 2.30383461263 0.32417770285
-1 2.51327412287 0.324177702851
-1 2.72271363311 0.324177702851
-1 2.93215314335 0.324177702851
-1 3.14159265359 0.324177702851
-1 3.35103216383 0.324177702851
-1 3.56047167407 0.32417770285
-1 3.76991118431 0.32417770285
-1 3.97935069455 0.32417770285
-1 4.18879020479 0.324177702851
-1 4.39822971503 0.324177702851
-1 4.60766922527 0.324177702851
-1 4.8171087355 0.324177702851
-1 5.02654824574 0.324177702851
-1 5.23598775598 0.32417770285
-1 5.44542726622 0.32417770285
-1 5.65486677646 0.324177702851
-1 5.8643062867 0.324177702851
-1 6.07374579694 0.324177702851

-0.933333333333 0 0.396488269177
-0.933333333333 0.209439510239 0.413561778597
-0.933333333333 0.418879020479 0.362824723594
-0.933333333333 0.628318530718 0.29586946882
-0.933333333333 0.837758040957 0.253598577147
-0.933333333333 1.0471975512 0.256964246106
-0.933333333333 1.25663706144 0.310751823412
-0.933333333333 1.46607657168 0.383347094556
-0.933333333333 1.67551608191 0.425019928434
-0.933333333333 1.88495559215 0.410430861046
-0.933333333333 2.09439510239 0.332269248937
-0.933333333333 2.30383461263 0.195906400917
-0.933333333333 2.51327412287 0.0564639923937
-0.933333333333 2.72271363311 0.0444284703628
-0.933333333333 2.93215314335 0.198849184001
-0.933333333333 3.14159265359 0.360026021787
-0.933333333333 3.35103216383 0.423597518189
-0.933333333333 3.56047167407 0.427894840268
-0.933333333333 3.76991118431 0.430003273923
-0.933333333333 3.97935069455 0.446313399459
-0.933333333333 4.18879020479 0.474744337901
-0.933333333333 4.39822971503 0.507322560083
-0.933333333333 4.60766922527 0.491191385443
-0.933333333333 4.8171087355 0.317680409648
-0.933333333333 5.02654824574 0.0675889559846
-0.933333333333 5.23598775598 0.152759595642
-0.933333333333 5.44542726622 0.530527931689
-0.933333333333 5.65486677646 0.63487589167
-0.933333333333 5.8643062867 0.458062783318
-0.933333333333 6.07374579694 0.359269438486

-0.866666666667 0 0.503385120584
-0.866666666667 0.209439510239 0.471759634021
-0.866666666667 0.418879020479 0.544149979423
-0.866666666667 0.628318530718 0.595502478266
-0.866666666667 0.837758040957 0.498556201658
-0.866666666667 1.0471975512 0.290654150526
-0.866666666667 1.25663706144 0.129161014935
-0.866666666667 1.46607657168 0.157457788254
-0.866666666667 1.67551608191 0.334255052986
-0.866666666667 1.88495559215 0.48027526069
-0.866666666667 2.09439510239 0.378303428413
-0.866666666667 2.30383461263 0.136205904612
-0.866666666667 2.51327412287 0.029684583756
-0.866666666667 2.72271363311 0.130445983905
-0.866666666667 2.93215314335 0.29813551118
-0.866666666667 3.14159265359 0.250614261699
-0.866666666667 3.35103216383 0.18403140201
-0.866666666667 3.56047167407 0.251775592658
-0.866666666667 3.76991118431 0.333129655518
-0.866666666667 3.97935069455 0.339711737291
-0.866666666667 4.18879020479 0.292121465623
-0.866666666667 4.39822971503 0.270379810137
-0.866666666667 4.60766922527 0.385796245353
-0.866666666667 4.8171087355 0.52381813252
-0.866666666667 5.02654824574 0.274486218838
-0.866666666667 5.23598775598 0.185675712238
-0.866666666667 5.44542726622 0.506304276534
-0.866666666667 5.65486677646 0.409714946433
-0.866666666667 5.8643062867 0.380106805076
-0.866666666667 6.07374579694 0.489932034559

-0.8 0 0.417008292053
-0.8 0.209439510239 0.64590645091
-0.8 0.418879020479 0.941497412381
-0.8 0.628318530718 1.03154169456
-0.8 0.837758040957 0.943388004009
-0.8 1.0471975512 0.684976483807
-0.8 1.25663706144 0.309616856044
-0.8 1.46607657168 0.105712034319
-0.8 1.67551608191 0.198908141551
-0.8 1.88495559215 0.442975661873
-0.8 2.09439510239 0.440103935615
-0.8 2.30383461263 0.0945894038215
-0.8 2.51327412287 0.0412523720502
-0.8 2.72271363311 0.167236727722
-0.8 2.93215314335 0.195556243766
-0.8 3.14159265359 0.112089931437
-0.8 3.35103216383 0.376389089941
-0.8 3.56047167407 0.679653971638
-0.8 3.76991118431 0.717285787103
-0.8 3.97935069455 0.589138180657
-0.8 4.18879020479 0.428005593255
-0.8 4.39822971503 0.266264219134
-0.8 4.60766922527 0.252567884248
-0.8 4.8171087355 0.462505341114
-0.8 5.02654824574 0.357573429322
-0.8 5.23598775598 0.285050060015
-0.8 5.44542726622 0.361256088008
-0.8 5.65486677646 0.259870999143
-0.8 5.8643062867 0.47002139747
-0.8 6.07374579694 0.427321542902

-0.733333333333 0 0.362553093245
-0.733333333333 0.209439510239 0.673113678548
-0.733333333333 0.418879020479 0.865139633292
-0.733333333333 0.628318530718 0.914585903437
-0.733333333333 0.837758040957 0.971005860237
-0.733333333333 1.0471975512 0.894583375534
-0.733333333333 1.25663706144 0.52203222773
-0.733333333333 1.46607657168 0.136482953535
-0.733333333333 1.67551608191 0.15081382742
-0.733333333333 1.88495559215 0.367204438993
-0.733333333333 2.09439510239 0.480959728766
-0.733333333333 2.30383461263 0.0671489462354
-0.733333333333 2.51327412287 0.0622086686931
-0.733333333333 2.72271363311 0.15626669918
-0.733333333333 2.93215314335 0.0948896038242
-0.733333333333 3.14159265359 0.290053431372
-0.733333333333 3.35103216383 0.855097990776
-0.733333333333 3.56047167407 0.985707828457
-0.733333333333 3.76991118431 0.746622250759
-0.733333333333 3.97935069455 0.50442691115
-0.733333333333 4.18879020479 0.378685834899
-0.733333333333 4.39822971503 0.313750806302
-0.733333333333 4.60766922527 0.289772512312
-0.733333333333 4.8171087355 0.495443347
-0.733333333333 5.02654824574 0.365830031964
-0.733333333333 5.23598775598 0.374720182605
-0.733333333333 5.44542726622 0.22971849038
-0.733333333333 5.65486677646 0.292296539461
-0.733333333333 5.8643062867 0.464415987312
-0.733333333333 6.07374579694 0.257428716665

-0.666666666667 0 0.394680509826
-0.666666666667 0.209439510239 0.601554106894
-0.666666666667 0.418879020479 0.709593941772
-0.666666666667 0.628318530718 0.806609922787
-0.666666666667 0.837758040957 0.981769979073
-0.666666666667 1.0471975512 1.02954861457
-0.666666666667 1.25663706144 0.739656682865
-0.666666666667 1.46607657168 0.209344777836
-0.666666666667 1.67551608191 0.126612462897
-0.666666666667 1.88495559215 0.316408869455
-0.666666666667 2.09439510239 0.494753314248
-0.666666666667 2.30383461263 0.050558728467
-0.666666666667 2.51327412287 0.0811990919769
-0.666666666667 2.72271363311 0.127842155787
-0.666666666667 2.93215314335 0.0883951502951
-0.666666666667 3.14159265359 0.625509107783
-0.666666666667 3.35103216383 1.1122167631
-0.666666666667 3.56047167407 0.863077259696
-0.666666666667 3.76991118431 0.494899088476
-0.666666666667 3.97935069455 0.299016623298
-0.666666666667 4.18879020479 0.195710489356
-0.666666666667 4.39822971503 0.22026614525
-0.666666666667 4.60766922527 0.300507705232
-0.666666666667 4.8171087355 0.557071148113
-0.666666666667 5.02654824574 0.397674006939
-0.666666666667 5.23598775598 0.427959834859
-0.666666666667 5.44542726622 0.159622152983
-0.666666666667 5.65486677646 0.404547012402
-0.666666666667 5.8643062867 0.417741380399
-0.666666666667 6.07374579694 0.204098702397

-0.6 0 0.455176449736
-0.6 0.209439510239 0.560021171081
-0.6 0.418879020479 0.639727974797
-0.6 0.628318530718 0.813302106021
-0.6 0.837758040957 1.04649408168
-0.6 1.0471975512 1.09822251795
-0.6 1.25663706144 0.885376506021
-0.6 1.46607657168 0.331996651064
-0.6 1.67551608191 0.0962415535921
-0.6 1.88495559215 0.300223825265
-0.6 2.09439510239 0.488325437473
-0.6 2.30383461263 0.0419318708899
-0.6 2.51327412287 0.0948604580691
-0.6 2.72271363311 0.102649302444
-0.6 2.93215314335 0.166171250545
-0.6 3.14159265359 0.9111356195
-0.6 3.35103216383 1.07379798539
-0.6 3.56047167407 0.592301032115
-0.6 3.76991118431 0.331550649137
-0.6 3.97935069455 0.305142242112
-0.6 4.18879020479 0.214069834582
-0.6 4.39822971503 0.134029121306
-0.6 4.60766922527 0.271023217881
-0.6 4.8171087355 0.540134584036
-0.6 5.02654824574 0.452326890356
-0.6 5.23598775598 0.448772016524
-0.6 5.44542726622 0.139801589034
-0.6 5.65486677646 0.522654347851
-0.6 5.8643062867 0.40901906032
-0.6 6.07374579694 0.258185045818

-0.533333333333 0 0.472885420655
-0.533333333333 0.209439510239 0.507756507229
-0.533333333333 0.418879020479 0.544715241614
-0.533333333333 0.628318530718 0.835530323278
-0.533333333333 0.837758040957 1.13829160947
-0.533333333333 1.0471975512 1.14580304508
-0.533333333333 1.25663706144 0.92234235026
-0.533333333333 1.46607657168 0.450775403846
-0.533333333333 1.67551608191 0.0729141436234
-0.533333333333 1.88495559215 0.30355785065
-0.533333333333 2.09439510239 0.47106494944
-0.533333333333 2.30383461263 0.0389279855169
-0.533333333333 2.51327412287 0.103287717152
-0.533333333333 2.72271363311 0.0887558884231
-0.533333333333 2.93215314335 0.285395070173
-0.533333333333 3.14159265359 1.06584598539
-0.533333333333 3.35103216383 0.890139984852
-0.533333333333 3.56047167407 0.380581396466
-0.533333333333 3.76991118431 0.289394068096
-0.533333333333 3.97935069455 0.421422682622
-0.533333333333 4.18879020479 0.425520563373
-0.533333333333 4.39822971503 0.184949222444
-0.533333333333 4.60766922527 0.267926476434
-0.533333333333 4.8171087355 0.476976578545
-0.533333333333 5.02654824574 0.498743112594
-0.533333333333 5.23598775598 0.44869077875
-0.533333333333 5.44542726622 0.150242106245
-0.533333333333 5.65486677646 0.621677728451
-0.533333333333 5.8643062867 0.439652117283
-0.533333333333 6.07374579694 0.342014291709

-0.466666666667 0 0.428018112236
-0.466666666667 0.209439510239 0.407804772457
-0.466666666667 0.418879020479 0.39686672194
-0.466666666667 0.628318530718 0.810582628706
-0.466666666667 0.837758040957 1.22689260716
-0.466666666667 1.0471975512 1.24589538665
-0.466666666667 1.25663706144 0.919240734141
-0.466666666667 1.46607657168 0.515492418804
-0.466666666667 1.67551608191 0.0706238603646
-0.466666666667 1.88495559215 0.310497449872
-0.466666666667 2.09439510239 0.450626701517
-0.466666666667 2.30383461263 0.039735913339
-0.466666666667 2.51327412287 0.107748785593
-0.466666666667 2.72271363311 0.0864277416724
-0.466666666667 2.93215314335 0.409305730645
-0.466666666667 3.14159265359 1.10505297681
-0.466666666667 3.35103216383 0.68957258943
-0.466666666667 3.56047167407 0.257817705224
-0.466666666667 3.76991118431 0.267207073182
-0.466666666667 3.97935069455 0.468866842336
-0.466666666667 4.18879020479 0.627096305897
-0.466666666667 4.39822971503 0.342523718234
-0.466666666667 4.60766922527 0.305855269539
-0.466666666667 4.8171087355 0.432008834183
-0.466666666667 5.02654824574 0.520838599892
-0.466666666667 5.23598775598 0.438010667251
-0.466666666667 5.44542726622 0.176646366413
-0.466666666667 5.65486677646 0.697545878631
-0.466666666667 5.8643062867 0.48434746484
-0.466666666667 6.07374579694 0.406641543557

-0.4 0 0.344145275525
-0.4 0.209439510239 0.29068561792
-0.4 0.418879020479 0.242443717346
-0.4 0.628318530718 0.712884706748
-0.4 0.837758040957 1.25989505551
-0.4 1.0471975512 1.40486398345
-0.4 1.25663706144 0.960046182128
-0.4 1.46607657168 0.52019917294
-0.4 1.67551608191 0.0891157269774
-0.4 1.88495559215 0.31217244407
-0.4 2.09439510239 0.431884328701
-0.4 2.30383461263 0.0429949993373
-0.4 2.51327412287 0.109642086205
-0.4 2.72271363311 0.092700523317
-0.4 2.93215314335 0.517213576209
-0.4 3.14159265359 1.07424863534
-0.4 3.35103216383 0.528131701785
-0.4 3.56047167407 0.189376513253
-0.4 3.76991118431 0.220905385529
-0.4 3.97935069455 0.414596821313
-0.4 4.18879020479 0.703867709675
-0.4 4.39822971503 0.511221662364
-0.4 4.60766922527 0.358371883103
-0.4 4.8171087355 0.43209153075
-0.4 5.02654824574 0.519332197545
-0.4 5.23598775598 0.423808413188
-0.4 5.44542726622 0.210555484186
-0.4 5.65486677646 0.752229231339
-0.4 5.8643062867 0.523962267176
-0.4 6.07374579694 0.438401069405

-0.333333333333 0 0.255409648607
-0.333333333333 0.209439510239 0.198826762804
-0.333333333333 0.418879020479 0.125105729709
-0.333333333333 0.628318530718 0.55975030347
-0.333333333333 0.837758040957 1.20707185503
-0.333333333333 1.0471975512 1.57417052755
-0.333333333333 1.25663706144 1.07623346844
-0.333333333333 1.46607657168 0.489843644103
-0.333333333333 1.67551608191 0.119410540338
-0.333333333333 1.88495559215 0.306221294886
-0.333333333333 2.09439510239 0.417257437267
-0.333333333333 2.30383461263 0.0477023686753
-0.333333333333 2.51327412287 0.11010080901
-0.333333333333 2.72271363311 0.104076023957
-0.333333333333 2.93215314335 0.601808552077
-0.333333333333 3.14159265359 1.01292057825
-0.333333333333 3.35103216383 0.415058293941
-0.333333333333 3.56047167407 0.145997883204
-0.333333333333 3.76991118431 0.162467306737
-0.333333333333 3.97935069455 0.31643041125
-0.333333333333 4.18879020479 0.670716172335
-0.333333333333 4.39822971503 0.62878575164
-0.333333333333 4.60766922527 0.400693710365
-0.333333333333 4.8171087355 0.470468802228
-0.333333333333 5.02654824574 0.502475653367
-0.333333333333 5.23598775598 0.410130329169
-0.333333333333 5.44542726622 0.247264216238
-0.333333333333 5.65486677646 0.788831457345
-0.333333333333 5.8643062867 0.550733745736
-0.333333333333 6.07374579694 0.442544408603

-0.266666666667 0 0.18559034482
-0.266666666667 0.209439510239 0.151211750673
-0.266666666667 0.418879020479 0.0617700193688
-0.266666666667 0.628318530718 0.39917097252
-0.266666666667 0.837758040957 1.08661523112
-0.266666666667 1.0471975512 1.70602198875
-0.266666666667 1.25663706144 1.25013734668
-0.266666666667 1.46607657168 0.4536068128
-0.266666666667 1.67551608191 0.151902055387
-0.266666666667 1.88495559215 0.294019004713
-0.266666666667 2.09439510239 0.407444284574
-0.266666666667 2.30383461263 0.0531276733521
-0.266666666667 2.51327412287 0.1099019583
-0.266666666667 2.72271363311 0.11767961918
-0.266666666667 2.93215314335 0.663622108521
-0.266666666667 3.14159265359 0.94592250969
-0.266666666667 3.35103216383 0.341465887993
-0.266666666667 3.56047167407 0.114525753201
-0.266666666667 3.76991118431 0.113979859046
-0.266666666667 3.97935069455 0.232464480854
-0.266666666667 4.18879020479 0.591077787355
-0.266666666667 4.39822971503 0.684946334142
-0.266666666667 4.60766922527 0.423943772644
-0.266666666667 4.8171087355 0.528391300856
-0.266666666667 5.02654824574 0.479150971086
-0.266666666667 5.23598775598 0.398772924419
-0.266666666667 5.44542726622 0.284238137813
-0.266666666667 5.65486677646 0.810233479965
-0.266666666667 5.8643062867 0.56462665026
-0.266666666667 6.07374579694 0.429915666516

-0.2 0 0.14362085995
-0.2 0.209439510239 0.144871262353
-0.2 0.418879020479 0.0475345024706
-0.2 0.628318530718 0.274885940686
-0.2 0.837758040957 0.943041896969
-0.2 1.0471975512 1.78181998174
-0.2 1.25663706144 1.44464825364
-0.2 1.46607657168 0.429365660783
-0.2 1.67551608191 0.1802629725
-0.2 1.88495559215 0.278268824715
-0.2 2.09439510239 0.402125684892
-0.2 2.30383461263 0.0587426624795
-0.2 2.51327412287 0.109498588687
-0.2 2.72271363311 0.131537916216
-0.2 2.93215314335 0.706522450288
-0.2 3.14159265359 0.886082097796
-0.2 3.35103216383 0.295754215884
-0.2 3.56047167407 0.0904743943168
-0.2 3.76991118431 0.0861510205304
-0.2 3.97935069455 0.187573034588
-0.2 4.18879020479 0.515235892628
-0.2 4.39822971503 0.696987630244
-0.2 4.60766922527 0.430467013594
-0.2 4.8171087355 0.589010844683
-0.2 5.02654824574 0.455958935902
-0.2 5.23598775598 0.390100214544
-0.2 5.44542726622 0.320175034347
-0.2 5.65486677646 0.818780351364
-0.2 5.8643062867 0.569239995594
-0.2 6.07374579694 0.410346084104

-0.133333333333 0 0.127882394956
-0.133333333333 0.209439510239 0.167161590285
-0.133333333333 0.418879020479 0.0670813260985
-0.133333333333 0.628318530718 0.204212570253
-0.133333333333 0.837758040957 0.815391559266
-0.133333333333 1.0471975512 1.80842170609
-0.133333333333 1.25663706144 1.62521241721
-0.133333333333 1.46607657168 0.421611839777
-0.133333333333 1.67551608191 0.201772465676
-0.133333333333 1.88495559215 0.261571311876
-0.133333333333 2.09439510239 0.400493211237
-0.133333333333 2.30383461263 0.0641667896827
-0.133333333333 2.51327412287 0.10908719019
-0.133333333333 2.72271363311 0.144469223864
-0.133333333333 2.93215314335 0.735030831995
-0.133333333333 3.14159265359 0.838823285259
-0.133333333333 3.35103216383 0.268921966761
-0.133333333333 3.56047167407 0.0719955643326
-0.133333333333 3.76991118431 0.0779249515788
-0.133333333333 3.97935069455 0.179397550407
-0.133333333333 4.18879020479 0.464717216549
-0.133333333333 4.39822971503 0.68603128704
-0.133333333333 4.60766922527 0.426610707892
-0.133333333333 4.8171087355 0.641820651899
-0.133333333333 5.02654824574 0.436811083133
-0.133333333333 5.23598775598 0.383702422684
-0.133333333333 5.44542726622 0.354481210063
-0.133333333333 5.65486677646 0.816261470329
-0.133333333333 5.8643062867 0.569143315935
-0.133333333333 6.07374579694 0.390561616422

-0.0666666666667 0 0.132044792519
-0.0666666666667 0.209439510239 0.205056160482
-0.0666666666667 0.418879020479 0.104342611249
-0.0666666666667 0.628318530718 0.180373767591
-0.0666666666667 0.837758040957 0.723017371384
-0.0666666666667 1.0471975512 1.80281085206
-0.0666666666667 1.25663706144 1.76777536992
-0.0666666666667 1.46607657168 0.426170878521
-0.0666666666667 1.67551608191 0.216135404647
-0.0666666666667 1.88495559215 0.245820319687
-0.0666666666667 2.09439510239 0.401586377869
-0.0666666666667 2.30383461263 0.0691277552953
-0.0666666666667 2.51327412287 0.108672154877
-0.0666666666667 2.72271363311 0.155858404394
-0.0666666666667 2.93215314335 0.753077130847
-0.0666666666667 3.14159265359 0.80576607769
-0.0666666666667 3.35103216383 0.255349024807
-0.0666666666667 3.56047167407 0.0576068407518
-0.0666666666667 3.76991118431 0.0824176889709
-0.0666666666667 3.97935069455 0.194060983744
-0.0666666666667 4.18879020479 0.440842496377
-0.0666666666667 4.39822971503 0.666764663447
-0.0666666666667 4.60766922527 0.418587459029
-0.0666666666667 4.8171087355 0.6819294246
-0.0666666666667 5.02654824574 0.423563442497
-0.0666666666667 5.23598775598 0.378856071152
-0.0666666666667 5.44542726622 0.386980824996
-0.0666666666667 5.65486677646 0.803983559867
-0.0666666666667 5.8643062867 0.568500199004
-0.0666666666667 6.07374579694 0.374222080813

6.12323399574e-17 0 0.14919091484
6.12323399574e-17 0.209439510239 0.249277095394
6.12323399574e-17 0.418879020479 0.147926697977
6.12323399574e-17 0.628318530718 0.186163470752
6.12323399574e-17 0.837758040957 0.667505233567
6.12323399574e-17 1.0471975512 1.77970680098
6.12323399574e-17 1.25663706144 1.85775231964
6.12323399574e-17 1.46607657168 0.435891295881
6.12323399574e-17 1.67551608191 0.224155584699
6.12323399574e-17 1.88495559215 0.232100770134
6.12323399574e-17 2.09439510239 0.404472513262
6.12323399574e-17 2.30383461263 0.0734356192868
6.12323399574e-17 2.51327412287 0.108114935424
6.12323399574e-17 2.72271363311 0.16543534966
6.12323399574e-17 2.93215314335 0.763600038556
6.12323399574e-17 3.14159265359 0.786924617389
6.12323399574e-17 3.35103216383 0.252310360845
6.12323399574e-17 3.56047167407 0.04596337165
6.12323399574e-17 3.76991118431 0.0914863711628
6.12323399574e-17 3.97935069455 0.217220285141
6.12323399574e-17 4.18879020479 0.4369033918
6.12323399574e-17 4.39822971503 0.646415530798
6.12323399574e-17 4.60766922527 0.411180617665
6.12323399574e-17 4.8171087355 0.707739393783
6.12323399574e-17 5.02654824574 0.416856430344
6.12323399574e-17 5.23598775598 0.374806082204
6.12323399574e-17 5.44542726622 0.417750815502
6.12323399574e-17 5.65486677646 0.78288307361
6.12323399574e-17 5.8643062867 0.57049719965
6.12323399574e-17 6.07374579694 0.362661238514

0.0666666666667 0 0.173819629585
0.0666666666667 0.209439510239 0.294852558799
0.0666666666667 0.418879020479 0.192672106567
0.0666666666667 0.628318530718 0.205607685822
0.0666666666667 0.837758040957 0.640278461106
0.0666666666667 1.0471975512 1.74539880032
0.0666666666667 1.25663706144 1.88618174312
0.0666666666667 1.46607657168 0.444728426143
0.0666666666667 1.67551608191 0.226819712192
0.0666666666667 1.88495559215 0.220816202561
0.0666666666667 2.09439510239 0.408310790135
0.0666666666667 2.30383461263 0.0769697042635
0.0666666666667 2.51327412287 0.107166423308
0.0666666666667 2.72271363311 0.173091886256
0.0666666666667 2.93215314335 0.768537269673
0.0666666666667 3.14159265359 0.781863343348
0.0666666666667 3.35103216383 0.259468739016
0.0666666666667 3.56047167407 0.0365076214026
0.0666666666667 3.76991118431 0.0977353641102
0.0666666666667 3.97935069455 0.238612906684
0.0666666666667 4.18879020479 0.445840039133
0.0666666666667 4.39822971503 0.626996628844
0.0666666666667 4.60766922527 0.407864265163
0.0666666666667 4.8171087355 0.718822791304
0.0666666666667 5.02654824574 0.41681218438
0.0666666666667 5.23598775598 0.370907130064
0.0666666666667 5.44542726622 0.447023027751
0.0666666666667 5.65486677646 0.753665064049
0.0666666666667 5.8643062867 0.577174846862
0.0666666666667 6.07374579694 0.355669931314

0.133333333333 0 0.202397172586
0.133333333333 0.209439510239 0.339889450064
0.133333333333 0.418879020479 0.238939967953
0.133333333333 0.628318530718 0.229419869043
0.133333333333 0.837758040957 0.629166683435
0.133333333333 1.0471975512 1.69606817347
0.133333333333 1.25663706144 1.84725856472
0.133333333333 1.46607657168 0.449659545938
0.133333333333 1.67551608191 0.224915692421
0.133333333333 1.88495559215 0.211879263774
0.133333333333 2.09439510239 0.412333088375
0.133333333333 2.30383461263 0.079678887133
0.133333333333 2.51327412287 0.105487328104
0.133333333333 2.72271363311 0.178734425486
0.133333333333 2.93215314335 0.768933238921
0.133333333333 3.14159265359 0.790206641802
0.133333333333 3.35103216383 0.278618138474
0.133333333333 3.56047167407 0.030829124219
0.133333333333 3.76991118431 0.0955810030288
0.133333333333 3.97935069455 0.252968812752
0.133333333333 4.18879020479 0.463190226269
0.133333333333 4.39822971503 0.607655832501
0.133333333333 4.60766922527 0.411247826482
0.133333333333 4.8171087355 0.714601522247
0.133333333333 5.02654824574 0.423493759019
0.133333333333 5.23598775598 0.36665963397
0.133333333333 5.44542726622 0.475121616534
0.133333333333 5.65486677646 0.716967505215
0.133333333333 5.8643062867 0.589386699833
0.133333333333 6.07374579694 0.352101303273

0.2 0 0.233190611028
0.2 0.209439510239 0.3836386802
0.2 0.418879020479 0.290962741396
0.2 0.628318530718 0.255879987998
0.2 0.837758040957 0.622288985629
0.2 1.0471975512 1.61922518718
0.2 1.25663706144 1.73927384083
0.2 1.46607657168 0.450400738369
0.2 1.67551608191 0.219170788887
0.2 1.88495559215 0.204896806851
0.2 2.09439510239 0.415758800558
0.2 2.30383461263 0.0815970394701
0.2 2.51327412287 0.102664096327
0.2 2.72271363311 0.182158818123
0.2 2.93215314335 0.765014521434
0.2 3.14159265359 0.811750346326
0.2 3.35103216383 0.31353548069
0.2 3.56047167407 0.0350214566069
0.2 3.76991118431 0.0836240642169
0.2 3.97935069455 0.260361174706
0.2 4.18879020479 0.487316785709
0.2 4.39822971503 0.586278165202
0.2 4.60766922527 0.423212536892
0.2 4.8171087355 0.693938671296
0.2 5.02654824574 0.437129541511
0.2 5.23598775598 0.361662360382
0.2 5.44542726622 0.502417626061
0.2 5.65486677646 0.673554978955
0.2 5.8643062867 0.606715681751
0.2 6.07374579694 0.35029441319

0.266666666667 0 0.265849777955
0.266666666667 0.209439510239 0.42434538669
0.266666666667 0.418879020479 0.354522021841
0.266666666667 0.628318530718 0.28981374261
0.266666666667 0.837758040957 0.610636062398
0.266666666667 1.0471975512 1.49911712727
0.266666666667 1.25663706144 1.56849601791
0.266666666667 1.46607657168 0.446971624078
0.266666666667 1.67551608191 0.210857628253
0.266666666667 1.88495559215 0.199352120634
0.266666666667 2.09439510239 0.417648979935
0.266666666667 2.30383461263 0.0828778082818
0.266666666667 2.51327412287 0.0982320881977
0.266666666667 2.72271363311 0.1829365293
0.266666666667 2.93215314335 0.75613765424
0.266666666667 3.14159265359 0.846248692892
0.266666666667 3.35103216383 0.36951936904
0.266666666667 3.56047167407 0.0628710236992
0.266666666667 3.76991118431 0.0699584969194
0.266666666667 3.97935069455 0.267724059024
0.266666666667 4.18879020479 0.518380319228
0.266666666667 4.39822971503 0.560513634092
0.266666666667 4.60766922527 0.44439362254
0.266666666667 4.8171087355 0.655672383464
0.266666666667 5.02654824574 0.458121352553
0.266666666667 5.23598775598 0.355498168873
0.266666666667 5.44542726622 0.529287928089
0.266666666667 5.65486677646 0.624548711572
0.266666666667 5.8643062867 0.627248397082
0.266666666667 6.07374579694 0.348419068932

0.333333333333 0 0.300867932166
0.333333333333 0.209439510239 0.457347908467
0.333333333333 0.418879020479 0.433115177493
0.333333333333 0.628318530718 0.340716730149
0.333333333333 0.837758040957 0.591540019231
0.333333333333 1.0471975512 1.32759990007
0.333333333333 1.25663706144 1.35159522475
0.333333333333 1.46607657168 0.436077632821
0.333333333333 1.67551608191 0.202639397159
0.333333333333 1.88495559215 0.194838389987
0.333333333333 2.09439510239 0.416696241353
0.333333333333 2.30383461263 0.0838536059267
0.333333333333 2.51327412287 0.0917248083692
0.333333333333 2.72271363311 0.180320247175
0.333333333333 2.93215314335 0.740515637681
0.333333333333 3.14159265359 0.892738784206
0.333333333333 3.35103216383 0.451953674156
0.333333333333 3.56047167407 0.137705786267
0.333333333333 3.76991118431 0.0793159386511
0.333333333333 3.97935069455 0.291037296584
0.333333333333 4.18879020479 0.556353810347
0.333333333333 4.39822971503 0.528648655646
0.333333333333 4.60766922527 0.472913574244
0.333333333333 4.8171087355 0.600156521179
0.333333333333 5.02654824574 0.486836767911
0.333333333333 5.23598775598 0.34756840112
0.333333333333 5.44542726622 0.556068367884
0.333333333333 5.65486677646 0.571699749782
0.333333333333 5.8643062867 0.647172677784
0.333333333333 6.07374579694 0.344896597376

0.4 0 0.338660465067
0.4 0.209439510239 0.474634060999
0.4 0.418879020479 0.521228083252
0.4 0.628318530718 0.418049020069
0.4 0.837758040957 0.572484948143
0.4 1.0471975512 1.1162344228
0.4 1.25663706144 1.10876404574
0.4 1.46607657168 0.410117956016
0.4 1.67551608191 0.198850955706
0.4 1.88495559215 0.191408359947
0.4 2.09439510239 0.410954199198
0.4 2.30383461263 0.0851237122389
0.4 2.51327412287 0.0827817657553
0.4 2.72271363311 0.173216792193
0.4 2.93215314335 0.714640057547
0.4 3.14159265359 0.947957278845
0.4 3.35103216383 0.563351510548
0.4 3.56047167407 0.286949321433
0.4 3.76991118431 0.154774708599
0.4 3.97935069455 0.354051532683
0.4 4.18879020479 0.597640372251
0.4 4.39822971503 0.490600861457
0.4 4.60766922527 0.502783812994
0.4 4.8171087355 0.531763849114
0.4 5.02654824574 0.523159761948
0.4 5.23598775598 0.336906368144
0.4 5.44542726622 0.582989024317
0.4 5.65486677646 0.517704480947
0.4 5.8643062867 0.660254057299
0.4 6.07374579694 0.339046017456

0.466666666667 0 0.377588273613
0.466666666667 0.209439510239 0.468274725558
0.466666666667 0.418879020479 0.595131370663
0.466666666667 0.628318530718 0.518442632162
0.466666666667 0.837758040957 0.566482517369
0.466666666667 1.0471975512 0.892491076225
0.466666666667 1.25663706144 0.846825475129
0.466666666667 1.46607657168 0.36596608054
0.466666666667 1.67551608191 0.203404492605
0.466666666667 1.88495559215 0.190030560847
0.466666666667 2.09439510239 0.397546299926
0.466666666667 2.30383461263 0.0876667905943
0.466666666667 2.51327412287 0.0713731302124
0.466666666667 2.72271363311 0.160362399813
0.466666666667 2.93215314335 0.672484537024
0.466666666667 3.14159265359 1.00303950613
0.466666666667 3.35103216383 0.699255997375
0.466666666667 3.56047167407 0.521195985843
0.466666666667 3.76991118431 0.33955402419
0.466666666667 3.97935069455 0.475745617598
0.466666666667 4.18879020479 0.630670225189
0.466666666667 4.39822971503 0.448971519107
0.466666666667 4.60766922527 0.52336707558
0.466666666667 4.8171087355 0.461775608678
0.466666666667 5.02654824574 0.565746699686
0.466666666667 5.23598775598 0.322041470767
0.466666666667 5.44542726622 0.610074738107
0.466666666667 5.65486677646 0.466545099708
0.466666666667 5.8643062867 0.657421996437
0.466666666667 6.07374579694 0.3319653293

0.533333333333 0 0.41032262184
0.533333333333 0.209439510239 0.439517946417
0.533333333333 0.418879020479 0.609952603968
0.533333333333 0.628318530718 0.601902324142
0.533333333333 0.837758040957 0.564001843787
0.533333333333 1.0471975512 0.665496541732
0.533333333333 1.25663706144 0.558305593211
0.533333333333 1.46607657168 0.325546547382
0.533333333333 1.67551608191 0.213226280718
0.533333333333 1.88495559215 0.192867717579
0.533333333333 2.09439510239 0.37250385446
0.533333333333 2.30383461263 0.0929326749971
0.533333333333 2.51327412287 0.0582423959702
0.533333333333 2.72271363311 0.141004620533
0.533333333333 2.93215314335 0.605290404543
0.533333333333 3.14159265359 1.03764552712
0.533333333333 3.35103216383 0.843682365153
0.533333333333 3.56047167407 0.800398861673
0.533333333333 3.76991118431 0.628117439158
0.533333333333 3.97935069455 0.642082449665
0.533333333333 4.18879020479 0.634497694898
0.533333333333 4.39822971503 0.40982089464
0.533333333333 4.60766922527 0.522397640118
0.533333333333 4.8171087355 0.409927134999
0.533333333333 5.02654824574 0.610900803681
0.533333333333 5.23598775598 0.301056550728
0.533333333333 5.44542726622 0.636986018847
0.533333333333 5.65486677646 0.423797463481
0.533333333333 5.8643062867 0.627026817094
0.533333333333 6.07374579694 0.327219117474

0.6 0 0.420078906149
0.6 0.209439510239 0.407597379461
0.6 0.418879020479 0.52696321654
0.6 0.628318530718 0.580447186983
0.6 0.837758040957 0.495579139153
0.6 1.0471975512 0.403625398623
0.6 1.25663706144 0.274990921519
0.6 1.46607657168 0.341335247994
0.6 1.67551608191 0.209782785407
0.6 1.88495559215 0.202506726275
0.6 2.09439510239 0.331132980932
0.6 2.30383461263 0.102728802877
0.6 2.51327412287 0.0457106048653
0.6 2.72271363311 0.116665354703
0.6 2.93215314335 0.504477196196
0.6 3.14159265359 1.01222047523
0.6 3.35103216383 0.960741186771
0.6 3.56047167407 1.02262423499
0.6 3.76991118431 0.913087328389
0.6 3.97935069455 0.780125454816
0.6 4.18879020479 0.589570564019
0.6 4.39822971503 0.382983265368
0.6 4.60766922527 0.494889668388
0.6 4.8171087355 0.401484614203
0.6 5.02654824574 0.650921084845
0.6 5.23598775598 0.272091606729
0.6 5.44542726622 0.6627590246
0.6 5.65486677646 0.396768960341
0.6 5.8643062867 0.556889682174
0.6 6.07374579694 0.329961629735

0.666666666667 0 0.38416845184
0.666666666667 0.209439510239 0.396695077034
0.666666666667 0.418879020479 0.38186000653
0.666666666667 0.628318530718 0.397029325872
0.666666666667 0.837758040957 0.287394236389
0.666666666667 1.0471975512 0.121327596078
0.666666666667 1.25663706144 0.130316894885
0.666666666667 1.46607657168 0.425946178514
0.666666666667 1.67551608191 0.166491193783
0.666666666667 1.88495559215 0.21856899343
0.666666666667 2.09439510239 0.269797424643
0.666666666667 2.30383461263 0.118297916223
0.666666666667 2.51327412287 0.038862618324
0.666666666667 2.72271363311 0.0946750764614
0.666666666667 2.93215314335 0.372244664903
0.666666666667 3.14159265359 0.868578452951
0.666666666667 3.35103216383 0.980528679927
0.666666666667 3.56047167407 1.07664342486
0.666666666667 3.76991118431 1.0216029079
0.666666666667 3.97935069455 0.790705673764
0.666666666667 4.18879020479 0.506160864822
0.666666666667 4.39822971503 0.380199654041
0.666666666667 4.60766922527 0.456046971023
0.666666666667 4.8171087355 0.456787561348
0.666666666667 5.02654824574 0.671721368984
0.666666666667 5.23598775598 0.234666658763
0.666666666667 5.44542726622 0.685373823779
0.666666666667 5.65486677646 0.394162827087
0.666666666667 5.8643062867 0.440005545213
0.666666666667 6.07374579694 0.341731787013

0.733333333333 0 0.296989524084
0.733333333333 0.209439510239 0.382169464127
0.733333333333 0.418879020479 0.298745643569
0.733333333333 0.628318530718 0.194614285481
0.733333333333 0.837758040957 0.0709160979345
0.733333333333 1.0471975512 0.0079720490485
0.733333333333 1.25663706144 0.2335405178
0.733333333333 1.46607657168 0.435860365288
0.733333333333 1.67551608191 0.0987248187666
0.733333333333 1.88495559215 0.231042647839
0.733333333333 2.09439510239 0.190602377321
0.733333333333 2.30383461263 0.137105048092
0.733333333333 2.51327412287 0.0459608373095
0.733333333333 2.72271363311 0.0924080491944
0.733333333333 2.93215314335 0.241901277898
0.733333333333 3.14159265359 0.581483391413
0.733333333333 3.35103216383 0.808447193445
0.733333333333 3.56047167407 0.911107742895
0.733333333333 3.76991118431 0.877739686876
0.733333333333 3.97935069455 0.661838314005
0.733333333333 4.18879020479 0.440223552937
0.733333333333 4.39822971503 0.404207766208
0.733333333333 4.60766922527 0.445861823908
0.733333333333 4.8171087355 0.573374281663
0.733333333333 5.02654824574 0.649882330717
0.733333333333 5.23598775598 0.192234731449
0.733333333333 5.44542726622 0.701016908164
0.733333333333 5.65486677646 0.424609066249
0.733333333333 5.8643062867 0.28624178698
0.733333333333 6.07374579694 0.347911233894

0.8 0 0.204560242819
0.8 0.209439510239 0.267730318206
0.8 0.418879020479 0.285635024488
0.8 0.628318530718 0.194638567521
0.8 0.837758040957 0.118721068654
0.8 1.0471975512 0.169622597107
0.8 1.25663706144 0.319648372413
0.8 1.46607657168 0.227029780435
0.8 1.67551608191 0.110049678715
0.8 1.88495559215 0.217976373276
0.8 2.09439510239 0.10984805354
0.8 2.30383461263 0.146374655549
0.8 2.51327412287 0.072038190495
0.8 2.72271363311 0.131716974594
0.8 2.93215314335 0.193039388265
0.8 3.14159265359 0.28938759951
0.8 3.35103216383 0.438353873026
0.8 3.56047167407 0.558103586147
0.8 3.76991118431 0.578044426784
0.8 3.97935069455 0.493390328622
0.8 4.18879020479 0.420918117267
0.8 4.39822971503 0.435236236427
0.8 4.60766922527 0.512015459993
0.8 4.8171087355 0.703040058215
0.8 5.02654824574 0.552261681763
0.8 5.23598775598 0.156039955486
0.8 5.44542726622 0.702741500365
0.8 5.65486677646 0.49256954321
0.8 5.8643062867 0.141229864049
0.8 6.07374579694 0.304181454277

0.866666666667 0 0.169930777182
0.866666666667 0.209439510239 0.0953513757854
0.866666666667 0.418879020479 0.109111363201
0.866666666667 0.628318530718 0.126932280977
0.866666666667 0.837758040957 0.124012216395
0.866666666667 1.0471975512 0.11871931719
0.866666666667 1.25663706144 0.0938328753769
0.866666666667 1.46607657168 0.109660151127
0.866666666667 1.67551608191 0.247742993058
0.866666666667 1.88495559215 0.170171356786
0.866666666667 2.09439510239 0.0650954586434
0.866666666667 2.30383461263 0.125937334275
0.866666666667 2.51327412287 0.0949915444738
0.866666666667 2.72271363311 0.194607027705
0.866666666667 2.93215314335 0.291262531311
0.866666666667 3.14159265359 0.272886320604
0.866666666667 3.35103216383 0.2241518622
0.866666666667 3.56047167407 0.238818510736
0.866666666667 3.76991118431 0.292149713598
0.866666666667 3.97935069455 0.343397230545
0.866666666667 4.18879020479 0.404764789932
0.866666666667 4.39822971503 0.508188552811
0.866666666667 4.60766922527 0.669489045731
0.866666666667 4.8171087355 0.719745615052
0.866666666667 5.02654824574 0.353094200569
0.866666666667 5.23598775598 0.148769767992
0.866666666667 5.44542726622 0.677659524644
0.866666666667 5.65486677646 0.587758709184
0.866666666667 5.8643062867 0.10643366795
0.866666666667 6.07374579694 0.171132829083

0.933333333333 0 0.128595364703
0.933333333333 0.209439510239 0.134196705206
0.933333333333 0.418879020479 0.0964784072369
0.933333333333 0.628318530718 0.0671982465035
0.933333333333 0.837758040957 0.0737568152573
0.933333333333 1.0471975512 0.126499578523
0.933333333333 1.25663706144 0.223043415657
0.933333333333 1.46607657168 0.305321322883
0.933333333333 1.67551608191 0.268602398066
0.933333333333 1.88495559215 0.147017259969
0.933333333333 2.09439510239 0.105423562136
0.933333333333 2.30383461263 0.0976437514003
0.933333333333 2.51327412287 0.0664529188174
0.933333333333 2.72271363311 0.150717935353
0.933333333333 2.93215314335 0.333424352289
0.933333333333 3.14159265359 0.474188858914
0.933333333333 3.35103216383 0.515510983735
0.933333333333 3.56047167407 0.505960553231
0.933333333333 3.76991118431 0.512939466086
0.933333333333 3.97935069455 0.562146822443
0.933333333333 4.18879020479 0.641894994114
0.933333333333 4.39822971503 0.704769552267
0.933333333333 4.60766922527 0.652123516618
0.933333333333 4.8171087355 0.400945926106
0.933333333333 5.02654824574 0.113553640526
0.933333333333 5.23598775598 0.200694641458
0.933333333333 5.44542726622 0.598583538274
0.933333333333 5.65486677646 0.654222564475
0.933333333333 5.8643062867 0.315914446264
0.933333333333 6.07374579694 0.117968745792

