-1 0 0.391171490433
-1 0.209439510239 0.391171490433
-1 0.418879020479 0.391171490433
-1 0.628318530718 0.391171490432
-1 0.837758040957 0.391171490432
-1 1.0471975512 0.391171490432
-1 1.25663706144 0.391171490432
-1 1.46607657168 0.391171490433
-1 1.67551608191 0.391171490433
-1 1.88495559215 0.391171490433
-1 2.09439510239 0.391171490432
-1 2.30383461263 0.391171490432
-1 2.51327412287 0.391171490432
-1 2.72271363311 0.391171490432
-1 2.93215314335 0.391171490432
-1 3.14159265359 0.391171490433
-1 3.35103216383 0.391171490433
-1 3.56047167407 0.391171490433
-1 3.76991118431 0.391171490432
-1 3.97935069455 0.391171490432
-1 4.18879020479 0.391171490432
-1 4.39822971503 0.391171490432
-1 4.60766922527 0.391171490433
-1 4.8171087355 0.391171490433
-1 5.02654824574 0.391171490433
-1 5.23598775598 0.391171490432
-1 5.44542726622 0.391171490432
-1 5.65486677646 0.391171490432
-1 5.8643062867 0.391171490432
-1 6.07374579694 0.391171490432

-0.933333333333 0 0.426836772877
-0.933333333333 0.209439510239 0.400803660764
-0.933333333333 0.418879020479 0.429606621414
-0.933333333333 0.628318530718 0.430673497132
-0.933333333333 0.837758040957 0.357364238132
-0.933333333333 1.0471975512 0.232593849197
-0.933333333333 1.25663706144 0.132096454244
-0.933333333333 1.46607657168 0.135374297203
-0.933333333333 1.67551608191 0.244418360101
-0.933333333333 1.88495559215 0.372970855525
-0.933333333333 2.09439510239 0.42782866399
-0.933333333333 2.30383461263 0.36748118596
-0.933333333333 2.51327412287 0.238083293316
-0.933333333333 2.72271363311 0.11310015298
-0.933333333333 2.93215314335 0.0333597615576
-0.933333333333 3.14159265359 0.0546156373576
-0.933333333333 3.35103216383 0.164244158927
-0.933333333333 3.56047167407 0.280623237365
-0.933333333333 3.76991118431 0.35394100028
-0.933333333333 3.97935069455 0.37385570266
-0.933333333333 4.18879020479 0.334149396208
-0.933333333333 4.39822971503 0.222642452528
-0.933333333333 4.60766922527 0.0685679463495
-0.933333333333 4.8171087355 0.0498543265214
-0.933333333333 5.02654824574 0.336582550607
-0.933333333333 5.23598775598 0.61006391469
-0.933333333333 5.44542726622 0.515356541061
-0.933333333333 5.65486677646 0.374964634907
-0.933333333333 5.8643062867 0.442946576303
-0.933333333333 6.07374579694 0.486912408533

-0.866666666667 0 0.587620521059
-0.866666666667 0.209439510239 0.828589189523
-0.866666666667 0.418879020479 0.957600279118
-0.866666666667 0.628318530718 0.959685817454
-0.866666666667 0.837758040957 0.90123388241
-0.866666666667 1.0471975512 0.739122737338
-0.866666666667 1.25663706144 0.437342682175
-0.866666666667 1.46607657168 0.151122795988
-0.866666666667 1.67551608191 0.103651304686
-0.866666666667 1.88495559215 0.252321966649
-0.866666666667 2.09439510239 0.446994516267
-0.866666666667 2.30383461263 0.397363089707
-0.866666666667 2.51327412287 0.138082647144
-0.866666666667 2.72271363311 0.0326134143609
-0.866666666667 2.93215314335 0.0896129699297
-0.866666666667 3.14159265359 0.272318230932
-0.866666666667 3.35103216383 0.385271594902
-0.866666666667 3.56047167407 0.41063825827
-0.866666666667 3.76991118431 0.438895566151
-0.866666666667 3.97935069455 0.485247997845
-0.866666666667 4.18879020479 0.536466038328
-0.866666666667 4.39822971503 0.570834126929
-0.866666666667 4.60766922527 0.473678976734
-0.866666666667 4.8171087355 0.177621019599
-0.866666666667 5.02654824574 0.214392095092
-0.866666666667 5.23598775598 0.536964283783
-0.866666666667 5.44542726622 0.385275167177
-0.866666666667 5.65486677646 0.460606701677
-0.866666666667 5.8643062867 0.589161001246
-0.866666666667 6.07374579694 0.506513405559

-0.8 0 0.572655923599
-0.8 0.209439510239 0.731578583922
-0.8 0.418879020479 0.756322573257
-0.8 0.628318530718 0.815465581326
-0.8 0.837758040957 0.910467550118
-0.8 1.0471975512 0.928970852618
-0.8 1.25663706144 0.725960015957
-0.8 1.46607657168 0.300649886966
-0.8 1.67551608191 0.0791761945869
-0.8 1.88495559215 0.190624244936
-0.8 2.09439510239 0.417199516752
-0.8 2.30383461263 0.409780778955
-0.8 2.51327412287 0.0692549401013
-0.8 2.72271363311 0.0453809970982
-0.8 2.93215314335 0.17144100799
-0.8 3.14159265359 0.264077389562
-0.8 3.35103216383 0.218587524768
-0.8 3.56047167407 0.275594187603
-0.8 3.76991118431 0.37821612796
-0.8 3.97935069455 0.405629097444
-0.8 4.18879020479 0.400639663883
-0.8 4.39822971503 0.485298071575
-0.8 4.60766922527 0.610213505674
-0.8 4.8171087355 0.386375455013
-0.8 5.02654824574 0.276775865529
-0.8 5.23598775598 0.452000598908
-0.8 5.44542726622 0.25231659293
-0.8 5.65486677646 0.582981817806
-0.8 5.8643062867 0.466647639463
-0.8 6.07374579694 0.373487530971

-0.733333333333 0 0.523330708601
-0.733333333333 0.209439510239 0.657750337344
-0.733333333333 0.418879020479 0.750856647453
-0.733333333333 0.628318530718 0.905322502822
-0.733333333333 0.837758040957 1.00685933537
-0.733333333333 1.0471975512 1.01710106578
-0.733333333333 1.25663706144 0.905156375292
-0.733333333333 1.46607657168 0.499166620145
-0.733333333333 1.67551608191 0.0799959776657
-0.733333333333 1.88495559215 0.175618087436
-0.733333333333 2.09439510239 0.380576420856
-0.733333333333 2.30383461263 0.406528342881
-0.733333333333 2.51327412287 0.0325227254191
-0.733333333333 2.72271363311 0.076094184842
-0.733333333333 2.93215314335 0.17708531807
-0.733333333333 3.14159265359 0.139506794155
-0.733333333333 3.35103216383 0.225166322726
-0.733333333333 3.56047167407 0.523271399185
-0.733333333333 3.76991118431 0.623565018713
-0.733333333333 3.97935069455 0.512763781532
-0.733333333333 4.18879020479 0.364484014283
-0.733333333333 4.39822971503 0.34970633066
-0.733333333333 4.60766922527 0.610241241377
-0.733333333333 4.8171087355 0.511275658149
-0.733333333333 5.02654824574 0.350198259366
-0.733333333333 5.23598775598 0.434088475252
-0.733333333333 5.44542726622 0.205285537879
-0.733333333333 5.65486677646 0.633644400546
-0.733333333333 5.8643062867 0.309991560928
-0.733333333333 6.07374579694 0.330268656372

-0.666666666667 0 0.577199309769
-0.666666666667 0.209439510239 0.719361885626
-0.666666666667 0.418879020479 0.860488692813
-0.666666666667 0.628318530718 1.11861147045
-0.666666666667 0.837758040957 1.1962686139
-0.666666666667 1.0471975512 1.09227510485
-0.666666666667 1.25663706144 0.930480957684
-0.666666666667 1.46607657168 0.638416228967
-0.666666666667 1.67551608191 0.125485395972
-0.666666666667 1.88495559215 0.162958051292
-0.666666666667 2.09439510239 0.356972801657
-0.666666666667 2.30383461263 0.392429472522
-0.666666666667 2.51327412287 0.0202218330755
-0.666666666667 2.72271363311 0.0954711891196
-0.666666666667 2.93215314335 0.137094756325
-0.666666666667 3.14159265359 0.107008090029
-0.666666666667 3.35103216383 0.506953493134
-0.666666666667 3.56047167407 0.85467062852
-0.666666666667 3.76991118431 0.744979980944
-0.666666666667 3.97935069455 0.48886513576
-0.666666666667 4.18879020479 0.309424390563
-0.666666666667 4.39822971503 0.245722358332
-0.666666666667 4.60766922527 0.544422171825
-0.666666666667 4.8171087355 0.610874722341
-0.666666666667 5.02654824574 0.377356769548
-0.666666666667 5.23598775598 0.464105630842
-0.666666666667 5.44542726622 0.221117123432
-0.666666666667 5.65486677646 0.650037115607
-0.666666666667 5.8643062867 0.277389619068
-0.666666666667 6.07374579694 0.419563352449

-0.6 0 0.600425617913
-0.6 0.209439510239 0.665992647994
-0.6 0.418879020479 0.852456411821
-0.6 0.628318530718 1.22635727996
-0.6 0.837758040957 1.39106581473
-0.6 1.0471975512 1.29139353819
-0.6 1.25663706144 0.962521182471
-0.6 1.46607657168 0.653469998403
-0.6 1.67551608191 0.203424052813
-0.6 1.88495559215 0.138052507643
-0.6 2.09439510239 0.350330738545
-0.6 2.30383461263 0.371883923459
-0.6 2.51327412287 0.0233686668257
-0.6 2.72271363311 0.1007702096
-0.6 2.93215314335 0.0953654509411
-0.6 3.14159265359 0.210886841314
-0.6 3.35103216383 0.830086872192
-0.6 3.56047167407 0.964629854088
-0.6 3.76991118431 0.637850851187
-0.6 3.97935069455 0.335735053258
-0.6 4.18879020479 0.189378334383
-0.6 4.39822971503 0.178000058821
-0.6 4.60766922527 0.424470145945
-0.6 4.8171087355 0.674070628328
-0.6 5.02654824574 0.379896522893
-0.6 5.23598775598 0.508237197593
-0.6 5.44542726622 0.262002735836
-0.6 5.65486677646 0.673518244996
-0.6 5.8643062867 0.325998383627
-0.6 6.07374579694 0.527574356075

-0.533333333333 0 0.524528627795
-0.533333333333 0.209439510239 0.496289704101
-0.533333333333 0.418879020479 0.698031235506
-0.533333333333 0.628318530718 1.08720408531
-0.533333333333 0.837758040957 1.42044662291
-0.533333333333 1.0471975512 1.56025555839
-0.533333333333 1.25663706144 1.15365146299
-0.533333333333 1.46607657168 0.60966439686
-0.533333333333 1.67551608191 0.274710564038
-0.533333333333 1.88495559215 0.10616556479
-0.533333333333 2.09439510239 0.357181708824
-0.533333333333 2.30383461263 0.348300473506
-0.533333333333 2.51327412287 0.0346133930844
-0.533333333333 2.72271363311 0.0978965963965
-0.533333333333 2.93215314335 0.0750233673913
-0.533333333333 3.14159265359 0.390879115892
-0.533333333333 3.35103216383 1.02730749104
-0.533333333333 3.56047167407 0.878798058352
-0.533333333333 3.76991118431 0.487680289129
-0.533333333333 3.97935069455 0.255310105489
-0.533333333333 4.18879020479 0.122653287705
-0.533333333333 4.39822971503 0.152511671041
-0.533333333333 4.60766922527 0.320487258012
-0.533333333333 4.8171087355 0.674165144197
-0.533333333333 5.02654824574 0.381387488063
-0.533333333333 5.23598775598 0.546682735871
-0.533333333333 5.44542726622 0.306661688207
-0.533333333333 5.65486677646 0.712634845773
-0.533333333333 5.8643062867 0.38645145062
-0.533333333333 6.07374579694 0.570649767658

-0.466666666667 0 0.403518421035
-0.466666666667 0.209439510239 0.325941204822
-0.466666666667 0.418879020479 0.472251098905
-0.466666666667 0.628318530718 0.767310563439
-0.466666666667 0.837758040957 1.23544336384
-0.466666666667 1.0471975512 1.73517464122
-0.466666666667 1.25663706144 1.48420616899
-0.466666666667 1.46607657168 0.607677559028
-0.466666666667 1.67551608191 0.313280508589
-0.466666666667 1.88495559215 0.0768758052207
-0.466666666667 2.09439510239 0.372034388672
-0.466666666667 2.30383461263 0.32412906596
-0.466666666667 2.51327412287 0.0488509025974
-0.466666666667 2.72271363311 0.0928789754974
-0.466666666667 2.93215314335 0.0797116672888
-0.466666666667 3.14159265359 0.576979203846
-0.466666666667 3.35103216383 1.07977678163
-0.466666666667 3.56047167407 0.729115992189
-0.466666666667 3.76991118431 0.410006716013
-0.466666666667 3.97935069455 0.311613388924
-0.466666666667 4.18879020479 0.186162064558
-0.466666666667 4.39822971503 0.178833698884
-0.466666666667 4.60766922527 0.284305356009
-0.466666666667 4.8171087355 0.620227511709
-0.466666666667 5.02654824574 0.390735416344
-0.466666666667 5.23598775598 0.57186732257
-0.466666666667 5.44542726622 0.346456270345
-0.466666666667 5.65486677646 0.761415288737
-0.466666666667 5.8643062867 0.425169832716
-0.466666666667 6.07374579694 0.541300672556

-0.4 0 0.304518445304
-0.4 0.209439510239 0.224020463401
-0.4 0.418879020479 0.287645876464
-0.4 0.628318530718 0.472460272603
-0.4 0.837758040957 0.959805590337
-0.4 1.0471975512 1.74161244768
-0.4 1.25663706144 1.84298746032
-0.4 1.46607657168 0.697253418394
-0.4 1.67551608191 0.316037412701
-0.4 1.88495559215 0.0564364878254
-0.4 2.09439510239 0.389940750979
-0.4 2.30383461263 0.301035570048
-0.4 2.51327412287 0.0629288349415
-0.4 2.72271363311 0.0894041901397
-0.4 2.93215314335 0.103200538605
-0.4 3.14159265359 0.728270899909
-0.4 3.35103216383 1.03914251645
-0.4 3.56047167407 0.597761858773
-0.4 3.76991118431 0.394864580513
-0.4 3.97935069455 0.42804983531
-0.4 4.18879020479 0.341595331631
-0.4 4.39822971503 0.246918081733
-0.4 4.60766922527 0.314931222075
-0.4 4.8171087355 0.543549128987
-0.4 5.02654824574 0.407831168492
-0.4 5.23598775598 0.582931261269
-0.4 5.44542726622 0.378950100828
-0.4 5.65486677646 0.812275165929
-0.4 5.8643062867 0.436920307833
-0.4 6.07374579694 0.469232324725

-0.333333333333 0 0.25484527484
-0.333333333333 0.209439510239 0.196585812793
-0.333333333333 0.418879020479 0.211887684353
-0.333333333333 0.628318530718 0.343023608546
-0.333333333333 0.837758040957 0.735206355265
-0.333333333333 1.0471975512 1.61871181618
-0.333333333333 1.25663706144 2.13530756477
-0.333333333333 1.46607657168 0.869875094314
-0.333333333333 1.67551608191 0.29414748009
-0.333333333333 1.88495559215 0.0464988359513
-0.333333333333 2.09439510239 0.407349779627
-0.333333333333 2.30383461263 0.280090965146
-0.333333333333 2.51327412287 0.0751251958243
-0.333333333333 2.72271363311 0.0889291963062
-0.333333333333 2.93215314335 0.136926090992
-0.333333333333 3.14159265359 0.83305391118
-0.333333333333 3.35103216383 0.959775929025
-0.333333333333 3.56047167407 0.506373577918
-0.333333333333 3.76991118431 0.394657337773
-0.333333333333 3.97935069455 0.51918099547
-0.333333333333 4.18879020479 0.507762026781
-0.333333333333 4.39822971503 0.330504861765
-0.333333333333 4.60766922527 0.383465606271
-0.333333333333 4.8171087355 0.471787774084
-0.333333333333 5.02654824574 0.42953129496
-0.333333333333 5.23598775598 0.582017927035
-0.333333333333 5.44542726622 0.404329556266
-0.333333333333 5.65486677646 0.859851020344
-0.333333333333 5.8643062867 0.428609263879
-0.333333333333 6.07374579694 0.386619335463

-0.266666666667 0 0.24992942502
-0.266666666667 0.209439510239 0.218998602227
-0.266666666667 0.418879020479 0.236917204869
-0.266666666667 0.628318530718 0.383138987841
-0.266666666667 0.837758040957 0.624309291815
-0.266666666667 1.0471975512 1.44399258306
-0.266666666667 1.25663706144 2.32445919584
-0.266666666667 1.46607657168 1.08859911015
-0.266666666667 1.67551608191 0.262037539536
-0.266666666667 1.88495559215 0.0455323420957
-0.266666666667 2.09439510239 0.422126144899
-0.266666666667 2.30383461263 0.261936431178
-0.266666666667 2.51327412287 0.0846598199719
-0.266666666667 2.72271363311 0.091484236287
-0.266666666667 2.93215314335 0.173680985025
-0.266666666667 3.14159265359 0.896489451226
-0.266666666667 3.35103216383 0.876472971866
-0.266666666667 3.56047167407 0.4485186051
-0.266666666667 3.76991118431 0.382147002195
-0.266666666667 3.97935069455 0.554278376299
-0.266666666667 4.18879020479 0.631223216992
-0.266666666667 4.39822971503 0.405888150463
-0.266666666667 4.60766922527 0.460400374383
-0.266666666667 4.8171087355 0.418606661624
-0.266666666667 5.02654824574 0.452627149707
-0.266666666667 5.23598775598 0.57223022473
-0.266666666667 5.44542726622 0.423761306236
-0.266666666667 5.65486677646 0.901138197244
-0.266666666667 5.8643062867 0.409421208447
-0.266666666667 6.07374579694 0.314588796822

-0.2 0 0.273418217381
-0.2 0.209439510239 0.262597497528
-0.2 0.418879020479 0.313859149256
-0.2 0.628318530718 0.518385055147
-0.2 0.837758040957 0.618090398229
-0.2 1.0471975512 1.27784071588
-0.2 1.25663706144 2.42106951735
-0.2 1.46607657168 1.3138691602
-0.2 1.67551608191 0.230808293115
-0.2 1.88495559215 0.0505965666223
-0.2 2.09439510239 0.43325203036
-0.2 2.30383461263 0.246914588363
-0.2 2.51327412287 0.0913190682004
-0.2 2.72271363311 0.0964138193073
-0.2 2.93215314335 0.20865154614
-0.2 3.14159265359 0.92958265361
-0.2 3.35103216383 0.80593711622
-0.2 3.56047167407 0.413544313036
-0.2 3.76991118431 0.35548126111
-0.2 3.97935069455 0.545603179982
-0.2 4.18879020479 0.700546656586
-0.2 4.39822971503 0.461175027504
-0.2 4.60766922527 0.527541028234
-0.2 4.8171087355 0.385815087668
-0.2 5.02654824574 0.474827926352
-0.2 5.23598775598 0.556615955626
-0.2 5.44542726622 0.438679393244
-0.2 5.65486677646 0.934742609044
-0.2 5.8643062867 0.386763793793
-0.2 6.07374579694 0.262434190775

-0.133333333333 0 0.309635603851
-0.133333333333 0.209439510239 0.306914444093
-0.133333333333 0.418879020479 0.395410824449
-0.133333333333 0.628318530718 0.668619039694
-0.133333333333 0.837758040957 0.676340180569
-0.133333333333 1.0471975512 1.15078255687
-0.133333333333 1.25663706144 2.45660721428
-0.133333333333 1.46607657168 1.51526266912
-0.133333333333 1.67551608191 0.206440683175
-0.133333333333 1.88495559215 0.0585939237003
-0.133333333333 2.09439510239 0.440472159024
-0.133333333333 2.30383461263 0.235167699529
-0.133333333333 2.51327412287 0.0951963083899
-0.133333333333 2.72271363311 0.102859471683
-0.133333333333 2.93215314335 0.239196536191
-0.133333333333 3.14159265359 0.943085965201
-0.133333333333 3.35103216383 0.753810494101
-0.133333333333 3.56047167407 0.395103697615
-0.133333333333 3.76991118431 0.324628609202
-0.133333333333 3.97935069455 0.518771189565
-0.133333333333 4.18879020479 0.728633908727
-0.133333333333 4.39822971503 0.494885532309
-0.133333333333 4.60766922527 0.578156919003
-0.133333333333 4.8171087355 0.369021577238
-0.133333333333 5.02654824574 0.494816751979
-0.133333333333 5.23598775598 0.537733973612
-0.133333333333 5.44542726622 0.450485657419
-0.133333333333 5.65486677646 0.960149671435
-0.133333333333 5.8643062867 0.365373491497
-0.133333333333 6.07374579694 0.231328344886

-0.0666666666667 0 0.348021743337
-0.0666666666667 0.209439510239 0.341776038731
-0.0666666666667 0.418879020479 0.454442657014
-0.0666666666667 0.628318530718 0.784067496534
-0.0666666666667 0.837758040957 0.758328515796
-0.0666666666667 1.0471975512 1.07140680072
-0.0666666666667 1.25663706144 2.463184684
-0.0666666666667 1.46607657168 1.67309091958
-0.0666666666667 1.67551608191 0.190817666925
-0.0666666666667 1.88495559215 0.0669278426451
-0.0666666666667 2.09439510239 0.443989098702
-0.0666666666667 2.30383461263 0.226706574851
-0.0666666666667 2.51327412287 0.0965276614079
-0.0666666666667 2.72271363311 0.110002886885
-0.0666666666667 2.93215314335 0.264234738207
-0.0666666666667 3.14159265359 0.945273482536
-0.0666666666667 3.35103216383 0.720390824769
-0.0666666666667 3.56047167407 0.391666681683
-0.0666666666667 3.76991118431 0.301131036785
-0.0666666666667 3.97935069455 0.494899459335
-0.0666666666667 4.18879020479 0.73368657482
-0.0666666666667 4.39822971503 0.511030541148
-0.0666666666667 4.60766922527 0.612545898818
-0.0666666666667 4.8171087355 0.362177571503
-0.0666666666667 5.02654824574 0.511979679181
-0.0666666666667 5.23598775598 0.51753213162
-0.0666666666667 5.44542726622 0.4604305135
-0.0666666666667 5.65486677646 0.977195644378
-0.0666666666667 5.8643062867 0.347728865523
-0.0666666666667 6.07374579694 0.218337580548

6.12323399574e-17 0 0.383228429748
6.12323399574e-17 0.209439510239 0.36495770783
6.12323399574e-17 0.418879020479 0.48310806249
6.12323399574e-17 0.628318530718 0.847683141504
6.12323399574e-17 0.837758040957 0.835865303981
6.12323399574e-17 1.0471975512 1.03716726581
6.12323399574e-17 1.25663706144 2.46376084025
6.12323399574e-17 1.46607657168 1.77541529742
6.12323399574e-17 1.67551608191 0.183626180013
6.12323399574e-17 1.88495559215 0.073750179407
6.12323399574e-17 2.09439510239 0.444240723453
6.12323399574e-17 2.30383461263 0.221454277969
6.12323399574e-17 2.51327412287 0.0955984461592
6.12323399574e-17 2.72271363311 0.11714422677
6.12323399574e-17 2.93215314335 0.283635422505
6.12323399574e-17 3.14159265359 0.941739113343
6.12323399574e-17 3.35103216383 0.703893541996
6.12323399574e-17 3.56047167407 0.405006358069
6.12323399574e-17 3.76991118431 0.294813472327
6.12323399574e-17 3.97935069455 0.48636291548
6.12323399574e-17 4.18879020479 0.729746784096
6.12323399574e-17 4.39822971503 0.515116116188
6.12323399574e-17 4.60766922527 0.633618261396
6.12323399574e-17 4.8171087355 0.360140889106
6.12323399574e-17 5.02654824574 0.526090759547
6.12323399574e-17 5.23598775598 0.497380811394
6.12323399574e-17 5.44542726622 0.469571602007
6.12323399574e-17 5.65486677646 0.985721680365
6.12323399574e-17 5.8643062867 0.334811625974
6.12323399574e-17 6.07374579694 0.219293049873

0.0666666666667 0 0.413602474844
0.0666666666667 0.209439510239 0.379106848546
0.0666666666667 0.418879020479 0.485019350256
0.0666666666667 0.628318530718 0.862927769381
0.0666666666667 0.837758040957 0.894527347325
0.0666666666667 1.0471975512 1.04156644466
0.0666666666667 1.25663706144 2.46868654952
0.0666666666667 1.46607657168 1.81447007728
0.0666666666667 1.67551608191 0.184003197295
0.0666666666667 1.88495559215 0.077992194413
0.0666666666667 2.09439510239 0.441755677429
0.0666666666667 2.30383461263 0.219268125927
0.0666666666667 2.51327412287 0.0927015002522
0.0666666666667 2.72271363311 0.123683904543
0.0666666666667 2.93215314335 0.297727760673
0.0666666666667 3.14159265359 0.935952876234
0.0666666666667 3.35103216383 0.701873906477
0.0666666666667 3.56047167407 0.438763713199
0.0666666666667 3.76991118431 0.31455237851
0.0666666666667 3.97935069455 0.499428103142
0.0666666666667 4.18879020479 0.724879546252
0.0666666666667 4.39822971503 0.512077069949
0.0666666666667 4.60766922527 0.644037542546
0.0666666666667 4.8171087355 0.359791659213
0.0666666666667 5.02654824574 0.537060023164
0.0666666666667 5.23598775598 0.478177402375
0.0666666666667 5.44542726622 0.478764181391
0.0666666666667 5.65486677646 0.985358570898
0.0666666666667 5.8643062867 0.326808861312
0.0666666666667 6.07374579694 0.230394239863

0.133333333333 0 0.439405342875
0.133333333333 0.209439510239 0.389511807967
0.133333333333 0.418879020479 0.468290796842
0.133333333333 0.628318530718 0.84135296058
0.133333333333 0.837758040957 0.930091152193
0.133333333333 1.0471975512 1.07671621758
0.133333333333 1.25663706144 2.47423116988
0.133333333333 1.46607657168 1.78491269313
0.133333333333 1.67551608191 0.191435739977
0.133333333333 1.88495559215 0.0793119162491
0.133333333333 2.09439510239 0.437068657968
0.133333333333 2.30383461263 0.219941879799
0.133333333333 2.51327412287 0.0881354339687
0.133333333333 2.72271363311 0.129057834685
0.133333333333 2.93215314335 0.306911646916
0.133333333333 3.14159265359 0.929949164336
0.133333333333 3.35103216383 0.711645108096
0.133333333333 3.56047167407 0.496913295274
0.133333333333 3.76991118431 0.369763148782
0.133333333333 3.97935069455 0.537898674309
0.133333333333 4.18879020479 0.72236272499
0.133333333333 4.39822971503 0.505556042707
0.133333333333 4.60766922527 0.644870111212
0.133333333333 4.8171087355 0.360372031586
0.133333333333 5.02654824574 0.544761682526
0.133333333333 5.23598775598 0.460482489972
0.133333333333 5.44542726622 0.48866002438
0.133333333333 5.65486677646 0.975400302241
0.133333333333 5.8643062867 0.32363279926
0.133333333333 6.07374579694 0.248869405088

0.2 0 0.461237114241
0.2 0.209439510239 0.40292280943
0.2 0.418879020479 0.44184563728
0.2 0.628318530718 0.795122257045
0.2 0.837758040957 0.94393826718
0.2 1.0471975512 1.13164783795
0.2 1.25663706144 2.46126691345
0.2 1.46607657168 1.68525312316
0.2 1.67551608191 0.20573071126
0.2 1.88495559215 0.0780252891755
0.2 2.09439510239 0.43067195264
0.2 2.30383461263 0.223188811912
0.2 2.51327412287 0.0822399120858
0.2 2.72271363311 0.132660812633
0.2 2.93215314335 0.311308166671
0.2 3.14159265359 0.924862647885
0.2 3.35103216383 0.730407025571
0.2 3.56047167407 0.581141750598
0.2 3.76991118431 0.469716677885
0.2 3.97935069455 0.604391946244
0.2 4.18879020479 0.721863262073
0.2 4.39822971503 0.497706612455
0.2 4.60766922527 0.635370127109
0.2 4.8171087355 0.363460398307
0.2 5.02654824574 0.548915977702
0.2 5.23598775598 0.444676623497
0.2 5.44542726622 0.499703794639
0.2 5.65486677646 0.954746031646
0.2 5.8643062867 0.325250201026
0.2 6.07374579694 0.273049770079

0.266666666667 0 0.478756900571
0.266666666667 0.209439510239 0.426871574619
0.266666666667 0.418879020479 0.414666048201
0.266666666667 0.628318530718 0.733791785281
0.266666666667 0.837758040957 0.937801064824
0.266666666667 1.0471975512 1.18726652213
0.266666666667 1.25663706144 2.39558881887
0.266666666667 1.46607657168 1.52256099642
0.266666666667 1.67551608191 0.22604313178
0.266666666667 1.88495559215 0.075031573907
0.266666666667 2.09439510239 0.422974149348
0.266666666667 2.30383461263 0.228603713416
0.266666666667 2.51327412287 0.0754735969342
0.266666666667 2.72271363311 0.133791172312
0.266666666667 2.93215314335 0.31040040127
0.266666666667 3.14159265359 0.921060540656
0.266666666667 3.35103216383 0.755733195483
0.266666666667 3.56047167407 0.686447645989
0.266666666667 3.76991118431 0.617983283906
0.266666666667 3.97935069455 0.697563908795
0.266666666667 4.18879020479 0.719545955121
0.266666666667 4.39822971503 0.489045984476
0.266666666667 4.60766922527 0.61375710337
0.266666666667 4.8171087355 0.372677380588
0.266666666667 5.02654824574 0.548971942329
0.266666666667 5.23598775598 0.4311466705
0.266666666667 5.44542726622 0.512119461285
0.266666666667 5.65486677646 0.921907950659
0.266666666667 5.8643062867 0.331842171648
0.266666666667 6.07374579694 0.302096193013

0.333333333333 0 0.489822293248
0.333333333333 0.209439510239 0.468383762351
0.333333333333 0.418879020479 0.396967430458
0.333333333333 0.628318530718 0.663517255009
0.333333333333 0.837758040957 0.907595131395
0.333333333333 1.0471975512 1.21118722214
0.333333333333 1.25663706144 2.23514044734
0.333333333333 1.46607657168 1.3177362531
0.333333333333 1.67551608191 0.249368723131
0.333333333333 1.88495559215 0.0716867645773
0.333333333333 2.09439510239 0.414228574082
0.333333333333 2.30383461263 0.235598817647
0.333333333333 2.51327412287 0.0685504076168
0.333333333333 2.72271363311 0.131660829542
0.333333333333 2.93215314335 0.302695760376
0.333333333333 3.14159265359 0.91737469367
0.333333333333 3.35103216383 0.786857745023
0.333333333333 3.56047167407 0.796323815377
0.333333333333 3.76991118431 0.800933977229
0.333333333333 3.97935069455 0.805194207344
0.333333333333 4.18879020479 0.70753003158
0.333333333333 4.39822971503 0.478459193495
0.333333333333 4.60766922527 0.579086268436
0.333333333333 4.8171087355 0.39296755104
0.333333333333 5.02654824574 0.543915784557
0.333333333333 5.23598775598 0.42052017408
0.333333333333 5.44542726622 0.525882575701
0.333333333333 5.65486677646 0.875105754929
0.333333333333 5.8643062867 0.343796922172
0.333333333333 6.07374579694 0.335470328145

0.4 0 0.490538937594
0.4 0.209439510239 0.530494660521
0.4 0.418879020479 0.401966709899
0.4 0.628318530718 0.588938964504
0.4 0.837758040957 0.840106415603
0.4 1.0471975512 1.16047104421
0.4 1.25663706144 1.95170751493
0.4 1.46607657168 1.10373383937
0.4 1.67551608191 0.269938573042
0.4 1.88495559215 0.0695113803391
0.4 2.09439510239 0.404378458666
0.4 2.30383461263 0.243302659956
0.4 2.51327412287 0.0626615678666
0.4 2.72271363311 0.125542431913
0.4 2.93215314335 0.285630504236
0.4 3.14159265359 0.90852120928
0.4 3.35103216383 0.826122289522
0.4 3.56047167407 0.883044335685
0.4 3.76991118431 0.975686773758
0.4 3.97935069455 0.89667947272
0.4 4.18879020479 0.674626183968
0.4 4.39822971503 0.464122526323
0.4 4.60766922527 0.534178660135
0.4 4.8171087355 0.429173288968
0.4 5.02654824574 0.531915430539
0.4 5.23598775598 0.413965655276
0.4 5.44542726622 0.540675167881
0.4 5.65486677646 0.812486799405
0.4 5.8643062867 0.361491016035
0.4 6.07374579694 0.372115540234

0.466666666667 0 0.477257896344
0.466666666667 0.209439510239 0.605167060391
0.466666666667 0.418879020479 0.445287172091
0.466666666667 0.628318530718 0.520024916354
0.466666666667 0.837758040957 0.722386289207
0.466666666667 1.0471975512 1.00325290243
0.466666666667 1.25663706144 1.56578920811
0.466666666667 1.46607657168 0.907144410638
0.466666666667 1.67551608191 0.282413383894
0.466666666667 1.88495559215 0.0695544691183
0.466666666667 2.09439510239 0.39274818773
0.466666666667 2.30383461263 0.250398046805
0.466666666667 2.51327412287 0.0598150437372
0.466666666667 2.72271363311 0.115158550874
0.466666666667 2.93215314335 0.256294522441
0.466666666667 3.14159265359 0.880006700121
0.466666666667 3.35103216383 0.876962495277
0.466666666667 3.56047167407 0.92043972435
0.466666666667 3.76991118431 1.07421576377
0.466666666667 3.97935069455 0.925318931383
0.466666666667 4.18879020479 0.611930564027
0.466666666667 4.39822971503 0.446275324134
0.466666666667 4.60766922527 0.488691505729
0.466666666667 4.8171087355 0.483709176794
0.466666666667 5.02654824574 0.509762251531
0.466666666667 5.23598775598 0.413552808899
0.466666666667 5.44542726622 0.555822691405
0.466666666667 5.65486677646 0.732537637048
0.466666666667 5.8643062867 0.384751991955
0.466666666667 6.07374579694 0.40926464887

0.533333333333 0 0.451509438211
0.533333333333 0.209439510239 0.664242731478
0.533333333333 0.418879020479 0.535144946129
0.533333333333 0.628318530718 0.481353747315
0.533333333333 0.837758040957 0.569381273593
0.533333333333 1.0471975512 0.760317950074
0.533333333333 1.25663706144 1.15815656617
0.533333333333 1.46607657168 0.71932009756
0.533333333333 1.67551608191 0.291210714077
0.533333333333 1.88495559215 0.0712960728983
0.533333333333 2.09439510239 0.377513061022
0.533333333333 2.30383461263 0.254854090946
0.533333333333 2.51327412287 0.0632857606168
0.533333333333 2.72271363311 0.101431300655
0.533333333333 2.93215314335 0.214077989951
0.533333333333 3.14159265359 0.803475576431
0.533333333333 3.35103216383 0.929979905752
0.533333333333 3.56047167407 0.905044800431
0.533333333333 3.76991118431 1.04162302586
0.533333333333 3.97935069455 0.854420531593
0.533333333333 4.18879020479 0.525721978578
0.533333333333 4.39822971503 0.430999443684
0.533333333333 4.60766922527 0.459790728276
0.533333333333 4.8171087355 0.553499259979
0.533333333333 5.02654824574 0.472321176792
0.533333333333 5.23598775598 0.422594556427
0.533333333333 5.44542726622 0.570215574074
0.533333333333 5.65486677646 0.63477912253
0.533333333333 5.8643062867 0.411835020134
0.533333333333 6.07374579694 0.440960956562

0.6 0 0.426149156234
0.6 0.209439510239 0.660043821886
0.6 0.418879020479 0.644130378369
0.6 0.628318530718 0.503309349876
0.6 0.837758040957 0.444306978365
0.6 1.0471975512 0.524124705843
0.6 1.25663706144 0.796389683448
0.6 1.46607657168 0.505219886312
0.6 1.67551608191 0.319280085834
0.6 1.88495559215 0.0715575035762
0.6 2.09439510239 0.355015984831
0.6 2.30383461263 0.25348440062
0.6 2.51327412287 0.0779486282794
0.6 2.72271363311 0.0876232524453
0.6 2.93215314335 0.166596272458
0.6 3.14159265359 0.646353532507
0.6 3.35103216383 0.929914084901
0.6 3.56047167407 0.856338430795
0.6 3.76991118431 0.891324077587
0.6 3.97935069455 0.702379346515
0.6 4.18879020479 0.448870416311
0.6 4.39822971503 0.429766741944
0.6 4.60766922527 0.467281466142
0.6 4.8171087355 0.62668408287
0.6 5.02654824574 0.412906935686
0.6 5.23598775598 0.445727672351
0.6 5.44542726622 0.582222731447
0.6 5.65486677646 0.520866195639
0.6 5.8643062867 0.437753720174
0.6 6.07374579694 0.457034133768

0.666666666667 0 0.423077296428
0.666666666667 0.209439510239 0.561555258568
0.666666666667 0.418879020479 0.674968084946
0.666666666667 0.628318530718 0.558627372016
0.666666666667 0.837758040957 0.398410436102
0.666666666667 1.0471975512 0.359955743092
0.666666666667 1.25663706144 0.446444837288
0.666666666667 1.46607657168 0.302598285286
0.666666666667 1.67551608191 0.388516070921
0.666666666667 1.88495559215 0.0657865545712
0.666666666667 2.09439510239 0.319652378558
0.666666666667 2.30383461263 0.241355856615
0.666666666667 2.51327412287 0.109405033531
0.666666666667 2.72271363311 0.0804659947531
0.666666666667 2.93215314335 0.137685866466
0.666666666667 3.14159265359 0.417614659874
0.666666666667 3.35103216383 0.764787251357
0.666666666667 3.56047167407 0.759388319573
0.666666666667 3.76991118431 0.703016440054
0.666666666667 3.97935069455 0.550977145537
0.666666666667 4.18879020479 0.420393305717
0.666666666667 4.39822971503 0.448789744676
0.666666666667 4.60766922527 0.524101251921
0.666666666667 4.8171087355 0.679114562932
0.666666666667 5.02654824574 0.326869271746
0.666666666667 5.23598775598 0.488158486327
0.666666666667 5.44542726622 0.589616110495
0.666666666667 5.65486677646 0.396233401029
0.666666666667 5.8643062867 0.452067035784
0.666666666667 6.07374579694 0.444535516889

0.733333333333 0 0.444289876995
0.733333333333 0.209439510239 0.427446667121
0.733333333333 0.418879020479 0.522819712815
0.733333333333 0.628318530718 0.490623774016
0.733333333333 0.837758040957 0.325122666251
0.733333333333 1.0471975512 0.180268670903
0.733333333333 1.25663706144 0.133796728943
0.733333333333 1.46607657168 0.28310772175
0.733333333333 1.67551608191 0.444036030753
0.733333333333 1.88495559215 0.0572303252736
0.733333333333 2.09439510239 0.267198615041
0.733333333333 2.30383461263 0.211942355877
0.733333333333 2.51327412287 0.158430102461
0.733333333333 2.72271363311 0.0892664563278
0.733333333333 2.93215314335 0.163027307616
0.733333333333 3.14159265359 0.233749840322
0.733333333333 3.35103216383 0.423521566843
0.733333333333 3.56047167407 0.516323424109
0.733333333333 3.76991118431 0.502407725888
0.733333333333 3.97935069455 0.441715796208
0.733333333333 4.18879020479 0.422016933074
0.733333333333 4.39822971503 0.486696645888
0.733333333333 4.60766922527 0.626652672099
0.733333333333 4.8171087355 0.668753487761
0.733333333333 5.02654824574 0.222205042746
0.733333333333 5.23598775598 0.552931316099
0.733333333333 5.44542726622 0.589535535654
0.733333333333 5.65486677646 0.272423892326
0.733333333333 5.8643062867 0.437264892512
0.733333333333 6.07374579694 0.394513794511

0.8 0 0.420941329112
0.8 0.209439510239 0.385919838258
0.8 0.418879020479 0.323481614592
0.8 0.628318530718 0.260946937674
0.8 0.837758040957 0.139659296712
0.8 1.0471975512 0.0411290135397
0.8 1.25663706144 0.137596160336
0.8 1.46607657168 0.449036612349
0.8 1.67551608191 0.33146368259
0.8 1.88495559215 0.0766911954553
0.8 2.09439510239 0.20772697026
0.8 2.30383461263 0.162829218851
0.8 2.51327412287 0.205658641569
0.8 2.72271363311 0.116459391161
0.8 2.93215314335 0.238443611726
0.8 3.14159265359 0.277518987465
0.8 3.35103216383 0.234249833677
0.8 3.56047167407 0.236963638818
0.8 3.76991118431 0.279579927988
0.8 3.97935069455 0.338515676278
0.8 4.18879020479 0.432956585123
0.8 4.39822971503 0.582960170641
0.8 4.60766922527 0.726274029401
0.8 4.8171087355 0.531867032683
0.8 5.02654824574 0.139946520565
0.8 5.23598775598 0.634320804137
0.8 5.44542726622 0.57853096552
0.8 5.65486677646 0.170164365482
0.8 5.8643062867 0.371989850237
0.8 6.07374579694 0.314193696675

0.866666666667 0 0.258206279505
0.866666666667 0.209439510239 0.341654826725
0.866666666667 0.418879020479 0.3236251319
0.866666666667 0.628318530718 0.25467726509
0.866666666667 0.837758040957 0.206008702196
0.866666666667 1.0471975512 0.23558536228
0.866666666667 1.25663706144 0.338647940843
0.866666666667 1.46607657168 0.310361731694
0.866666666667 1.67551608191 0.110443195874
0.866666666667 1.88495559215 0.179351741481
0.866666666667 2.09439510239 0.181474899726
0.866666666667 2.30383461263 0.117680214569
0.866666666667 2.51327412287 0.205293659686
0.866666666667 2.72271363311 0.136112736103
0.866666666667 2.93215314335 0.246932718748
0.866666666667 3.14159265359 0.446321752925
0.866666666667 3.35103216383 0.492836910458
0.866666666667 3.56047167407 0.437678369139
0.866666666667 3.76991118431 0.427732681248
0.866666666667 3.97935069455 0.503810184839
0.866666666667 4.18879020479 0.635768823249
0.866666666667 4.39822971503 0.738284570766
0.866666666667 4.60766922527 0.629965554319
0.866666666667 4.8171087355 0.243446262331
0.866666666667 5.02654824574 0.173271117404
0.866666666667 5.23598775598 0.704913312679
0.866666666667 5.44542726622 0.552617358258
0.866666666667 5.65486677646 0.12296111985
0.866666666667 5.8643062867 0.250773668176
0.866666666667 6.07374579694 0.233279743759

0.933333333333 0 0.125502624699
0.933333333333 0.209439510239 0.0836128859889
0.933333333333 0.418879020479 0.0880774000283
0.933333333333 0.628318530718 0.098533719271
0.933333333333 0.837758040957 0.0925311756736
0.933333333333 1.0471975512 0.069281389387
0.933333333333 1.25663706144 0.0455567069675
0.933333333333 1.46607657168 0.0816410860109
0.933333333333 1.67551608191 0.224615532285
0.933333333333 1.88495559215 0.318511808712
0.933333333333 2.09439510239 0.219565680054
0.933333333333 2.30383461263 0.146273146042
0.933333333333 2.51327412287 0.174641565761
0.933333333333 2.72271363311 0.134879167771
0.933333333333 2.93215314335 0.10572681533
0.933333333333 3.14159265359 0.214095054364
0.933333333333 3.35103216383 0.396392573062
0.933333333333 3.56047167407 0.542965085963
0.933333333333 3.76991118431 0.616375586481
0.933333333333 3.97935069455 0.61991405203
0.933333333333 4.18879020479 0.5418349861
0.933333333333 4.39822971503 0.362607015557
0.933333333333 4.60766922527 0.142579445147
0.933333333333 4.8171087355 0.105100515913
0.933333333333 5.02654824574 0.408244024351
0.933333333333 5.23598775598 0.693909563773
0.933333333333 5.44542726622 0.50617601956
0.933333333333 5.65486677646 0.179624084916
0.933333333333 5.8643062867 0.145121704885
0.933333333333 6.07374579694 0.180158415372

