-1 0 0.820459094837
-1 0.209439510239 0.820459094839
-1 0.418879020479 0.820459094841
-1 0.628318530718 0.820459094842
-1 0.837758040957 0.820459094841
-1 1.0471975512 0.820459094839
-1 1.25663706144 0.820459094837
-1 1.46607657168 0.820459094837
-1 1.67551608191 0.820459094838
-1 1.88495559215 0.82045909484
-1 2.09439510239 0.820459094841
-1 2.30383461263 0.820459094841
-1 2.51327412287 0.82045909484
-1 2.72271363311 0.820459094838
-1 2.93215314335 0.820459094837
-1 3.14159265359 0.820459094837
-1 3.35103216383 0.820459094839
-1 3.56047167407 0.820459094841
-1 3.76991118431 0.820459094842
-1 3.97935069455 0.820459094841
-1 4.18879020479 0.820459094839
-1 4.39822971503 0.820459094837
-1 4.60766922527 0.820459094837
-1 4.8171087355 0.820459094838
-1 5.02654824574 0.82045909484
-1 5.23598775598 0.820459094841
-1 5.44542726622 0.820459094841
-1 5.65486677646 0.82045909484
-1 5.8643062867 0.820459094838
-1 6.07374579694 0.820459094837

-0.933333333333 0 0.694383549094
-0.933333333333 0.209439510239 0.933935385134
-0.933333333333 0.418879020479 0.914451472143
-0.933333333333 0.628318530718 0.760531433348
-0.933333333333 0.837758040957 0.570565794281
-0.933333333333 1.0471975512 0.368504370683
-0.933333333333 1.25663706144 0.215123691586
-0.933333333333 1.46607657168 0.327884230995
-0.933333333333 1.67551608191 0.984643484126
-0.933333333333 1.88495559215 1.95156564089
-0.933333333333 2.09439510239 2.27842153061
-0.933333333333 2.30383461263 1.56398717618
-0.933333333333 2.51327412287 0.716218379049
-0.933333333333 2.72271363311 0.494293671164
-0.933333333333 2.93215314335 0.605058645276
-0.933333333333 3.14159265359 0.558648176107
-0.933333333333 3.35103216383 0.35470383545
-0.933333333333 3.56047167407 0.209187002799
-0.933333333333 3.76991118431 0.175803098832
-0.933333333333 3.97935069455 0.19600398496
-0.933333333333 4.18879020479 0.26381447662
-0.933333333333 4.39822971503 0.488961186011
-0.933333333333 4.60766922527 1.03431742356
-0.933333333333 4.8171087355 1.72504807433
-0.933333333333 5.02654824574 1.69974398449
-0.933333333333 5.23598775598 0.693047269126
-0.933333333333 5.44542726622 0.140361077735
-0.933333333333 5.65486677646 0.455240256499
-0.933333333333 5.8643062867 0.49214721232
-0.933333333333 6.07374579694 0.416087489228

-0.866666666667 0 1.44272839867
-0.866666666667 0.209439510239 1.01158651161
-0.866666666667 0.418879020479 0.599085035071
-0.866666666667 0.628318530718 0.43762658137
-0.866666666667 0.837758040957 0.369956031013
-0.866666666667 1.0471975512 0.317771914807
-0.866666666667 1.25663706144 0.258709545367
-0.866666666667 1.46607657168 0.14028713364
-0.866666666667 1.67551608191 0.24559787262
-0.866666666667 1.88495559215 1.35174272784
-0.866666666667 2.09439510239 2.40680066727
-0.866666666667 2.30383461263 1.61562022819
-0.866666666667 2.51327412287 0.496207430974
-0.866666666667 2.72271363311 0.265712474083
-0.866666666667 2.93215314335 0.265986109231
-0.866666666667 3.14159265359 0.160561961226
-0.866666666667 3.35103216383 0.358012984533
-0.866666666667 3.56047167407 0.702832537857
-0.866666666667 3.76991118431 0.794739510086
-0.866666666667 3.97935069455 0.706454061389
-0.866666666667 4.18879020479 0.646351992897
-0.866666666667 4.39822971503 0.67531460768
-0.866666666667 4.60766922527 0.699659958965
-0.866666666667 4.8171087355 0.819133519793
-0.866666666667 5.02654824574 1.18629894186
-0.866666666667 5.23598775598 0.601344186064
-0.866666666667 5.44542726622 0.199706671932
-0.866666666667 5.65486677646 0.746419770054
-0.866666666667 5.8643062867 0.316268194918
-0.866666666667 6.07374579694 0.871908430277

-0.8 0 0.982185868889
-0.8 0.209439510239 0.377893564775
-0.8 0.418879020479 0.384498220221
-0.8 0.628318530718 0.526536622435
-0.8 0.837758040957 0.594597208027
-0.8 1.0471975512 0.456610396142
-0.8 1.25663706144 0.200687645072
-0.8 1.46607657168 0.130529601115
-0.8 1.67551608191 0.109491513864
-0.8 1.88495559215 0.837235172261
-0.8 2.09439510239 2.37801431824
-0.8 2.30383461263 1.62523588524
-0.8 2.51327412287 0.340916829266
-0.8 2.72271363311 0.150646754301
-0.8 2.93215314335 0.19246789438
-0.8 3.14159265359 0.372148613775
-0.8 3.35103216383 1.02029302698
-0.8 3.56047167407 1.09583929148
-0.8 3.76991118431 0.663509586494
-0.8 3.97935069455 0.339106964678
-0.8 4.18879020479 0.241113798594
-0.8 4.39822971503 0.331794006501
-0.8 4.60766922527 0.800381577782
-0.8 4.8171087355 1.12458169384
-0.8 5.02654824574 0.946574786565
-0.8 5.23598775598 0.563408862048
-0.8 5.44542726622 0.265424065902
-0.8 5.65486677646 0.832576908885
-0.8 5.8643062867 0.246643015594
-0.8 6.07374579694 1.14985523056

-0.733333333333 0 0.523159745381
-0.733333333333 0.209439510239 0.398731094791
-0.733333333333 0.418879020479 0.644660962149
-0.733333333333 0.628318530718 0.879407977807
-0.733333333333 0.837758040957 1.06676312268
-0.733333333333 1.0471975512 1.03045493939
-0.733333333333 1.25663706144 0.545502367775
-0.733333333333 1.46607657168 0.110937260385
-0.733333333333 1.67551608191 0.157971556673
-0.733333333333 1.88495559215 0.503792104233
-0.733333333333 2.09439510239 2.25669219725
-0.733333333333 2.30383461263 1.64435657245
-0.733333333333 2.51327412287 0.231756900127
-0.733333333333 2.72271363311 0.132098163503
-0.733333333333 2.93215314335 0.226730707536
-0.733333333333 3.14159265359 0.795653946449
-0.733333333333 3.35103216383 1.39091506602
-0.733333333333 3.56047167407 0.806653904878
-0.733333333333 3.76991118431 0.270513778469
-0.733333333333 3.97935069455 0.186092085637
-0.733333333333 4.18879020479 0.287970352303
-0.733333333333 4.39822971503 0.269389587061
-0.733333333333 4.60766922527 0.310575549826
-0.733333333333 4.8171087355 1.20872460064
-0.733333333333 5.02654824574 1.08178676575
-0.733333333333 5.23598775598 0.779297755806
-0.733333333333 5.44542726622 0.323014256241
-0.733333333333 5.65486677646 0.71289971552
-0.733333333333 5.8643062867 0.235214595553
-0.733333333333 6.07374579694 1.01433402276

-0.666666666667 0 0.464124418022
-0.666666666667 0.209439510239 0.548025808566
-0.666666666667 0.418879020479 0.660160231287
-0.666666666667 0.628318530718 0.766072638434
-0.666666666667 0.837758040957 0.934564109661
-0.666666666667 1.0471975512 1.16628300469
-0.666666666667 1.25663706144 0.945240030322
-0.666666666667 1.46607657168 0.201850779997
-0.666666666667 1.67551608191 0.200987414005
-0.666666666667 1.88495559215 0.354270579946
-0.666666666667 2.09439510239 2.07255778334
-0.666666666667 2.30383461263 1.67698727005
-0.666666666667 2.51327412287 0.154988695113
-0.666666666667 2.72271363311 0.162040355826
-0.666666666667 2.93215314335 0.302191665124
-0.666666666667 3.14159265359 1.21496497656
-0.666666666667 3.35103216383 1.27750606906
-0.666666666667 3.56047167407 0.359060121956
-0.666666666667 3.76991118431 0.179132091828
-0.666666666667 3.97935069455 0.333176038255
-0.666666666667 4.18879020479 0.543377166495
-0.666666666667 4.39822971503 0.742594493987
-0.666666666667 4.60766922527 0.21997840603
-0.666666666667 4.8171087355 0.917771895956
-0.666666666667 5.02654824574 1.19582467059
-0.666666666667 5.23598775598 1.03331886094
-0.666666666667 5.44542726622 0.397712382625
-0.666666666667 5.65486677646 0.557543863886
-0.666666666667 5.8643062867 0.244532861816
-0.666666666667 6.07374579694 0.827261925057

-0.6 0 0.553645673135
-0.6 0.209439510239 0.525080428752
-0.6 0.418879020479 0.459532226785
-0.6 0.628318530718 0.403681563058
-0.6 0.837758040957 0.477129543886
-0.6 1.0471975512 0.858890759628
-0.6 1.25663706144 1.07891879942
-0.6 1.46607657168 0.354710534543
-0.6 1.67551608191 0.196031534599
-0.6 1.88495559215 0.336552799589
-0.6 2.09439510239 1.85913425507
-0.6 2.30383461263 1.71777179307
-0.6 2.51327412287 0.101823210142
-0.6 2.72271363311 0.204850054312
-0.6 2.93215314335 0.411907386652
-0.6 3.14159265359 1.47723075725
-0.6 3.35103216383 0.902626298405
-0.6 3.56047167407 0.126114119887
-0.6 3.76991118431 0.292410809286
-0.6 3.97935069455 0.453508083318
-0.6 4.18879020479 0.559412142936
-0.6 4.39822971503 0.999165902217
-0.6 4.60766922527 0.478416645022
-0.6 4.8171087355 0.618638019031
-0.6 5.02654824574 1.2075086667
-0.6 5.23598775598 1.20298126977
-0.6 5.44542726622 0.487603953282
-0.6 5.65486677646 0.438086004208
-0.6 5.8643062867 0.249815652669
-0.6 6.07374579694 0.749929818867

-0.533333333333 0 0.601266448936
-0.533333333333 0.209439510239 0.399148481865
-0.533333333333 0.418879020479 0.26830227652
-0.533333333333 0.628318530718 0.148203707664
-0.533333333333 0.837758040957 0.148240136342
-0.533333333333 1.0471975512 0.512040950587
-0.533333333333 1.25663706144 1.01118665732
-0.533333333333 1.46607657168 0.492087813608
-0.533333333333 1.67551608191 0.159354537995
-0.533333333333 1.88495559215 0.388019989978
-0.533333333333 2.09439510239 1.64518596747
-0.533333333333 2.30383461263 1.76105726978
-0.533333333333 2.51327412287 0.0661937135323
-0.533333333333 2.72271363311 0.242934455698
-0.533333333333 2.93215314335 0.544155491694
-0.533333333333 3.14159265359 1.5529153143
-0.533333333333 3.35103216383 0.533308314496
-0.533333333333 3.56047167407 0.0963578384361
-0.533333333333 3.76991118431 0.365961008292
-0.533333333333 3.97935069455 0.424199782854
-0.533333333333 4.18879020479 0.419310779908
-0.533333333333 4.39822971503 0.921244589406
-0.533333333333 4.60766922527 0.710055377502
-0.533333333333 4.8171087355 0.441903466728
-0.533333333333 5.02654824574 1.16722900579
-0.533333333333 5.23598775598 1.28102896224
-0.533333333333 5.44542726622 0.58127113604
-0.533333333333 5.65486677646 0.359511667193
-0.533333333333 5.8643062867 0.248127284905
-0.533333333333 6.07374579694 0.763365107509

-0.466666666667 0 0.574751429777
-0.466666666667 0.209439510239 0.278359823653
-0.466666666667 0.418879020479 0.182394286821
-0.466666666667 0.628318530718 0.0989987568308
-0.466666666667 0.837758040957 0.0519980893438
-0.466666666667 1.0471975512 0.318062032164
-0.466666666667 1.25663706144 0.906739042932
-0.466666666667 1.46607657168 0.590806847044
-0.466666666667 1.67551608191 0.114068878311
-0.466666666667 1.88495559215 0.461672071647
-0.466666666667 2.09439510239 1.44958617272
-0.466666666667 2.30383461263 1.80296071468
-0.466666666667 2.51327412287 0.0435536707272
-0.466666666667 2.72271363311 0.270779971743
-0.466666666667 2.93215314335 0.67883201127
-0.466666666667 3.14159265359 1.49930974351
-0.466666666667 3.35103216383 0.284195376
-0.466666666667 3.56047167407 0.130838712863
-0.466666666667 3.76991118431 0.321187854263
-0.466666666667 3.97935069455 0.296765415841
-0.466666666667 4.18879020479 0.290665352266
-0.466666666667 4.39822971503 0.759873635577
-0.466666666667 4.60766922527 0.804504276239
-0.466666666667 4.8171087355 0.354913759394
-0.466666666667 5.02654824574 1.12023638101
-0.466666666667 5.23598775598 1.29664068198
-0.466666666667 5.44542726622 0.66979838697
-0.466666666667 5.65486677646 0.310296964919
-0.466666666667 5.8643062867 0.243874524629
-0.466666666667 6.07374579694 0.811509040175

-0.4 0 0.504743845347
-0.4 0.209439510239 0.203967746562
-0.4 0.418879020479 0.18535895125
-0.4 0.628318530718 0.188648469692
-0.4 0.837758040957 0.0926106508791
-0.4 1.0471975512 0.2517762713
-0.4 1.25663706144 0.847866333721
-0.4 1.46607657168 0.663425813534
-0.4 1.67551608191 0.0741212342082
-0.4 1.88495559215 0.531047496576
-0.4 2.09439510239 1.28159100057
-0.4 2.30383461263 1.84142887047
-0.4 2.51327412287 0.0303458814441
-0.4 2.72271363311 0.288663533188
-0.4 2.93215314335 0.798434466557
-0.4 3.14159265359 1.39093541923
-0.4 3.35103216383 0.150341655355
-0.4 3.56047167407 0.148599261219
-0.4 3.76991118431 0.213770949244
-0.4 3.97935069455 0.168104792276
-0.4 4.18879020479 0.236988307003
-0.4 4.39822971503 0.680725004067
-0.4 4.60766922527 0.823399063179
-0.4 4.8171087355 0.30665859068
-0.4 5.02654824574 1.08527514627
-0.4 5.23598775598 1.27841614853
-0.4 5.44542726622 0.748597802547
-0.4 5.65486677646 0.27978952125
-0.4 5.8643062867 0.240173392907
-0.4 6.07374579694 0.858831259763

-0.333333333333 0 0.423403077751
-0.333333333333 0.209439510239 0.171402602758
-0.333333333333 0.418879020479 0.230242556792
-0.333333333333 0.628318530718 0.324426628314
-0.333333333333 0.837758040957 0.169356797549
-0.333333333333 1.0471975512 0.237107251736
-0.333333333333 1.25663706144 0.838721448958
-0.333333333333 1.46607657168 0.725977036305
-0.333333333333 1.67551608191 0.0445338645779
-0.333333333333 1.88495559215 0.585296807489
-0.333333333333 2.09439510239 1.14341202896
-0.333333333333 2.30383461263 1.875785545
-0.333333333333 2.51327412287 0.0237802796694
-0.333333333333 2.72271363311 0.298690509693
-0.333333333333 2.93215314335 0.893380631318
-0.333333333333 3.14159265359 1.28188966696
-0.333333333333 3.35103216383 0.0889328759598
-0.333333333333 3.56047167407 0.138609782049
-0.333333333333 3.76991118431 0.115336563675
-0.333333333333 3.97935069455 0.0968481095047
-0.333333333333 4.18879020479 0.246441292963
-0.333333333333 4.39822971503 0.698881147364
-0.333333333333 4.60766922527 0.835166853491
-0.333333333333 4.8171087355 0.270579820603
-0.333333333333 5.02654824574 1.06473417409
-0.333333333333 5.23598775598 1.24588325242
-0.333333333333 5.44542726622 0.816174496703
-0.333333333333 5.65486677646 0.261003608193
-0.333333333333 5.8643062867 0.237716715899
-0.333333333333 6.07374579694 0.892834230495

-0.266666666667 0 0.348739041224
-0.266666666667 0.209439510239 0.163519717306
-0.266666666667 0.418879020479 0.281483992672
-0.266666666667 0.628318530718 0.445586593523
-0.266666666667 0.837758040957 0.233556888946
-0.266666666667 1.0471975512 0.228554150462
-0.266666666667 1.25663706144 0.857532084872
-0.266666666667 1.46607657168 0.785180170832
-0.266666666667 1.67551608191 0.0252047689242
-0.266666666667 1.88495559215 0.622580292161
-0.266666666667 2.09439510239 1.03301169264
-0.266666666667 2.30383461263 1.90623855014
-0.266666666667 2.51327412287 0.0217368876256
-0.266666666667 2.72271363311 0.302907665494
-0.266666666667 2.93215314335 0.961288363812
-0.266666666667 3.14159265359 1.20019577329
-0.266666666667 3.35103216383 0.0638082738677
-0.266666666667 3.56047167407 0.117357258354
-0.266666666667 3.76991118431 0.0602315374983
-0.266666666667 3.97935069455 0.0906625350962
-0.266666666667 4.18879020479 0.286824253478
-0.266666666667 4.39822971503 0.768963078457
-0.266666666667 4.60766922527 0.866735487046
-0.266666666667 4.8171087355 0.239361866337
-0.266666666667 5.02654824574 1.05465675343
-0.266666666667 5.23598775598 1.21045179441
-0.266666666667 5.44542726622 0.872726277239
-0.266666666667 5.65486677646 0.249824777566
-0.266666666667 5.8643062867 0.235889262986
-0.266666666667 6.07374579694 0.913612203224

-0.2 0 0.287086209911
-0.2 0.209439510239 0.166359612329
-0.2 0.418879020479 0.321671185238
-0.2 0.628318530718 0.52690851505
-0.2 0.837758040957 0.273781797883
-0.2 1.0471975512 0.21477037139
-0.2 1.25663706144 0.887108537503
-0.2 1.46607657168 0.839587269127
-0.2 1.67551608191 0.013979090418
-0.2 1.88495559215 0.645047876581
-0.2 2.09439510239 0.946291916301
-0.2 2.30383461263 1.93348113615
-0.2 2.51327412287 0.0227163831553
-0.2 2.72271363311 0.302679733074
-0.2 2.93215314335 1.00398906262
-0.2 3.14159265359 1.15561151813
-0.2 3.35103216383 0.0553890468141
-0.2 3.56047167407 0.100889350402
-0.2 3.76991118431 0.0498738247793
-0.2 3.97935069455 0.128590163279
-0.2 4.18879020479 0.332962636123
-0.2 4.39822971503 0.85098000324
-0.2 4.60766922527 0.91625098959
-0.2 4.8171087355 0.213586777998
-0.2 5.02654824574 1.04999023005
-0.2 5.23598775598 1.17808711624
-0.2 5.44542726622 0.919178510629
-0.2 5.65486677646 0.243917306065
-0.2 5.8643062867 0.233771416405
-0.2 6.07374579694 0.925834034428

-0.133333333333 0 0.238492685612
-0.133333333333 0.209439510239 0.172102036106
-0.133333333333 0.418879020479 0.345558745549
-0.133333333333 0.628318530718 0.565576922488
-0.133333333333 0.837758040957 0.292555203384
-0.133333333333 1.0471975512 0.200430520174
-0.133333333333 1.25663706144 0.921224006388
-0.133333333333 1.46607657168 0.88409475138
-0.133333333333 1.67551608191 0.00844900295738
-0.133333333333 1.88495559215 0.655879269901
-0.133333333333 2.09439510239 0.878531540379
-0.133333333333 2.30383461263 1.95840306439
-0.133333333333 2.51327412287 0.0258099396089
-0.133333333333 2.72271363311 0.298678194706
-0.133333333333 2.93215314335 1.02474107653
-0.133333333333 3.14159265359 1.14845856372
-0.133333333333 3.35103216383 0.0568293760866
-0.133333333333 3.56047167407 0.0974789549501
-0.133333333333 3.76991118431 0.0724414988753
-0.133333333333 3.97935069455 0.184320997247
-0.133333333333 4.18879020479 0.372704890139
-0.133333333333 4.39822971503 0.927655690574
-0.133333333333 4.60766922527 0.972104399327
-0.133333333333 4.8171087355 0.195329626686
-0.133333333333 5.02654824574 1.04657236214
-0.133333333333 5.23598775598 1.15153859003
-0.133333333333 5.44542726622 0.956615770235
-0.133333333333 5.65486677646 0.24196516775
-0.133333333333 5.8643062867 0.230655268734
-0.133333333333 6.07374579694 0.934805291625

-0.0666666666667 0 0.20064221513
-0.0666666666667 0.209439510239 0.177381702372
-0.0666666666667 0.418879020479 0.353349264564
-0.0666666666667 0.628318530718 0.567999059744
-0.0666666666667 0.837758040957 0.293792991633
-0.0666666666667 1.0471975512 0.19341819718
-0.0666666666667 1.25663706144 0.960648319986
-0.0666666666667 1.46607657168 0.913005883351
-0.0666666666667 1.67551608191 0.00686073862314
-0.0666666666667 1.88495559215 0.657864272254
-0.0666666666667 2.09439510239 0.825207855308
-0.0666666666667 2.30383461263 1.98188819066
-0.0666666666667 2.51327412287 0.0306803169884
-0.0666666666667 2.72271363311 0.291098178176
-0.0666666666667 2.93215314335 1.02646120739
-0.0666666666667 3.14159265359 1.17518407377
-0.0666666666667 3.35103216383 0.0687648116108
-0.0666666666667 3.56047167407 0.109518589451
-0.0666666666667 3.76991118431 0.116902980781
-0.0666666666667 3.97935069455 0.239128524968
-0.0666666666667 4.18879020479 0.404768828389
-0.0666666666667 4.39822971503 0.998990918467
-0.0666666666667 4.60766922527 1.02272462346
-0.0666666666667 4.8171087355 0.186051976895
-0.0666666666667 5.02654824574 1.04157213525
-0.0666666666667 5.23598775598 1.1318130843
-0.0666666666667 5.44542726622 0.98597454521
-0.0666666666667 5.65486677646 0.24322314892
-0.0666666666667 5.8643062867 0.226250194259
-0.0666666666667 6.07374579694 0.944983349766

6.12323399574e-17 0 0.171095071689
6.12323399574e-17 0.209439510239 0.181210487295
6.12323399574e-17 0.418879020479 0.346717523483
6.12323399574e-17 0.628318530718 0.541748009744
6.12323399574e-17 0.837758040957 0.279792838778
6.12323399574e-17 1.0471975512 0.200682082163
6.12323399574e-17 1.25663706144 1.00773215674
6.12323399574e-17 1.46607657168 0.921192876251
6.12323399574e-17 1.67551608191 0.0085039116002
6.12323399574e-17 1.88495559215 0.652882797871
6.12323399574e-17 2.09439510239 0.782395142139
6.12323399574e-17 2.30383461263 2.00466429987
6.12323399574e-17 2.51327412287 0.0375533375947
6.12323399574e-17 2.72271363311 0.27992095518
6.12323399574e-17 2.93215314335 1.01094299923
6.12323399574e-17 3.14159265359 1.23050073096
6.12323399574e-17 3.35103216383 0.0964068082901
6.12323399574e-17 3.56047167407 0.136611487779
6.12323399574e-17 3.76991118431 0.178775459079
6.12323399574e-17 3.97935069455 0.286335181803
6.12323399574e-17 4.18879020479 0.435660086029
6.12323399574e-17 4.39822971503 1.07321199
6.12323399574e-17 4.60766922527 1.05891130683
6.12323399574e-17 4.8171087355 0.186473040274
6.12323399574e-17 5.02654824574 1.03340631592
6.12323399574e-17 5.23598775598 1.11905024044
6.12323399574e-17 5.44542726622 1.00788827428
6.12323399574e-17 5.65486677646 0.247263684653
6.12323399574e-17 5.8643062867 0.220776312783
6.12323399574e-17 6.07374579694 0.959492677117

0.0666666666667 0 0.14855197031
0.0666666666667 0.209439510239 0.183691694807
0.0666666666667 0.418879020479 0.327566254888
0.0666666666667 0.628318530718 0.492898243244
0.0666666666667 0.837758040957 0.253169856342
0.0666666666667 1.0471975512 0.228627225438
0.0666666666667 1.25663706144 1.06225312512
0.0666666666667 1.46607657168 0.904342455991
0.0666666666667 1.67551608191 0.0138008060115
0.0666666666667 1.88495559215 0.6418115274
0.0666666666667 2.09439510239 0.746910949588
0.0666666666667 2.30383461263 2.02717041846
0.0666666666667 2.51327412287 0.0472208637459
0.0666666666667 2.72271363311 0.265156039516
0.0666666666667 2.93215314335 0.97879392
0.0666666666667 3.14159265359 1.30708389367
0.0666666666667 3.35103216383 0.14883403003
0.0666666666667 3.56047167407 0.177227803342
0.0666666666667 3.76991118431 0.260582468223
0.0666666666667 3.97935069455 0.331593307893
0.0666666666667 4.18879020479 0.477756224052
0.0666666666667 4.39822971503 1.16009008875
0.0666666666667 4.60766922527 1.07297274226
0.0666666666667 4.8171087355 0.196926006851
0.0666666666667 5.02654824574 1.02161992715
0.0666666666667 5.23598775598 1.11301236768
0.0666666666667 5.44542726622 1.02261395176
0.0666666666667 5.65486677646 0.253828469845
0.0666666666667 5.8643062867 0.21506247578
0.0666666666667 6.07374579694 0.979839454513

0.133333333333 0 0.133758972686
0.133333333333 0.209439510239 0.185424233446
0.133333333333 0.418879020479 0.298662598582
0.133333333333 0.628318530718 0.427125887501
0.133333333333 0.837758040957 0.220382671751
0.133333333333 1.0471975512 0.283881730333
0.133333333333 1.25663706144 1.11840601552
0.133333333333 1.46607657168 0.859203733642
0.133333333333 1.67551608191 0.02419341041
0.133333333333 1.88495559215 0.624587970767
0.133333333333 2.09439510239 0.716334871658
0.133333333333 2.30383461263 2.04939924709
0.133333333333 2.51327412287 0.0610572466069
0.133333333333 2.72271363311 0.247055861674
0.133333333333 2.93215314335 0.929864655574
0.133333333333 3.14159265359 1.39378797588
0.133333333333 3.35103216383 0.239152753414
0.133333333333 3.56047167407 0.229133510959
0.133333333333 3.76991118431 0.369027116238
0.133333333333 3.97935069455 0.391108353483
0.133333333333 4.18879020479 0.547936912298
0.133333333333 4.39822971503 1.26615233891
0.133333333333 4.60766922527 1.05746196581
0.133333333333 4.8171087355 0.217518797961
0.133333333333 5.02654824574 1.00692456681
0.133333333333 5.23598775598 1.11334884104
0.133333333333 5.44542726622 1.03000186959
0.133333333333 5.65486677646 0.262726130945
0.133333333333 5.8643062867 0.210695744565
0.133333333333 6.07374579694 1.00546063462

0.2 0 0.130369098285
0.2 0.209439510239 0.187182572214
0.2 0.418879020479 0.265311929489
0.2 0.628318530718 0.352590938562
0.2 0.837758040957 0.19431670582
0.2 1.0471975512 0.371550616783
0.2 1.25663706144 1.16255012426
0.2 1.46607657168 0.784288153528
0.2 1.67551608191 0.0418573630323
0.2 1.88495559215 0.60032048345
0.2 2.09439510239 0.688983871606
0.2 2.30383461263 2.07066767291
0.2 2.51327412287 0.0810505477539
0.2 2.72271363311 0.226315563287
0.2 2.93215314335 0.864049054132
0.2 3.14159265359 1.47330482813
0.2 3.35103216383 0.383583232549
0.2 3.56047167407 0.289961079708
0.2 3.76991118431 0.508928115467
0.2 3.97935069455 0.487102744813
0.2 4.18879020479 0.664713108028
0.2 4.39822971503 1.38986116849
0.2 4.60766922527 1.00501021419
0.2 4.8171087355 0.247838795541
0.2 5.02654824574 0.991437550722
0.2 5.23598775598 1.11974763494
0.2 5.44542726622 1.02948760987
0.2 5.65486677646 0.273739033991
0.2 5.8643062867 0.210218986273
0.2 6.07374579694 1.0330009902

0.266666666667 0 0.145674746422
0.266666666667 0.209439510239 0.189539692963
0.266666666667 0.418879020479 0.237135439936
0.266666666667 0.628318530718 0.282751264894
0.266666666667 0.837758040957 0.19327946128
0.266666666667 1.0471975512 0.489271849385
0.266666666667 1.25663706144 1.17223335371
0.266666666667 1.46607657168 0.681068445166
0.266666666667 1.67551608191 0.0692284365682
0.266666666667 1.88495559215 0.567462500173
0.266666666667 2.09439510239 0.663893230312
0.266666666667 2.30383461263 2.089244454
0.266666666667 2.51327412287 0.109847124489
0.266666666667 2.72271363311 0.204275459673
0.266666666667 2.93215314335 0.782387282581
0.266666666667 3.14159265359 1.52066923432
0.266666666667 3.35103216383 0.596491016347
0.266666666667 3.56047167407 0.359823875628
0.266666666667 3.76991118431 0.674067026132
0.266666666667 3.97935069455 0.638226967339
0.266666666667 4.18879020479 0.841066462545
0.266666666667 4.39822971503 1.51575773958
0.266666666667 4.60766922527 0.91018542409
0.266666666667 4.8171087355 0.286144315474
0.266666666667 5.02654824574 0.979066072034
0.266666666667 5.23598775598 1.13204432354
0.266666666667 5.44542726622 1.02009994297
0.266666666667 5.65486677646 0.286512218726
0.266666666667 5.8643062867 0.217319244842
0.266666666667 6.07374579694 1.05543990918

0.333333333333 0 0.190513890366
0.333333333333 0.209439510239 0.192410108914
0.333333333333 0.418879020479 0.228388739391
0.333333333333 0.628318530718 0.237182306733
0.333333333333 0.837758040957 0.233999215777
0.333333333333 1.0471975512 0.617676324736
0.333333333333 1.25663706144 1.11819092901
0.333333333333 1.46607657168 0.555753678859
0.333333333333 1.67551608191 0.108237597944
0.333333333333 1.88495559215 0.524194797613
0.333333333333 2.09439510239 0.640822989888
0.333333333333 2.30383461263 2.10173471343
0.333333333333 2.51327412287 0.150794923317
0.333333333333 2.72271363311 0.183142546581
0.333333333333 2.93215314335 0.688356774756
0.333333333333 3.14159265359 1.50521759143
0.333333333333 3.35103216383 0.87736511972
0.333333333333 3.56047167407 0.447100052106
0.333333333333 3.76991118431 0.838955216288
0.333333333333 3.97935069455 0.843877434905
0.333333333333 4.18879020479 1.07091105644
0.333333333333 4.39822971503 1.60918644919
0.333333333333 4.60766922527 0.773828199189
0.333333333333 4.8171087355 0.328218746795
0.333333333333 5.02654824574 0.975874666118
0.333333333333 5.23598775598 1.15033665355
0.333333333333 5.44542726622 1.00048949579
0.333333333333 5.65486677646 0.300404653298
0.333333333333 5.8643062867 0.236872456438
0.333333333333 6.07374579694 1.06155604106

0.4 0 0.276761809771
0.4 0.209439510239 0.19509191078
0.4 0.418879020479 0.254231242264
0.4 0.628318530718 0.238119629102
0.4 0.837758040957 0.318749557551
0.4 1.0471975512 0.712704467635
0.4 1.25663706144 0.972014717325
0.4 1.46607657168 0.422713954646
0.4 1.67551608191 0.158855797598
0.4 1.88495559215 0.469334856371
0.4 2.09439510239 0.620253906172
0.4 2.30383461263 2.10207676237
0.4 2.51327412287 0.207928199314
0.4 2.72271363311 0.166254198973
0.4 2.93215314335 0.589001378477
0.4 3.14159265359 1.40018394345
0.4 3.35103216383 1.18777612537
0.4 3.56047167407 0.573615883078
0.4 3.76991118431 0.961799360019
0.4 3.97935069455 1.06727364967
0.4 4.18879020479 1.31163097486
0.4 4.39822971503 1.61770439993
0.4 4.60766922527 0.608974926117
0.4 4.8171087355 0.366550343567
0.4 5.02654824574 0.990124726063
0.4 5.23598775598 1.1751263152
0.4 5.44542726622 0.968991683886
0.4 5.65486677646 0.31428769323
0.4 5.8643062867 0.274587199832
0.4 6.07374579694 1.0368075467

0.466666666667 0 0.410059761905
0.466666666667 0.209439510239 0.198059124317
0.466666666667 0.418879020479 0.320259743113
0.466666666667 0.628318530718 0.300455594403
0.466666666667 0.837758040957 0.423010231992
0.466666666667 1.0471975512 0.712167031985
0.466666666667 1.25663706144 0.723919387274
0.466666666667 1.46607657168 0.311889382982
0.466666666667 1.67551608191 0.215898558632
0.466666666667 1.88495559215 0.404321523532
0.466666666667 2.09439510239 0.603224310782
0.466666666667 2.30383461263 2.07997784433
0.466666666667 2.51327412287 0.285710435691
0.466666666667 2.72271363311 0.158441271213
0.466666666667 2.93215314335 0.495033337469
0.466666666667 3.14159265359 1.20425629379
0.466666666667 3.35103216383 1.42845241546
0.466666666667 3.56047167407 0.764719528667
0.466666666667 3.76991118431 1.00933972252
0.466666666667 3.97935069455 1.23270826803
0.466666666667 4.18879020479 1.47641162715
0.466666666667 4.39822971503 1.48975893588
0.466666666667 4.60766922527 0.44442164766
0.466666666667 4.8171087355 0.391359286336
0.466666666667 5.02654824574 1.03150513301
0.466666666667 5.23598775598 1.20747161621
0.466666666667 5.44542726622 0.923753857409
0.466666666667 5.65486677646 0.326293721301
0.466666666667 5.8643062867 0.335823801393
0.466666666667 6.07374579694 0.967433774061

0.533333333333 0 0.576538318922
0.533333333333 0.209439510239 0.207058990119
0.533333333333 0.418879020479 0.406670320395
0.533333333333 0.628318530718 0.414799399537
0.533333333333 0.837758040957 0.497962442539
0.533333333333 1.0471975512 0.572635258733
0.533333333333 1.25663706144 0.417984751831
0.533333333333 1.46607657168 0.277181207296
0.533333333333 1.67551608191 0.262743763193
0.533333333333 1.88495559215 0.337000869885
0.533333333333 2.09439510239 0.590624490527
0.533333333333 2.30383461263 2.01872452189
0.533333333333 2.51327412287 0.388013680525
0.533333333333 2.72271363311 0.166605811085
0.533333333333 2.93215314335 0.41810042875
0.533333333333 3.14159265359 0.972891789506
0.533333333333 3.35103216383 1.45483876636
0.533333333333 3.56047167407 1.00492409592
0.533333333333 3.76991118431 0.994937352872
0.533333333333 3.97935069455 1.26019419126
0.533333333333 4.18879020479 1.46469762657
0.533333333333 4.39822971503 1.21714936587
0.533333333333 4.60766922527 0.317953717062
0.533333333333 4.8171087355 0.395876944268
0.533333333333 5.02654824574 1.10903460375
0.533333333333 5.23598775598 1.24903844773
0.533333333333 5.44542726622 0.862975589295
0.533333333333 5.65486677646 0.333560085628
0.533333333333 5.8643062867 0.42300905979
0.533333333333 6.07374579694 0.849783573759

0.6 0 0.729263457154
0.6 0.209439510239 0.235139156795
0.6 0.418879020479 0.460001323092
0.6 0.628318530718 0.529745271843
0.6 0.837758040957 0.50114107976
0.6 1.0471975512 0.339614203413
0.6 1.25663706144 0.197731676293
0.6 1.46607657168 0.376084275862
0.6 1.67551608191 0.26496983164
0.6 1.88495559215 0.287270777086
0.6 2.09439510239 0.581324143807
0.6 2.30383461263 1.89304608341
0.6 2.51327412287 0.51498546716
0.6 2.72271363311 0.200583155935
0.6 2.93215314335 0.362329679353
0.6 3.14159265359 0.833822604036
0.6 3.35103216383 1.19157684216
0.6 3.56047167407 1.17977489578
0.6 3.76991118431 0.982852875197
0.6 3.97935069455 1.14257641082
0.6 4.18879020479 1.25095540468
0.6 4.39822971503 0.879575095129
0.6 4.60766922527 0.252015781535
0.6 4.8171087355 0.387639510164
0.6 5.02654824574 1.22761497275
0.6 5.23598775598 1.30171487253
0.6 5.44542726622 0.785350540907
0.6 5.65486677646 0.332123063065
0.6 5.8643062867 0.531134221231
0.6 6.07374579694 0.704641034134

0.666666666667 0 0.796943322114
0.666666666667 0.209439510239 0.290959446331
0.666666666667 0.418879020479 0.417575402267
0.666666666667 0.628318530718 0.554563720637
0.666666666667 0.837758040957 0.442337690106
0.666666666667 1.0471975512 0.195557104315
0.666666666667 1.25663706144 0.26505031793
0.666666666667 1.46607657168 0.562076087777
0.666666666667 1.67551608191 0.185776997894
0.666666666667 1.88495559215 0.290044403567
0.666666666667 2.09439510239 0.569517072418
0.666666666667 2.30383461263 1.67074697042
0.666666666667 2.51327412287 0.654790319053
0.666666666667 2.72271363311 0.27355887983
0.666666666667 2.93215314335 0.309037510878
0.666666666667 3.14159265359 0.917540760424
0.666666666667 3.35103216383 0.828528728715
0.666666666667 3.56047167407 1.12695479181
0.666666666667 3.76991118431 1.01004768476
0.666666666667 3.97935069455 0.996470417602
0.666666666667 4.18879020479 0.969488199819
0.666666666667 4.39822971503 0.619157625197
0.666666666667 4.60766922527 0.223106463575
0.666666666667 4.8171087355 0.402273410915
0.666666666667 5.02654824574 1.38495950088
0.666666666667 5.23598775598 1.36593865158
0.666666666667 5.44542726622 0.690868958928
0.666666666667 5.65486677646 0.31736994978
0.666666666667 5.8643062867 0.641698051011
0.666666666667 6.07374579694 0.588171427016

0.733333333333 0 0.751084987114
0.733333333333 0.209439510239 0.357651085596
0.733333333333 0.418879020479 0.272674948807
0.733333333333 0.628318530718 0.414394773648
0.733333333333 0.837758040957 0.374140021869
0.733333333333 1.0471975512 0.307441374952
0.733333333333 1.25663706144 0.567784898503
0.733333333333 1.46607657168 0.563833202504
0.733333333333 1.67551608191 0.0667686684321
0.733333333333 1.88495559215 0.376771171245
0.733333333333 2.09439510239 0.549848479441
0.733333333333 2.30383461263 1.3314549053
0.733333333333 2.51327412287 0.766102480006
0.733333333333 2.72271363311 0.397876206411
0.733333333333 2.93215314335 0.211222326266
0.733333333333 3.14159265359 1.13538264481
0.733333333333 3.35103216383 0.806157780299
0.733333333333 3.56047167407 0.905940880966
0.733333333333 3.76991118431 1.00726156593
0.733333333333 3.97935069455 0.945870852246
0.733333333333 4.18879020479 0.806827092709
0.733333333333 4.39822971503 0.484795124778
0.733333333333 4.60766922527 0.176126552417
0.733333333333 4.8171087355 0.50532573062
0.733333333333 5.02654824574 1.57366783493
0.733333333333 5.23598775598 1.43576734477
0.733333333333 5.44542726622 0.582306958717
0.733333333333 5.65486677646 0.286040626464
0.733333333333 5.8643062867 0.718437520701
0.733333333333 6.07374579694 0.574863510018

0.8 0 0.702607336633
0.8 0.209439510239 0.440140254088
0.8 0.418879020479 0.151562494923
0.8 0.628318530718 0.160952009189
0.8 0.837758040957 0.26060008014
0.8 1.0471975512 0.41514496239
0.8 1.25663706144 0.542932562828
0.8 1.46607657168 0.211229293363
0.8 1.67551608191 0.102648225067
0.8 1.88495559215 0.515673321149
0.8 2.09439510239 0.565196056295
0.8 2.30383461263 0.932033743863
0.8 2.51327412287 0.760652905256
0.8 2.72271363311 0.564014474935
0.8 2.93215314335 0.06836230443
0.8 3.14159265359 1.00063179037
0.8 3.35103216383 1.14784815364
0.8 3.56047167407 0.90032319511
0.8 3.76991118431 0.92568736844
0.8 3.97935069455 0.885040824822
0.8 4.18879020479 0.67560421975
0.8 4.39822971503 0.319628955583
0.8 4.60766922527 0.132981268563
0.8 4.8171087355 0.768214338925
0.8 5.02654824574 1.79172355877
0.8 5.23598775598 1.48647082539
0.8 5.44542726622 0.468176440265
0.8 5.65486677646 0.242120687099
0.8 5.8643062867 0.715570906021
0.8 6.07374579694 0.677429437381

0.866666666667 0 0.758215757254
0.866666666667 0.209439510239 0.658208391166
0.866666666667 0.418879020479 0.373703422441
0.866666666667 0.628318530718 0.178486108578
0.866666666667 0.837758040957 0.165726989214
0.866666666667 1.0471975512 0.220104963039
0.866666666667 1.25663706144 0.165805460906
0.866666666667 1.46607657168 0.071822654335
0.866666666667 1.67551608191 0.333443342092
0.866666666667 1.88495559215 0.665665165149
0.866666666667 2.09439510239 0.812722360196
0.866666666667 2.30383461263 0.699560870978
0.866666666667 2.51327412287 0.567309354431
0.866666666667 2.72271363311 0.691412961025
0.866666666667 2.93215314335 0.134971037206
0.866666666667 3.14159265359 0.252404179044
0.866666666667 3.35103216383 0.791367314791
0.866666666667 3.56047167407 0.849224917629
0.866666666667 3.76991118431 0.718845811105
0.866666666667 3.97935069455 0.544642516995
0.866666666667 4.18879020479 0.286256287432
0.866666666667 4.39822971503 0.0741434260046
0.866666666667 4.60766922527 0.318423037465
0.866666666667 4.8171087355 1.26532835042
0.866666666667 5.02654824574 2.02804860766
0.866666666667 5.23598775598 1.44698956678
0.866666666667 5.44542726622 0.369524261377
0.866666666667 5.65486677646 0.21230339925
0.866666666667 5.8643062867 0.622845099522
0.866666666667 6.07374579694 0.739281850329

0.933333333333 0 0.625204721484
0.933333333333 0.209439510239 0.624842363039
0.933333333333 0.418879020479 0.615786413712
0.933333333333 0.628318530718 0.543765840852
0.933333333333 0.837758040957 0.431349090891
0.933333333333 1.0471975512 0.307498103336
0.933333333333 1.25663706144 0.219961973679
0.933333333333 1.46607657168 0.299910429631
0.933333333333 1.67551608191 0.688510220058
0.933333333333 1.88495559215 1.25766927302
0.933333333333 2.09439510239 1.42465779076
0.933333333333 2.30383461263 0.849790212645
0.933333333333 2.51327412287 0.39604122747
0.933333333333 2.72271363311 0.62724542577
0.933333333333 2.93215314335 0.722851051243
0.933333333333 3.14159265359 0.392872281571
0.933333333333 3.35103216383 0.125706390417
0.933333333333 3.56047167407 0.0451832803562
0.933333333333 3.76991118431 0.0205256226094
0.933333333333 3.97935069455 0.0260361215159
0.933333333333 4.18879020479 0.159979804378
0.933333333333 4.39822971503 0.57787026232
0.933333333333 4.60766922527 1.32098967863
0.933333333333 4.8171087355 2.02892230569
0.933333333333 5.02654824574 2.01678735587
0.933333333333 5.23598775598 1.15452000962
0.933333333333 5.44542726622 0.341704534454
0.933333333333 5.65486677646 0.286588149183
0.933333333333 5.8643062867 0.578883850881
0.933333333333 6.07374579694 0.667190365849

