-1 0 0.273560200505
-1 0.209439510239 0.273560200505
-1 0.418879020479 0.273560200505
-1 0.628318530718 0.273560200505
-1 0.837758040957 0.273560200505
-1 1.0471975512 0.273560200504
-1 1.25663706144 0.273560200505
-1 1.46607657168 0.273560200505
-1 1.67551608191 0.273560200505
-1 1.88495559215 0.273560200505
-1 2.09439510239 0.273560200505
-1 2.30383461263 0.273560200505
-1 2.51327412287 0.273560200504
-1 2.72271363311 0.273560200505
-1 2.93215314335 0.273560200505
-1 3.14159265359 0.273560200505
-1 3.35103216383 0.273560200505
-1 3.56047167407 0.273560200505
-1 3.76991118431 0.273560200505
-1 3.97935069455 0.273560200505
-1 4.18879020479 0.273560200504
-1 4.39822971503 0.273560200505
-1 4.60766922527 0.273560200505
-1 4.8171087355 0.273560200505
-1 5.02654824574 0.273560200505
-1 5.23598775598 0.273560200505
-1 5.44542726622 0.273560200505
-1 5.65486677646 0.273560200504
-1 5.8643062867 0.273560200505
-1 6.07374579694 0.273560200505

-0.933333333333 0 0.0670944930565
-0.933333333333 0.209439510239 0.0412503102783
-0.933333333333 0.418879020479 0.0461519794935
-0.933333333333 0.628318530718 0.0544521492117
-0.933333333333 0.837758040957 0.046954352644
-0.933333333333 1.0471975512 0.0407031698181
-0.933333333333 1.25663706144 0.0741626033069
-0.933333333333 1.46607657168 0.150954762721
-0.933333333333 1.67551608191 0.202974476526
-0.933333333333 1.88495559215 0.211622983594
-0.933333333333 2.09439510239 0.274281469814
-0.933333333333 2.30383461263 0.399578766174
-0.933333333333 2.51327412287 0.468900528499
-0.933333333333 2.72271363311 0.416517440471
-0.933333333333 2.93215314335 0.303123958598
-0.933333333333 3.14159265359 0.205299354611
-0.933333333333 3.35103216383 0.148562719308
-0.933333333333 3.56047167407 0.13893452451
-0.933333333333 3.76991118431 0.15041776089
-0.933333333333 3.97935069455 0.13559685287
-0.933333333333 4.18879020479 0.0762093192624
-0.933333333333 4.39822971503 0.0654635839814
-0.933333333333 4.60766922527 0.294451065736
-0.933333333333 4.8171087355 0.646712104121
-0.933333333333 5.02654824574 0.625752021241
-0.933333333333 5.23598775598 0.333722206597
-0.933333333333 5.44542726622 0.197021507781
-0.933333333333 5.65486677646 0.0809768701035
-0.933333333333 5.8643062867 0.0263710415044
-0.933333333333 6.07374579694 0.0738568872982

-0.866666666667 0 0.0924978960024
-0.866666666667 0.209439510239 0.188752037914
-0.866666666667 0.418879020479 0.253789883289
-0.866666666667 0.628318530718 0.282137941056
-0.866666666667 0.837758040957 0.293363941657
-0.866666666667 1.0471975512 0.246344552612
-0.866666666667 1.25663706144 0.110152959346
-0.866666666667 1.46607657168 0.0323105206664
-0.866666666667 1.67551608191 0.139763186948
-0.866666666667 1.88495559215 0.226044655669
-0.866666666667 2.09439510239 0.356087049878
-0.866666666667 2.30383461263 0.444511366773
-0.866666666667 2.51327412287 0.310906553969
-0.866666666667 2.72271363311 0.197531432432
-0.866666666667 2.93215314335 0.236724352337
-0.866666666667 3.14159265359 0.331215790974
-0.866666666667 3.35103216383 0.424560973732
-0.866666666667 3.56047167407 0.489817031525
-0.866666666667 3.76991118431 0.522124666962
-0.866666666667 3.97935069455 0.63998538608
-0.866666666667 4.18879020479 0.910216515831
-0.866666666667 4.39822971503 0.983887233652
-0.866666666667 4.60766922527 0.387313185055
-0.866666666667 4.8171087355 0.193179689039
-0.866666666667 5.02654824574 0.68022023375
-0.866666666667 5.23598775598 0.340078418046
-0.866666666667 5.44542726622 0.259286169005
-0.866666666667 5.65486677646 0.162796684473
-0.866666666667 5.8643062867 0.0297988612731
-0.866666666667 6.07374579694 0.0729957905451

-0.8 0 0.141881913837
-0.8 0.209439510239 0.193656243692
-0.8 0.418879020479 0.188181802142
-0.8 0.628318530718 0.166635380216
-0.8 0.837758040957 0.195545223921
-0.8 1.0471975512 0.293645082087
-0.8 1.25663706144 0.305808056412
-0.8 1.46607657168 0.107751530107
-0.8 1.67551608191 0.105468464262
-0.8 1.88495559215 0.221560163316
-0.8 2.09439510239 0.372302160421
-0.8 2.30383461263 0.464427438349
-0.8 2.51327412287 0.16972120797
-0.8 2.72271363311 0.167123805758
-0.8 2.93215314335 0.374266803826
-0.8 3.14159265359 0.402101981975
-0.8 3.35103216383 0.319706590131
-0.8 3.56047167407 0.203606772489
-0.8 3.76991118431 0.200635674687
-0.8 3.97935069455 0.313528764512
-0.8 4.18879020479 0.469621039402
-0.8 4.39822971503 1.15007511895
-0.8 4.60766922527 1.51634877933
-0.8 4.8171087355 0.308404516592
-0.8 5.02654824574 0.44972313023
-0.8 5.23598775598 0.308659415737
-0.8 5.44542726622 0.232567277152
-0.8 5.65486677646 0.286359475431
-0.8 5.8643062867 0.0945715657192
-0.8 6.07374579694 0.161943043567

-0.733333333333 0 0.128125633208
-0.733333333333 0.209439510239 0.283717325976
-0.733333333333 0.418879020479 0.236690851187
-0.733333333333 0.628318530718 0.13623353923
-0.733333333333 0.837758040957 0.0610631745154
-0.733333333333 1.0471975512 0.108546111383
-0.733333333333 1.25663706144 0.2947403602
-0.733333333333 1.46607657168 0.227405581612
-0.733333333333 1.67551608191 0.0999081045941
-0.733333333333 1.88495559215 0.255752647121
-0.733333333333 2.09439510239 0.354841029507
-0.733333333333 2.30383461263 0.466393072628
-0.733333333333 2.51327412287 0.0808392623097
-0.733333333333 2.72271363311 0.225910496634
-0.733333333333 2.93215314335 0.422244740618
-0.733333333333 3.14159265359 0.288138784066
-0.733333333333 3.35103216383 0.184923176112
-0.733333333333 3.56047167407 0.3438067923
-0.733333333333 3.76991118431 1.01547884972
-0.733333333333 3.97935069455 1.85543935557
-0.733333333333 4.18879020479 1.71567206577
-0.733333333333 4.39822971503 0.875217175613
-0.733333333333 4.60766922527 1.58142370336
-0.733333333333 4.8171087355 0.788405481933
-0.733333333333 5.02654824574 0.236315619244
-0.733333333333 5.23598775598 0.302836973425
-0.733333333333 5.44542726622 0.151443591708
-0.733333333333 5.65486677646 0.403998410703
-0.733333333333 5.8643062867 0.193282572555
-0.733333333333 6.07374579694 0.187993323023

-0.666666666667 0 0.271616398228
-0.666666666667 0.209439510239 0.483950544387
-0.666666666667 0.418879020479 0.352567617742
-0.666666666667 0.628318530718 0.292382345209
-0.666666666667 0.837758040957 0.163901347695
-0.666666666667 1.0471975512 0.0257185061743
-0.666666666667 1.25663706144 0.159154414166
-0.666666666667 1.46607657168 0.288056828079
-0.666666666667 1.67551608191 0.103524124306
-0.666666666667 1.88495559215 0.308440990736
-0.666666666667 2.09439510239 0.330012125581
-0.666666666667 2.30383461263 0.456638538997
-0.666666666667 2.51327412287 0.0382434965828
-0.666666666667 2.72271363311 0.294054328034
-0.666666666667 2.93215314335 0.368675502243
-0.666666666667 3.14159265359 0.199424719187
-0.666666666667 3.35103216383 0.224004970891
-0.666666666667 3.56047167407 0.775286517889
-0.666666666667 3.76991118431 2.12626861463
-0.666666666667 3.97935069455 3.74278905485
-0.666666666667 4.18879020479 4.10102035058
-0.666666666667 4.39822971503 1.88326305495
-0.666666666667 4.60766922527 0.99934131239
-0.666666666667 4.8171087355 0.951080730498
-0.666666666667 5.02654824574 0.143011209268
-0.666666666667 5.23598775598 0.3283498567
-0.666666666667 5.44542726622 0.0935740642726
-0.666666666667 5.65486677646 0.48648948904
-0.666666666667 5.8643062867 0.287947310544
-0.666666666667 6.07374579694 0.122922197054

-0.6 0 0.52736998729
-0.6 0.209439510239 0.557424626177
-0.6 0.418879020479 0.438135541229
-0.6 0.628318530718 0.562634053301
-0.6 0.837758040957 0.437103573097
-0.6 1.0471975512 0.120392752501
-0.6 1.25663706144 0.0490144377694
-0.6 1.46607657168 0.281029844368
-0.6 1.67551608191 0.111762087658
-0.6 1.88495559215 0.357491014784
-0.6 2.09439510239 0.309847275758
-0.6 2.30383461263 0.440091360189
-0.6 2.51327412287 0.0276330834644
-0.6 2.72271363311 0.33932991565
-0.6 2.93215314335 0.287001595991
-0.6 3.14159265359 0.175243127237
-0.6 3.35103216383 0.339504367461
-0.6 3.56047167407 1.29777988002
-0.6 3.76991118431 3.1318525638
-0.6 3.97935069455 4.72657859991
-0.6 4.18879020479 5.30846960295
-0.6 4.39822971503 3.21646147248
-0.6 4.60766922527 0.713156231947
-0.6 4.8171087355 0.815248344766
-0.6 5.02654824574 0.126494665198
-0.6 5.23598775598 0.360044468439
-0.6 5.44542726622 0.082787514291
-0.6 5.65486677646 0.535461641745
-0.6 5.8643062867 0.360422606231
-0.6 6.07374579694 0.0498174165541

-0.533333333333 0 0.74173107851
-0.533333333333 0.209439510239 0.488447010216
-0.533333333333 0.418879020479 0.541220886924
-0.533333333333 0.628318530718 0.878682708978
-0.533333333333 0.837758040957 0.744715622197
-0.533333333333 1.0471975512 0.306444419733
-0.533333333333 1.25663706144 0.0165281275133
-0.533333333333 1.46607657168 0.235203570573
-0.533333333333 1.67551608191 0.122385557114
-0.533333333333 1.88495559215 0.393713577769
-0.533333333333 2.09439510239 0.297765257895
-0.533333333333 2.30383461263 0.420263837335
-0.533333333333 2.51327412287 0.0358476440083
-0.533333333333 2.72271363311 0.357347914699
-0.533333333333 2.93215314335 0.229669559749
-0.533333333333 3.14159265359 0.167043288068
-0.533333333333 3.35103216383 0.541254552637
-0.533333333333 3.56047167407 2.05810742831
-0.533333333333 3.76991118431 4.31486544054
-0.533333333333 3.97935069455 5.1780466551
-0.533333333333 4.18879020479 5.06082330073
-0.533333333333 4.39822971503 3.75663196382
-0.533333333333 4.60766922527 0.819684310058
-0.533333333333 4.8171087355 0.668256604691
-0.533333333333 5.02654824574 0.141698631316
-0.533333333333 5.23598775598 0.383645774126
-0.533333333333 5.44542726622 0.111927566923
-0.533333333333 5.65486677646 0.56181031109
-0.533333333333 5.8643062867 0.406660691567
-0.533333333333 6.07374579694 0.0275958403619

-0.466666666667 0 0.847183095222
-0.466666666667 0.209439510239 0.381838526194
-0.466666666667 0.418879020479 0.680479180262
-0.466666666667 0.628318530718 1.16848057848
-0.466666666667 0.837758040957 1.00120735512
-0.466666666667 1.0471975512 0.495963657908
-0.466666666667 1.25663706144 0.0475493529631
-0.466666666667 1.46607657168 0.177999183127
-0.466666666667 1.67551608191 0.133434861906
-0.466666666667 1.88495559215 0.416254848085
-0.466666666667 2.09439510239 0.293415198297
-0.466666666667 2.30383461263 0.399470506001
-0.466666666667 2.51327412287 0.0531391391417
-0.466666666667 2.72271363311 0.354780013294
-0.466666666667 2.93215314335 0.212564400667
-0.466666666667 3.14159265359 0.146733417322
-0.466666666667 3.35103216383 0.878019434158
-0.466666666667 3.56047167407 3.04122406589
-0.466666666667 3.76991118431 5.59102230086
-0.466666666667 3.97935069455 5.46375367495
-0.466666666667 4.18879020479 4.22261223217
-0.466666666667 4.39822971503 3.51595678294
-0.466666666667 4.60766922527 1.03986805556
-0.466666666667 4.8171087355 0.662273763459
-0.466666666667 5.02654824574 0.169749509873
-0.466666666667 5.23598775598 0.397711461608
-0.466666666667 5.44542726622 0.167422154952
-0.466666666667 5.65486677646 0.574832964408
-0.466666666667 5.8643062867 0.430773615825
-0.466666666667 6.07374579694 0.0604913591459

-0.4 0 0.860345550713
-0.4 0.209439510239 0.305482501106
-0.4 0.418879020479 0.81517839403
-0.4 0.628318530718 1.37518818491
-0.4 0.837758040957 1.17916498534
-0.4 1.0471975512 0.645619097665
-0.4 1.25663706144 0.11011098076
-0.4 1.46607657168 0.125282476306
-0.4 1.67551608191 0.14355390524
-0.4 1.88495559215 0.427437311101
-0.4 2.09439510239 0.295276190562
-0.4 2.30383461263 0.379122710592
-0.4 2.51327412287 0.0730801576921
-0.4 2.72271363311 0.340481281789
-0.4 2.93215314335 0.229422209304
-0.4 3.14159265359 0.118925751765
-0.4 3.35103216383 1.32797486215
-0.4 3.56047167407 4.01317645476
-0.4 3.76991118431 6.58651983707
-0.4 3.97935069455 5.53414281797
-0.4 4.18879020479 3.42945752528
-0.4 4.39822971503 3.0220901687
-0.4 4.60766922527 1.19428700475
-0.4 4.8171087355 0.793163733302
-0.4 5.02654824574 0.205834884972
-0.4 5.23598775598 0.406181561231
-0.4 5.44542726622 0.237630906651
-0.4 5.65486677646 0.580564880272
-0.4 5.8643062867 0.439264466645
-0.4 6.07374579694 0.125790146286

-0.333333333333 0 0.823965620334
-0.333333333333 0.209439510239 0.269095840866
-0.333333333333 0.418879020479 0.901979383697
-0.333333333333 0.628318530718 1.47929135933
-0.333333333333 0.837758040957 1.28691372432
-0.333333333333 1.0471975512 0.748062680831
-0.333333333333 1.25663706144 0.177122079156
-0.333333333333 1.46607657168 0.0834105916364
-0.333333333333 1.67551608191 0.151954627022
-0.333333333333 1.88495559215 0.430193991006
-0.333333333333 2.09439510239 0.301768738896
-0.333333333333 2.30383461263 0.359992750503
-0.333333333333 2.51327412287 0.0918109175123
-0.333333333333 2.72271363311 0.321944056868
-0.333333333333 2.93215314335 0.266764992769
-0.333333333333 3.14159265359 0.097806382615
-0.333333333333 3.35103216383 1.81031540318
-0.333333333333 3.56047167407 4.7360353024
-0.333333333333 3.76991118431 7.05205416016
-0.333333333333 3.97935069455 5.28408819533
-0.333333333333 4.18879020479 2.85644517197
-0.333333333333 4.39822971503 2.65300313639
-0.333333333333 4.60766922527 1.25981219022
-0.333333333333 4.8171087355 0.996046907574
-0.333333333333 5.02654824574 0.248629683536
-0.333333333333 5.23598775598 0.413525911905
-0.333333333333 5.44542726622 0.314144879967
-0.333333333333 5.65486677646 0.582511589505
-0.333333333333 5.8643062867 0.437915968253
-0.333333333333 6.07374579694 0.19908011229

-0.266666666667 0 0.773512540783
-0.266666666667 0.209439510239 0.257411591348
-0.266666666667 0.418879020479 0.927522411015
-0.266666666667 0.628318530718 1.49557331039
-0.266666666667 0.837758040957 1.34605119356
-0.266666666667 1.0471975512 0.813263934387
-0.266666666667 1.25663706144 0.232215806145
-0.266666666667 1.46607657168 0.053115945032
-0.266666666667 1.67551608191 0.158273627761
-0.266666666667 1.88495559215 0.427190581903
-0.266666666667 2.09439510239 0.311616117635
-0.266666666667 2.30383461263 0.342417977537
-0.266666666667 2.51327412287 0.107243524005
-0.266666666667 2.72271363311 0.304460914811
-0.266666666667 2.93215314335 0.312141376682
-0.266666666667 3.14159265359 0.091012052357
-0.266666666667 3.35103216383 2.24218523117
-0.266666666667 3.56047167407 5.09821707584
-0.266666666667 3.76991118431 6.9927602873
-0.266666666667 3.97935069455 4.76181377626
-0.266666666667 4.18879020479 2.46936279563
-0.266666666667 4.39822971503 2.50822896005
-0.266666666667 4.60766922527 1.27733037912
-0.266666666667 4.8171087355 1.21055761114
-0.266666666667 5.02654824574 0.296319543589
-0.266666666667 5.23598775598 0.422871429584
-0.266666666667 5.44542726622 0.391235715364
-0.266666666667 5.65486677646 0.582513844586
-0.266666666667 5.8643062867 0.430965965748
-0.266666666667 6.07374579694 0.263803625637

-0.2 0 0.729606769632
-0.2 0.209439510239 0.254980344212
-0.2 0.418879020479 0.90328197896
-0.2 0.628318530718 1.45522652871
-0.2 0.837758040957 1.37750038194
-0.2 1.0471975512 0.854504500755
-0.2 1.25663706144 0.268290322779
-0.2 1.46607657168 0.032511230554
-0.2 1.67551608191 0.162518770585
-0.2 1.88495559215 0.42063155387
-0.2 2.09439510239 0.323889907979
-0.2 2.30383461263 0.326446138073
-0.2 2.51327412287 0.118421554383
-0.2 2.72271363311 0.29138997407
-0.2 2.93215314335 0.356801044
-0.2 3.14159265359 0.096745243728
-0.2 3.35103216383 2.57503050929
-0.2 3.56047167407 5.11046919171
-0.2 3.76991118431 6.57348773136
-0.2 3.97935069455 4.12940005393
-0.2 4.18879020479 2.21347733465
-0.2 4.39822971503 2.53778209156
-0.2 4.60766922527 1.28607111617
-0.2 4.8171087355 1.40149679436
-0.2 5.02654824574 0.346148227461
-0.2 5.23598775598 0.435698600704
-0.2 5.44542726622 0.465088584012
-0.2 5.65486677646 0.581369396149
-0.2 5.8643062867 0.421270423407
-0.2 6.07374579694 0.311441240102

-0.133333333333 0 0.701187138246
-0.133333333333 0.209439510239 0.253739108195
-0.133333333333 0.418879020479 0.848766215864
-0.133333333333 0.628318530718 1.38940725374
-0.133333333333 0.837758040957 1.396138053
-0.133333333333 1.0471975512 0.881024303258
-0.133333333333 1.25663706144 0.283869378877
-0.133333333333 1.46607657168 0.0190476756747
-0.133333333333 1.67551608191 0.165066058776
-0.133333333333 1.88495559215 0.412254531001
-0.133333333333 2.09439510239 0.337948833352
-0.133333333333 2.30383461263 0.311931994932
-0.133333333333 2.51327412287 0.125070384595
-0.133333333333 2.72271363311 0.284710765271
-0.133333333333 2.93215314335 0.395422555322
-0.133333333333 3.14159265359 0.10762469134
-0.133333333333 3.35103216383 2.80069479996
-0.133333333333 3.56047167407 4.8482200557
-0.133333333333 3.76991118431 5.98855899258
-0.133333333333 3.97935069455 3.55471612031
-0.133333333333 4.18879020479 2.06429481272
-0.133333333333 4.39822971503 2.66427108175
-0.133333333333 4.60766922527 1.30522479661
-0.133333333333 4.8171087355 1.55608266735
-0.133333333333 5.02654824574 0.395008665406
-0.133333333333 5.23598775598 0.452134114766
-0.133333333333 5.44542726622 0.533190454486
-0.133333333333 5.65486677646 0.579247130655
-0.133333333333 5.8643062867 0.410678565323
-0.133333333333 6.07374579694 0.338839474703

-0.0666666666667 0 0.69024087771
-0.0666666666667 0.209439510239 0.252079357084
-0.0666666666667 0.418879020479 0.779987353816
-0.0666666666667 0.628318530718 1.31991073585
-0.0666666666667 0.837758040957 1.40976649231
-0.0666666666667 1.0471975512 0.895252722091
-0.0666666666667 1.25663706144 0.279890364994
-0.0666666666667 1.46607657168 0.0106526856959
-0.0666666666667 1.67551608191 0.166655909123
-0.0666666666667 1.88495559215 0.403348135402
-0.0666666666667 2.09439510239 0.353354125647
-0.0666666666667 2.30383461263 0.298597408234
-0.0666666666667 2.51327412287 0.127316780494
-0.0666666666667 2.72271363311 0.285512267722
-0.0666666666667 2.93215314335 0.424814313314
-0.0666666666667 3.14159265359 0.11540657882
-0.0666666666667 3.35103216383 2.9410195835
-0.0666666666667 3.56047167407 4.40283824113
-0.0666666666667 3.76991118431 5.38240886963
-0.0666666666667 3.97935069455 3.14302969083
-0.0666666666667 4.18879020479 2.01730806154
-0.0666666666667 4.39822971503 2.83350291045
-0.0666666666667 4.60766922527 1.33798848752
-0.0666666666667 4.8171087355 1.67476231335
-0.0666666666667 5.02654824574 0.440018746983
-0.0666666666667 5.23598775598 0.471362739958
-0.0666666666667 5.44542726622 0.593903684644
-0.0666666666667 5.65486677646 0.575968655062
-0.0666666666667 5.8643062867 0.400345152344
-0.0666666666667 6.07374579694 0.34571611849

6.12323399574e-17 0 0.695005196169
6.12323399574e-17 0.209439510239 0.252253578904
6.12323399574e-17 0.418879020479 0.705759412873
6.12323399574e-17 0.628318530718 1.25562039454
6.12323399574e-17 0.837758040957 1.41825697931
6.12323399574e-17 1.0471975512 0.892066698946
6.12323399574e-17 1.25663706144 0.258042228401
6.12323399574e-17 1.46607657168 0.00627505674481
6.12323399574e-17 1.67551608191 0.168385014344
6.12323399574e-17 1.88495559215 0.394759482212
6.12323399574e-17 2.09439510239 0.369785587028
6.12323399574e-17 2.30383461263 0.286062707492
6.12323399574e-17 2.51327412287 0.125542992065
6.12323399574e-17 2.72271363311 0.294276412882
6.12323399574e-17 2.93215314335 0.442600445899
6.12323399574e-17 3.14159265359 0.114121297275
6.12323399574e-17 3.35103216383 3.03309180349
6.12323399574e-17 3.56047167407 3.86085551262
6.12323399574e-17 3.76991118431 4.82420753648
6.12323399574e-17 3.97935069455 2.92160423072
6.12323399574e-17 4.18879020479 2.07203650824
6.12323399574e-17 4.39822971503 3.01873682083
6.12323399574e-17 4.60766922527 1.37956211365
6.12323399574e-17 4.8171087355 1.7630814936
6.12323399574e-17 5.02654824574 0.478834804396
6.12323399574e-17 5.23598775598 0.491969198897
6.12323399574e-17 5.44542726622 0.646184292287
6.12323399574e-17 5.65486677646 0.571212360736
6.12323399574e-17 5.8643062867 0.390929508671
6.12323399574e-17 6.07374579694 0.333157051863

0.0666666666667 0 0.711338927421
0.0666666666667 0.209439510239 0.258551350331
0.0666666666667 0.418879020479 0.628898734263
0.0666666666667 0.628318530718 1.19223921015
0.0666666666667 0.837758040957 1.41122595532
0.0666666666667 1.0471975512 0.85884836352
0.0666666666667 1.25663706144 0.221013602081
0.0666666666667 1.46607657168 0.0060195086255
0.0666666666667 1.67551608191 0.171705213282
0.0666666666667 1.88495559215 0.386892148158
0.0666666666667 2.09439510239 0.38695675441
0.0666666666667 2.30383461263 0.27385685137
0.0666666666667 2.51327412287 0.120344098897
0.0666666666667 2.72271363311 0.310909902547
0.0666666666667 2.93215314335 0.44634326688
0.0666666666667 3.14159265359 0.101481049413
0.0666666666667 3.35103216383 3.11417065464
0.0666666666667 3.56047167407 3.30580029089
0.0666666666667 3.76991118431 4.31510188985
0.0666666666667 3.97935069455 2.85430597327
0.0666666666667 4.18879020479 2.22445592914
0.0666666666667 4.39822971503 3.20886282527
0.0666666666667 4.60766922527 1.42254956048
0.0666666666667 4.8171087355 1.82635464004
0.0666666666667 5.02654824574 0.509763921489
0.0666666666667 5.23598775598 0.512157090507
0.0666666666667 5.44542726622 0.689404915204
0.0666666666667 5.65486677646 0.564675458542
0.0666666666667 5.8643062867 0.382688935825
0.0666666666667 6.07374579694 0.303062753715

0.133333333333 0 0.732760814067
0.133333333333 0.209439510239 0.276302471574
0.133333333333 0.418879020479 0.549652446086
0.133333333333 0.628318530718 1.11433226412
0.133333333333 0.837758040957 1.36580016484
0.133333333333 1.0471975512 0.777399374466
0.133333333333 1.25663706144 0.174708739766
0.133333333333 1.46607657168 0.010953650475
0.133333333333 1.67551608191 0.178414915311
0.133333333333 1.88495559215 0.379699966446
0.133333333333 2.09439510239 0.404517650792
0.133333333333 2.30383461263 0.261408494315
0.133333333333 2.51327412287 0.112563856588
0.133333333333 2.72271363311 0.334509537447
0.133333333333 2.93215314335 0.43334420776
0.133333333333 3.14159265359 0.0793234451899
0.133333333333 3.35103216383 3.20462491975
0.133333333333 3.56047167407 2.82848865562
0.133333333333 3.76991118431 3.81218860698
0.133333333333 3.97935069455 2.86531266822
0.133333333333 4.18879020479 2.46416828711
0.133333333333 4.39822971503 3.395034616
0.133333333333 4.60766922527 1.45929928093
0.133333333333 4.8171087355 1.86666409573
0.133333333333 5.02654824574 0.531802639894
0.133333333333 5.23598775598 0.529852359982
0.133333333333 5.44542726622 0.723251093042
0.133333333333 5.65486677646 0.556217694964
0.133333333333 5.8643062867 0.375478014714
0.133333333333 6.07374579694 0.258316907021

0.2 0 0.749766954147
0.2 0.209439510239 0.310924077305
0.2 0.418879020479 0.470103692677
0.2 0.628318530718 1.00074738101
0.2 0.837758040957 1.2491616233
0.2 1.0471975512 0.631227948641
0.2 1.25663706144 0.131993373115
0.2 1.46607657168 0.0225629054142
0.2 1.67551608191 0.190571146735
0.2 1.88495559215 0.372682003847
0.2 2.09439510239 0.421931763539
0.2 2.30383461263 0.24802087104
0.2 2.51327412287 0.103389130857
0.2 2.72271363311 0.362867519988
0.2 2.93215314335 0.401375296054
0.2 3.14159265359 0.0539100685184
0.2 3.35103216383 3.28678076017
0.2 3.56047167407 2.52684467775
0.2 3.76991118431 3.26264326779
0.2 3.97935069455 2.86365007792
0.2 4.18879020479 2.7712577423
0.2 4.39822971503 3.55957087899
0.2 4.60766922527 1.48243188694
0.2 4.8171087355 1.88137273807
0.2 5.02654824574 0.544698275326
0.2 5.23598775598 0.542725816429
0.2 5.44542726622 0.747671506575
0.2 5.65486677646 0.546000475104
0.2 5.8643062867 0.368656873043
0.2 6.07374579694 0.203461213171

0.266666666667 0 0.749165514036
0.266666666667 0.209439510239 0.365950980608
0.266666666667 0.418879020479 0.39878364393
0.266666666667 0.628318530718 0.835787714288
0.266666666667 0.837758040957 1.03253399181
0.266666666667 1.0471975512 0.422357919741
0.266666666667 1.25663706144 0.115837367927
0.266666666667 1.46607657168 0.0418421591277
0.266666666667 1.67551608191 0.210163446079
0.266666666667 1.88495559215 0.36489099289
0.266666666667 2.09439510239 0.438314298249
0.266666666667 2.30383461263 0.232832067081
0.266666666667 2.51327412287 0.0944781114502
0.266666666667 2.72271363311 0.391773832832
0.266666666667 2.93215314335 0.35065846287
0.266666666667 3.14159265359 0.0363466186308
0.266666666667 3.35103216383 3.28452090693
0.266666666667 3.56047167407 2.47270637868
0.266666666667 3.76991118431 2.6419120711
0.266666666667 3.97935069455 2.76938847918
0.266666666667 4.18879020479 3.11099577423
0.266666666667 4.39822971503 3.66769454778
0.266666666667 4.60766922527 1.48479937085
0.266666666667 4.8171087355 1.86272359829
0.266666666667 5.02654824574 0.54906579618
0.266666666667 5.23598775598 0.548184931238
0.266666666667 5.44542726622 0.762865734745
0.266666666667 5.65486677646 0.534626338901
0.266666666667 5.8643062867 0.360913123362
0.266666666667 6.07374579694 0.145646606533

0.333333333333 0 0.714595570676
0.333333333333 0.209439510239 0.438963458207
0.333333333333 0.418879020479 0.353485845505
0.333333333333 0.628318530718 0.627127948414
0.333333333333 0.837758040957 0.720649337557
0.333333333333 1.0471975512 0.195916526832
0.333333333333 1.25663706144 0.156143434255
0.333333333333 1.46607657168 0.0683718170435
0.333333333333 1.67551608191 0.238268580827
0.333333333333 1.88495559215 0.35498151079
0.333333333333 2.09439510239 0.452227703832
0.333333333333 2.30383461263 0.214771893104
0.333333333333 2.51327412287 0.0880757583769
0.333333333333 2.72271363311 0.414304613453
0.333333333333 2.93215314335 0.287287981981
0.333333333333 3.14159265359 0.0419985417243
0.333333333333 3.35103216383 3.06454641972
0.333333333333 3.56047167407 2.63367217042
0.333333333333 3.76991118431 1.97996906731
0.333333333333 3.97935069455 2.54278342148
0.333333333333 4.18879020479 3.42761958045
0.333333333333 4.39822971503 3.66387877253
0.333333333333 4.60766922527 1.45971552528
0.333333333333 4.8171087355 1.79868802272
0.333333333333 5.02654824574 0.546500083957
0.333333333333 5.23598775598 0.543409651252
0.333333333333 5.44542726622 0.769295950778
0.333333333333 5.65486677646 0.523267710208
0.333333333333 5.8643062867 0.350027223037
0.333333333333 6.07374579694 0.0954697785624

0.4 0 0.63015660561
0.4 0.209439510239 0.515083811962
0.4 0.418879020479 0.357293597476
0.4 0.628318530718 0.424024373743
0.4 0.837758040957 0.387313909604
0.4 1.0471975512 0.0532401197027
0.4 1.25663706144 0.271272768787
0.4 1.46607657168 0.100586283025
0.4 1.67551608191 0.273305644941
0.4 1.88495559215 0.341351108745
0.4 2.09439510239 0.461450899559
0.4 2.30383461263 0.192549831799
0.4 2.51327412287 0.0870085488268
0.4 2.72271363311 0.420578455918
0.4 2.93215314335 0.227506595527
0.4 3.14159265359 0.0854509935761
0.4 3.35103216383 2.4984492313
0.4 3.56047167407 2.79058110658
0.4 3.76991118431 1.35277854785
0.4 3.97935069455 2.20923506949
0.4 4.18879020479 3.6409438473
0.4 4.39822971503 3.47752771629
0.4 4.60766922527 1.40187456649
0.4 4.8171087355 1.67578140129
0.4 5.02654824574 0.539495413039
0.4 5.23598775598 0.525547165503
0.4 5.44542726622 0.767705657547
0.4 5.65486677646 0.513750437939
0.4 5.8643062867 0.332679808215
0.4 6.07374579694 0.0669266030361

0.466666666667 0 0.48963662256
0.466666666667 0.209439510239 0.560682892329
0.466666666667 0.418879020479 0.420273396764
0.466666666667 0.628318530718 0.31379678845
0.466666666667 0.837758040957 0.179827523041
0.466666666667 1.0471975512 0.111755549285
0.466666666667 1.25663706144 0.432035572877
0.466666666667 1.46607657168 0.13913716232
0.466666666667 1.67551608191 0.308150130764
0.466666666667 1.88495559215 0.32249013333
0.466666666667 2.09439510239 0.462791337773
0.466666666667 2.30383461263 0.164784104145
0.466666666667 2.51327412287 0.0943103611398
0.466666666667 2.72271363311 0.399011332315
0.466666666667 2.93215314335 0.199960913405
0.466666666667 3.14159265359 0.166474933258
0.466666666667 3.35103216383 1.61082664503
0.466666666667 3.56047167407 2.58810031197
0.466666666667 3.76991118431 0.841824461607
0.466666666667 3.97935069455 1.86250678213
0.466666666667 4.18879020479 3.65149739923
0.466666666667 4.39822971503 3.04473899971
0.466666666667 4.60766922527 1.30903243515
0.466666666667 4.8171087355 1.48475338128
0.466666666667 5.02654824574 0.5308334086
0.466666666667 5.23598775598 0.492246969436
0.466666666667 5.44542726622 0.759117113827
0.466666666667 5.65486677646 0.508512659734
0.466666666667 5.8643062867 0.304543291461
0.466666666667 6.07374579694 0.0751159577449

0.533333333333 0 0.312271011477
0.533333333333 0.209439510239 0.526754453678
0.533333333333 0.418879020479 0.505604606087
0.533333333333 0.628318530718 0.361669744396
0.533333333333 0.837758040957 0.231053073702
0.533333333333 1.0471975512 0.381832910505
0.533333333333 1.25663706144 0.538149337521
0.533333333333 1.46607657168 0.192713034219
0.533333333333 1.67551608191 0.326924110602
0.533333333333 1.88495559215 0.297775050732
0.533333333333 2.09439510239 0.452132556913
0.533333333333 2.30383461263 0.130575417017
0.533333333333 2.51327412287 0.111950991207
0.533333333333 2.72271363311 0.34086666578
0.533333333333 2.93215314335 0.238555602843
0.533333333333 3.14159265359 0.250492326263
0.533333333333 3.35103216383 0.726662853676
0.533333333333 3.56047167407 1.86731021771
0.533333333333 3.76991118431 0.525513458947
0.533333333333 3.97935069455 1.62816536832
0.533333333333 4.18879020479 3.35928962139
0.533333333333 4.39822971503 2.34995170366
0.533333333333 4.60766922527 1.1844946114
0.533333333333 4.8171087355 1.22917524861
0.533333333333 5.02654824574 0.522029190865
0.533333333333 5.23598775598 0.442801028532
0.533333333333 5.44542726622 0.744761531371
0.533333333333 5.65486677646 0.510285904368
0.533333333333 5.8643062867 0.261148572867
0.533333333333 6.07374579694 0.129789191096

0.6 0 0.15811444114
0.6 0.209439510239 0.379932221237
0.6 0.418879020479 0.509303859956
0.6 0.628318530718 0.494197367841
0.6 0.837758040957 0.471136404587
0.6 1.0471975512 0.643353424776
0.6 1.25663706144 0.480874353673
0.6 1.46607657168 0.274885428135
0.6 1.67551608191 0.305624513106
0.6 1.88495559215 0.269082091174
0.6 2.09439510239 0.425210335751
0.6 2.30383461263 0.0913107218968
0.6 2.51327412287 0.137712488547
0.6 2.72271363311 0.250020583287
0.6 2.93215314335 0.354502267644
0.6 3.14159265359 0.27401613799
0.6 3.35103216383 0.333161197969
0.6 3.56047167407 1.07168635182
0.6 3.76991118431 0.537607753934
0.6 3.97935069455 1.57406378368
0.6 4.18879020479 2.69738962163
0.6 4.39822971503 1.47901357636
0.6 4.60766922527 1.04042762
0.6 4.8171087355 0.933829012425
0.6 5.02654824574 0.510762682357
0.6 5.23598775598 0.380212298138
0.6 5.44542726622 0.725860354027
0.6 5.65486677646 0.52122560942
0.6 5.8643062867 0.200341238398
0.6 6.07374579694 0.223407034695

0.666666666667 0 0.118127697449
0.666666666667 0.209439510239 0.171817130761
0.666666666667 0.418879020479 0.332034666223
0.666666666667 0.628318530718 0.469681122497
0.666666666667 0.837758040957 0.55403114422
0.666666666667 1.0471975512 0.580634099704
0.666666666667 1.25663706144 0.311194141078
0.666666666667 1.46607657168 0.368318105688
0.666666666667 1.67551608191 0.226983176528
0.666666666667 1.88495559215 0.243179025517
0.666666666667 2.09439510239 0.380338234942
0.666666666667 2.30383461263 0.0554185081991
0.666666666667 2.51327412287 0.159337848666
0.666666666667 2.72271363311 0.155455956704
0.666666666667 2.93215314335 0.48856582454
0.666666666667 3.14159265359 0.225709685211
0.666666666667 3.35103216383 0.479150562818
0.666666666667 3.56047167407 0.901978033897
0.666666666667 3.76991118431 0.947499018895
0.666666666667 3.97935069455 1.55399987274
0.666666666667 4.18879020479 1.68656548891
0.666666666667 4.39822971503 0.656105294009
0.666666666667 4.60766922527 0.89870208671
0.666666666667 4.8171087355 0.644190378896
0.666666666667 5.02654824574 0.488688278677
0.666666666667 5.23598775598 0.314396913778
0.666666666667 5.44542726622 0.703118663705
0.666666666667 5.65486677646 0.541046293852
0.666666666667 5.8643062867 0.127257910613
0.666666666667 6.07374579694 0.316732174397

0.733333333333 0 0.237991539266
0.733333333333 0.209439510239 0.0866013835898
0.733333333333 0.418879020479 0.0865642743025
0.733333333333 0.628318530718 0.192598563034
0.733333333333 0.837758040957 0.284542142064
0.733333333333 1.0471975512 0.277889655001
0.733333333333 1.25663706144 0.268127091066
0.733333333333 1.46607657168 0.371965213709
0.733333333333 1.67551608191 0.119918799596
0.733333333333 1.88495559215 0.231732191126
0.733333333333 2.09439510239 0.325688345238
0.733333333333 2.30383461263 0.0481103752164
0.733333333333 2.51327412287 0.149549839035
0.733333333333 2.72271363311 0.105645939866
0.733333333333 2.93215314335 0.504356071922
0.733333333333 3.14159265359 0.244172138101
0.733333333333 3.35103216383 0.514390734443
0.733333333333 3.56047167407 1.03480700596
0.733333333333 3.76991118431 1.21780317749
0.733333333333 3.97935069455 1.13096127125
0.733333333333 4.18879020479 0.565789728311
0.733333333333 4.39822971503 0.213586898364
0.733333333333 4.60766922527 0.77236361759
0.733333333333 4.8171087355 0.406244682642
0.733333333333 5.02654824574 0.4447058579
0.733333333333 5.23598775598 0.265997727068
0.733333333333 5.44542726622 0.675694910528
0.733333333333 5.65486677646 0.563531224339
0.733333333333 5.8643062867 0.0616097914914
0.733333333333 6.07374579694 0.33765591962

0.8 0 0.383416915928
0.8 0.209439510239 0.264460766244
0.8 0.418879020479 0.140000921657
0.8 0.628318530718 0.110599905484
0.8 0.837758040957 0.166272551308
0.8 1.0471975512 0.264800304603
0.8 1.25663706144 0.343095607298
0.8 1.46607657168 0.191286888266
0.8 1.67551608191 0.0917259063266
0.8 1.88495559215 0.239551963391
0.8 2.09439510239 0.292373580285
0.8 2.30383461263 0.118689189389
0.8 2.51327412287 0.0863012856403
0.8 2.72271363311 0.100419060354
0.8 2.93215314335 0.333113458217
0.8 3.14159265359 0.417384637264
0.8 3.35103216383 0.296412563625
0.8 3.56047167407 0.530436021201
0.8 3.76991118431 0.592441251933
0.8 3.97935069455 0.284014080672
0.8 4.18879020479 0.0117915456401
0.8 4.39822971503 0.350757463254
0.8 4.60766922527 0.599653028309
0.8 4.8171087355 0.237776824597
0.8 5.02654824574 0.384343532136
0.8 5.23598775598 0.267814227509
0.8 5.44542726622 0.639250989242
0.8 5.65486677646 0.570849078999
0.8 5.8643062867 0.041627633459
0.8 6.07374579694 0.229158828538

0.866666666667 0 0.285039991337
0.866666666667 0.209439510239 0.380978983432
0.866666666667 0.418879020479 0.378681816958
0.866666666667 0.628318530718 0.362278591993
0.866666666667 0.837758040957 0.352877683308
0.866666666667 1.0471975512 0.299645547307
0.866666666667 1.25663706144 0.149556315412
0.866666666667 1.46607657168 0.0701079487338
0.866666666667 1.67551608191 0.22075506818
0.866666666667 1.88495559215 0.247844310238
0.866666666667 2.09439510239 0.327517269527
0.866666666667 2.30383461263 0.295705246177
0.866666666667 2.51327412287 0.0458282891352
0.866666666667 2.72271363311 0.037000727162
0.866666666667 2.93215314335 0.11212819454
0.866666666667 3.14159265359 0.37421617183
0.866666666667 3.35103216383 0.44403162178
0.866666666667 3.56047167407 0.374651714349
0.866666666667 3.76991118431 0.3141821139
0.866666666667 3.97935069455 0.30428942141
0.866666666667 4.18879020479 0.434747595591
0.866666666667 4.39822971503 0.513486701844
0.866666666667 4.60766922527 0.245974963083
0.866666666667 4.8171087355 0.166059850033
0.866666666667 5.02654824574 0.371731145113
0.866666666667 5.23598775598 0.353463746586
0.866666666667 5.44542726622 0.582442066431
0.866666666667 5.65486677646 0.526714061246
0.866666666667 5.8643062867 0.102794956984
0.866666666667 6.07374579694 0.0694694751751

0.933333333333 0 0.117369622972
0.933333333333 0.209439510239 0.177375832437
0.933333333333 0.418879020479 0.197325315247
0.933333333333 0.628318530718 0.18186493789
0.933333333333 0.837758040957 0.154475995063
0.933333333333 1.0471975512 0.152871991462
0.933333333333 1.25663706144 0.219275277595
0.933333333333 1.46607657168 0.31131368664
0.933333333333 1.67551608191 0.291597766013
0.933333333333 1.88495559215 0.242149177627
0.933333333333 2.09439510239 0.383573058186
0.933333333333 2.30383461263 0.44856533215
0.933333333333 2.51327412287 0.231729365684
0.933333333333 2.72271363311 0.0695891446239
0.933333333333 2.93215314335 0.0426010128544
0.933333333333 3.14159265359 0.0466090241459
0.933333333333 3.35103216383 0.0995358189799
0.933333333333 3.56047167407 0.173019531101
0.933333333333 3.76991118431 0.211817461152
0.933333333333 3.97935069455 0.18797284818
0.933333333333 4.18879020479 0.101538294812
0.933333333333 4.39822971503 0.0289799933401
0.933333333333 4.60766922527 0.128967175403
0.933333333333 4.8171087355 0.388269305147
0.933333333333 5.02654824574 0.525768747069
0.933333333333 5.23598775598 0.499756133844
0.933333333333 5.44542726622 0.480995375875
0.933333333333 5.65486677646 0.380380406206
0.933333333333 5.8643062867 0.182947379763
0.933333333333 6.07374579694 0.081561233792

