-1 0 0.647609633351
-1 0.209439510239 0.647609633351
-1 0.418879020479 0.647609633352
-1 0.628318530718 0.647609633352
-1 0.837758040957 0.647609633351
-1 1.0471975512 0.647609633351
-1 1.25663706144 0.64760963335
-1 1.46607657168 0.64760963335
-1 1.67551608191 0.647609633351
-1 1.88495559215 0.647609633352
-1 2.09439510239 0.647609633352
-1 2.30383461263 0.647609633352
-1 2.51327412287 0.647609633351
-1 2.72271363311 0.64760963335
-1 2.93215314335 0.64760963335
-1 3.14159265359 0.647609633351
-1 3.35103216383 0.647609633351
-1 3.56047167407 0.647609633352
-1 3.76991118431 0.647609633352
-1 3.97935069455 0.647609633351
-1 4.18879020479 0.647609633351
-1 4.39822971503 0.64760963335
-1 4.60766922527 0.64760963335
-1 4.8171087355 0.647609633351
-1 5.02654824574 0.647609633352
-1 5.23598775598 0.647609633352
-1 5.44542726622 0.647609633352
-1 5.65486677646 0.647609633351
-1 5.8643062867 0.64760963335
-1 6.07374579694 0.64760963335

-0.933333333333 0 0.724896692889
-0.933333333333 0.209439510239 0.819229331163
-0.933333333333 0.418879020479 0.939287964955
-0.933333333333 0.628318530718 1.02075254132
-0.933333333333 0.837758040957 1.06878558164
-0.933333333333 1.0471975512 1.10076492555
-0.933333333333 1.25663706144 1.10237109489
-0.933333333333 1.46607657168 1.02448200605
-0.933333333333 1.67551608191 0.799775488015
-0.933333333333 1.88495559215 0.477851887478
-0.933333333333 2.09439510239 0.340982942781
-0.933333333333 2.30383461263 0.482933087409
-0.933333333333 2.51327412287 0.57868061983
-0.933333333333 2.72271363311 0.497109045966
-0.933333333333 2.93215314335 0.356282922393
-0.933333333333 3.14159265359 0.22504151349
-0.933333333333 3.35103216383 0.146707310944
-0.933333333333 3.56047167407 0.117354406173
-0.933333333333 3.76991118431 0.0945099399412
-0.933333333333 3.97935069455 0.0592920930281
-0.933333333333 4.18879020479 0.0454781682319
-0.933333333333 4.39822971503 0.143337501501
-0.933333333333 4.60766922527 0.408823853397
-0.933333333333 4.8171087355 0.687417114685
-0.933333333333 5.02654824574 0.734998537426
-0.933333333333 5.23598775598 0.567367274448
-0.933333333333 5.44542726622 0.372220547262
-0.933333333333 5.65486677646 0.345818373738
-0.933333333333 5.8643062867 0.526860942073
-0.933333333333 6.07374579694 0.672562367492

-0.866666666667 0 0.422706372615
-0.866666666667 0.209439510239 0.617526140936
-0.866666666667 0.418879020479 0.677721841071
-0.866666666667 0.628318530718 0.708491268847
-0.866666666667 0.837758040957 0.825004308444
-0.866666666667 1.0471975512 1.003890541
-0.866666666667 1.25663706144 1.13422195695
-0.866666666667 1.46607657168 1.08660046722
-0.866666666667 1.67551608191 0.946807343884
-0.866666666667 1.88495559215 0.710543160406
-0.866666666667 2.09439510239 0.281579624145
-0.866666666667 2.30383461263 0.327950311017
-0.866666666667 2.51327412287 0.484999843493
-0.866666666667 2.72271363311 0.285696730115
-0.866666666667 2.93215314335 0.156151012061
-0.866666666667 3.14159265359 0.261326184237
-0.866666666667 3.35103216383 0.403315221723
-0.866666666667 3.56047167407 0.428031707969
-0.866666666667 3.76991118431 0.410196924615
-0.866666666667 3.97935069455 0.421454696029
-0.866666666667 4.18879020479 0.40170495956
-0.866666666667 4.39822971503 0.220330651378
-0.866666666667 4.60766922527 0.0457009905952
-0.866666666667 4.8171087355 0.294892841926
-0.866666666667 5.02654824574 0.600468825851
-0.866666666667 5.23598775598 0.530343163084
-0.866666666667 5.44542726622 0.283629056713
-0.866666666667 5.65486677646 0.419667608911
-0.866666666667 5.8643062867 0.709588494369
-0.866666666667 6.07374579694 0.482654112941

-0.8 0 0.319033966806
-0.8 0.209439510239 0.456646775266
-0.8 0.418879020479 0.39865097418
-0.8 0.628318530718 0.432019574477
-0.8 0.837758040957 0.57563029909
-0.8 1.0471975512 0.868868432971
-0.8 1.25663706144 1.31760474977
-0.8 1.46607657168 1.53604447799
-0.8 1.67551608191 1.0671180406
-0.8 1.88495559215 0.69807065209
-0.8 2.09439510239 0.321285897648
-0.8 2.30383461263 0.220148147026
-0.8 2.51327412287 0.401036602515
-0.8 2.72271363311 0.173742752889
-0.8 2.93215314335 0.26573585358
-0.8 3.14159265359 0.462844622382
-0.8 3.35103216383 0.383818248366
-0.8 3.56047167407 0.216133137758
-0.8 3.76991118431 0.152500905677
-0.8 3.97935069455 0.210025396458
-0.8 4.18879020479 0.415693226127
-0.8 4.39822971503 0.629225144744
-0.8 4.60766922527 0.403121987458
-0.8 4.8171087355 0.223718853378
-0.8 5.02654824574 0.488618814926
-0.8 5.23598775598 0.54410781025
-0.8 5.44542726622 0.264291961946
-0.8 5.65486677646 0.546000454564
-0.8 5.8643062867 0.55519602936
-0.8 6.07374579694 0.107625162222

-0.733333333333 0 0.343622459752
-0.733333333333 0.209439510239 0.27248660481
-0.733333333333 0.418879020479 0.170497963207
-0.733333333333 0.628318530718 0.160314472862
-0.733333333333 0.837758040957 0.191007580599
-0.733333333333 1.0471975512 0.376475383767
-0.733333333333 1.25663706144 0.923464523663
-0.733333333333 1.46607657168 1.78207403351
-0.733333333333 1.67551608191 1.57233277879
-0.733333333333 1.88495559215 0.631414877903
-0.733333333333 2.09439510239 0.355281902567
-0.733333333333 2.30383461263 0.150393929175
-0.733333333333 2.51327412287 0.326112005943
-0.733333333333 2.72271363311 0.160089713431
-0.733333333333 2.93215314335 0.409034355398
-0.733333333333 3.14159265359 0.419729780723
-0.733333333333 3.35103216383 0.188060290373
-0.733333333333 3.56047167407 0.0767674478481
-0.733333333333 3.76991118431 0.0632791203696
-0.733333333333 3.97935069455 0.0412088952402
-0.733333333333 4.18879020479 0.0843791766231
-0.733333333333 4.39822971503 0.425737112652
-0.733333333333 4.60766922527 0.671710427844
-0.733333333333 4.8171087355 0.421217795161
-0.733333333333 5.02654824574 0.502597110277
-0.733333333333 5.23598775598 0.570184613724
-0.733333333333 5.44542726622 0.264810307021
-0.733333333333 5.65486677646 0.603975358861
-0.733333333333 5.8643062867 0.361579995473
-0.733333333333 6.07374579694 0.0806221181338

-0.666666666667 0 0.305030850183
-0.666666666667 0.209439510239 0.121841862922
-0.666666666667 0.418879020479 0.142943213737
-0.666666666667 0.628318530718 0.203419433903
-0.666666666667 0.837758040957 0.113929338988
-0.666666666667 1.0471975512 0.0757907281452
-0.666666666667 1.25663706144 0.365338085407
-0.666666666667 1.46607657168 1.4654815613
-0.666666666667 1.67551608191 2.09593332834
-0.666666666667 1.88495559215 0.690124064074
-0.666666666667 2.09439510239 0.355137763012
-0.666666666667 2.30383461263 0.108605008883
-0.666666666667 2.51327412287 0.261725763817
-0.666666666667 2.72271363311 0.202279583065
-0.666666666667 2.93215314335 0.464219506097
-0.666666666667 3.14159265359 0.303948602515
-0.666666666667 3.35103216383 0.124083850349
-0.666666666667 3.56047167407 0.133774367942
-0.666666666667 3.76991118431 0.165446734194
-0.666666666667 3.97935069455 0.145006392779
-0.666666666667 4.18879020479 0.0854153523959
-0.666666666667 4.39822971503 0.116334069405
-0.666666666667 4.60766922527 0.529819629737
-0.666666666667 4.8171087355 0.560589888186
-0.666666666667 5.02654824574 0.637396292707
-0.666666666667 5.23598775598 0.580304578356
-0.666666666667 5.44542726622 0.269866016299
-0.666666666667 5.65486677646 0.6171210944
-0.666666666667 5.8643062867 0.324710140802
-0.666666666667 6.07374579694 0.170038509618

-0.6 0 0.269098927574
-0.6 0.209439510239 0.119788759573
-0.6 0.418879020479 0.509313511185
-0.6 0.628318530718 0.655607130181
-0.6 0.837758040957 0.405305080031
-0.6 1.0471975512 0.138082759755
-0.6 1.25663706144 0.0886246967294
-0.6 1.46607657168 0.921744586807
-0.6 1.67551608191 2.35162343029
-0.6 1.88495559215 0.890396077025
-0.6 2.09439510239 0.325816611064
-0.6 2.30383461263 0.0863749291457
-0.6 2.51327412287 0.208504348251
-0.6 2.72271363311 0.261881151362
-0.6 2.93215314335 0.447833103257
-0.6 3.14159265359 0.233249687901
-0.6 3.35103216383 0.139041016436
-0.6 3.56047167407 0.208104687721
-0.6 3.76991118431 0.221519888941
-0.6 3.97935069455 0.248916128562
-0.6 4.18879020479 0.354646820405
-0.6 4.39822971503 0.208259349192
-0.6 4.60766922527 0.290429651049
-0.6 4.8171087355 0.522530159379
-0.6 5.02654824574 0.802891161277
-0.6 5.23598775598 0.585419191462
-0.6 5.44542726622 0.276274195682
-0.6 5.65486677646 0.622930910988
-0.6 5.8643062867 0.385345194419
-0.6 6.07374579694 0.194619167989

-0.533333333333 0 0.28660648973
-0.533333333333 0.209439510239 0.333607281569
-0.533333333333 0.418879020479 1.12330675859
-0.533333333333 0.628318530718 1.15612155946
-0.533333333333 0.837758040957 0.749919961109
-0.533333333333 1.0471975512 0.349012579318
-0.533333333333 1.25663706144 0.0899279884687
-0.533333333333 1.46607657168 0.476214723617
-0.533333333333 1.67551608191 2.32234321443
-0.533333333333 1.88495559215 1.16991777001
-0.533333333333 2.09439510239 0.280668806803
-0.533333333333 2.30383461263 0.0772686443946
-0.533333333333 2.51327412287 0.165904395515
-0.533333333333 2.72271363311 0.316481317293
-0.533333333333 2.93215314335 0.406280819042
-0.533333333333 3.14159265359 0.20535232863
-0.533333333333 3.35103216383 0.167387038667
-0.533333333333 3.56047167407 0.244379290931
-0.533333333333 3.76991118431 0.19226166099
-0.533333333333 3.97935069455 0.231875521891
-0.533333333333 4.18879020479 0.54792666266
-0.533333333333 4.39822971503 0.574656431226
-0.533333333333 4.60766922527 0.21811039409
-0.533333333333 4.8171087355 0.39655479984
-0.533333333333 5.02654824574 0.922654378252
-0.533333333333 5.23598775598 0.600301006567
-0.533333333333 5.44542726622 0.283288384799
-0.533333333333 5.65486677646 0.635365218914
-0.533333333333 5.8643062867 0.453443862153
-0.533333333333 6.07374579694 0.178458369439

-0.466666666667 0 0.346253374806
-0.466666666667 0.209439510239 0.696263653011
-0.466666666667 0.418879020479 1.63942001441
-0.466666666667 0.628318530718 1.3967218237
-0.466666666667 0.837758040957 0.947192304806
-0.466666666667 1.0471975512 0.52211466698
-0.466666666667 1.25663706144 0.203713733504
-0.466666666667 1.46607657168 0.227261472918
-0.466666666667 1.67551608191 2.11827711889
-0.466666666667 1.88495559215 1.46182351367
-0.466666666667 2.09439510239 0.231388501978
-0.466666666667 2.30383461263 0.0765817843204
-0.466666666667 2.51327412287 0.132654033672
-0.466666666667 2.72271363311 0.357274532077
-0.466666666667 2.93215314335 0.3693044966
-0.466666666667 3.14159265359 0.192203402154
-0.466666666667 3.35103216383 0.201384496308
-0.466666666667 3.56047167407 0.251775843796
-0.466666666667 3.76991118431 0.137291071071
-0.466666666667 3.97935069455 0.162358954289
-0.466666666667 4.18879020479 0.54208899743
-0.466666666667 4.39822971503 0.890364630786
-0.466666666667 4.60766922527 0.305142797719
-0.466666666667 4.8171087355 0.285960501948
-0.466666666667 5.02654824574 0.971725017114
-0.466666666667 5.23598775598 0.630293061394
-0.466666666667 5.44542726622 0.290484707688
-0.466666666667 5.65486677646 0.654618266779
-0.466666666667 5.8643062867 0.489947106128
-0.466666666667 6.07374579694 0.179139276573

-0.4 0 0.420238745948
-0.4 0.209439510239 1.0684280755
-0.4 0.418879020479 1.85634566961
-0.4 0.628318530718 1.36026130337
-0.4 0.837758040957 1.01382877812
-0.4 1.0471975512 0.61769534831
-0.4 1.25663706144 0.314001477398
-0.4 1.46607657168 0.136128154383
-0.4 1.67551608191 1.85272459099
-0.4 1.88495559215 1.722853513
-0.4 2.09439510239 0.185487229755
-0.4 2.30383461263 0.0809883648248
-0.4 2.51327412287 0.107213599244
-0.4 2.72271363311 0.383557599618
-0.4 2.93215314335 0.346583427936
-0.4 3.14159265359 0.18099194377
-0.4 3.35103216383 0.245544766527
-0.4 3.56047167407 0.241662097651
-0.4 3.76991118431 0.101530067409
-0.4 3.97935069455 0.120250022148
-0.4 4.18879020479 0.415181698091
-0.4 4.39822971503 1.01072983968
-0.4 4.60766922527 0.436417367685
-0.4 4.8171087355 0.231033137813
-0.4 5.02654824574 0.960435516243
-0.4 5.23598775598 0.673304880579
-0.4 5.44542726622 0.297459774911
-0.4 5.65486677646 0.677220450044
-0.4 5.8643062867 0.493054677308
-0.4 6.07374579694 0.215383601012

-0.333333333333 0 0.487758133549
-0.333333333333 0.209439510239 1.34573773845
-0.333333333333 0.418879020479 1.79399901385
-0.333333333333 0.628318530718 1.17855539211
-0.333333333333 0.837758040957 1.03350433625
-0.333333333333 1.0471975512 0.66950609867
-0.333333333333 1.25663706144 0.383899834445
-0.333333333333 1.46607657168 0.132966938857
-0.333333333333 1.67551608191 1.59773346963
-0.333333333333 1.88495559215 1.93437801536
-0.333333333333 2.09439510239 0.146705596026
-0.333333333333 2.30383461263 0.0882061889871
-0.333333333333 2.51327412287 0.0880867593579
-0.333333333333 2.72271363311 0.398251371423
-0.333333333333 2.93215314335 0.336661813855
-0.333333333333 3.14159265359 0.172088411752
-0.333333333333 3.35103216383 0.296345109867
-0.333333333333 3.56047167407 0.220424854168
-0.333333333333 3.76991118431 0.0923646665115
-0.333333333333 3.97935069455 0.121607181815
-0.333333333333 4.18879020479 0.271889496603
-0.333333333333 4.39822971503 0.974122347111
-0.333333333333 4.60766922527 0.531246897456
-0.333333333333 4.8171087355 0.225835622118
-0.333333333333 5.02654824574 0.911304799027
-0.333333333333 5.23598775598 0.724118238092
-0.333333333333 5.44542726622 0.303852802568
-0.333333333333 5.65486677646 0.700118751256
-0.333333333333 5.8643062867 0.474584120301
-0.333333333333 6.07374579694 0.276343868599

-0.266666666667 0 0.538048287466
-0.266666666667 0.209439510239 1.49632767794
-0.266666666667 0.418879020479 1.57650745787
-0.266666666667 0.628318530718 0.965294423099
-0.266666666667 0.837758040957 1.04919582729
-0.266666666667 1.0471975512 0.710161196144
-0.266666666667 1.25663706144 0.418835451205
-0.266666666667 1.46607657168 0.164530568025
-0.266666666667 1.67551608191 1.38568128795
-0.266666666667 1.88495559215 2.09431745592
-0.266666666667 2.09439510239 0.116190926836
-0.266666666667 2.30383461263 0.0967180568386
-0.266666666667 2.51327412287 0.0739879668223
-0.266666666667 2.72271363311 0.405200297065
-0.266666666667 2.93215314335 0.334602067625
-0.266666666667 3.14159265359 0.168920236162
-0.266666666667 3.35103216383 0.346172237129
-0.266666666667 3.56047167407 0.193848673643
-0.266666666667 3.76991118431 0.0984230686278
-0.266666666667 3.97935069455 0.142590949774
-0.266666666667 4.18879020479 0.163805652039
-0.266666666667 4.39822971503 0.872656774973
-0.266666666667 4.60766922527 0.568265681679
-0.266666666667 4.8171087355 0.249490483717
-0.266666666667 5.02654824574 0.84551938379
-0.266666666667 5.23598775598 0.777255405113
-0.266666666667 5.44542726622 0.309393664027
-0.266666666667 5.65486677646 0.721536614004
-0.266666666667 5.8643062867 0.44723509204
-0.266666666667 6.07374579694 0.3431154233

-0.2 0 0.567567977748
-0.2 0.209439510239 1.539297911
-0.2 0.418879020479 1.32101000092
-0.2 0.628318530718 0.768531377242
-0.2 0.837758040957 1.05434725475
-0.2 1.0471975512 0.747779352655
-0.2 1.25663706144 0.434287971517
-0.2 1.46607657168 0.201595681701
-0.2 1.67551608191 1.22414310134
-0.2 1.88495559215 2.20887105804
-0.2 2.09439510239 0.0935986804382
-0.2 2.30383461263 0.105553113513
-0.2 2.51327412287 0.0639127802221
-0.2 2.72271363311 0.407872399422
-0.2 2.93215314335 0.335788737489
-0.2 3.14159265359 0.172709655153
-0.2 3.35103216383 0.389686843825
-0.2 3.56047167407 0.168062436864
-0.2 3.76991118431 0.10763839277
-0.2 3.97935069455 0.15774105845
-0.2 4.18879020479 0.0978625603955
-0.2 4.39822971503 0.773025443037
-0.2 4.60766922527 0.559159263177
-0.2 4.8171087355 0.283605070126
-0.2 5.02654824574 0.778207193833
-0.2 5.23598775598 0.828291265714
-0.2 5.44542726622 0.313920617121
-0.2 5.65486677646 0.740732296513
-0.2 5.8643062867 0.420391426532
-0.2 6.07374579694 0.400477116392

-0.133333333333 0 0.576854888972
-0.133333333333 0.209439510239 1.51137227069
-0.133333333333 0.418879020479 1.0977860299
-0.133333333333 0.628318530718 0.595374302549
-0.133333333333 0.837758040957 1.02418940346
-0.133333333333 1.0471975512 0.773222151063
-0.133333333333 1.25663706144 0.442138250084
-0.133333333333 1.46607657168 0.231886307065
-0.133333333333 1.67551608191 1.10923757727
-0.133333333333 1.88495559215 2.28677536551
-0.133333333333 2.09439510239 0.0778893075221
-0.133333333333 2.30383461263 0.114122146789
-0.133333333333 2.51327412287 0.0571556654944
-0.133333333333 2.72271363311 0.408902300157
-0.133333333333 2.93215314335 0.337014836356
-0.133333333333 3.14159265359 0.181885753616
-0.133333333333 3.35103216383 0.425496491637
-0.133333333333 3.56047167407 0.148407102634
-0.133333333333 3.76991118431 0.113583672446
-0.133333333333 3.97935069455 0.15590832826
-0.133333333333 4.18879020479 0.065003045128
-0.133333333333 4.39822971503 0.703179624401
-0.133333333333 4.60766922527 0.523195526634
-0.133333333333 4.8171087355 0.317035711273
-0.133333333333 5.02654824574 0.71838080392
-0.133333333333 5.23598775598 0.874184660098
-0.133333333333 5.44542726622 0.317369257574
-0.133333333333 5.65486677646 0.757548526884
-0.133333333333 5.8643062867 0.399906421337
-0.133333333333 6.07374579694 0.439835653653

-0.0666666666667 0 0.568226489244
-0.0666666666667 0.209439510239 1.44546690907
-0.0666666666667 0.418879020479 0.936049188276
-0.0666666666667 0.628318530718 0.443584064397
-0.0666666666667 0.837758040957 0.941742113572
-0.0666666666667 1.0471975512 0.773557604013
-0.0666666666667 1.25663706144 0.449048771484
-0.0666666666667 1.46607657168 0.251772521556
-0.0666666666667 1.67551608191 1.03397436644
-0.0666666666667 1.88495559215 2.33607736627
-0.0666666666667 2.09439510239 0.0678289214554
-0.0666666666667 2.30383461263 0.122096938265
-0.0666666666667 2.51327412287 0.0533070054575
-0.0666666666667 2.72271363311 0.410036420935
-0.0666666666667 2.93215314335 0.336325713555
-0.0666666666667 3.14159265359 0.193361779696
-0.0666666666667 3.35103216383 0.454558468187
-0.0666666666667 3.56047167407 0.138592167898
-0.0666666666667 3.76991118431 0.114315847362
-0.0666666666667 3.97935069455 0.138088877706
-0.0666666666667 4.18879020479 0.0569251320969
-0.0666666666667 4.39822971503 0.665819092684
-0.0666666666667 4.60766922527 0.475539660832
-0.0666666666667 4.8171087355 0.344745691359
-0.0666666666667 5.02654824574 0.670544644489
-0.0666666666667 5.23598775598 0.913128992604
-0.0666666666667 5.44542726622 0.319746768906
-0.0666666666667 5.65486677646 0.772030914214
-0.0666666666667 5.8643062867 0.389178156945
-0.0666666666667 6.07374579694 0.458089047719

6.12323399574e-17 0 0.544381519286
6.12323399574e-17 0.209439510239 1.36271602514
6.12323399574e-17 0.418879020479 0.84125317512
6.12323399574e-17 0.628318530718 0.316748102988
6.12323399574e-17 0.837758040957 0.808066624989
6.12323399574e-17 1.0471975512 0.741872536453
6.12323399574e-17 1.25663706144 0.459155456945
6.12323399574e-17 1.46607657168 0.260631030178
6.12323399574e-17 1.67551608191 0.992442997595
6.12323399574e-17 1.88495559215 2.3626352231
6.12323399574e-17 2.09439510239 0.0622698324291
6.12323399574e-17 2.30383461263 0.129324922845
6.12323399574e-17 2.51327412287 0.0522498123606
6.12323399574e-17 2.72271363311 0.412197932426
6.12323399574e-17 2.93215314335 0.332554972918
6.12323399574e-17 3.14159265359 0.203951736327
6.12323399574e-17 3.35103216383 0.477730386034
6.12323399574e-17 3.56047167407 0.140603336011
6.12323399574e-17 3.76991118431 0.109434848494
6.12323399574e-17 3.97935069455 0.110191407615
6.12323399574e-17 4.18879020479 0.070114408516
6.12323399574e-17 4.39822971503 0.652361027758
6.12323399574e-17 4.60766922527 0.425367903563
6.12323399574e-17 4.8171087355 0.365216256556
6.12323399574e-17 5.02654824574 0.636459389408
6.12323399574e-17 5.23598775598 0.944231359054
6.12323399574e-17 5.44542726622 0.32110296579
6.12323399574e-17 5.65486677646 0.784162250014
6.12323399574e-17 5.8643062867 0.390339405874
6.12323399574e-17 6.07374579694 0.455527533247

0.0666666666667 0 0.50773303629
0.0666666666667 0.209439510239 1.27228428153
0.0666666666667 0.418879020479 0.807937195805
0.0666666666667 0.628318530718 0.226434629203
0.0666666666667 0.837758040957 0.642491961678
0.0666666666667 1.0471975512 0.682769227022
0.0666666666667 1.25663706144 0.476632794705
0.0666666666667 1.46607657168 0.25787618591
0.0666666666667 1.67551608191 0.981409571235
0.0666666666667 1.88495559215 2.36960813958
0.0666666666667 2.09439510239 0.0602852473377
0.0666666666667 2.30383461263 0.135771598737
0.0666666666667 2.51327412287 0.054166515578
0.0666666666667 2.72271363311 0.415509121567
0.0666666666667 2.93215314335 0.324988956723
0.0666666666667 3.14159265359 0.21144310654
0.0666666666667 3.35103216383 0.4936631071
0.0666666666667 3.56047167407 0.154835591553
0.0666666666667 3.76991118431 0.098356562629
0.0666666666667 3.97935069455 0.0783254299872
0.0666666666667 4.18879020479 0.104274437884
0.0666666666667 4.39822971503 0.650322510414
0.0666666666667 4.60766922527 0.378047734171
0.0666666666667 4.8171087355 0.378233771828
0.0666666666667 5.02654824574 0.616508001424
0.0666666666667 5.23598775598 0.967187867542
0.0666666666667 5.44542726622 0.321505574837
0.0666666666667 5.65486677646 0.793692159396
0.0666666666667 5.8643062867 0.40516409231
0.0666666666667 6.07374579694 0.434129089334

0.133333333333 0 0.460259698567
0.133333333333 0.209439510239 1.17413202578
0.133333333333 0.418879020479 0.825243195744
0.133333333333 0.628318530718 0.189077443871
0.133333333333 0.837758040957 0.479135208231
0.133333333333 1.0471975512 0.614585070399
0.133333333333 1.25663706144 0.505928574324
0.133333333333 1.46607657168 0.241952740277
0.133333333333 1.67551608191 1.00036239721
0.133333333333 1.88495559215 2.35748615075
0.133333333333 2.09439510239 0.0612104872162
0.133333333333 2.30383461263 0.141486776743
0.133333333333 2.51327412287 0.059558420344
0.133333333333 2.72271363311 0.419191092469
0.133333333333 2.93215314335 0.313323749545
0.133333333333 3.14159265359 0.215414721538
0.133333333333 3.35103216383 0.497439427197
0.133333333333 3.56047167407 0.179742425964
0.133333333333 3.76991118431 0.0806256251922
0.133333333333 3.97935069455 0.0481621815927
0.133333333333 4.18879020479 0.159433271063
0.133333333333 4.39822971503 0.64580335405
0.133333333333 4.60766922527 0.338048338036
0.133333333333 4.8171087355 0.38346296315
0.133333333333 5.02654824574 0.610562557483
0.133333333333 5.23598775598 0.982032263934
0.133333333333 5.44542726622 0.321023878582
0.133333333333 5.65486677646 0.800033599643
0.133333333333 5.8643062867 0.435602012878
0.133333333333 6.07374579694 0.396628338286

0.2 0 0.403681101147
0.2 0.209439510239 1.06246907646
0.2 0.418879020479 0.876887874474
0.2 0.628318530718 0.220730860667
0.2 0.837758040957 0.36121563279
0.2 1.0471975512 0.567043692377
0.2 1.25663706144 0.548353445694
0.2 1.46607657168 0.211131913685
0.2 1.67551608191 1.05027473118
0.2 1.88495559215 2.32451147473
0.2 2.09439510239 0.0646171400802
0.2 2.30383461263 0.146594267235
0.2 2.51327412287 0.0692686163998
0.2 2.72271363311 0.421325813481
0.2 2.93215314335 0.29797045128
0.2 3.14159265359 0.217867549515
0.2 3.35103216383 0.480522894095
0.2 3.56047167407 0.210444401675
0.2 3.76991118431 0.057852980974
0.2 3.97935069455 0.0266615065023
0.2 4.18879020479 0.232620561873
0.2 4.39822971503 0.624524433082
0.2 4.60766922527 0.311122836088
0.2 4.8171087355 0.379749537886
0.2 5.02654824574 0.618408725514
0.2 5.23598775598 0.988988896243
0.2 5.44542726622 0.31972291598
0.2 5.65486677646 0.802207952619
0.2 5.8643062867 0.483937079028
0.2 6.07374579694 0.346349960816

0.266666666667 0 0.339805077861
0.266666666667 0.209439510239 0.929517719986
0.266666666667 0.418879020479 0.938318929835
0.266666666667 0.628318530718 0.328619377714
0.266666666667 0.837758040957 0.330208008688
0.266666666667 1.0471975512 0.570390509321
0.266666666667 1.25663706144 0.5949436151
0.266666666667 1.46607657168 0.166738870262
0.266666666667 1.67551608191 1.13068855883
0.266666666667 1.88495559215 2.26759416611
0.266666666667 2.09439510239 0.0702251015765
0.266666666667 2.30383461263 0.151309940982
0.266666666667 2.51327412287 0.0844802572686
0.266666666667 2.72271363311 0.418552863233
0.266666666667 2.93215314335 0.280706020625
0.266666666667 3.14159265359 0.2232800788
0.266666666667 3.35103216383 0.433458069557
0.266666666667 3.56047167407 0.23640103953
0.266666666667 3.76991118431 0.0355839407877
0.266666666667 3.97935069455 0.0229885277853
0.266666666667 4.18879020479 0.31402423889
0.266666666667 4.39822971503 0.57447992966
0.266666666667 4.60766922527 0.304903724256
0.266666666667 4.8171087355 0.365100858389
0.266666666667 5.02654824574 0.639802108449
0.266666666667 5.23598775598 0.988440815495
0.266666666667 5.44542726622 0.317669682027
0.266666666667 5.65486677646 0.798835263952
0.266666666667 5.8643062867 0.552549665854
0.266666666667 6.07374579694 0.287709693978

0.333333333333 0 0.270944970334
0.333333333333 0.209439510239 0.769986764132
0.333333333333 0.418879020479 0.974683021569
0.333333333333 0.628318530718 0.498144077462
0.333333333333 0.837758040957 0.406032722549
0.333333333333 1.0471975512 0.633684065638
0.333333333333 1.25663706144 0.619511387995
0.333333333333 1.46607657168 0.119431263845
0.333333333333 1.67551608191 1.23453292514
0.333333333333 1.88495559215 2.18395749198
0.333333333333 2.09439510239 0.0777453795124
0.333333333333 2.30383461263 0.156003362068
0.333333333333 2.51327412287 0.106622570593
0.333333333333 2.72271363311 0.405935750497
0.333333333333 2.93215314335 0.265513640335
0.333333333333 3.14159265359 0.236976515405
0.333333333333 3.35103216383 0.353407704702
0.333333333333 3.56047167407 0.240285849714
0.333333333333 3.76991118431 0.0220858836511
0.333333333333 3.97935069455 0.0451475922618
0.333333333333 4.18879020479 0.384038155211
0.333333333333 4.39822971503 0.492232047908
0.333333333333 4.60766922527 0.326889545496
0.333333333333 4.8171087355 0.337458224623
0.333333333333 5.02654824574 0.674204875452
0.333333333333 5.23598775598 0.981010948931
0.333333333333 5.44542726622 0.314954310969
0.333333333333 5.65486677646 0.78818050946
0.333333333333 5.8643062867 0.64321600773
0.333333333333 6.07374579694 0.227293754265

0.4 0 0.20037426703
0.4 0.209439510239 0.586301441423
0.4 0.418879020479 0.945063654451
0.4 0.628318530718 0.679505494793
0.4 0.837758040957 0.56106009706
0.4 1.0471975512 0.720937407252
0.4 1.25663706144 0.583275477833
0.4 1.46607657168 0.0964324886225
0.4 1.67551608191 1.3412355641
0.4 1.88495559215 2.07355719079
0.4 2.09439510239 0.086659355787
0.4 2.30383461263 0.161334040704
0.4 2.51327412287 0.137043024593
0.4 2.72271363311 0.377530641612
0.4 2.93215314335 0.258998544275
0.4 3.14159265359 0.260350677201
0.4 3.35103216383 0.256404001527
0.4 3.56047167407 0.203987005522
0.4 3.76991118431 0.0222805944189
0.4 3.97935069455 0.0914742248493
0.4 4.18879020479 0.416012569906
0.4 4.39822971503 0.392196205884
0.4 4.60766922527 0.378826623362
0.4 4.8171087355 0.296470300533
0.4 5.02654824574 0.720246427747
0.4 5.23598775598 0.967745191559
0.4 5.44542726622 0.311729321322
0.4 5.65486677646 0.768280881328
0.4 5.8643062867 0.755840086092
0.4 6.07374579694 0.175394821915

0.466666666667 0 0.132926430124
0.466666666667 0.209439510239 0.393061280814
0.466666666667 0.418879020479 0.818984579471
0.466666666667 0.628318530718 0.789372411645
0.466666666667 0.837758040957 0.707306084677
0.466666666667 1.0471975512 0.752318591615
0.466666666667 1.25663706144 0.465970539706
0.466666666667 1.46607657168 0.140236424115
0.466666666667 1.67551608191 1.41266692068
0.466666666667 1.88495559215 1.94139170792
0.466666666667 2.09439510239 0.0960126674043
0.466666666667 2.30383461263 0.168520349246
0.466666666667 2.51327412287 0.176174112585
0.466666666667 2.72271363311 0.328641962482
0.466666666667 2.93215314335 0.268786133831
0.466666666667 3.14159265359 0.28352075796
0.466666666667 3.35103216383 0.184661807135
0.466666666667 3.56047167407 0.128650965751
0.466666666667 3.76991118431 0.0323105475449
0.466666666667 3.97935069455 0.144119649122
0.466666666667 4.18879020479 0.391650912364
0.466666666667 4.39822971503 0.312177643961
0.466666666667 4.60766922527 0.448109819625
0.466666666667 4.8171087355 0.246244684522
0.466666666667 5.02654824574 0.775023436315
0.466666666667 5.23598775598 0.950355745856
0.466666666667 5.44542726622 0.30827384268
0.466666666667 5.65486677646 0.737191012033
0.466666666667 5.8643062867 0.886525203053
0.466666666667 6.07374579694 0.147682467171

0.533333333333 0 0.0761563911594
0.533333333333 0.209439510239 0.216976157312
0.533333333333 0.418879020479 0.604343826394
0.533333333333 0.628318530718 0.750618650763
0.533333333333 0.837758040957 0.732989409584
0.533333333333 1.0471975512 0.661513133035
0.533333333333 1.25663706144 0.317365286637
0.533333333333 1.46607657168 0.281643658751
0.533333333333 1.67551608191 1.40347660106
0.533333333333 1.88495559215 1.79660871956
0.533333333333 2.09439510239 0.104502990381
0.533333333333 2.30383461263 0.179837185956
0.533333333333 2.51327412287 0.22175343596
0.533333333333 2.72271363311 0.261058300202
0.533333333333 2.93215314335 0.297103942824
0.533333333333 3.14159265359 0.28355347918
0.533333333333 3.35103216383 0.183941003606
0.533333333333 3.56047167407 0.0591035328763
0.533333333333 3.76991118431 0.0476803958299
0.533333333333 3.97935069455 0.179835073546
0.533333333333 4.18879020479 0.327779232913
0.533333333333 4.39822971503 0.300512008752
0.533333333333 4.60766922527 0.501486800865
0.533333333333 4.8171087355 0.19816091755
0.533333333333 5.02654824574 0.833589518059
0.533333333333 5.23598775598 0.931421922701
0.533333333333 5.44542726622 0.305094312388
0.533333333333 5.65486677646 0.693386640462
0.533333333333 5.8643062867 1.02503427745
0.533333333333 6.07374579694 0.166142176748

0.6 0 0.0430836154068
0.6 0.209439510239 0.0882725510965
0.6 0.418879020479 0.366338327534
0.6 0.628318530718 0.569628071047
0.6 0.837758040957 0.603940794922
0.6 1.0471975512 0.491170661666
0.6 1.25663706144 0.267597579427
0.6 1.46607657168 0.484719936565
0.6 1.67551608191 1.29885029542
0.6 1.88495559215 1.64241045608
0.6 2.09439510239 0.111549319219
0.6 2.30383461263 0.199436083554
0.6 2.51327412287 0.265662541953
0.6 2.72271363311 0.191337965674
0.6 2.93215314335 0.328012737479
0.6 3.14159265359 0.24704401675
0.6 3.35103216383 0.236531703456
0.6 3.56047167407 0.0616380769594
0.6 3.76991118431 0.0798351854261
0.6 3.97935069455 0.198787246752
0.6 4.18879020479 0.285807103959
0.6 4.39822971503 0.372827988097
0.6 4.60766922527 0.492923937683
0.6 4.8171087355 0.171194620393
0.6 5.02654824574 0.88942482145
0.6 5.23598775598 0.914324269718
0.6 5.44542726622 0.303081846033
0.6 5.65486677646 0.636360367504
0.6 5.8643062867 1.1520653117
0.6 6.07374579694 0.257271943933

0.666666666667 0 0.0583448015154
0.666666666667 0.209439510239 0.0260442919137
0.666666666667 0.418879020479 0.198225841068
0.666666666667 0.628318530718 0.375443598931
0.666666666667 0.837758040957 0.445480217423
0.666666666667 1.0471975512 0.4094226764
0.666666666667 1.25663706144 0.410392041881
0.666666666667 1.46607657168 0.624369461412
0.666666666667 1.67551608191 1.161004721
0.666666666667 1.88495559215 1.45329810882
0.666666666667 2.09439510239 0.120460232113
0.666666666667 2.30383461263 0.234305999339
0.666666666667 2.51327412287 0.290184086242
0.666666666667 2.72271363311 0.155386012271
0.666666666667 2.93215314335 0.318261659308
0.666666666667 3.14159265359 0.221000249659
0.666666666667 3.35103216383 0.235991279302
0.666666666667 3.56047167407 0.115332162631
0.666666666667 3.76991118431 0.129337519475
0.666666666667 3.97935069455 0.222811902773
0.666666666667 4.18879020479 0.315411398978
0.666666666667 4.39822971503 0.463251648952
0.666666666667 4.60766922527 0.396573927178
0.666666666667 4.8171087355 0.186115548606
0.666666666667 5.02654824574 0.937176605403
0.666666666667 5.23598775598 0.902483624025
0.666666666667 5.44542726622 0.3037658725
0.666666666667 5.65486677646 0.567414445808
0.666666666667 5.8643062867 1.23753613247
0.666666666667 6.07374579694 0.443525452999

0.733333333333 0 0.168507715004
0.733333333333 0.209439510239 0.0350722684441
0.733333333333 0.418879020479 0.138214646909
0.733333333333 0.628318530718 0.300832156935
0.733333333333 0.837758040957 0.423701126778
0.733333333333 1.0471975512 0.514393998274
0.733333333333 1.25663706144 0.611241659071
0.733333333333 1.46607657168 0.597633691897
0.733333333333 1.67551608191 1.08879296672
0.733333333333 1.88495559215 1.162181926
0.733333333333 2.09439510239 0.143644052364
0.733333333333 2.30383461263 0.293770619339
0.733333333333 2.51327412287 0.270341979845
0.733333333333 2.72271363311 0.185642051471
0.733333333333 2.93215314335 0.226252938012
0.733333333333 3.14159265359 0.303393843856
0.733333333333 3.35103216383 0.187179052613
0.733333333333 3.56047167407 0.103046482363
0.733333333333 3.76991118431 0.13284839237
0.733333333333 3.97935069455 0.236585764294
0.733333333333 4.18879020479 0.367878616889
0.733333333333 4.39822971503 0.456861039681
0.733333333333 4.60766922527 0.248574032964
0.733333333333 4.8171087355 0.254116724893
0.733333333333 5.02654824574 0.978563719097
0.733333333333 5.23598775598 0.897193850525
0.733333333333 5.44542726622 0.309746890927
0.733333333333 5.65486677646 0.49062189902
0.733333333333 5.8643062867 1.24231125138
0.733333333333 6.07374579694 0.721423686308

0.8 0 0.442182355742
0.8 0.209439510239 0.146582841614
0.8 0.418879020479 0.142895550725
0.8 0.628318530718 0.285390636791
0.8 0.837758040957 0.447759160461
0.8 1.0471975512 0.56835511711
0.8 1.25663706144 0.557859509438
0.8 1.46607657168 0.504532241619
0.8 1.67551608191 1.03752915909
0.8 1.88495559215 0.732399490118
0.8 2.09439510239 0.201983360112
0.8 2.30383461263 0.382153623601
0.8 2.51327412287 0.203654246086
0.8 2.72271363311 0.238623847259
0.8 2.93215314335 0.0912609397205
0.8 3.14159265359 0.423645325262
0.8 3.35103216383 0.372092142655
0.8 3.56047167407 0.189621109974
0.8 3.76991118431 0.164709559135
0.8 3.97935069455 0.265053570191
0.8 4.18879020479 0.376154323064
0.8 4.39822971503 0.333336584925
0.8 4.60766922527 0.13528007014
0.8 4.8171087355 0.377662114955
0.8 5.02654824574 1.02780553559
0.8 5.23598775598 0.893109889592
0.8 5.44542726622 0.325502825768
0.8 5.65486677646 0.414025148038
0.8 5.8643062867 1.12729202757
0.8 6.07374579694 1.01969914559

0.866666666667 0 0.87468072706
0.866666666667 0.209439510239 0.500407701868
0.866666666667 0.418879020479 0.294850734747
0.866666666667 0.628318530718 0.265864894867
0.866666666667 0.837758040957 0.319677810046
0.866666666667 1.0471975512 0.363546996737
0.866666666667 1.25663706144 0.395378262877
0.866666666667 1.46607657168 0.606322612395
0.866666666667 1.67551608191 0.81011863487
0.866666666667 1.88495559215 0.315536272688
0.866666666667 2.09439510239 0.300771932723
0.866666666667 2.30383461263 0.481623983527
0.866666666667 2.51327412287 0.181685758987
0.866666666667 2.72271363311 0.202244050054
0.866666666667 2.93215314335 0.0237997568333
0.866666666667 3.14159265359 0.231379950149
0.866666666667 3.35103216383 0.537627792845
0.866666666667 3.56047167407 0.555897971189
0.866666666667 3.76991118431 0.477879865344
0.866666666667 3.97935069455 0.423919512118
0.866666666667 4.18879020479 0.33136002695
0.866666666667 4.39822971503 0.158122309511
0.866666666667 4.60766922527 0.138855297739
0.866666666667 4.8171087355 0.597864408584
0.866666666667 5.02654824574 1.09614549681
0.866666666667 5.23598775598 0.870977112842
0.866666666667 5.44542726622 0.359107912094
0.866666666667 5.65486677646 0.352150674502
0.866666666667 5.8643062867 0.87496644816
0.866666666667 6.07374579694 1.14712064472

0.933333333333 0 0.996641799597
0.933333333333 0.209439510239 0.987627969792
0.933333333333 0.418879020479 0.882766849286
0.933333333333 0.628318530718 0.779652391391
0.933333333333 0.837758040957 0.727611299116
0.933333333333 1.0471975512 0.730052841512
0.933333333333 1.25663706144 0.744561412226
0.933333333333 1.46607657168 0.650569740889
0.933333333333 1.67551608191 0.362823709217
0.933333333333 1.88495559215 0.18420809557
0.933333333333 2.09439510239 0.418710178118
0.933333333333 2.30383461263 0.561851131099
0.933333333333 2.51327412287 0.372981897553
0.933333333333 2.72271363311 0.255062646791
0.933333333333 2.93215314335 0.15904313567
0.933333333333 3.14159265359 0.0333555925544
0.933333333333 3.35103216383 0.0254994139457
0.933333333333 3.56047167407 0.0895320512632
0.933333333333 3.76991118431 0.114234835313
0.933333333333 3.97935069455 0.0843782071909
0.933333333333 4.18879020479 0.069746914168
0.933333333333 4.39822971503 0.196289609529
0.933333333333 4.60766922527 0.550682924963
0.933333333333 4.8171087355 0.977220590879
0.933333333333 5.02654824574 1.09619512202
0.933333333333 5.23598775598 0.791537128587
0.933333333333 5.44542726622 0.426949885137
0.933333333333 5.65486677646 0.33789603109
0.933333333333 5.8643062867 0.535331673343
0.933333333333 6.07374579694 0.826612755741

