-1 0 0.695106514398
-1 0.209439510239 0.695106514399
-1 0.418879020479 0.6951065144
-1 0.628318530718 0.695106514399
-1 0.837758040957 0.695106514398
-1 1.0471975512 0.695106514397
-1 1.25663706144 0.695106514396
-1 1.46607657168 0.695106514397
-1 1.67551608191 0.695106514398
-1 1.88495559215 0.6951065144
-1 2.09439510239 0.6951065144
-1 2.30383461263 0.695106514399
-1 2.51327412287 0.695106514397
-1 2.72271363311 0.695106514397
-1 2.93215314335 0.695106514397
-1 3.14159265359 0.695106514398
-1 3.35103216383 0.695106514399
-1 3.56047167407 0.6951065144
-1 3.76991118431 0.695106514399
-1 3.97935069455 0.695106514398
-1 4.18879020479 0.695106514397
-1 4.39822971503 0.695106514396
-1 4.60766922527 0.695106514397
-1 4.8171087355 0.695106514398
-1 5.02654824574 0.6951065144
-1 5.23598775598 0.6951065144
-1 5.44542726622 0.695106514399
-1 5.65486677646 0.695106514397
-1 5.8643062867 0.695106514397
-1 6.07374579694 0.695106514397

-0.933333333333 0 0.42815797501
-0.933333333333 0.209439510239 0.247070876108
-0.933333333333 0.418879020479 0.171875187613
-0.933333333333 0.628318530718 0.131714500346
-0.933333333333 0.837758040957 0.106379846267
-0.933333333333 1.0471975512 0.117759646478
-0.933333333333 1.25663706144 0.201623031851
-0.933333333333 1.46607657168 0.368732375606
-0.933333333333 1.67551608191 0.578160404635
-0.933333333333 1.88495559215 0.75432600451
-0.933333333333 2.09439510239 0.773174967529
-0.933333333333 2.30383461263 0.534045402936
-0.933333333333 2.51327412287 0.247716250979
-0.933333333333 2.72271363311 0.232338136245
-0.933333333333 2.93215314335 0.383189197154
-0.933333333333 3.14159265359 0.452176639697
-0.933333333333 3.35103216383 0.457303606865
-0.933333333333 3.56047167407 0.477826131185
-0.933333333333 3.76991118431 0.503122870621
-0.933333333333 3.97935069455 0.504195234187
-0.933333333333 4.18879020479 0.467307407965
-0.933333333333 4.39822971503 0.379116988186
-0.933333333333 4.60766922527 0.24999968001
-0.933333333333 4.8171087355 0.163388253164
-0.933333333333 5.02654824574 0.207612801687
-0.933333333333 5.23598775598 0.338435745871
-0.933333333333 5.44542726622 0.50430440829
-0.933333333333 5.65486677646 0.729358212348
-0.933333333333 5.8643062867 0.85755827471
-0.933333333333 6.07374579694 0.70677597097

-0.866666666667 0 0.516717710604
-0.866666666667 0.209439510239 0.479830359501
-0.866666666667 0.418879020479 0.403241781324
-0.866666666667 0.628318530718 0.342857965835
-0.866666666667 0.837758040957 0.315434375514
-0.866666666667 1.0471975512 0.262338902166
-0.866666666667 1.25663706144 0.201203914027
-0.866666666667 1.46607657168 0.29329255279
-0.866666666667 1.67551608191 0.566287468369
-0.866666666667 1.88495559215 0.696285603477
-0.866666666667 2.09439510239 0.584367415398
-0.866666666667 2.30383461263 0.388505258786
-0.866666666667 2.51327412287 0.162814584439
-0.866666666667 2.72271363311 0.411944420461
-0.866666666667 2.93215314335 0.744260480905
-0.866666666667 3.14159265359 0.692966037391
-0.866666666667 3.35103216383 0.582335749043
-0.866666666667 3.56047167407 0.47621706418
-0.866666666667 3.76991118431 0.354142265303
-0.866666666667 3.97935069455 0.268300809229
-0.866666666667 4.18879020479 0.245921072008
-0.866666666667 4.39822971503 0.302083815718
-0.866666666667 4.60766922527 0.40179623922
-0.866666666667 4.8171087355 0.405519870676
-0.866666666667 5.02654824574 0.293932846276
-0.866666666667 5.23598775598 0.284636253494
-0.866666666667 5.44542726622 0.380199595247
-0.866666666667 5.65486677646 0.542005562198
-0.866666666667 5.8643062867 0.820474875558
-0.866666666667 6.07374579694 0.714390533159

-0.8 0 0.59429161582
-0.8 0.209439510239 0.37261076061
-0.8 0.418879020479 0.168146329509
-0.8 0.628318530718 0.145281346044
-0.8 0.837758040957 0.221989793579
-0.8 1.0471975512 0.31640274512
-0.8 1.25663706144 0.290922593587
-0.8 1.46607657168 0.231832767579
-0.8 1.67551608191 0.511697382765
-0.8 1.88495559215 0.838296015405
-0.8 2.09439510239 0.549495553083
-0.8 2.30383461263 0.280857092005
-0.8 2.51327412287 0.128488446276
-0.8 2.72271363311 0.6891623661
-0.8 2.93215314335 0.936599343405
-0.8 3.14159265359 0.55181970755
-0.8 3.35103216383 0.333214584685
-0.8 3.56047167407 0.176383142856
-0.8 3.76991118431 0.119829735785
-0.8 3.97935069455 0.134897866619
-0.8 4.18879020479 0.130762917275
-0.8 4.39822971503 0.0734040090018
-0.8 4.60766922527 0.0563050388172
-0.8 4.8171087355 0.263741904937
-0.8 5.02654824574 0.446995004327
-0.8 5.23598775598 0.288682273689
-0.8 5.44542726622 0.311596253554
-0.8 5.65486677646 0.488285476211
-0.8 5.8643062867 0.955644604019
-0.8 6.07374579694 0.774340440263

-0.733333333333 0 0.473827045027
-0.733333333333 0.209439510239 0.106060166038
-0.733333333333 0.418879020479 0.0492025718731
-0.733333333333 0.628318530718 0.026757953667
-0.733333333333 0.837758040957 0.0444286408436
-0.733333333333 1.0471975512 0.171870914423
-0.733333333333 1.25663706144 0.281663545197
-0.733333333333 1.46607657168 0.212463095471
-0.733333333333 1.67551608191 0.377587027947
-0.733333333333 1.88495559215 0.906584417097
-0.733333333333 2.09439510239 0.614225559932
-0.733333333333 2.30383461263 0.206447637585
-0.733333333333 2.51327412287 0.127696994335
-0.733333333333 2.72271363311 0.966974275638
-0.733333333333 2.93215314335 0.847568749271
-0.733333333333 3.14159265359 0.31350016786
-0.733333333333 3.35103216383 0.149395245035
-0.733333333333 3.56047167407 0.087574294705
-0.733333333333 3.76991118431 0.189595667594
-0.733333333333 3.97935069455 0.274077856981
-0.733333333333 4.18879020479 0.334218498117
-0.733333333333 4.39822971503 0.359101290045
-0.733333333333 4.60766922527 0.177380132524
-0.733333333333 4.8171087355 0.0503443312057
-0.733333333333 5.02654824574 0.424629723527
-0.733333333333 5.23598775598 0.324565615336
-0.733333333333 5.44542726622 0.271693975881
-0.733333333333 5.65486677646 0.495165350915
-0.733333333333 5.8643062867 1.04769513689
-0.733333333333 6.07374579694 0.733239077624

-0.666666666667 0 0.295376000508
-0.666666666667 0.209439510239 0.120288229635
-0.666666666667 0.418879020479 0.230232302689
-0.666666666667 0.628318530718 0.167172165451
-0.666666666667 0.837758040957 0.0873304751025
-0.666666666667 1.0471975512 0.0858623735425
-0.666666666667 1.25663706144 0.220013312704
-0.666666666667 1.46607657168 0.197737722828
-0.666666666667 1.67551608191 0.262756342774
-0.666666666667 1.88495559215 0.875138962907
-0.666666666667 2.09439510239 0.7126518541
-0.666666666667 2.30383461263 0.157217957748
-0.666666666667 2.51327412287 0.152877365777
-0.666666666667 2.72271363311 1.17052388675
-0.666666666667 2.93215314335 0.610393969876
-0.666666666667 3.14159265359 0.178565150711
-0.666666666667 3.35103216383 0.0615641943924
-0.666666666667 3.56047167407 0.165205679143
-0.666666666667 3.76991118431 0.37221348219
-0.666666666667 3.97935069455 0.360418916039
-0.666666666667 4.18879020479 0.323232453445
-0.666666666667 4.39822971503 0.484335766961
-0.666666666667 4.60766922527 0.519695853173
-0.666666666667 4.8171087355 0.100930522645
-0.666666666667 5.02654824574 0.312705073863
-0.666666666667 5.23598775598 0.35376452812
-0.666666666667 5.44542726622 0.245062174111
-0.666666666667 5.65486677646 0.5075322517
-0.666666666667 5.8643062867 1.07036010536
-0.666666666667 6.07374579694 0.662276793378

-0.6 0 0.190340761604
-0.6 0.209439510239 0.268445661672
-0.6 0.418879020479 0.364787360759
-0.6 0.628318530718 0.353678674668
-0.6 0.837758040957 0.248339723463
-0.6 1.0471975512 0.095181000651
-0.6 1.25663706144 0.178162963594
-0.6 1.46607657168 0.192351170071
-0.6 1.67551608191 0.18528028012
-0.6 1.88495559215 0.794045059875
-0.6 2.09439510239 0.805804340842
-0.6 2.30383461263 0.125757684834
-0.6 2.51327412287 0.195684355872
-0.6 2.72271363311 1.27423720586
-0.6 2.93215314335 0.375014998225
-0.6 3.14159265359 0.127588526685
-0.6 3.35103216383 0.044826046838
-0.6 3.56047167407 0.379176585325
-0.6 3.76991118431 0.658612582045
-0.6 3.97935069455 0.534838731806
-0.6 4.18879020479 0.295417769332
-0.6 4.39822971503 0.388538504023
-0.6 4.60766922527 0.700125011314
-0.6 4.8171087355 0.313887544876
-0.6 5.02654824574 0.217241862633
-0.6 5.23598775598 0.365811257586
-0.6 5.44542726622 0.225875174814
-0.6 5.65486677646 0.513329626147
-0.6 5.8643062867 1.053864964
-0.6 6.07374579694 0.592324167057

-0.533333333333 0 0.159932592778
-0.533333333333 0.209439510239 0.306690048722
-0.533333333333 0.418879020479 0.350137571412
-0.533333333333 0.628318530718 0.447595160392
-0.533333333333 0.837758040957 0.359038102835
-0.533333333333 1.0471975512 0.122433470782
-0.533333333333 1.25663706144 0.150897603206
-0.533333333333 1.46607657168 0.205515136296
-0.533333333333 1.67551608191 0.137342762534
-0.533333333333 1.88495559215 0.706068606993
-0.533333333333 2.09439510239 0.877749423121
-0.533333333333 2.30383461263 0.106309857515
-0.533333333333 2.51327412287 0.248120194772
-0.533333333333 2.72271363311 1.28881992777
-0.533333333333 2.93215314335 0.212029734753
-0.533333333333 3.14159265359 0.104475684747
-0.533333333333 3.35103216383 0.0961966115854
-0.533333333333 3.56047167407 0.649032163713
-0.533333333333 3.76991118431 0.955207344039
-0.533333333333 3.97935069455 0.802138575282
-0.533333333333 4.18879020479 0.426748287402
-0.533333333333 4.39822971503 0.2960782645
-0.533333333333 4.60766922527 0.690718525871
-0.533333333333 4.8171087355 0.546080150265
-0.533333333333 5.02654824574 0.166282266109
-0.533333333333 5.23598775598 0.365015179393
-0.533333333333 5.44542726622 0.211238862554
-0.533333333333 5.65486677646 0.51629539546
-0.533333333333 5.8643062867 1.02211234586
-0.533333333333 6.07374579694 0.525449631953

-0.466666666667 0 0.154430490739
-0.466666666667 0.209439510239 0.230329532
-0.466666666667 0.418879020479 0.299934578608
-0.466666666667 0.628318530718 0.439224687317
-0.466666666667 0.837758040957 0.372063359694
-0.466666666667 1.0471975512 0.13350044222
-0.466666666667 1.25663706144 0.123267086387
-0.466666666667 1.46607657168 0.229666795188
-0.466666666667 1.67551608191 0.111824450702
-0.466666666667 1.88495559215 0.631892581284
-0.466666666667 2.09439510239 0.92595315862
-0.466666666667 2.30383461263 0.0947595727507
-0.466666666667 2.51327412287 0.303817143814
-0.466666666667 2.72271363311 1.24061194565
-0.466666666667 2.93215314335 0.127563930489
-0.466666666667 3.14159265359 0.0850234746899
-0.466666666667 3.35103216383 0.191327148091
-0.466666666667 3.56047167407 0.872262339041
-0.466666666667 3.76991118431 1.12996491963
-0.466666666667 3.97935069455 1.02185535955
-0.466666666667 4.18879020479 0.661886841149
-0.466666666667 4.39822971503 0.311050951996
-0.466666666667 4.60766922527 0.581119258046
-0.466666666667 4.8171087355 0.734529108833
-0.466666666667 5.02654824574 0.152042702151
-0.466666666667 5.23598775598 0.357653799728
-0.466666666667 5.44542726622 0.199427698435
-0.466666666667 5.65486677646 0.521155672647
-0.466666666667 5.8643062867 0.985810010805
-0.466666666667 6.07374579694 0.462616840358

-0.4 0 0.143297289324
-0.4 0.209439510239 0.145125272105
-0.4 0.418879020479 0.302047541505
-0.4 0.628318530718 0.375424440331
-0.4 0.837758040957 0.328278496902
-0.4 1.0471975512 0.139148235383
-0.4 1.25663706144 0.0971059262834
-0.4 1.46607657168 0.253363702252
-0.4 1.67551608191 0.103573405567
-0.4 1.88495559215 0.576822492025
-0.4 2.09439510239 0.9538673294
-0.4 2.30383461263 0.0883189822999
-0.4 2.51327412287 0.358416021475
-0.4 2.72271363311 1.15727876643
-0.4 2.93215314335 0.10008937526
-0.4 3.14159265359 0.0680393894288
-0.4 3.35103216383 0.29423988664
-0.4 3.56047167407 0.992323323852
-0.4 3.76991118431 1.12695833152
-0.4 3.97935069455 1.09454321965
-0.4 4.18879020479 0.879943415226
-0.4 4.39822971503 0.418061667778
-0.4 4.60766922527 0.445155293383
-0.4 4.8171087355 0.865131556967
-0.4 5.02654824574 0.160852000187
-0.4 5.23598775598 0.348147600504
-0.4 5.44542726622 0.189486855048
-0.4 5.65486677646 0.530042172687
-0.4 5.8643062867 0.948617791198
-0.4 6.07374579694 0.40783186965

-0.333333333333 0 0.122201245769
-0.333333333333 0.209439510239 0.117974754393
-0.333333333333 0.418879020479 0.3604543547
-0.333333333333 0.628318530718 0.306363485383
-0.333333333333 0.837758040957 0.280924473718
-0.333333333333 1.0471975512 0.155494997175
-0.333333333333 1.25663706144 0.0801288863226
-0.333333333333 1.46607657168 0.270699848695
-0.333333333333 1.67551608191 0.107545069028
-0.333333333333 1.88495559215 0.539082559267
-0.333333333333 2.09439510239 0.966581815308
-0.333333333333 2.30383461263 0.085177932887
-0.333333333333 2.51327412287 0.409358371402
-0.333333333333 2.72271363311 1.06106262949
-0.333333333333 2.93215314335 0.104570265789
-0.333333333333 3.14159265359 0.0577651756485
-0.333333333333 3.35103216383 0.378985258394
-0.333333333333 3.56047167407 1.00967068601
-0.333333333333 3.76991118431 0.977001292196
-0.333333333333 3.97935069455 1.02061631116
-0.333333333333 4.18879020479 1.01145903562
-0.333333333333 4.39822971503 0.564836072014
-0.333333333333 4.60766922527 0.325672197412
-0.333333333333 4.8171087355 0.943069063782
-0.333333333333 5.02654824574 0.181422875224
-0.333333333333 5.23598775598 0.338906193556
-0.333333333333 5.44542726622 0.180963327481
-0.333333333333 5.65486677646 0.542829362234
-0.333333333333 5.8643062867 0.912003223447
-0.333333333333 6.07374579694 0.364476034562

-0.266666666667 0 0.0978335950492
-0.266666666667 0.209439510239 0.153770855786
-0.266666666667 0.418879020479 0.443038559725
-0.266666666667 0.628318530718 0.261357761604
-0.266666666667 0.837758040957 0.257976760093
-0.266666666667 1.0471975512 0.186229859842
-0.266666666667 1.25663706144 0.0756506625047
-0.266666666667 1.46607657168 0.281274806287
-0.266666666667 1.67551608191 0.118743117222
-0.266666666667 1.88495559215 0.514951025775
-0.266666666667 2.09439510239 0.96872779935
-0.266666666667 2.30383461263 0.0842115012012
-0.266666666667 2.51327412287 0.455446185548
-0.266666666667 2.72271363311 0.967106881851
-0.266666666667 2.93215314335 0.122103192849
-0.266666666667 3.14159265359 0.0563570553333
-0.266666666667 3.35103216383 0.435887773113
-0.266666666667 3.56047167407 0.956483484458
-0.266666666667 3.76991118431 0.75065338684
-0.266666666667 3.97935069455 0.86097566186
-0.266666666667 4.18879020479 1.05118032839
-0.266666666667 4.39822971503 0.707089541936
-0.266666666667 4.60766922527 0.240492354557
-0.266666666667 4.8171087355 0.980651378977
-0.266666666667 5.02654824574 0.205566516358
-0.266666666667 5.23598775598 0.330970026822
-0.266666666667 5.44542726622 0.173692406427
-0.266666666667 5.65486677646 0.558165613778
-0.266666666667 5.8643062867 0.877200164555
-0.266666666667 6.07374579694 0.333289370861

-0.2 0 0.0768465161638
-0.2 0.209439510239 0.227432152834
-0.2 0.418879020479 0.522859538506
-0.2 0.628318530718 0.246402423436
-0.2 0.837758040957 0.261520326069
-0.2 1.0471975512 0.224757063821
-0.2 1.25663706144 0.0813751206972
-0.2 1.46607657168 0.28702259517
-0.2 1.67551608191 0.132942907591
-0.2 1.88495559215 0.501054645791
-0.2 2.09439510239 0.963709125902
-0.2 2.30383461263 0.0847648481448
-0.2 2.51327412287 0.496377322708
-0.2 2.72271363311 0.884307016547
-0.2 2.93215314335 0.141267490682
-0.2 3.14159265359 0.0632717213539
-0.2 3.35103216383 0.466547697891
-0.2 3.56047167407 0.870648098683
-0.2 3.76991118431 0.515137130609
-0.2 3.97935069455 0.683281743882
-0.2 4.18879020479 1.02825634472
-0.2 4.39822971503 0.819963084908
-0.2 4.60766922527 0.19008653724
-0.2 4.8171087355 0.991910058755
-0.2 5.02654824574 0.227528720871
-0.2 5.23598775598 0.32460305435
-0.2 5.44542726622 0.167664500486
-0.2 5.65486677646 0.5742767665
-0.2 5.8643062867 0.845562524667
-0.2 6.07374579694 0.312687396915

-0.133333333333 0 0.0623838140788
-0.133333333333 0.209439510239 0.311579974397
-0.133333333333 0.418879020479 0.588869125841
-0.133333333333 0.628318530718 0.253825969511
-0.133333333333 0.837758040957 0.280913564403
-0.133333333333 1.0471975512 0.261504421052
-0.133333333333 1.25663706144 0.092388258205
-0.133333333333 1.46607657168 0.289899721837
-0.133333333333 1.67551608191 0.147194565428
-0.133333333333 1.88495559215 0.49504304857
-0.133333333333 2.09439510239 0.953604391863
-0.133333333333 2.30383461263 0.086507906312
-0.133333333333 2.51327412287 0.532349708895
-0.133333333333 2.72271363311 0.817009750208
-0.133333333333 2.93215314335 0.156322224203
-0.133333333333 3.14159265359 0.0766003280043
-0.133333333333 3.35103216383 0.476961173034
-0.133333333333 3.56047167407 0.781792717926
-0.133333333333 3.76991118431 0.314432277134
-0.133333333333 3.97935069455 0.531570128565
-0.133333333333 4.18879020479 0.976632004792
-0.133333333333 4.39822971503 0.894959985642
-0.133333333333 4.60766922527 0.166015729261
-0.133333333333 4.8171087355 0.989487037621
-0.133333333333 5.02654824574 0.243368952972
-0.133333333333 5.23598775598 0.31969223785
-0.133333333333 5.44542726622 0.162960231284
-0.133333333333 5.65486677646 0.589423617899
-0.133333333333 5.8643062867 0.818406051691
-0.133333333333 6.07374579694 0.299914312467

-0.0666666666667 0 0.0545899853269
-0.0666666666667 0.209439510239 0.387359667857
-0.0666666666667 0.418879020479 0.641304753846
-0.0666666666667 0.628318530718 0.272954896101
-0.0666666666667 0.837758040957 0.303802247086
-0.0666666666667 1.0471975512 0.288646227366
-0.0666666666667 1.25663706144 0.104043348878
-0.0666666666667 1.46607657168 0.291004216512
-0.0666666666667 1.67551608191 0.159911394972
-0.0666666666667 1.88495559215 0.49555797549
-0.0666666666667 2.09439510239 0.939349288338
-0.0666666666667 2.30383461263 0.0893453980027
-0.0666666666667 2.51327412287 0.563758972443
-0.0666666666667 2.72271363311 0.766687725431
-0.0666666666667 2.93215314335 0.164938574244
-0.0666666666667 3.14159265359 0.0941133475592
-0.0666666666667 3.35103216383 0.473176326642
-0.0666666666667 3.56047167407 0.707552590176
-0.0666666666667 3.76991118431 0.167887119751
-0.0666666666667 3.97935069455 0.420986388971
-0.0666666666667 4.18879020479 0.919634632271
-0.0666666666667 4.39822971503 0.932774446563
-0.0666666666667 4.60766922527 0.157909851374
-0.0666666666667 4.8171087355 0.983025193444
-0.0666666666667 5.02654824574 0.250526615796
-0.0666666666667 5.23598775598 0.315982633903
-0.0666666666667 5.44542726622 0.159728420201
-0.0666666666667 5.65486677646 0.602101132564
-0.0666666666667 5.8643062867 0.796829694736
-0.0666666666667 6.07374579694 0.292057942649

6.12323399574e-17 0 0.0521056644175
6.12323399574e-17 0.209439510239 0.44469610073
6.12323399574e-17 0.418879020479 0.685108672243
6.12323399574e-17 0.628318530718 0.296157935265
6.12323399574e-17 0.837758040957 0.321013801502
6.12323399574e-17 1.0471975512 0.301378997245
6.12323399574e-17 1.25663706144 0.113427456952
6.12323399574e-17 1.46607657168 0.290487457905
6.12323399574e-17 1.67551608191 0.17071099969
6.12323399574e-17 1.88495559215 0.501977185014
6.12323399574e-17 2.09439510239 0.921006660422
6.12323399574e-17 2.30383461263 0.0933666976454
6.12323399574e-17 2.51327412287 0.590987619234
6.12323399574e-17 2.72271363311 0.733237123909
6.12323399574e-17 2.93215314335 0.166467574293
6.12323399574e-17 3.14159265359 0.113612376389
6.12323399574e-17 3.35103216383 0.459777948049
6.12323399574e-17 3.56047167407 0.655019537363
6.12323399574e-17 3.76991118431 0.0775772214389
6.12323399574e-17 3.97935069455 0.346372283645
6.12323399574e-17 4.18879020479 0.867058546103
6.12323399574e-17 4.39822971503 0.936946856017
6.12323399574e-17 4.60766922527 0.157695662086
6.12323399574e-17 4.8171087355 0.978659543567
6.12323399574e-17 5.02654824574 0.247550165914
6.12323399574e-17 5.23598775598 0.313201798428
6.12323399574e-17 5.44542726622 0.15818589421
6.12323399574e-17 5.65486677646 0.611085485007
6.12323399574e-17 5.8643062867 0.781638270488
6.12323399574e-17 6.07374579694 0.286658812565

0.0666666666667 0 0.053285353117
0.0666666666667 0.209439510239 0.479054668305
0.0666666666667 0.418879020479 0.725685981718
0.0666666666667 0.628318530718 0.320542846919
0.0666666666667 0.837758040957 0.327389603973
0.0666666666667 1.0471975512 0.297486966579
0.0666666666667 1.25663706144 0.119673575052
0.0666666666667 1.46607657168 0.287698583769
0.0666666666667 1.67551608191 0.180191850032
0.0666666666667 1.88495559215 0.514110189406
0.0666666666667 2.09439510239 0.898056232457
0.0666666666667 2.30383461263 0.0988213276075
0.0666666666667 2.51327412287 0.614273965537
0.0666666666667 2.72271363311 0.715810751338
0.0666666666667 2.93215314335 0.160918935242
0.0666666666667 3.14159265359 0.132819734545
0.0666666666667 3.35103216383 0.440076246555
0.0666666666667 3.56047167407 0.623592445264
0.0666666666667 3.76991118431 0.0371621585044
0.0666666666667 3.97935069455 0.294147725964
0.0666666666667 4.18879020479 0.818313087929
0.0666666666667 4.39822971503 0.910362739144
0.0666666666667 4.60766922527 0.161490086985
0.0666666666667 4.8171087355 0.979047314692
0.0666666666667 5.02654824574 0.233988913196
0.0666666666667 5.23598775598 0.311116634782
0.0666666666667 5.44542726622 0.158622975598
0.0666666666667 5.65486677646 0.615408219511
0.0666666666667 5.8643062867 0.773340472155
0.0666666666667 6.07374579694 0.281990793569

0.133333333333 0 0.0568813239716
0.133333333333 0.209439510239 0.488344059841
0.133333333333 0.418879020479 0.766743431269
0.133333333333 0.628318530718 0.347610063752
0.133333333333 0.837758040957 0.321410266714
0.133333333333 1.0471975512 0.2768787442
0.133333333333 1.25663706144 0.123605412764
0.133333333333 1.46607657168 0.281391228239
0.133333333333 1.67551608191 0.189716281532
0.133333333333 1.88495559215 0.531846240965
0.133333333333 2.09439510239 0.869717159898
0.133333333333 2.30383461263 0.106106640056
0.133333333333 2.51327412287 0.633658187448
0.133333333333 2.72271363311 0.713198587903
0.133333333333 2.93215314335 0.148545782895
0.133333333333 3.14159265359 0.149130941527
0.133333333333 3.35103216383 0.416903499817
0.133333333333 3.56047167407 0.607333852054
0.133333333333 3.76991118431 0.0383515080463
0.133333333333 3.97935069455 0.251640652945
0.133333333333 4.18879020479 0.766874840748
0.133333333333 4.39822971503 0.854905786439
0.133333333333 4.60766922527 0.170102215077
0.133333333333 4.8171087355 0.983450095846
0.133333333333 5.02654824574 0.210463585316
0.133333333333 5.23598775598 0.309552259744
0.133333333333 5.44542726622 0.161404683869
0.133333333333 5.65486677646 0.614309410391
0.133333333333 5.8643062867 0.772159423435
0.133333333333 6.07374579694 0.277178724506

0.2 0 0.0622846380861
0.2 0.209439510239 0.471103662714
0.2 0.418879020479 0.808918068794
0.2 0.628318530718 0.3824869957
0.2 0.837758040957 0.305397654347
0.2 1.0471975512 0.24195324367
0.2 1.25663706144 0.126868330893
0.2 1.46607657168 0.270187243541
0.2 1.67551608191 0.20114576576
0.2 1.88495559215 0.554654098936
0.2 2.09439510239 0.835369986498
0.2 2.30383461263 0.115751743078
0.2 2.51327412287 0.649014678067
0.2 2.72271363311 0.723780286101
0.2 2.93215314335 0.129904180215
0.2 3.14159265359 0.159531573162
0.2 3.35103216383 0.393266995714
0.2 3.56047167407 0.596496204605
0.2 3.76991118431 0.073135229679
0.2 3.97935069455 0.21189515201
0.2 4.18879020479 0.704681881336
0.2 4.39822971503 0.773910623135
0.2 4.60766922527 0.188652972732
0.2 4.8171087355 0.987636607959
0.2 5.02654824574 0.178913420947
0.2 5.23598775598 0.30839362879
0.2 5.44542726622 0.166958814669
0.2 5.65486677646 0.607203532371
0.2 5.8643062867 0.777991990515
0.2 6.07374579694 0.272302049717

0.266666666667 0 0.0694399588962
0.266666666667 0.209439510239 0.426124318933
0.266666666667 0.418879020479 0.848092011502
0.266666666667 0.628318530718 0.432826568531
0.266666666667 0.837758040957 0.286753647222
0.266666666667 1.0471975512 0.198750748876
0.266666666667 1.25663706144 0.130468547373
0.266666666667 1.46607657168 0.253771523881
0.266666666667 1.67551608191 0.21636689369
0.266666666667 1.88495559215 0.580768155781
0.266666666667 2.09439510239 0.795184582808
0.266666666667 2.30383461263 0.128375000625
0.266666666667 2.51327412287 0.660203062036
0.266666666667 2.72271363311 0.745065322475
0.266666666667 2.93215314335 0.106316454577
0.266666666667 3.14159265359 0.160945165355
0.266666666667 3.35103216383 0.37238146413
0.266666666667 3.56047167407 0.579312473588
0.266666666667 3.76991118431 0.131827174738
0.266666666667 3.97935069455 0.174760799558
0.266666666667 4.18879020479 0.627673145453
0.266666666667 4.39822971503 0.676653731826
0.266666666667 4.60766922527 0.225051456187
0.266666666667 4.8171087355 0.983727054032
0.266666666667 5.02654824574 0.142964124692
0.266666666667 5.23598775598 0.307584970808
0.266666666667 5.44542726622 0.175743026454
0.266666666667 5.65486677646 0.593681910134
0.266666666667 5.8643062867 0.790257314305
0.266666666667 6.07374579694 0.26859931612

0.333333333333 0 0.0784761445255
0.333333333333 0.209439510239 0.353551575104
0.333333333333 0.418879020479 0.872789305084
0.333333333333 0.628318530718 0.505767092277
0.333333333333 0.837758040957 0.278967520821
0.333333333333 1.0471975512 0.157750782034
0.333333333333 1.25663706144 0.133159487568
0.333333333333 1.46607657168 0.235228136675
0.333333333333 1.67551608191 0.236410690478
0.333333333333 1.88495559215 0.6059011699
0.333333333333 2.09439510239 0.751068266674
0.333333333333 2.30383461263 0.144578148591
0.333333333333 2.51327412287 0.667389410376
0.333333333333 2.72271363311 0.772872103065
0.333333333333 2.93215314335 0.08070913008
0.333333333333 3.14159265359 0.151120005839
0.333333333333 3.35103216383 0.356893186285
0.333333333333 3.56047167407 0.546475162349
0.333333333333 3.76991118431 0.200914049837
0.333333333333 3.97935069455 0.14783159899
0.333333333333 4.18879020479 0.544271178644
0.333333333333 4.39822971503 0.582734123964
0.333333333333 4.60766922527 0.286461114108
0.333333333333 4.8171087355 0.960548319825
0.333333333333 5.02654824574 0.108256120698
0.333333333333 5.23598775598 0.307141981372
0.333333333333 5.44542726622 0.188183786186
0.333333333333 5.65486677646 0.573575562129
0.333333333333 5.8643062867 0.807570224013
0.333333333333 6.07374579694 0.268859412183

0.4 0 0.0890559994023
0.4 0.209439510239 0.257712593991
0.4 0.418879020479 0.861273617924
0.4 0.628318530718 0.599968470595
0.4 0.837758040957 0.298472631013
0.4 1.0471975512 0.131952643673
0.4 1.25663706144 0.131922730809
0.4 1.46607657168 0.223697279981
0.4 1.67551608191 0.260144013538
0.4 1.88495559215 0.621544078702
0.4 2.09439510239 0.707970275709
0.4 2.30383461263 0.164715353616
0.4 2.51327412287 0.671601915202
0.4 2.72271363311 0.800381385015
0.4 2.93215314335 0.0587359544027
0.4 3.14159265359 0.129660550486
0.4 3.35103216383 0.34759160303
0.4 3.56047167407 0.500204077325
0.4 3.76991118431 0.269419064359
0.4 3.97935069455 0.152287529676
0.4 4.18879020479 0.485190395855
0.4 4.39822971503 0.521081937523
0.4 4.60766922527 0.373100334971
0.4 4.8171087355 0.90559774612
0.4 5.02654824574 0.0824011558203
0.4 5.23598775598 0.30719144439
0.4 5.44542726622 0.204580207858
0.4 5.65486677646 0.547109829706
0.4 5.8643062867 0.827179426195
0.4 6.07374579694 0.278023789319

0.466666666667 0 0.0996192572076
0.466666666667 0.209439510239 0.151673847736
0.466666666667 0.418879020479 0.782304708692
0.466666666667 0.628318530718 0.690925187682
0.466666666667 0.837758040957 0.351507352811
0.466666666667 1.0471975512 0.130161416657
0.466666666667 1.25663706144 0.128693018368
0.466666666667 1.46607657168 0.233091510504
0.466666666667 1.67551608191 0.283171556725
0.466666666667 1.88495559215 0.61371236014
0.466666666667 2.09439510239 0.675243715596
0.466666666667 2.30383461263 0.188441964033
0.466666666667 2.51327412287 0.675547038753
0.466666666667 2.72271363311 0.817794129956
0.466666666667 2.93215314335 0.0498608557239
0.466666666667 3.14159265359 0.0980395637724
0.466666666667 3.35103216383 0.342135469466
0.466666666667 3.56047167407 0.463208912151
0.466666666667 3.76991118431 0.347702325428
0.466666666667 3.97935069455 0.231505267934
0.466666666667 4.18879020479 0.502257289766
0.466666666667 4.39822971503 0.515374743238
0.466666666667 4.60766922527 0.470843277128
0.466666666667 4.8171087355 0.80999461948
0.466666666667 5.02654824574 0.0740226882548
0.466666666667 5.23598775598 0.308050142946
0.466666666667 5.44542726622 0.224969893104
0.466666666667 5.65486677646 0.515196787662
0.466666666667 5.8643062867 0.844152015109
0.466666666667 6.07374579694 0.303811399947

0.533333333333 0 0.10744084859
0.533333333333 0.209439510239 0.061412379797
0.533333333333 0.418879020479 0.609925292731
0.533333333333 0.628318530718 0.717884288904
0.533333333333 0.837758040957 0.411550985494
0.533333333333 1.0471975512 0.149299051894
0.533333333333 1.25663706144 0.143083949022
0.533333333333 1.46607657168 0.26909871871
0.533333333333 1.67551608191 0.298874500957
0.533333333333 1.88495559215 0.56495999402
0.533333333333 2.09439510239 0.666783128892
0.533333333333 2.30383461263 0.213924216832
0.533333333333 2.51327412287 0.684531933801
0.533333333333 2.72271363311 0.814243966143
0.533333333333 2.93215314335 0.0677302316005
0.533333333333 3.14159265359 0.0580140883481
0.533333333333 3.35103216383 0.332388586351
0.533333333333 3.56047167407 0.469044613316
0.533333333333 3.76991118431 0.474502636008
0.533333333333 3.97935069455 0.435251628123
0.533333333333 4.18879020479 0.62947702047
0.533333333333 4.39822971503 0.553234616158
0.533333333333 4.60766922527 0.549042798078
0.533333333333 4.8171087355 0.676866932663
0.533333333333 5.02654824574 0.0902212561365
0.533333333333 5.23598775598 0.310332292051
0.533333333333 5.44542726622 0.248967754397
0.533333333333 5.65486677646 0.479934296583
0.533333333333 5.8643062867 0.850465596386
0.533333333333 6.07374579694 0.356552303959

0.6 0 0.112158186231
0.6 0.209439510239 0.0218752297906
0.6 0.418879020479 0.36466813552
0.6 0.628318530718 0.606847417323
0.6 0.837758040957 0.415604203734
0.6 1.0471975512 0.182310486462
0.6 1.25663706144 0.210905970504
0.6 1.46607657168 0.305696927637
0.6 1.67551608191 0.304605694889
0.6 1.88495559215 0.465537300022
0.6 2.09439510239 0.696288652624
0.6 2.30383461263 0.236699984231
0.6 2.51327412287 0.706796254936
0.6 2.72271363311 0.784438411667
0.6 2.93215314335 0.129124267252
0.6 3.14159265359 0.0148814804449
0.6 3.35103216383 0.295747560877
0.6 3.56047167407 0.512765990057
0.6 3.76991118431 0.656229174238
0.6 3.97935069455 0.731435213676
0.6 4.18879020479 0.794541565661
0.6 4.39822971503 0.5641865789
0.6 4.60766922527 0.57563906467
0.6 4.8171087355 0.529768892667
0.6 5.02654824574 0.132207616139
0.6 5.23598775598 0.314997690222
0.6 5.44542726622 0.275618841347
0.6 5.65486677646 0.445404619634
0.6 5.8643062867 0.834673322083
0.6 6.07374579694 0.445997920677

0.666666666667 0 0.126749170617
0.666666666667 0.209439510239 0.0523782176322
0.666666666667 0.418879020479 0.160090465852
0.666666666667 0.628318530718 0.37788627801
0.666666666667 0.837758040957 0.341262656904
0.666666666667 1.0471975512 0.251264732849
0.666666666667 1.25663706144 0.33233183439
0.666666666667 1.46607657168 0.289276052195
0.666666666667 1.67551608191 0.313438847491
0.666666666667 1.88495559215 0.338873285001
0.666666666667 2.09439510239 0.759863653397
0.666666666667 2.30383461263 0.248896836722
0.666666666667 2.51327412287 0.75126903359
0.666666666667 2.72271363311 0.740130163292
0.666666666667 2.93215314335 0.250564901518
0.666666666667 3.14159265359 0.00835609344449
0.666666666667 3.35103216383 0.194356320936
0.666666666667 3.56047167407 0.494523670877
0.666666666667 3.76991118431 0.748575783085
0.666666666667 3.97935069455 0.886060498452
0.666666666667 4.18879020479 0.778636406677
0.666666666667 4.39822971503 0.472802872011
0.666666666667 4.60766922527 0.555580206385
0.666666666667 4.8171087355 0.410281492481
0.666666666667 5.02654824574 0.190552962692
0.666666666667 5.23598775598 0.323063283082
0.666666666667 5.44542726622 0.303381565185
0.666666666667 5.65486677646 0.418870860896
0.666666666667 5.8643062867 0.783984619225
0.666666666667 6.07374579694 0.570727769865

0.733333333333 0 0.191265412463
0.733333333333 0.209439510239 0.119239445509
0.733333333333 0.418879020479 0.142209591166
0.733333333333 0.628318530718 0.246589033284
0.733333333333 0.837758040957 0.322529707302
0.733333333333 1.0471975512 0.389970567734
0.733333333333 1.25663706144 0.407016276377
0.733333333333 1.46607657168 0.229656242819
0.733333333333 1.67551608191 0.358189500027
0.733333333333 1.88495559215 0.262211335242
0.733333333333 2.09439510239 0.798630672385
0.733333333333 2.30383461263 0.242349763797
0.733333333333 2.51327412287 0.818571163597
0.733333333333 2.72271363311 0.713473165908
0.733333333333 2.93215314335 0.432624897758
0.733333333333 3.14159265359 0.175635822407
0.733333333333 3.35103216383 0.06841923546
0.733333333333 3.56047167407 0.306693716313
0.733333333333 3.76991118431 0.53213307782
0.733333333333 3.97935069455 0.619781516033
0.733333333333 4.18879020479 0.46604331916
0.733333333333 4.39822971503 0.3604342056
0.733333333333 4.60766922527 0.554769852831
0.733333333333 4.8171087355 0.349131491501
0.733333333333 5.02654824574 0.245116852255
0.733333333333 5.23598775598 0.334320234964
0.733333333333 5.44542726622 0.330526402269
0.733333333333 5.65486677646 0.412364850748
0.733333333333 5.8643062867 0.692826539995
0.733333333333 6.07374579694 0.695982812603

0.8 0 0.343925271234
0.8 0.209439510239 0.167553655689
0.8 0.418879020479 0.242117268149
0.8 0.628318530718 0.343587025256
0.8 0.837758040957 0.44245646416
0.8 1.0471975512 0.476652036712
0.8 1.25663706144 0.342910760124
0.8 1.46607657168 0.287774500401
0.8 1.67551608191 0.444820556838
0.8 1.88495559215 0.294085237436
0.8 2.09439510239 0.678347451875
0.8 2.30383461263 0.226034835083
0.8 2.51327412287 0.880649744954
0.8 2.72271363311 0.720903334638
0.8 2.93215314335 0.594569983948
0.8 3.14159265359 0.65184537295
0.8 3.35103216383 0.243083921815
0.8 3.56047167407 0.182621083381
0.8 3.76991118431 0.238344301542
0.8 3.97935069455 0.265343632715
0.8 4.18879020479 0.302052233818
0.8 4.39822971503 0.49553564046
0.8 4.60766922527 0.604159284624
0.8 4.8171087355 0.316918694134
0.8 5.02654824574 0.277420999118
0.8 5.23598775598 0.344002180711
0.8 5.44542726622 0.356652153036
0.8 5.65486677646 0.444145947336
0.8 5.8643062867 0.584643225832
0.8 6.07374579694 0.732535129516

0.866666666667 0 0.468867923103
0.866666666667 0.209439510239 0.243591644675
0.866666666667 0.418879020479 0.211271067212
0.866666666667 0.628318530718 0.292390307923
0.866666666667 0.837758040957 0.349150602206
0.866666666667 1.0471975512 0.33045247439
0.866666666667 1.25663706144 0.32515519619
0.866666666667 1.46607657168 0.457343720909
0.866666666667 1.67551608191 0.419272218653
0.866666666667 1.88495559215 0.292358862894
0.866666666667 2.09439510239 0.371557401055
0.866666666667 2.30383461263 0.263732476323
0.866666666667 2.51327412287 0.860700810634
0.866666666667 2.72271363311 0.710535799782
0.866666666667 2.93215314335 0.529164297178
0.866666666667 3.14159265359 0.978899617703
0.866666666667 3.35103216383 0.904049449594
0.866666666667 3.56047167407 0.675520652488
0.866666666667 3.76991118431 0.599513584668
0.866666666667 3.97935069455 0.629938765663
0.866666666667 4.18879020479 0.721672804212
0.866666666667 4.39822971503 0.74162447536
0.866666666667 4.60766922527 0.507362020148
0.866666666667 4.8171087355 0.244779550468
0.866666666667 5.02654824574 0.290440681125
0.866666666667 5.23598775598 0.337911648435
0.866666666667 5.44542726622 0.387192900788
0.866666666667 5.65486677646 0.537337666898
0.866666666667 5.8643062867 0.550324720297
0.866666666667 6.07374579694 0.60159759936

0.933333333333 0 0.396655558355
0.933333333333 0.209439510239 0.242021052558
0.933333333333 0.418879020479 0.138978370034
0.933333333333 0.628318530718 0.099460957708
0.933333333333 0.837758040957 0.108989666429
0.933333333333 1.0471975512 0.14834196667
0.933333333333 1.25663706144 0.19508382626
0.933333333333 1.46607657168 0.208601631535
0.933333333333 1.67551608191 0.214414405159
0.933333333333 1.88495559215 0.29636421143
0.933333333333 2.09439510239 0.359379238185
0.933333333333 2.30383461263 0.4559736432
0.933333333333 2.51327412287 0.68715134722
0.933333333333 2.72271363311 0.608587730069
0.933333333333 2.93215314335 0.336529996637
0.933333333333 3.14159265359 0.402008493362
0.933333333333 3.35103216383 0.633597569252
0.933333333333 3.56047167407 0.744999874277
0.933333333333 3.76991118431 0.737248607811
0.933333333333 3.97935069455 0.66089226215
0.933333333333 4.18879020479 0.51841839733
0.933333333333 4.39822971503 0.32983194858
0.933333333333 4.60766922527 0.19576956037
0.933333333333 4.8171087355 0.208765962553
0.933333333333 5.02654824574 0.278094433484
0.933333333333 5.23598775598 0.305314952901
0.933333333333 5.44542726622 0.447424206744
0.933333333333 5.65486677646 0.702357102115
0.933333333333 5.8643062867 0.757279446441
0.933333333333 6.07374579694 0.589557950284

