-1 0 0.350839990249
-1 0.209439510239 0.350839990249
-1 0.418879020479 0.350839990249
-1 0.628318530718 0.350839990249
-1 0.837758040957 0.350839990249
-1 1.0471975512 0.350839990249
-1 1.25663706144 0.350839990249
-1 1.46607657168 0.350839990249
-1 1.67551608191 0.350839990249
-1 1.88495559215 0.350839990249
-1 2.09439510239 0.350839990249
-1 2.30383461263 0.350839990249
-1 2.51327412287 0.350839990249
-1 2.72271363311 0.350839990249
-1 2.93215314335 0.350839990249
-1 3.14159265359 0.350839990249
-1 3.35103216383 0.350839990249
-1 3.56047167407 0.350839990249
-1 3.76991118431 0.350839990249
-1 3.97935069455 0.350839990249
-1 4.18879020479 0.350839990249
-1 4.39822971503 0.350839990249
-1 4.60766922527 0.350839990249
-1 4.8171087355 0.350839990249
-1 5.02654824574 0.350839990249
-1 5.23598775598 0.350839990249
-1 5.44542726622 0.350839990249
-1 5.65486677646 0.350839990249
-1 5.8643062867 0.350839990249
-1 6.07374579694 0.350839990249

-0.933333333333 0 1.04271673081
-0.933333333333 0.209439510239 1.42014518557
-0.933333333333 0.418879020479 1.63707090974
-0.933333333333 0.628318530718 1.59820520709
-0.933333333333 0.837758040957 1.42440216232
-0.933333333333 1.0471975512 1.18851641581
-0.933333333333 1.25663706144 0.883661525994
-0.933333333333 1.46607657168 0.502193892602
-0.933333333333 1.67551608191 0.16257556332
-0.933333333333 1.88495559215 0.106425170915
-0.933333333333 2.09439510239 0.27336527901
-0.933333333333 2.30383461263 0.262058361491
-0.933333333333 2.51327412287 0.0995808795141
-0.933333333333 2.72271363311 0.0534350406766
-0.933333333333 2.93215314335 0.064567353019
-0.933333333333 3.14159265359 0.0611001748694
-0.933333333333 3.35103216383 0.0715706585438
-0.933333333333 3.56047167407 0.10113717062
-0.933333333333 3.76991118431 0.133145250539
-0.933333333333 3.97935069455 0.156940937688
-0.933333333333 4.18879020479 0.18312651683
-0.933333333333 4.39822971503 0.260482255541
-0.933333333333 4.60766922527 0.427849423361
-0.933333333333 4.8171087355 0.560053917875
-0.933333333333 5.02654824574 0.514202326024
-0.933333333333 5.23598775598 0.568529586923
-0.933333333333 5.44542726622 0.821725446798
-0.933333333333 5.65486677646 0.926067519365
-0.933333333333 5.8643062867 0.88772901476
-0.933333333333 6.07374579694 0.855141740226

-0.866666666667 0 1.78156099923
-0.866666666667 0.209439510239 1.76084464494
-0.866666666667 0.418879020479 1.36442721854
-0.866666666667 0.628318530718 1.18310158024
-0.866666666667 0.837758040957 1.1384740407
-0.866666666667 1.0471975512 1.04481705508
-0.866666666667 1.25663706144 0.825425333506
-0.866666666667 1.46607657168 0.594724552436
-0.866666666667 1.67551608191 0.422457619432
-0.866666666667 1.88495559215 0.143968806983
-0.866666666667 2.09439510239 0.13634572425
-0.866666666667 2.30383461263 0.21031677611
-0.866666666667 2.51327412287 0.0772851983039
-0.866666666667 2.72271363311 0.086608138417
-0.866666666667 2.93215314335 0.0841453463847
-0.866666666667 3.14159265359 0.0880802572719
-0.866666666667 3.35103216383 0.121121502377
-0.866666666667 3.56047167407 0.175942301376
-0.866666666667 3.76991118431 0.235659534723
-0.866666666667 3.97935069455 0.297926123384
-0.866666666667 4.18879020479 0.347488776748
-0.866666666667 4.39822971503 0.280422617602
-0.866666666667 4.60766922527 0.175819286872
-0.866666666667 4.8171087355 0.667575389869
-0.866666666667 5.02654824574 1.13077815129
-0.866666666667 5.23598775598 0.695754137429
-0.866666666667 5.44542726622 1.07761351223
-0.866666666667 5.65486677646 1.28121180342
-0.866666666667 5.8643062867 1.07369272091
-0.866666666667 6.07374579694 1.24596967894

-0.8 0 1.67967151207
-0.8 0.209439510239 1.36442506445
-0.8 0.418879020479 1.42912293856
-0.8 0.628318530718 1.51002799548
-0.8 0.837758040957 1.41784469311
-0.8 1.0471975512 1.3868171373
-0.8 1.25663706144 1.26249942516
-0.8 1.46607657168 0.712852263269
-0.8 1.67551608191 0.28565090776
-0.8 1.88495559215 0.224749804902
-0.8 2.09439510239 0.0767562499865
-0.8 2.30383461263 0.159325277146
-0.8 2.51327412287 0.0833651965211
-0.8 2.72271363311 0.112928026098
-0.8 2.93215314335 0.10189837815
-0.8 3.14159265359 0.0886827110128
-0.8 3.35103216383 0.114429736115
-0.8 3.56047167407 0.157092256965
-0.8 3.76991118431 0.166217033792
-0.8 3.97935069455 0.169408996513
-0.8 4.18879020479 0.268299137577
-0.8 4.39822971503 0.526735344811
-0.8 4.60766922527 0.434314561973
-0.8 4.8171087355 0.222870140072
-0.8 5.02654824574 1.32946038366
-0.8 5.23598775598 0.998063551702
-0.8 5.44542726622 1.09555384601
-0.8 5.65486677646 1.42242027926
-0.8 5.8643062867 0.943712325481
-0.8 6.07374579694 1.25496042606

-0.733333333333 0 1.53942978686
-0.733333333333 0.209439510239 1.65574959318
-0.733333333333 0.418879020479 2.19065609152
-0.733333333333 0.628318530718 1.87170707682
-0.733333333333 0.837758040957 1.30040189538
-0.733333333333 1.0471975512 1.05689817348
-0.733333333333 1.25663706144 1.23183437275
-0.733333333333 1.46607657168 1.12370450814
-0.733333333333 1.67551608191 0.316956436147
-0.733333333333 1.88495559215 0.193919298187
-0.733333333333 2.09439510239 0.0665151981056
-0.733333333333 2.30383461263 0.115231255417
-0.733333333333 2.51327412287 0.0939817619588
-0.733333333333 2.72271363311 0.125326606588
-0.733333333333 2.93215314335 0.110339226145
-0.733333333333 3.14159265359 0.073403995563
-0.733333333333 3.35103216383 0.119016994523
-0.733333333333 3.56047167407 0.165258952046
-0.733333333333 3.76991118431 0.158912409178
-0.733333333333 3.97935069455 0.123729567622
-0.733333333333 4.18879020479 0.0739576580245
-0.733333333333 4.39822971503 0.242115370093
-0.733333333333 4.60766922527 0.736063464172
-0.733333333333 4.8171087355 0.269492528417
-0.733333333333 5.02654824574 0.966915324115
-0.733333333333 5.23598775598 1.29404180128
-0.733333333333 5.44542726622 0.988859722019
-0.733333333333 5.65486677646 1.43791717198
-0.733333333333 5.8643062867 0.707387928828
-0.733333333333 6.07374579694 1.16185592986

-0.666666666667 0 1.55068813632
-0.666666666667 0.209439510239 2.33852411145
-0.666666666667 0.418879020479 3.16242768417
-0.666666666667 0.628318530718 2.6360484371
-0.666666666667 0.837758040957 1.67530555873
-0.666666666667 1.0471975512 0.93985101218
-0.666666666667 1.25663706144 0.843404965115
-0.666666666667 1.46607657168 1.13858741633
-0.666666666667 1.67551608191 0.549878059524
-0.666666666667 1.88495559215 0.128884897116
-0.666666666667 2.09439510239 0.076584954324
-0.666666666667 2.30383461263 0.080026737302
-0.666666666667 2.51327412287 0.102321716545
-0.666666666667 2.72271363311 0.130803727435
-0.666666666667 2.93215314335 0.111172521825
-0.666666666667 3.14159265359 0.0735915847298
-0.666666666667 3.35103216383 0.147132569505
-0.666666666667 3.56047167407 0.200043860047
-0.666666666667 3.76991118431 0.190208187473
-0.666666666667 3.97935069455 0.211359399962
-0.666666666667 4.18879020479 0.209014946741
-0.666666666667 4.39822971503 0.0646433020274
-0.666666666667 4.60766922527 0.54204320956
-0.666666666667 4.8171087355 0.581985707947
-0.666666666667 5.02654824574 0.608467179858
-0.666666666667 5.23598775598 1.43143010288
-0.666666666667 5.44542726622 0.871610803327
-0.666666666667 5.65486677646 1.43034161692
-0.666666666667 5.8643062867 0.52244661788
-0.666666666667 6.07374579694 1.16310555002

-0.6 0 1.63245634091
-0.6 0.209439510239 3.08158169964
-0.6 0.418879020479 4.2557818638
-0.6 0.628318530718 3.96440495708
-0.6 0.837758040957 2.57120108756
-0.6 1.0471975512 1.25750618346
-0.6 1.25663706144 0.766072210758
-0.6 1.46607657168 0.897301582927
-0.6 1.67551608191 0.746563540977
-0.6 1.88495559215 0.0972425526765
-0.6 2.09439510239 0.091193290389
-0.6 2.30383461263 0.0535460205673
-0.6 2.51327412287 0.107032933874
-0.6 2.72271363311 0.134099240473
-0.6 2.93215314335 0.110652099316
-0.6 3.14159265359 0.0854930964369
-0.6 3.35103216383 0.173064997247
-0.6 3.56047167407 0.198050834266
-0.6 3.76991118431 0.15498902313
-0.6 3.97935069455 0.212556029646
-0.6 4.18879020479 0.348331578679
-0.6 4.39822971503 0.223797761178
-0.6 4.60766922527 0.271485102982
-0.6 4.8171087355 0.720357637467
-0.6 5.02654824574 0.487367050739
-0.6 5.23598775598 1.42125319017
-0.6 5.44542726622 0.786370897189
-0.6 5.65486677646 1.43411765567
-0.6 5.8643062867 0.426606197929
-0.6 6.07374579694 1.27687556696

-0.533333333333 0 1.71988322053
-0.533333333333 0.209439510239 3.68484712452
-0.533333333333 0.418879020479 5.23545449812
-0.533333333333 0.628318530718 5.51331052177
-0.533333333333 0.837758040957 3.61703501047
-0.533333333333 1.0471975512 1.59626350496
-0.533333333333 1.25663706144 0.932602457395
-0.533333333333 1.46607657168 0.741182885634
-0.533333333333 1.67551608191 0.800815080488
-0.533333333333 1.88495559215 0.112431870416
-0.533333333333 2.09439510239 0.103862090019
-0.533333333333 2.30383461263 0.0346834298913
-0.533333333333 2.51327412287 0.108591774086
-0.533333333333 2.72271363311 0.137302664352
-0.533333333333 2.93215314335 0.111826831918
-0.533333333333 3.14159265359 0.0966398883521
-0.533333333333 3.35103216383 0.185564551826
-0.533333333333 3.56047167407 0.161051304282
-0.533333333333 3.76991118431 0.106821208271
-0.533333333333 3.97935069455 0.172271313554
-0.533333333333 4.18879020479 0.320161421762
-0.533333333333 4.39822971503 0.393484570191
-0.533333333333 4.60766922527 0.196577035473
-0.533333333333 4.8171087355 0.66894362158
-0.533333333333 5.02654824574 0.532467636723
-0.533333333333 5.23598775598 1.32692224154
-0.533333333333 5.44542726622 0.737471982125
-0.533333333333 5.65486677646 1.45044016132
-0.533333333333 5.8643062867 0.411011464985
-0.533333333333 6.07374579694 1.4543314185

-0.466666666667 0 1.79349824434
-0.466666666667 0.209439510239 4.0561116225
-0.466666666667 0.418879020479 5.88891638901
-0.466666666667 0.628318530718 6.9880365299
-0.466666666667 0.837758040957 4.7693696735
-0.466666666667 1.0471975512 1.87773205225
-0.466666666667 1.25663706144 1.06903553409
-0.466666666667 1.46607657168 0.768024739869
-0.466666666667 1.67551608191 0.747700695445
-0.466666666667 1.88495559215 0.158630059969
-0.466666666667 2.09439510239 0.112816770587
-0.466666666667 2.30383461263 0.0220198549698
-0.466666666667 2.51327412287 0.107949157747
-0.466666666667 2.72271363311 0.140993788345
-0.466666666667 2.93215314335 0.114584244925
-0.466666666667 3.14159265359 0.101741166856
-0.466666666667 3.35103216383 0.187790423604
-0.466666666667 3.56047167407 0.120043426911
-0.466666666667 3.76991118431 0.104698318948
-0.466666666667 3.97935069455 0.186568179437
-0.466666666667 4.18879020479 0.230393450018
-0.466666666667 4.39822971503 0.402960406386
-0.466666666667 4.60766922527 0.245113255005
-0.466666666667 4.8171087355 0.570656801182
-0.466666666667 5.02654824574 0.626432936224
-0.466666666667 5.23598775598 1.20226529854
-0.466666666667 5.44542726622 0.718138585385
-0.466666666667 5.65486677646 1.4738933464
-0.466666666667 5.8643062867 0.453317090223
-0.466666666667 6.07374579694 1.64453635661

-0.4 0 1.85190729031
-0.4 0.209439510239 4.20429428586
-0.4 0.418879020479 6.13436133651
-0.4 0.628318530718 8.17088997632
-0.4 0.837758040957 6.0313019311
-0.4 1.0471975512 2.24190118818
-0.4 1.25663706144 1.08630286733
-0.4 1.46607657168 0.901488133358
-0.4 1.67551608191 0.660126551071
-0.4 1.88495559215 0.215170303181
-0.4 2.09439510239 0.118194316137
-0.4 2.30383461263 0.0141339107078
-0.4 2.51327412287 0.106028484172
-0.4 2.72271363311 0.145040804269
-0.4 2.93215314335 0.117766200508
-0.4 3.14159265359 0.101957441771
-0.4 3.35103216383 0.18544616866
-0.4 3.56047167407 0.0918188696829
-0.4 3.76991118431 0.142883847512
-0.4 3.97935069455 0.255237160684
-0.4 4.18879020479 0.185217255685
-0.4 4.39822971503 0.313267210438
-0.4 4.60766922527 0.290723529144
-0.4 4.8171087355 0.512911199412
-0.4 5.02654824574 0.701100345013
-0.4 5.23598775598 1.07988083623
-0.4 5.44542726622 0.720301673447
-0.4 5.65486677646 1.5000950378
-0.4 5.8643062867 0.528672289107
-0.4 6.07374579694 1.81525902469

-0.333333333333 0 1.89397999873
-0.333333333333 0.209439510239 4.18564690492
-0.333333333333 0.418879020479 6.01285155354
-0.333333333333 0.628318530718 8.89251122106
-0.333333333333 0.837758040957 7.2704250126
-0.333333333333 1.0471975512 2.7546078442
-0.333333333333 1.25663706144 1.03476423061
-0.333333333333 1.46607657168 1.04463907039
-0.333333333333 1.67551608191 0.588660165078
-0.333333333333 1.88495559215 0.267492195085
-0.333333333333 2.09439510239 0.120690110746
-0.333333333333 2.30383461263 0.0097466525437
-0.333333333333 2.51327412287 0.103567638997
-0.333333333333 2.72271363311 0.149027620641
-0.333333333333 2.93215314335 0.120477753001
-0.333333333333 3.14159265359 0.100186770427
-0.333333333333 3.35103216383 0.181982297178
-0.333333333333 3.56047167407 0.0761326370835
-0.333333333333 3.76991118431 0.188202415879
-0.333333333333 3.97935069455 0.328131630832
-0.333333333333 4.18879020479 0.194981442922
-0.333333333333 4.39822971503 0.222597559662
-0.333333333333 4.60766922527 0.287318842356
-0.333333333333 4.8171087355 0.508675382509
-0.333333333333 5.02654824574 0.735826206498
-0.333333333333 5.23598775598 0.975299203913
-0.333333333333 5.44542726622 0.737103832367
-0.333333333333 5.65486677646 1.52652518748
-0.333333333333 5.8643062867 0.61493661548
-0.333333333333 6.07374579694 1.95251281189

-0.266666666667 0 1.91617079707
-0.266666666667 0.209439510239 4.06446034198
-0.266666666667 0.418879020479 5.63526650392
-0.266666666667 0.628318530718 9.09835710972
-0.266666666667 0.837758040957 8.30576519584
-0.266666666667 1.0471975512 3.36149487114
-0.266666666667 1.25663706144 0.980337700787
-0.266666666667 1.46607657168 1.145741154
-0.266666666667 1.67551608191 0.551589026188
-0.266666666667 1.88495559215 0.308815344542
-0.266666666667 2.09439510239 0.121018712081
-0.266666666667 2.30383461263 0.00777832186655
-0.266666666667 2.51327412287 0.101097668131
-0.266666666667 2.72271363311 0.152461775637
-0.266666666667 2.93215314335 0.122456571907
-0.266666666667 3.14159265359 0.0983958612706
-0.266666666667 3.35103216383 0.178881806851
-0.266666666667 3.56047167407 0.0668756065707
-0.266666666667 3.76991118431 0.218105334651
-0.266666666667 3.97935069455 0.370507196757
-0.266666666667 4.18879020479 0.223746791055
-0.266666666667 4.39822971503 0.173222192739
-0.266666666667 4.60766922527 0.247379119187
-0.266666666667 4.8171087355 0.538105081537
-0.266666666667 5.02654824574 0.735256510729
-0.266666666667 5.23598775598 0.893201200904
-0.266666666667 5.44542726622 0.763212039599
-0.266666666667 5.65486677646 1.551938117
-0.266666666667 5.8643062867 0.694936931673
-0.266666666667 6.07374579694 2.05378763345

-0.2 0 1.91463080572
-0.2 0.209439510239 3.89519832271
-0.2 0.418879020479 5.12641358159
-0.2 0.628318530718 8.86054564517
-0.2 0.837758040957 9.00746023089
-0.2 1.0471975512 3.95862223034
-0.2 1.25663706144 0.954287681169
-0.2 1.46607657168 1.19556692164
-0.2 1.67551608191 0.546106423923
-0.2 1.88495559215 0.338027104378
-0.2 2.09439510239 0.119759000559
-0.2 2.30383461263 0.00735938440224
-0.2 2.51327412287 0.0989698359464
-0.2 2.72271363311 0.15486424424
-0.2 2.93215314335 0.123978606134
-0.2 3.14159265359 0.0971409163501
-0.2 3.35103216383 0.176943035553
-0.2 3.56047167407 0.0591968154662
-0.2 3.76991118431 0.227451793819
-0.2 3.97935069455 0.377347374384
-0.2 4.18879020479 0.242950038533
-0.2 4.39822971503 0.162009348017
-0.2 4.60766922527 0.196123247094
-0.2 4.8171087355 0.578779267856
-0.2 5.02654824574 0.71235437884
-0.2 5.23598775598 0.832308557874
-0.2 5.44542726622 0.794604037297
-0.2 5.65486677646 1.57574190002
-0.2 5.8643062867 0.756768645908
-0.2 6.07374579694 2.12179145662

-0.133333333333 0 1.88686999252
-0.133333333333 0.209439510239 3.71492682092
-0.133333333333 0.418879020479 4.58575258939
-0.133333333333 0.628318530718 8.31560519114
-0.133333333333 0.837758040957 9.3205657319
-0.133333333333 1.0471975512 4.44842351343
-0.133333333333 1.25663706144 0.957775918586
-0.133333333333 1.46607657168 1.20541768968
-0.133333333333 1.67551608191 0.561313500159
-0.133333333333 1.88495559215 0.357011670326
-0.133333333333 2.09439510239 0.117349983109
-0.133333333333 2.30383461263 0.0078191077411
-0.133333333333 2.51327412287 0.097393524671
-0.133333333333 2.72271363311 0.155800849565
-0.133333333333 2.93215314335 0.125663147278
-0.133333333333 3.14159265359 0.095987723135
-0.133333333333 3.35103216383 0.176946466749
-0.133333333333 3.56047167407 0.0509963555792
-0.133333333333 3.76991118431 0.220307599002
-0.133333333333 3.97935069455 0.359729504387
-0.133333333333 4.18879020479 0.244875710481
-0.133333333333 4.39822971503 0.172016585264
-0.133333333333 4.60766922527 0.150166965727
-0.133333333333 4.8171087355 0.616292525466
-0.133333333333 5.02654824574 0.67976616956
-0.133333333333 5.23598775598 0.788622083722
-0.133333333333 5.44542726622 0.82828660783
-0.133333333333 5.65486677646 1.59755698247
-0.133333333333 5.8643062867 0.793147633521
-0.133333333333 6.07374579694 2.16040200825

-0.0666666666667 0 1.83241028117
-0.0666666666667 0.209439510239 3.54180335327
-0.0666666666667 0.418879020479 4.07246232708
-0.0666666666667 0.628318530718 7.59509829815
-0.0666666666667 0.837758040957 9.24600938621
-0.0666666666667 1.0471975512 4.75829723926
-0.0666666666667 1.25663706144 0.980047503974
-0.0666666666667 1.46607657168 1.19013362931
-0.0666666666667 1.67551608191 0.586502663168
-0.0666666666667 1.88495559215 0.368663507119
-0.0666666666667 2.09439510239 0.114127219198
-0.0666666666667 2.30383461263 0.00866488835194
-0.0666666666667 2.51327412287 0.0964701987263
-0.0666666666667 2.72271363311 0.154894370214
-0.0666666666667 2.93215314335 0.128336558782
-0.0666666666667 3.14159265359 0.0940120520775
-0.0666666666667 3.35103216383 0.179693503335
-0.0666666666667 3.56047167407 0.0422265206266
-0.0666666666667 3.76991118431 0.20231245363
-0.0666666666667 3.97935069455 0.330724540662
-0.0666666666667 4.18879020479 0.234243814863
-0.0666666666667 4.39822971503 0.189534486206
-0.0666666666667 4.60766922527 0.115506022778
-0.0666666666667 4.8171087355 0.644228040452
-0.0666666666667 5.02654824574 0.646845974913
-0.0666666666667 5.23598775598 0.757371483806
-0.0666666666667 5.44542726622 0.862049167251
-0.0666666666667 5.65486677646 1.61691830255
-0.0666666666667 5.8643062867 0.800557614402
-0.0666666666667 6.07374579694 2.17246146318

6.12323399574e-17 0 1.75318930332
6.12323399574e-17 0.209439510239 3.37705049655
6.12323399574e-17 0.418879020479 3.61011581359
6.12323399574e-17 0.628318530718 6.7867904256
6.12323399574e-17 0.837758040957 8.81451120828
6.12323399574e-17 1.0471975512 4.84180503858
6.12323399574e-17 1.25663706144 1.01180335596
6.12323399574e-17 1.46607657168 1.16009195855
6.12323399574e-17 1.67551608191 0.614675283092
6.12323399574e-17 1.88495559215 0.375771988254
6.12323399574e-17 2.09439510239 0.11035499816
6.12323399574e-17 2.30383461263 0.00955979664549
6.12323399574e-17 2.51327412287 0.096218142244
6.12323399574e-17 2.72271363311 0.151848505355
6.12323399574e-17 2.93215314335 0.13296750002
6.12323399574e-17 3.14159265359 0.0901463489885
6.12323399574e-17 3.35103216383 0.185735694198
6.12323399574e-17 3.56047167407 0.0343284825366
6.12323399574e-17 3.76991118431 0.177659723399
6.12323399574e-17 3.97935069455 0.298892722017
6.12323399574e-17 4.18879020479 0.218366297745
6.12323399574e-17 4.39822971503 0.207281359331
6.12323399574e-17 4.60766922527 0.0919219887233
6.12323399574e-17 4.8171087355 0.660919710303
6.12323399574e-17 5.02654824574 0.619503233951
6.12323399574e-17 5.23598775598 0.734096732756
6.12323399574e-17 5.44542726622 0.894266244726
6.12323399574e-17 5.65486677646 1.63306100307
6.12323399574e-17 5.8643062867 0.778605572503
6.12323399574e-17 6.07374579694 2.15866343354

0.0666666666667 0 1.65431261543
0.0666666666667 0.209439510239 3.20803218987
0.0666666666667 0.418879020479 3.20030028207
0.0666666666667 0.628318530718 5.92790134059
0.0666666666667 0.837758040957 8.0680915874
0.0666666666667 1.0471975512 4.68007813313
0.0666666666667 1.25663706144 1.05129992692
0.0666666666667 1.46607657168 1.11928172063
0.0666666666667 1.67551608191 0.643035910551
0.0666666666667 1.88495559215 0.380584718341
0.0666666666667 2.09439510239 0.106239134708
0.0666666666667 2.30383461263 0.010302863485
0.0666666666667 2.51327412287 0.096587725114
0.0666666666667 2.72271363311 0.146510519327
0.0666666666667 2.93215314335 0.140604792438
0.0666666666667 3.14159265359 0.0834412987525
0.0666666666667 3.35103216383 0.194912205022
0.0666666666667 3.56047167407 0.030313578103
0.0666666666667 3.76991118431 0.149262698227
0.0666666666667 3.97935069455 0.267414855236
0.0666666666667 4.18879020479 0.20244125463
0.0666666666667 4.39822971503 0.222046193712
0.0666666666667 4.60766922527 0.077250499979
0.0666666666667 4.8171087355 0.666357947477
0.0666666666667 5.02654824574 0.601047132462
0.0666666666667 5.23598775598 0.715197042038
0.0666666666667 5.44542726622 0.923737501802
0.0666666666667 5.65486677646 1.64474543261
0.0666666666667 5.8643062867 0.729761654706
0.0666666666667 6.07374579694 2.11698662476

0.133333333333 0 1.54519967622
0.133333333333 0.209439510239 3.01139892008
0.133333333333 0.418879020479 2.83667864097
0.133333333333 0.628318530718 5.02077852536
0.133333333333 0.837758040957 7.05368133514
0.133333333333 1.0471975512 4.28975414543
0.133333333333 1.25663706144 1.10439574291
0.133333333333 1.46607657168 1.06663728968
0.133333333333 1.67551608191 0.671901962741
0.133333333333 1.88495559215 0.384812017711
0.133333333333 2.09439510239 0.101917973508
0.133333333333 2.30383461263 0.0108150127941
0.133333333333 2.51327412287 0.0974691569657
0.133333333333 2.72271363311 0.138998330551
0.133333333333 2.93215314335 0.152201339436
0.133333333333 3.14159265359 0.0734221434049
0.133333333333 3.35103216383 0.205628549854
0.133333333333 3.56047167407 0.0349235559989
0.133333333333 3.76991118431 0.120052992066
0.133333333333 3.97935069455 0.23561827546
0.133333333333 4.18879020479 0.188820850044
0.133333333333 4.39822971503 0.231771296398
0.133333333333 4.60766922527 0.0699896490584
0.133333333333 4.8171087355 0.660164283702
0.133333333333 5.02654824574 0.593081771933
0.133333333333 5.23598775598 0.698182407547
0.133333333333 5.44542726622 0.949555160423
0.133333333333 5.65486677646 1.65009559968
0.133333333333 5.8643062867 0.659509899521
0.133333333333 6.07374579694 2.04243276357

0.2 0 1.44046645371
0.2 0.209439510239 2.75715815065
0.2 0.418879020479 2.51461955902
0.2 0.628318530718 4.06258564884
0.2 0.837758040957 5.83099234667
0.2 1.0471975512 3.73375677615
0.2 1.25663706144 1.17776611964
0.2 1.46607657168 0.999720953136
0.2 1.67551608191 0.702681421229
0.2 1.88495559215 0.389893055661
0.2 2.09439510239 0.097435203283
0.2 2.30383461263 0.0111329800503
0.2 2.51327412287 0.0986978974629
0.2 2.72271363311 0.12990873945
0.2 2.93215314335 0.16817611604
0.2 3.14159265359 0.0607259172564
0.2 3.35103216383 0.213889623912
0.2 3.56047167407 0.0536833498214
0.2 3.76991118431 0.0939629422967
0.2 3.97935069455 0.201094490307
0.2 4.18879020479 0.177796315906
0.2 4.39822971503 0.233704752758
0.2 4.60766922527 0.0705384608507
0.2 4.8171087355 0.640663884859
0.2 5.02654824574 0.596030195269
0.2 5.23598775598 0.681781721713
0.2 5.44542726622 0.970987448459
0.2 5.65486677646 1.64644221612
0.2 5.8643062867 0.576823745848
0.2 6.07374579694 1.9271404689

0.266666666667 0 1.35896623035
0.266666666667 0.209439510239 2.41634456485
0.266666666667 0.418879020479 2.23290357277
0.266666666667 0.628318530718 3.08140599006
0.266666666667 0.837758040957 4.49332779536
0.266666666667 1.0471975512 3.12154163007
0.266666666667 1.25663706144 1.26350032694
0.266666666667 1.46607657168 0.92107995508
0.266666666667 1.67551608191 0.735077545973
0.266666666667 1.88495559215 0.397372585777
0.266666666667 2.09439510239 0.0927071493232
0.266666666667 2.30383461263 0.0114130873857
0.266666666667 2.51327412287 0.100069577123
0.266666666667 2.72271363311 0.120599832645
0.266666666667 2.93215314335 0.187577932351
0.266666666667 3.14159265359 0.0480791132176
0.266666666667 3.35103216383 0.212639073821
0.266666666667 3.56047167407 0.0893778286611
0.266666666667 3.76991118431 0.0754476869482
0.266666666667 3.97935069455 0.161779529231
0.266666666667 4.18879020479 0.16839399235
0.266666666667 4.39822971503 0.223984124786
0.266666666667 4.60766922527 0.0814076371853
0.266666666667 4.8171087355 0.605018582358
0.266666666667 5.02654824574 0.609115103917
0.266666666667 5.23598775598 0.665994455246
0.266666666667 5.44542726622 0.987371248132
0.266666666667 5.65486677646 1.63017905626
0.266666666667 5.8643062867 0.494752226626
0.266666666667 6.07374579694 1.7613065198

0.333333333333 0 1.31838631312
0.333333333333 0.209439510239 1.97612117568
0.333333333333 0.418879020479 1.98461132668
0.333333333333 0.628318530718 2.16435356097
0.333333333333 0.837758040957 3.18955812934
0.333333333333 1.0471975512 2.57985308155
0.333333333333 1.25663706144 1.31976513038
0.333333333333 1.46607657168 0.846375802102
0.333333333333 1.67551608191 0.763995090202
0.333333333333 1.88495559215 0.409148032404
0.333333333333 2.09439510239 0.0875186463149
0.333333333333 2.30383461263 0.0119463226275
0.333333333333 2.51327412287 0.101389106813
0.333333333333 2.72271363311 0.113468857533
0.333333333333 2.93215314335 0.206871988596
0.333333333333 3.14159265359 0.0412331347347
0.333333333333 3.35103216383 0.193096087078
0.333333333333 3.56047167407 0.135548179604
0.333333333333 3.76991118431 0.0667246701207
0.333333333333 3.97935069455 0.117736434927
0.333333333333 4.18879020479 0.158713016943
0.333333333333 4.39822971503 0.19899588421
0.333333333333 4.60766922527 0.106191423135
0.333333333333 4.8171087355 0.550628807144
0.333333333333 5.02654824574 0.629729533217
0.333333333333 5.23598775598 0.652117306961
0.333333333333 5.44542726622 0.998007314321
0.333333333333 5.65486677646 1.5966679298
0.333333333333 5.8643062867 0.430692473679
0.333333333333 6.07374579694 1.53579903343

0.4 0 1.32256575073
0.4 0.209439510239 1.46436362076
0.4 0.418879020479 1.73976819168
0.4 0.628318530718 1.44871961764
0.4 0.837758040957 2.11779409628
0.4 1.0471975512 2.18713566784
0.4 1.25663706144 1.27009418232
0.4 1.46607657168 0.807557335314
0.4 1.67551608191 0.77825712563
0.4 1.88495559215 0.427060489924
0.4 2.09439510239 0.0816316175414
0.4 2.30383461263 0.0131835936368
0.4 2.51327412287 0.102604812502
0.4 2.72271363311 0.111985362837
0.4 2.93215314335 0.218873822757
0.4 3.14159265359 0.0484790452025
0.4 3.35103216383 0.150817955237
0.4 3.56047167407 0.171080677417
0.4 3.76991118431 0.0637321475771
0.4 3.97935069455 0.0724864183071
0.4 4.18879020479 0.146228284215
0.4 4.39822971503 0.158810546627
0.4 4.60766922527 0.146584227598
0.4 4.8171087355 0.478183903781
0.4 5.02654824574 0.652241125967
0.4 5.23598775598 0.642720870462
0.4 5.44542726622 1.00205422809
0.4 5.65486677646 1.54026777023
0.4 5.8643062867 0.405599608059
0.4 6.07374579694 1.24781806066

0.466666666667 0 1.34170972451
0.466666666667 0.209439510239 0.97544490259
0.466666666667 0.418879020479 1.43955847425
0.466666666667 0.628318530718 1.04329190694
0.466666666667 0.837758040957 1.44935490346
0.466666666667 1.0471975512 1.90463954516
0.466666666667 1.25663706144 1.05868713241
0.466666666667 1.46607657168 0.835126279435
0.466666666667 1.67551608191 0.766042707384
0.466666666667 1.88495559215 0.450819066481
0.466666666667 2.09439510239 0.0751996518065
0.466666666667 2.30383461263 0.0157622027639
0.466666666667 2.51327412287 0.104120939104
0.466666666667 2.72271363311 0.119935511892
0.466666666667 2.93215314335 0.213399643391
0.466666666667 3.14159265359 0.0760343425781
0.466666666667 3.35103216383 0.0968159529294
0.466666666667 3.56047167407 0.167842574636
0.466666666667 3.76991118431 0.0561408776779
0.466666666667 3.97935069455 0.0341533646248
0.466666666667 4.18879020479 0.129401590404
0.466666666667 4.39822971503 0.111529508631
0.466666666667 4.60766922527 0.197093271829
0.466666666667 4.8171087355 0.396331598368
0.466666666667 5.02654824574 0.666546679421
0.466666666667 5.23598775598 0.641478545138
0.466666666667 5.44542726622 0.99842051887
0.466666666667 5.65486677646 1.45462638099
0.466666666667 5.8643062867 0.44092285248
0.466666666667 6.07374579694 0.91097049234

0.533333333333 0 1.29599091615
0.533333333333 0.209439510239 0.663235748424
0.533333333333 0.418879020479 1.04426640363
0.533333333333 0.628318530718 0.902970091717
0.533333333333 0.837758040957 1.18099550429
0.533333333333 1.0471975512 1.5875759071
0.533333333333 1.25663706144 0.757147012127
0.533333333333 1.46607657168 0.907718886139
0.533333333333 1.67551608191 0.732426085158
0.533333333333 1.88495559215 0.472997357364
0.533333333333 2.09439510239 0.0698898084194
0.533333333333 2.30383461263 0.0205016406238
0.533333333333 2.51327412287 0.107423552308
0.533333333333 2.72271363311 0.138945607511
0.533333333333 2.93215314335 0.182367106048
0.533333333333 3.14159265359 0.117158705665
0.533333333333 3.35103216383 0.0628292493463
0.533333333333 3.56047167407 0.122466610642
0.533333333333 3.76991118431 0.0402787821971
0.533333333333 3.97935069455 0.0168514816173
0.533333333333 4.18879020479 0.111264435587
0.533333333333 4.39822971503 0.0738499206291
0.533333333333 4.60766922527 0.239932862273
0.533333333333 4.8171087355 0.326171965214
0.533333333333 5.02654824574 0.657334038583
0.533333333333 5.23598775598 0.652644942002
0.533333333333 5.44542726622 0.98565896284
0.533333333333 5.65486677646 1.33347176212
0.533333333333 5.8643062867 0.551584737798
0.533333333333 6.07374579694 0.569386208977

0.6 0 1.0733547663
0.6 0.209439510239 0.639622353828
0.6 0.418879020479 0.650299874693
0.6 0.628318530718 0.81807441376
0.6 0.837758040957 1.06786611722
0.6 1.0471975512 1.15739146472
0.6 1.25663706144 0.577018235316
0.6 1.46607657168 0.911662474086
0.6 1.67551608191 0.721114036733
0.6 1.88495559215 0.471666874216
0.6 2.09439510239 0.0713954748128
0.6 2.30383461263 0.0282796003785
0.6 2.51327412287 0.116058675178
0.6 2.72271363311 0.163527928871
0.6 2.93215314335 0.13074177967
0.6 3.14159265359 0.141665402401
0.6 3.35103216383 0.0763731550989
0.6 3.56047167407 0.0847915035419
0.6 3.76991118431 0.0407714946156
0.6 3.97935069455 0.0379862591139
0.6 4.18879020479 0.0991688048224
0.6 4.39822971503 0.0607592462363
0.6 4.60766922527 0.249326700179
0.6 4.8171087355 0.299934086255
0.6 5.02654824574 0.606174760207
0.6 5.23598775598 0.679829858461
0.6 5.44542726622 0.961875265062
0.6 5.65486677646 1.17228827522
0.6 5.8643062867 0.733325941319
0.6 6.07374579694 0.309526895095

0.666666666667 0 0.631911099079
0.666666666667 0.209439510239 0.770829484757
0.666666666667 0.418879020479 0.515449448775
0.666666666667 0.628318530718 0.687738243212
0.666666666667 0.837758040957 0.893854009445
0.666666666667 1.0471975512 0.800016178124
0.666666666667 1.25663706144 0.607700266674
0.666666666667 1.46607657168 0.735214995209
0.666666666667 1.67551608191 0.790673278002
0.666666666667 1.88495559215 0.409814157688
0.666666666667 2.09439510239 0.0938196831984
0.666666666667 2.30383461263 0.0395887657913
0.666666666667 2.51327412287 0.136177481685
0.666666666667 2.72271363311 0.176106027687
0.666666666667 2.93215314335 0.0845921652657
0.666666666667 3.14159265359 0.112919524683
0.666666666667 3.35103216383 0.106476169001
0.666666666667 3.56047167407 0.102745126033
0.666666666667 3.76991118431 0.0886963545904
0.666666666667 3.97935069455 0.0921107678811
0.666666666667 4.18879020479 0.089888962359
0.666666666667 4.39822971503 0.0657195135337
0.666666666667 4.60766922527 0.219138864241
0.666666666667 4.8171087355 0.343130907914
0.666666666667 5.02654824574 0.499967719105
0.666666666667 5.23598775598 0.723519557429
0.666666666667 5.44542726622 0.924676792651
0.666666666667 5.65486677646 0.971448168702
0.666666666667 5.8643062867 0.944632164395
0.666666666667 6.07374579694 0.250654836684

0.733333333333 0 0.193739815113
0.733333333333 0.209439510239 0.63155079123
0.733333333333 0.418879020479 0.652211206509
0.733333333333 0.628318530718 0.689675786945
0.733333333333 0.837758040957 0.7801369471
0.733333333333 1.0471975512 0.698203965666
0.733333333333 1.25663706144 0.581508001741
0.733333333333 1.46607657168 0.505087685712
0.733333333333 1.67551608191 0.874530255863
0.733333333333 1.88495559215 0.269939519971
0.733333333333 2.09439510239 0.162727459498
0.733333333333 2.30383461263 0.0535578362669
0.733333333333 2.51327412287 0.172615615469
0.733333333333 2.72271363311 0.155310573264
0.733333333333 2.93215314335 0.0683602397897
0.733333333333 3.14159265359 0.0494016650728
0.733333333333 3.35103216383 0.0759948452197
0.733333333333 3.56047167407 0.111437168857
0.733333333333 3.76991118431 0.125089724942
0.733333333333 3.97935069455 0.108657805796
0.733333333333 4.18879020479 0.0583380494494
0.733333333333 4.39822971503 0.0657527572061
0.733333333333 4.60766922527 0.204085533787
0.733333333333 4.8171087355 0.430737332747
0.733333333333 5.02654824574 0.349090932273
0.733333333333 5.23598775598 0.776645353532
0.733333333333 5.44542726622 0.871202656799
0.733333333333 5.65486677646 0.741551683345
0.733333333333 5.8643062867 1.09044357744
0.733333333333 6.07374579694 0.478237193039

0.8 0 0.277474408216
0.8 0.209439510239 0.167585173733
0.8 0.418879020479 0.430350814101
0.8 0.628318530718 0.585722759524
0.8 0.837758040957 0.611143434683
0.8 1.0471975512 0.483759819958
0.8 1.25663706144 0.316856962625
0.8 1.46607657168 0.50679129625
0.8 1.67551608191 0.696162908299
0.8 1.88495559215 0.149063404229
0.8 2.09439510239 0.298519095283
0.8 2.30383461263 0.0674870588043
0.8 2.51327412287 0.210588187998
0.8 2.72271363311 0.11875377955
0.8 2.93215314335 0.0501340227635
0.8 3.14159265359 0.0245795034922
0.8 3.35103216383 0.0169307230433
0.8 3.56047167407 0.0377045655114
0.8 3.76991118431 0.0529907199911
0.8 3.97935069455 0.0362379650956
0.8 4.18879020479 0.0221583841421
0.8 4.39822971503 0.100555405577
0.8 4.60766922527 0.290137310464
0.8 4.8171087355 0.443706911577
0.8 5.02654824574 0.211781595996
0.8 5.23598775598 0.817750088447
0.8 5.44542726622 0.79827952086
0.8 5.65486677646 0.511612230685
0.8 5.8643062867 1.03232278544
0.8 6.07374579694 0.88586433177

0.866666666667 0 0.938299059865
0.866666666667 0.209439510239 0.481106445151
0.866666666667 0.418879020479 0.193662937903
0.866666666667 0.628318530718 0.147660228939
0.866666666667 0.837758040957 0.162107342378
0.866666666667 1.0471975512 0.199885049028
0.866666666667 1.25663706144 0.360207864275
0.866666666667 1.46607657168 0.515135280319
0.866666666667 1.67551608191 0.248412091011
0.866666666667 1.88495559215 0.260470125655
0.866666666667 2.09439510239 0.4488906991
0.866666666667 2.30383461263 0.0836180734435
0.866666666667 2.51327412287 0.191299260707
0.866666666667 2.72271363311 0.14239585725
0.866666666667 2.93215314335 0.0135483591927
0.866666666667 3.14159265359 0.0132753539282
0.866666666667 3.35103216383 0.0285252077142
0.866666666667 3.56047167407 0.0313599094114
0.866666666667 3.76991118431 0.0364418498873
0.866666666667 3.97935069455 0.0577906724772
0.866666666667 4.18879020479 0.1242492349
0.866666666667 4.39822971503 0.254486655222
0.866666666667 4.60766922527 0.371379020119
0.866666666667 4.8171087355 0.26020656237
0.866666666667 5.02654824574 0.19652134092
0.866666666667 5.23598775598 0.803137045753
0.866666666667 5.44542726622 0.702609495225
0.866666666667 5.65486677646 0.339127306782
0.866666666667 5.8643062867 0.681270318874
0.866666666667 6.07374579694 1.00272314027

0.933333333333 0 0.661984807695
0.933333333333 0.209439510239 0.897277639859
0.933333333333 0.418879020479 0.940934127414
0.933333333333 0.628318530718 0.858592604823
0.933333333333 0.837758040957 0.744306080055
0.933333333333 1.0471975512 0.60073574
0.933333333333 1.25663706144 0.378095611328
0.933333333333 1.46607657168 0.144078359356
0.933333333333 1.67551608191 0.191000722947
0.933333333333 1.88495559215 0.499244788924
0.933333333333 2.09439510239 0.46137338025
0.933333333333 2.30383461263 0.130506723086
0.933333333333 2.51327412287 0.0930256824255
0.933333333333 2.72271363311 0.159435319046
0.933333333333 2.93215314335 0.101468663884
0.933333333333 3.14159265359 0.0405524546076
0.933333333333 3.35103216383 0.0399987118285
0.933333333333 3.56047167407 0.0729747811471
0.933333333333 3.76991118431 0.117641578094
0.933333333333 3.97935069455 0.166901921597
0.933333333333 4.18879020479 0.208341547531
0.933333333333 4.39822971503 0.207670521558
0.933333333333 4.60766922527 0.139541112724
0.933333333333 4.8171087355 0.113018408259
0.933333333333 5.02654824574 0.351080121309
0.933333333333 5.23598775598 0.666459747871
0.933333333333 5.44542726622 0.579456413873
0.933333333333 5.65486677646 0.31140803372
0.933333333333 5.8643062867 0.252432362693
0.933333333333 6.07374579694 0.38432620648

