-1 0 1.19254882189
-1 0.209439510239 1.19254882189
-1 0.418879020479 1.19254882189
-1 0.628318530718 1.19254882189
-1 0.837758040957 1.19254882189
-1 1.0471975512 1.19254882189
-1 1.25663706144 1.19254882189
-1 1.46607657168 1.19254882189
-1 1.67551608191 1.19254882189
-1 1.88495559215 1.19254882189
-1 2.09439510239 1.19254882189
-1 2.30383461263 1.19254882189
-1 2.51327412287 1.19254882189
-1 2.72271363311 1.19254882189
-1 2.93215314335 1.19254882189
-1 3.14159265359 1.19254882189
-1 3.35103216383 1.19254882189
-1 3.56047167407 1.19254882189
-1 3.76991118431 1.19254882189
-1 3.97935069455 1.19254882189
-1 4.18879020479 1.19254882189
-1 4.39822971503 1.19254882189
-1 4.60766922527 1.19254882189
-1 4.8171087355 1.19254882189
-1 5.02654824574 1.19254882189
-1 5.23598775598 1.19254882189
-1 5.44542726622 1.19254882189
-1 5.65486677646 1.19254882189
-1 5.8643062867 1.19254882189
-1 6.07374579694 1.19254882189

-0.933333333333 0 8.00531771982
-0.933333333333 0.209439510239 8.30168440489
-0.933333333333 0.418879020479 8.89473644762
-0.933333333333 0.628318530718 9.11099795218
-0.933333333333 0.837758040957 8.52982851966
-0.933333333333 1.0471975512 7.06665381116
-0.933333333333 1.25663706144 5.03969425069
-0.933333333333 1.46607657168 3.17889673014
-0.933333333333 1.67551608191 2.06009207091
-0.933333333333 1.88495559215 1.35875756816
-0.933333333333 2.09439510239 0.672632072668
-0.933333333333 2.30383461263 0.547007667305
-0.933333333333 2.51327412287 0.781937031447
-0.933333333333 2.72271363311 0.484850091589
-0.933333333333 2.93215314335 0.108866929232
-0.933333333333 3.14159265359 0.256816342057
-0.933333333333 3.35103216383 0.610869762832
-0.933333333333 3.56047167407 0.89323844491
-0.933333333333 3.76991118431 1.10909402247
-0.933333333333 3.97935069455 1.33516124016
-0.933333333333 4.18879020479 1.58203254981
-0.933333333333 4.39822971503 1.60709600554
-0.933333333333 4.60766922527 1.06894988742
-0.933333333333 4.8171087355 0.580211330596
-0.933333333333 5.02654824574 1.66662293537
-0.933333333333 5.23598775598 3.03842740875
-0.933333333333 5.44542726622 2.53453412234
-0.933333333333 5.65486677646 3.00824504332
-0.933333333333 5.8643062867 5.86459334383
-0.933333333333 6.07374579694 7.69861060764

-0.866666666667 0 8.82392448068
-0.866666666667 0.209439510239 10.6621399892
-0.866666666667 0.418879020479 11.5999531919
-0.866666666667 0.628318530718 12.4329772235
-0.866666666667 0.837758040957 13.1292995663
-0.866666666667 1.0471975512 12.496282196
-0.866666666667 1.25663706144 9.48525199684
-0.866666666667 1.46607657168 5.28425510129
-0.866666666667 1.67551608191 2.15027578371
-0.866666666667 1.88495559215 1.1180824063
-0.866666666667 2.09439510239 0.659850821176
-0.866666666667 2.30383461263 0.406062902824
-0.866666666667 2.51327412287 0.523050188528
-0.866666666667 2.72271363311 0.0675313508319
-0.866666666667 2.93215314335 0.226964908956
-0.866666666667 3.14159265359 0.436705873835
-0.866666666667 3.35103216383 0.636829729699
-0.866666666667 3.56047167407 0.985709082778
-0.866666666667 3.76991118431 1.0250432464
-0.866666666667 3.97935069455 0.720291824626
-0.866666666667 4.18879020479 0.437799166772
-0.866666666667 4.39822971503 0.796153813106
-0.866666666667 4.60766922527 1.79995984949
-0.866666666667 4.8171087355 1.44494191762
-0.866666666667 5.02654824574 0.887122031618
-0.866666666667 5.23598775598 3.06887897703
-0.866666666667 5.44542726622 2.91975944501
-0.866666666667 5.65486677646 4.39026433194
-0.866666666667 5.8643062867 7.6707887523
-0.866666666667 6.07374579694 7.68556543957

-0.8 0 8.73069350818
-0.8 0.209439510239 7.9262969739
-0.8 0.418879020479 7.8780601929
-0.8 0.628318530718 9.45667368742
-0.8 0.837758040957 11.7155731297
-0.8 1.0471975512 14.0536629361
-0.8 1.25663706144 13.3570679553
-0.8 1.46607657168 7.6891542873
-0.8 1.67551608191 2.68760115444
-0.8 1.88495559215 0.892174958608
-0.8 2.09439510239 0.621689568903
-0.8 2.30383461263 0.317606855979
-0.8 2.51327412287 0.33474427005
-0.8 2.72271363311 0.0449147634784
-0.8 2.93215314335 0.317407340183
-0.8 3.14159265359 0.526986377658
-0.8 3.35103216383 1.52966886077
-0.8 3.56047167407 1.93454143324
-0.8 3.76991118431 1.53301493631
-0.8 3.97935069455 1.00803776494
-0.8 4.18879020479 0.521231928233
-0.8 4.39822971503 0.219904230777
-0.8 4.60766922527 0.750993395806
-0.8 4.8171087355 1.7530051378
-0.8 5.02654824574 1.21086371385
-0.8 5.23598775598 2.65547708885
-0.8 5.44542726622 3.07291334572
-0.8 5.65486677646 4.89633245297
-0.8 5.8643062867 6.64447847009
-0.8 6.07374579694 6.5990118417

-0.733333333333 0 5.88065089085
-0.733333333333 0.209439510239 4.11901805133
-0.733333333333 0.418879020479 6.21018054051
-0.733333333333 0.628318530718 7.56568394558
-0.733333333333 0.837758040957 9.47519319119
-0.733333333333 1.0471975512 12.7222613374
-0.733333333333 1.25663706144 15.2694363856
-0.733333333333 1.46607657168 10.4999933484
-0.733333333333 1.67551608191 3.18752398748
-0.733333333333 1.88495559215 0.788574414283
-0.733333333333 2.09439510239 0.572568582055
-0.733333333333 2.30383461263 0.25449976765
-0.733333333333 2.51327412287 0.210905833023
-0.733333333333 2.72271363311 0.129081118479
-0.733333333333 2.93215314335 0.29919740897
-0.733333333333 3.14159265359 1.07792085837
-0.733333333333 3.35103216383 2.12695222395
-0.733333333333 3.56047167407 1.52530028693
-0.733333333333 3.76991118431 0.744812962084
-0.733333333333 3.97935069455 0.493865583137
-0.733333333333 4.18879020479 0.362865167085
-0.733333333333 4.39822971503 0.393720749332
-0.733333333333 4.60766922527 0.670221917629
-0.733333333333 4.8171087355 1.36874340195
-0.733333333333 5.02654824574 1.80806432784
-0.733333333333 5.23598775598 2.40414271786
-0.733333333333 5.44542726622 3.22631645809
-0.733333333333 5.65486677646 4.73678826182
-0.733333333333 5.8643062867 5.19825113579
-0.733333333333 6.07374579694 6.22530755988

-0.666666666667 0 2.80855678033
-0.666666666667 0.209439510239 3.58385317286
-0.666666666667 0.418879020479 6.19064169943
-0.666666666667 0.628318530718 5.73474776561
-0.666666666667 0.837758040957 7.83331606648
-0.666666666667 1.0471975512 11.4646248336
-0.666666666667 1.25663706144 15.3376898604
-0.666666666667 1.46607657168 13.3219702079
-0.666666666667 1.67551608191 3.72009988003
-0.666666666667 1.88495559215 0.735060796885
-0.666666666667 2.09439510239 0.523952681444
-0.666666666667 2.30383461263 0.20795645084
-0.666666666667 2.51327412287 0.134582642404
-0.666666666667 2.72271363311 0.210663671622
-0.666666666667 2.93215314335 0.345147368218
-0.666666666667 3.14159265359 1.61855927505
-0.666666666667 3.35103216383 1.90450781488
-0.666666666667 3.56047167407 0.665059814192
-0.666666666667 3.76991118431 0.234888511815
-0.666666666667 3.97935069455 0.413254493531
-0.666666666667 4.18879020479 0.37843508634
-0.666666666667 4.39822971503 0.361009717139
-0.666666666667 4.60766922527 1.05084487418
-0.666666666667 4.8171087355 1.19090491607
-0.666666666667 5.02654824574 2.18718501079
-0.666666666667 5.23598775598 2.41753110062
-0.666666666667 5.44542726622 3.42722480332
-0.666666666667 5.65486677646 4.41467004826
-0.666666666667 5.8643062867 4.45426256376
-0.666666666667 6.07374579694 5.53070620479

-0.6 0 1.54070125023
-0.6 0.209439510239 3.69419044449
-0.6 0.418879020479 3.0329026111
-0.6 0.628318530718 3.61719258014
-0.6 0.837758040957 7.4440766741
-0.6 1.0471975512 10.9059857423
-0.6 1.25663706144 15.0092759737
-0.6 1.46607657168 15.3862035276
-0.6 1.67551608191 4.42122807989
-0.6 1.88495559215 0.682072612645
-0.6 2.09439510239 0.480625433422
-0.6 2.30383461263 0.173416413577
-0.6 2.51327412287 0.0903437178022
-0.6 2.72271363311 0.269216646135
-0.6 2.93215314335 0.47869582654
-0.6 3.14159265359 1.91042626428
-0.6 3.35103216383 1.39920629249
-0.6 3.56047167407 0.206152921255
-0.6 3.76991118431 0.228967783287
-0.6 3.97935069455 0.659918562879
-0.6 4.18879020479 0.721059542999
-0.6 4.39822971503 0.40958299871
-0.6 4.60766922527 1.23873567505
-0.6 4.8171087355 1.27941379533
-0.6 5.02654824574 2.35212736391
-0.6 5.23598775598 2.58036391687
-0.6 5.44542726622 3.65065423505
-0.6 5.65486677646 4.1651979103
-0.6 5.8643062867 4.23608216728
-0.6 6.07374579694 4.35248025241

-0.533333333333 0 1.31280803163
-0.533333333333 0.209439510239 2.44245245823
-0.533333333333 0.418879020479 0.885403028825
-0.533333333333 0.628318530718 5.12688777273
-0.533333333333 0.837758040957 10.4665314266
-0.533333333333 1.0471975512 11.4992034081
-0.533333333333 1.25663706144 14.851023132
-0.533333333333 1.46607657168 16.6009143458
-0.533333333333 1.67551608191 5.28773428476
-0.533333333333 1.88495559215 0.616366034925
-0.533333333333 2.09439510239 0.443895130756
-0.533333333333 2.30383461263 0.147889690924
-0.533333333333 2.51327412287 0.0667734601881
-0.533333333333 2.72271363311 0.310463901377
-0.533333333333 2.93215314335 0.650671077578
-0.533333333333 3.14159265359 1.99908427215
-0.533333333333 3.35103216383 0.97447538166
-0.533333333333 3.56047167407 0.0730855653184
-0.533333333333 3.76991118431 0.311279546546
-0.533333333333 3.97935069455 0.773920762178
-0.533333333333 4.18879020479 1.00311783634
-0.533333333333 4.39822971503 0.609291320084
-0.533333333333 4.60766922527 1.26945970827
-0.533333333333 4.8171087355 1.42596801502
-0.533333333333 5.02654824574 2.44034997564
-0.533333333333 5.23598775598 2.78710009933
-0.533333333333 5.44542726622 3.86932939273
-0.533333333333 5.65486677646 4.01694954128
-0.533333333333 5.8643062867 4.20148035102
-0.533333333333 6.07374579694 3.14738867378

-0.466666666667 0 1.31337180987
-0.466666666667 0.209439510239 1.19334659518
-0.466666666667 0.418879020479 0.919674627223
-0.466666666667 0.628318530718 4.64568864041
-0.466666666667 0.837758040957 8.26935387193
-0.466666666667 1.0471975512 11.7773842976
-0.466666666667 1.25663706144 14.9603161386
-0.466666666667 1.46607657168 17.2577636793
-0.466666666667 1.67551608191 6.22421309614
-0.466666666667 1.88495559215 0.542842720973
-0.466666666667 2.09439510239 0.413567770066
-0.466666666667 2.30383461263 0.129211577335
-0.466666666667 2.51327412287 0.0561081931991
-0.466666666667 2.72271363311 0.342940003025
-0.466666666667 2.93215314335 0.81611228263
-0.466666666667 3.14159265359 1.98581062277
-0.466666666667 3.35103216383 0.689278985638
-0.466666666667 3.56047167407 0.072776725399
-0.466666666667 3.76991118431 0.346905210927
-0.466666666667 3.97935069455 0.713530312548
-0.466666666667 4.18879020479 1.0862708476
-0.466666666667 4.39822971503 0.810208384953
-0.466666666667 4.60766922527 1.31718539053
-0.466666666667 4.8171087355 1.5184573062
-0.466666666667 5.02654824574 2.52812859479
-0.466666666667 5.23598775598 2.98264238214
-0.466666666667 5.44542726622 4.06783074483
-0.466666666667 5.65486677646 3.93706333523
-0.466666666667 5.8643062867 4.18280335792
-0.466666666667 6.07374579694 2.21411278651

-0.4 0 1.28432633177
-0.4 0.209439510239 0.689332164294
-0.4 0.418879020479 1.23309737787
-0.4 0.628318530718 3.89202127278
-0.4 0.837758040957 7.65066188712
-0.4 1.0471975512 11.222030009
-0.4 1.25663706144 15.1139777346
-0.4 1.46607657168 17.6248011814
-0.4 1.67551608191 7.11741642528
-0.4 1.88495559215 0.470548851421
-0.4 2.09439510239 0.388884071463
-0.4 2.30383461263 0.11575237723
-0.4 2.51327412287 0.0532772304674
-0.4 2.72271363311 0.371721372714
-0.4 2.93215314335 0.95292635299
-0.4 3.14159265359 1.93579584068
-0.4 3.35103216383 0.504925467499
-0.4 3.56047167407 0.124837616224
-0.4 3.76991118431 0.36716494736
-0.4 3.97935069455 0.614523442817
-0.4 4.18879020479 1.05337116381
-0.4 4.39822971503 0.934717224111
-0.4 4.60766922527 1.41536589686
-0.4 4.8171087355 1.54762281227
-0.4 5.02654824574 2.63142934709
-0.4 5.23598775598 3.14662682083
-0.4 5.44542726622 4.240180618
-0.4 5.65486677646 3.89259789927
-0.4 5.8643062867 4.13299552899
-0.4 6.07374579694 1.58099807066

-0.333333333333 0 1.21125814588
-0.333333333333 0.209439510239 0.573289750528
-0.333333333333 0.418879020479 1.29767022489
-0.333333333333 0.628318530718 4.01575435921
-0.333333333333 0.837758040957 8.64358660876
-0.333333333333 1.0471975512 10.9125576006
-0.333333333333 1.25663706144 15.099875526
-0.333333333333 1.46607657168 17.8489859609
-0.333333333333 1.67551608191 7.8789234021
-0.333333333333 1.88495559215 0.406548241036
-0.333333333333 2.09439510239 0.368938479355
-0.333333333333 2.30383461263 0.106267370333
-0.333333333333 2.51327412287 0.0550277457502
-0.333333333333 2.72271363311 0.398155383024
-0.333333333333 2.93215314335 1.05583738213
-0.333333333333 3.14159265359 1.87825823645
-0.333333333333 3.35103216383 0.385600935012
-0.333333333333 3.56047167407 0.204066338635
-0.333333333333 3.76991118431 0.404346173321
-0.333333333333 3.97935069455 0.563717085118
-0.333333333333 4.18879020479 1.01163889012
-0.333333333333 4.39822971503 0.993136578741
-0.333333333333 4.60766922527 1.52529647434
-0.333333333333 4.8171087355 1.53989465951
-0.333333333333 5.02654824574 2.74272661202
-0.333333333333 5.23598775598 3.27592320851
-0.333333333333 5.44542726622 4.38587893775
-0.333333333333 5.65486677646 3.86337577921
-0.333333333333 5.8643062867 4.05356384713
-0.333333333333 6.07374579694 1.17373977895

-0.266666666667 0 1.13003762017
-0.266666666667 0.209439510239 0.582084935629
-0.266666666667 0.418879020479 1.22695742865
-0.266666666667 0.628318530718 4.38111428598
-0.266666666667 0.837758040957 10.2853241232
-0.266666666667 1.0471975512 10.9216829118
-0.266666666667 1.25663706144 14.9615800981
-0.266666666667 1.46607657168 17.9924313419
-0.266666666667 1.67551608191 8.457946453
-0.266666666667 1.88495559215 0.354665489713
-0.266666666667 2.09439510239 0.352871411812
-0.266666666667 2.30383461263 0.0998033116288
-0.266666666667 2.51327412287 0.0592825527256
-0.266666666667 2.72271363311 0.421223592929
-0.266666666667 2.93215314335 1.12755706142
-0.266666666667 3.14159265359 1.82505877515
-0.266666666667 3.35103216383 0.311667114867
-0.266666666667 3.56047167407 0.294704344017
-0.266666666667 3.76991118431 0.46076652401
-0.266666666667 3.97935069455 0.572807395618
-0.266666666667 4.18879020479 1.00643938342
-0.266666666667 4.39822971503 1.02096675065
-0.266666666667 4.60766922527 1.61605544485
-0.266666666667 4.8171087355 1.51799207354
-0.266666666667 5.02654824574 2.85133694955
-0.266666666667 5.23598775598 3.37420795052
-0.266666666667 5.44542726622 4.50715527206
-0.266666666667 5.65486677646 3.83992822481
-0.266666666667 5.8643062867 3.95947480033
-0.266666666667 6.07374579694 0.916548220714

-0.2 0 1.06432671803
-0.2 0.209439510239 0.61447448743
-0.2 0.418879020479 1.08033400743
-0.2 0.628318530718 3.84600080776
-0.2 0.837758040957 10.447517641
-0.2 1.0471975512 11.0516014619
-0.2 1.25663706144 14.8158932709
-0.2 1.46607657168 18.0818348639
-0.2 1.67551608191 8.83514548353
-0.2 1.88495559215 0.316220265363
-0.2 2.09439510239 0.339965586716
-0.2 2.30383461263 0.0956347842641
-0.2 2.51327412287 0.0647137711477
-0.2 2.72271363311 0.438945551244
-0.2 2.93215314335 1.17311013006
-0.2 3.14159265359 1.78197172567
-0.2 3.35103216383 0.27135157956
-0.2 3.56047167407 0.382774270735
-0.2 3.76991118431 0.528189710115
-0.2 3.97935069455 0.62502978974
-0.2 4.18879020479 1.0362828072
-0.2 4.39822971503 1.04365056652
-0.2 4.60766922527 1.6802292496
-0.2 4.8171087355 1.49272322986
-0.2 5.02654824574 2.94965521316
-0.2 5.23598775598 3.44691454022
-0.2 5.44542726622 4.60737011343
-0.2 5.65486677646 3.81925408503
-0.2 5.8643062867 3.86617947676
-0.2 6.07374579694 0.755917980876

-0.133333333333 0 1.02020009899
-0.133333333333 0.209439510239 0.637379388832
-0.133333333333 0.418879020479 0.898436429929
-0.133333333333 0.628318530718 2.62150191694
-0.133333333333 0.837758040957 8.84020132669
-0.133333333333 1.0471975512 11.1910971507
-0.133333333333 1.25663706144 14.7260789079
-0.133333333333 1.46607657168 18.1344513848
-0.133333333333 1.67551608191 9.00963065774
-0.133333333333 1.88495559215 0.291177567198
-0.133333333333 2.09439510239 0.329694590999
-0.133333333333 2.30383461263 0.0932198935292
-0.133333333333 2.51327412287 0.0704748561441
-0.133333333333 2.72271363311 0.449367011159
-0.133333333333 2.93215314335 1.19719127778
-0.133333333333 3.14159265359 1.75260103766
-0.133333333333 3.35103216383 0.25550362489
-0.133333333333 3.56047167407 0.458227943162
-0.133333333333 3.76991118431 0.601570174736
-0.133333333333 3.97935069455 0.704384063562
-0.133333333333 4.18879020479 1.08578613084
-0.133333333333 4.39822971503 1.07199400608
-0.133333333333 4.60766922527 1.72295030086
-0.133333333333 4.8171087355 1.46706713155
-0.133333333333 5.02654824574 3.03346675698
-0.133333333333 5.23598775598 3.49914220124
-0.133333333333 5.44542726622 4.69015127991
-0.133333333333 5.65486677646 3.80158640811
-0.133333333333 5.8643062867 3.78599334563
-0.133333333333 6.07374579694 0.658033457164

-0.0666666666667 0 0.994931512807
-0.0666666666667 0.209439510239 0.643514142207
-0.0666666666667 0.418879020479 0.727104170407
-0.0666666666667 0.628318530718 1.78951468435
-0.0666666666667 0.837758040957 7.41020622213
-0.0666666666667 1.0471975512 11.3693187959
-0.0666666666667 1.25663706144 14.7046481483
-0.0666666666667 1.46607657168 18.1638702876
-0.0666666666667 1.67551608191 8.98772933083
-0.0666666666667 1.88495559215 0.279071222033
-0.0666666666667 2.09439510239 0.32173819302
-0.0666666666667 2.30383461263 0.0921700086868
-0.0666666666667 2.51327412287 0.0760366595823
-0.0666666666667 2.72271363311 0.45113182963
-0.0666666666667 2.93215314335 1.20331017068
-0.0666666666667 3.14159265359 1.73897939548
-0.0666666666667 3.35103216383 0.25719865875
-0.0666666666667 3.56047167407 0.515016023713
-0.0666666666667 3.76991118431 0.680566863702
-0.0666666666667 3.97935069455 0.801883867101
-0.0666666666667 4.18879020479 1.1418865202
-0.0666666666667 4.39822971503 1.10856456962
-0.0666666666667 4.60766922527 1.75108895376
-0.0666666666667 4.8171087355 1.44128272544
-0.0666666666667 5.02654824574 3.1007174861
-0.0666666666667 5.23598775598 3.53495462602
-0.0666666666667 5.44542726622 4.75895107002
-0.0666666666667 5.65486677646 3.78842208774
-0.0666666666667 5.8643062867 3.72787699494
-0.0666666666667 6.07374579694 0.602442015538

6.12323399574e-17 0 0.984059411276
6.12323399574e-17 0.209439510239 0.635032495572
6.12323399574e-17 0.418879020479 0.594990935533
6.12323399574e-17 0.628318530718 1.30550242243
6.12323399574e-17 0.837758040957 6.64750396272
6.12323399574e-17 1.0471975512 11.6946583404
6.12323399574e-17 1.25663706144 14.7371145454
6.12323399574e-17 1.46607657168 18.1786500069
6.12323399574e-17 1.67551608191 8.77681208324
6.12323399574e-17 1.88495559215 0.279521273704
6.12323399574e-17 2.09439510239 0.31596504251
6.12323399574e-17 2.30383461263 0.0922306331385
6.12323399574e-17 2.51327412287 0.0810861516367
6.12323399574e-17 2.72271363311 0.443775582249
6.12323399574e-17 2.93215314335 1.19378298434
6.12323399574e-17 3.14159265359 1.74112784498
6.12323399574e-17 3.35103216383 0.273102007552
6.12323399574e-17 3.56047167407 0.549002333022
6.12323399574e-17 3.76991118431 0.765751654339
6.12323399574e-17 3.97935069455 0.912851337556
6.12323399574e-17 4.18879020479 1.19670176753
6.12323399574e-17 4.39822971503 1.15356975384
6.12323399574e-17 4.60766922527 1.76820218564
6.12323399574e-17 4.8171087355 1.41604862516
6.12323399574e-17 5.02654824574 3.15035277664
6.12323399574e-17 5.23598775598 3.55724172544
6.12323399574e-17 5.44542726622 4.81682815054
6.12323399574e-17 5.65486677646 3.78144199426
6.12323399574e-17 5.8643062867 3.69824365962
6.12323399574e-17 6.07374579694 0.577283886121

0.0666666666667 0 0.984680467733
0.0666666666667 0.209439510239 0.616180636828
0.0666666666667 0.418879020479 0.508733409656
0.0666666666667 0.628318530718 0.95741148484
0.0666666666667 0.837758040957 6.35573169439
0.0666666666667 1.0471975512 12.2536113267
0.0666666666667 1.25663706144 14.7947206428
0.0666666666667 1.46607657168 18.1804069571
0.0666666666667 1.67551608191 8.3844294532
0.0666666666667 1.88495559215 0.292349300995
0.0666666666667 2.09439510239 0.312379631113
0.0666666666667 2.30383461263 0.0932721316944
0.0666666666667 2.51327412287 0.0854595187374
0.0666666666667 2.72271363311 0.427877149274
0.0666666666667 2.93215314335 1.17007920456
0.0666666666667 3.14159265359 1.75640580525
0.0666666666667 3.35103216383 0.304810676498
0.0666666666667 3.56047167407 0.556043164861
0.0666666666667 3.76991118431 0.853787375971
0.0666666666667 3.97935069455 1.03232685337
0.0666666666667 4.18879020479 1.24558565819
0.0666666666667 4.39822971503 1.2077340975
0.0666666666667 4.60766922527 1.77316309334
0.0666666666667 4.8171087355 1.39390926875
0.0666666666667 5.02654824574 3.18163637236
0.0666666666667 5.23598775598 3.5677428032
0.0666666666667 5.44542726622 4.86633960608
0.0666666666667 5.65486677646 3.78195117965
0.0666666666667 5.8643062867 3.70190568124
0.0666666666667 6.07374579694 0.576380301921

0.133333333333 0 0.996503711536
0.133333333333 0.209439510239 0.589997047335
0.133333333333 0.418879020479 0.464403596537
0.133333333333 0.628318530718 0.672363640653
0.133333333333 0.837758040957 6.29590661418
0.133333333333 1.0471975512 12.9335398662
0.133333333333 1.25663706144 14.8461222228
0.133333333333 1.46607657168 18.1616088947
0.133333333333 1.67551608191 7.82224830517
0.133333333333 1.88495559215 0.317348226659
0.133333333333 2.09439510239 0.311029429771
0.133333333333 2.30383461263 0.0952894316877
0.133333333333 2.51327412287 0.0890921947527
0.133333333333 2.72271363311 0.405150976086
0.133333333333 2.93215314335 1.13331998682
0.133333333333 3.14159265359 1.7790016605
0.133333333333 3.35103216383 0.35957925562
0.133333333333 3.56047167407 0.532320916964
0.133333333333 3.76991118431 0.932900989485
0.133333333333 3.97935069455 1.15025827918
0.133333333333 4.18879020479 1.28489955215
0.133333333333 4.39822971503 1.27288496878
0.133333333333 4.60766922527 1.76023087168
0.133333333333 4.8171087355 1.37978479835
0.133333333333 5.02654824574 3.19398351348
0.133333333333 5.23598775598 3.56706391342
0.133333333333 5.44542726622 4.90947358214
0.133333333333 5.65486677646 3.79058216445
0.133333333333 5.8643062867 3.74285340059
0.133333333333 6.07374579694 0.59764551562

0.2 0 1.02204597677
0.2 0.209439510239 0.557697170542
0.2 0.418879020479 0.456621921013
0.2 0.628318530718 0.495082131261
0.2 0.837758040957 5.86655165436
0.2 1.0471975512 13.0848417838
0.2 1.25663706144 14.8848764813
0.2 1.46607657168 18.1004174107
0.2 1.67551608191 7.11405866196
0.2 1.88495559215 0.353784563839
0.2 2.09439510239 0.311871219693
0.2 2.30383461263 0.0984113731704
0.2 2.51327412287 0.0919769643652
0.2 2.72271363311 0.378492227604
0.2 2.93215314335 1.08483770622
0.2 3.14159265359 1.80005768688
0.2 3.35103216383 0.449648208208
0.2 3.56047167407 0.478741222061
0.2 3.76991118431 0.980598879463
0.2 3.97935069455 1.24772526458
0.2 4.18879020479 1.31129631433
0.2 4.39822971503 1.35091408685
0.2 4.60766922527 1.7198262218
0.2 4.8171087355 1.3809078225
0.2 5.02654824574 3.18727565617
0.2 5.23598775598 3.55463050128
0.2 5.44542726622 4.9475768989
0.2 5.65486677646 3.80710190852
0.2 5.8643062867 3.82475059419
0.2 6.07374579694 0.642376735712

0.266666666667 0 1.06671599477
0.266666666667 0.209439510239 0.520749441298
0.266666666667 0.418879020479 0.48071404852
0.266666666667 0.628318530718 0.50548337129
0.266666666667 0.837758040957 4.37544248602
0.266666666667 1.0471975512 11.9498749875
0.266666666667 1.25663706144 14.9719538398
0.266666666667 1.46607657168 17.9472705441
0.266666666667 1.67551608191 6.30578831712
0.266666666667 1.88495559215 0.399787893501
0.266666666667 2.09439510239 0.314608296113
0.266666666667 2.30383461263 0.102920106675
0.266666666667 2.51327412287 0.0941321772322
0.266666666667 2.72271363311 0.351903635279
0.266666666667 2.93215314335 1.02667160574
0.266666666667 3.14159265359 1.80936662176
0.266666666667 3.35103216383 0.588289381158
0.266666666667 3.56047167407 0.410194426168
0.266666666667 3.76991118431 0.968692148804
0.266666666667 3.97935069455 1.29773518239
0.266666666667 4.18879020479 1.32333303115
0.266666666667 4.39822971503 1.44101320999
0.266666666667 4.60766922527 1.64055322709
0.266666666667 4.8171087355 1.40602903763
0.266666666667 5.02654824574 3.16263656975
0.266666666667 5.23598775598 3.52858425513
0.266666666667 5.44542726622 4.98123849293
0.266666666667 5.65486677646 3.83022747837
0.266666666667 5.8643062867 3.95107398622
0.266666666667 6.07374579694 0.715183002987

0.333333333333 0 1.13911389763
0.333333333333 0.209439510239 0.486601140577
0.333333333333 0.418879020479 0.528300973046
0.333333333333 0.628318530718 0.701970391699
0.333333333333 0.837758040957 3.49289332254
0.333333333333 1.0471975512 10.328338601
0.333333333333 1.25663706144 15.2441176145
0.333333333333 1.46607657168 17.5930288924
0.333333333333 1.67551608191 5.47211334948
0.333333333333 1.88495559215 0.452025439442
0.333333333333 2.09439510239 0.318542408569
0.333333333333 2.30383461263 0.109281535525
0.333333333333 2.51327412287 0.0955995204475
0.333333333333 2.72271363311 0.33012593501
0.333333333333 2.93215314335 0.961715974004
0.333333333333 3.14159265359 1.79982220844
0.333333333333 3.35103216383 0.779898607652
0.333333333333 3.56047167407 0.366592660457
0.333333333333 3.76991118431 0.882172960468
0.333333333333 3.97935069455 1.27618396598
0.333333333333 4.18879020479 1.32533332227
0.333333333333 4.39822971503 1.53477884908
0.333333333333 4.60766922527 1.51375631599
0.333333333333 4.8171087355 1.46328803753
0.333333333333 5.02654824574 3.12360779779
0.333333333333 5.23598775598 3.48569183366
0.333333333333 5.44542726622 5.01009106737
0.333333333333 5.65486677646 3.85738838278
0.333333333333 5.8643062867 4.12477404904
0.333333333333 6.07374579694 0.824535666949

0.4 0 1.25131902955
0.4 0.209439510239 0.477103633051
0.4 0.418879020479 0.571127690799
0.4 0.628318530718 1.02968437744
0.4 0.837758040957 3.54153247024
0.4 1.0471975512 9.63129431442
0.4 1.25663706144 15.7799817293
0.4 1.46607657168 16.8107277604
0.4 1.67551608191 4.71049292318
0.4 1.88495559215 0.506567247476
0.4 2.09439510239 0.32257104626
0.4 2.30383461263 0.118185119728
0.4 2.51327412287 0.0965262630324
0.4 2.72271363311 0.317660268476
0.4 2.93215314335 0.893016252944
0.4 3.14159265359 1.77496693417
0.4 3.35103216383 1.00464193009
0.4 3.56047167407 0.414628525275
0.4 3.76991118431 0.75104713645
0.4 3.97935069455 1.18577586198
0.4 4.18879020479 1.33131317496
0.4 4.39822971503 1.61010493917
0.4 4.60766922527 1.34165869352
0.4 4.8171087355 1.5560801979
0.4 5.02654824574 3.07743212733
0.4 5.23598775598 3.4214255172
0.4 5.44542726622 5.03248045231
0.4 5.65486677646 3.88439829802
0.4 5.8643062867 4.34722247865
0.4 6.07374579694 0.984205615246

0.466666666667 0 1.4175659912
0.466666666667 0.209439510239 0.532509762286
0.466666666667 0.418879020479 0.538352620799
0.466666666667 0.628318530718 1.53260966535
0.466666666667 0.837758040957 4.37096424635
0.466666666667 1.0471975512 11.0330278664
0.466666666667 1.25663706144 16.2777844331
0.466666666667 1.46607657168 15.2549581486
0.466666666667 1.67551608191 4.11569546337
0.466666666667 1.88495559215 0.562297888581
0.466666666667 2.09439510239 0.325671897646
0.466666666667 2.30383461263 0.130584572394
0.466666666667 2.51327412287 0.09746100214
0.466666666667 2.72271363311 0.316774679259
0.466666666667 2.93215314335 0.821696677393
0.466666666667 3.14159265359 1.75686197399
0.466666666667 3.35103216383 1.21220954182
0.466666666667 3.56047167407 0.620953340253
0.466666666667 3.76991118431 0.674239596524
0.466666666667 3.97935069455 1.08365147073
0.466666666667 4.18879020479 1.36344625813
0.466666666667 4.39822971503 1.62930031442
0.466666666667 4.60766922527 1.14791097727
0.466666666667 4.8171087355 1.67749030398
0.466666666667 5.02654824574 3.03548614493
0.466666666667 5.23598775598 3.33054163363
0.466666666667 5.44542726622 5.04493127841
0.466666666667 5.65486677646 3.9050084674
0.466666666667 5.8643062867 4.61602285469
0.466666666667 6.07374579694 1.21621210688

0.533333333333 0 1.64801331781
0.533333333333 0.209439510239 0.711897857555
0.533333333333 0.418879020479 0.403933474787
0.533333333333 0.628318530718 2.15317260838
0.533333333333 0.837758040957 8.47515935174
0.533333333333 1.0471975512 13.886682061
0.533333333333 1.25663706144 16.0501770159
0.533333333333 1.46607657168 12.938743937
0.533333333333 1.67551608191 3.74294254612
0.533333333333 1.88495559215 0.626686845472
0.533333333333 2.09439510239 0.328726812282
0.533333333333 2.30383461263 0.147710475541
0.533333333333 2.51327412287 0.100137002842
0.533333333333 2.72271363311 0.324324042167
0.533333333333 2.93215314335 0.743858991505
0.533333333333 3.14159265359 1.78441472834
0.533333333333 3.35103216383 1.35863257809
0.533333333333 3.56047167407 0.984164672329
0.533333333333 3.76991118431 0.792477206267
0.533333333333 3.97935069455 1.08311408681
0.533333333333 4.18879020479 1.43688871236
0.533333333333 4.39822971503 1.55329894678
0.533333333333 4.60766922527 0.983689556923
0.533333333333 4.8171087355 1.80795216413
0.533333333333 5.02654824574 3.01042614212
0.533333333333 5.23598775598 3.20877301355
0.533333333333 5.44542726622 5.04130503078
0.533333333333 5.65486677646 3.91032546263
0.533333333333 5.8643062867 4.92097000389
0.533333333333 6.07374579694 1.55601127186

0.6 0 1.93706072606
0.6 0.209439510239 1.11765982208
0.6 0.418879020479 0.367245050818
0.6 0.628318530718 1.76401730768
0.6 0.837758040957 7.24899398632
0.6 1.0471975512 11.7023968689
0.6 1.25663706144 13.921718473
0.6 1.46607657168 10.977945564
0.6 1.67551608191 3.58644007547
0.6 1.88495559215 0.716011973207
0.6 2.09439510239 0.339588529054
0.6 2.30383461263 0.170974976985
0.6 2.51327412287 0.109257749208
0.6 2.72271363311 0.328665002988
0.6 2.93215314335 0.649194955317
0.6 3.14159265359 1.87819798008
0.6 3.35103216383 1.4869119825
0.6 3.56047167407 1.37692920634
0.6 3.76991118431 1.16934584446
0.6 3.97935069455 1.28095317231
0.6 4.18879020479 1.53019265677
0.6 4.39822971503 1.37918080911
0.6 4.60766922527 0.912619646699
0.6 4.8171087355 1.92712393606
0.6 5.02654824574 3.00528134294
0.6 5.23598775598 3.05670916313
0.6 5.44542726622 5.0114859989
0.6 5.65486677646 3.88809415394
0.6 5.8643062867 5.23704151487
0.6 6.07374579694 2.05918286954

0.666666666667 0 2.25981164625
0.666666666667 0.209439510239 1.91466074801
0.666666666667 0.418879020479 0.688067523459
0.666666666667 0.628318530718 1.21859293105
0.666666666667 0.837758040957 4.15321619908
0.666666666667 1.0471975512 7.95522605213
0.666666666667 1.25663706144 9.85882882016
0.666666666667 1.46607657168 9.96823827462
0.666666666667 1.67551608191 3.59149467178
0.666666666667 1.88495559215 0.830473850295
0.666666666667 2.09439510239 0.384378047984
0.666666666667 2.30383461263 0.201603004762
0.666666666667 2.51327412287 0.135979530756
0.666666666667 2.72271363311 0.312270193364
0.666666666667 2.93215314335 0.526739124941
0.666666666667 3.14159265359 1.94608019388
0.666666666667 3.35103216383 1.7167880148
0.666666666667 3.56047167407 1.65319698431
0.666666666667 3.76991118431 1.64389285502
0.666666666667 3.97935069455 1.61124184202
0.666666666667 4.18879020479 1.57476924825
0.666666666667 4.39822971503 1.16877954501
0.666666666667 4.60766922527 0.958287756498
0.666666666667 4.8171087355 2.04976245784
0.666666666667 5.02654824574 2.9892265715
0.666666666667 5.23598775598 2.88743171593
0.666666666667 5.44542726622 4.93932119357
0.666666666667 5.65486677646 3.821869436
0.666666666667 5.8643062867 5.51288665302
0.666666666667 6.07374579694 2.80208001321

0.733333333333 0 2.60912403861
0.733333333333 0.209439510239 3.12076197916
0.733333333333 0.418879020479 1.77892301625
0.733333333333 0.628318530718 1.43609763591
0.733333333333 0.837758040957 2.74127257936
0.733333333333 1.0471975512 5.06799444836
0.733333333333 1.25663706144 8.40209015118
0.733333333333 1.46607657168 8.706748602
0.733333333333 1.67551608191 3.65326072535
0.733333333333 1.88495559215 0.906161499815
0.733333333333 2.09439510239 0.522597135988
0.733333333333 2.30383461263 0.239916823426
0.733333333333 2.51327412287 0.202815723741
0.733333333333 2.72271363311 0.272650855797
0.733333333333 2.93215314335 0.379679381881
0.733333333333 3.14159265359 1.74846129482
0.733333333333 3.35103216383 1.97298999983
0.733333333333 3.56047167407 1.81732380533
0.733333333333 3.76991118431 1.90427797244
0.733333333333 3.97935069455 1.80141138111
0.733333333333 4.18879020479 1.4766909442
0.733333333333 4.39822971503 0.981095048466
0.733333333333 4.60766922527 1.07905147032
0.733333333333 4.8171087355 2.26008135609
0.733333333333 5.02654824574 2.86683619788
0.733333333333 5.23598775598 2.7389982193
0.733333333333 5.44542726622 4.79930843065
0.733333333333 5.65486677646 3.69012943868
0.733333333333 5.8643062867 5.65346147352
0.733333333333 6.07374579694 3.84813796994

0.8 0 3.12534075016
0.8 0.209439510239 4.08592438393
0.8 0.418879020479 4.10609601526
0.8 0.628318530718 3.4024858137
0.8 0.837758040957 3.84694623556
0.8 1.0471975512 5.83649734776
0.8 1.25663706144 8.44978355286
0.8 1.46607657168 7.00133560879
0.8 1.67551608191 3.40990823424
0.8 1.88495559215 0.89042430447
0.8 2.09439510239 0.825924334328
0.8 2.30383461263 0.286055719691
0.8 2.51327412287 0.343821977049
0.8 2.72271363311 0.270609362648
0.8 2.93215314335 0.234307125044
0.8 3.14159265359 1.24829726395
0.8 3.35103216383 1.77258029988
0.8 3.56047167407 1.69119626259
0.8 3.76991118431 1.65267844615
0.8 3.97935069455 1.47348690469
0.8 4.18879020479 1.07313533649
0.8 4.39822971503 0.809009218644
0.8 4.60766922527 1.37617202373
0.8 4.8171087355 2.59815950443
0.8 5.02654824574 2.49184830054
0.8 5.23598775598 2.68700275529
0.8 5.44542726622 4.55088033029
0.8 5.65486677646 3.46531944388
0.8 5.8643062867 5.49829409644
0.8 6.07374579694 5.10980828885

0.866666666667 0 4.28414633791
0.866666666667 0.209439510239 4.10152984323
0.866666666667 0.418879020479 5.3812569366
0.866666666667 0.628318530718 6.33591987764
0.866666666667 0.837758040957 7.01461817774
0.866666666667 1.0471975512 7.59744811638
0.866666666667 1.25663706144 7.09235772162
0.866666666667 1.46607657168 5.02279103268
0.866666666667 1.67551608191 2.25271743222
0.866666666667 1.88495559215 1.16248917595
0.866666666667 2.09439510239 1.21028644429
0.866666666667 2.30383461263 0.352208085139
0.866666666667 2.51327412287 0.582949202911
0.866666666667 2.72271363311 0.466017004504
0.866666666667 2.93215314335 0.144688723328
0.866666666667 3.14159265359 0.805820376742
0.866666666667 3.35103216383 1.2781739693
0.866666666667 3.56047167407 1.16124350089
0.866666666667 3.76991118431 0.939346810632
0.866666666667 3.97935069455 0.769520983794
0.866666666667 4.18879020479 0.758451587585
0.866666666667 4.39822971503 1.21680052279
0.866666666667 4.60766922527 2.18138580786
0.866666666667 4.8171087355 2.5635361245
0.866666666667 5.02654824574 1.8662979043
0.866666666667 5.23598775598 2.82510767071
0.866666666667 5.44542726622 4.12670723931
0.866666666667 5.65486677646 3.11213869424
0.866666666667 5.8643062867 4.80905663819
0.866666666667 6.07374579694 6.02530610874

0.933333333333 0 5.59110538623
0.933333333333 0.209439510239 4.78522728586
0.933333333333 0.418879020479 4.24559643781
0.933333333333 0.628318530718 4.30351401171
0.933333333333 0.837758040957 4.40821032419
0.933333333333 1.0471975512 4.11278235947
0.933333333333 1.25663706144 3.3297223794
0.933333333333 1.46607657168 2.43817193508
0.933333333333 1.67551608191 2.06920849362
0.933333333333 1.88495559215 1.96209329578
0.933333333333 2.09439510239 1.21247478825
0.933333333333 2.30383461263 0.508634562769
0.933333333333 2.51327412287 0.900647427393
0.933333333333 2.72271363311 1.01172347245
0.933333333333 2.93215314335 0.454817008065
0.933333333333 3.14159265359 0.41519396131
0.933333333333 3.35103216383 0.917294112464
0.933333333333 3.56047167407 1.35606482674
0.933333333333 3.76991118431 1.57805612378
0.933333333333 3.97935069455 1.74709742976
0.933333333333 4.18879020479 1.96953854833
0.933333333333 4.39822971503 2.11475193002
0.933333333333 4.60766922527 1.89393626957
0.933333333333 4.8171087355 1.43443777822
0.933333333333 5.02654824574 1.75281779357
0.933333333333 5.23598775598 3.07846183137
0.933333333333 5.44542726622 3.39683080294
0.933333333333 5.65486677646 2.57880117436
0.933333333333 5.8643062867 3.33612741037
0.933333333333 6.07374579694 5.16291385663

