-1 0 0.0637779856243
-1 0.209439510239 0.0637779856241
-1 0.418879020479 0.063777985624
-1 0.628318530718 0.063777985624
-1 0.837758040957 0.063777985624
-1 1.0471975512 0.0637779856242
-1 1.25663706144 0.0637779856243
-1 1.46607657168 0.0637779856243
-1 1.67551608191 0.0637779856242
-1 1.88495559215 0.0637779856241
-1 2.09439510239 0.063777985624
-1 2.30383461263 0.063777985624
-1 2.51327412287 0.0637779856241
-1 2.72271363311 0.0637779856242
-1 2.93215314335 0.0637779856243
-1 3.14159265359 0.0637779856243
-1 3.35103216383 0.0637779856241
-1 3.56047167407 0.063777985624
-1 3.76991118431 0.063777985624
-1 3.97935069455 0.063777985624
-1 4.18879020479 0.0637779856242
-1 4.39822971503 0.0637779856243
-1 4.60766922527 0.0637779856243
-1 4.8171087355 0.0637779856242
-1 5.02654824574 0.0637779856241
-1 5.23598775598 0.063777985624
-1 5.44542726622 0.063777985624
-1 5.65486677646 0.0637779856241
-1 5.8643062867 0.0637779856242
-1 6.07374579694 0.0637779856243

-0.933333333333 0 0.341730737708
-0.933333333333 0.209439510239 0.307599051442
-0.933333333333 0.418879020479 0.254407111908
-0.933333333333 0.628318530718 0.238393502407
-0.933333333333 0.837758040957 0.246176562558
-0.933333333333 1.0471975512 0.239118834754
-0.933333333333 1.25663706144 0.182816928881
-0.933333333333 1.46607657168 0.0866562749415
-0.933333333333 1.67551608191 0.021075711739
-0.933333333333 1.88495559215 0.0169633272265
-0.933333333333 2.09439510239 0.0116022474138
-0.933333333333 2.30383461263 0.0206896205539
-0.933333333333 2.51327412287 0.0914810663271
-0.933333333333 2.72271363311 0.182572054013
-0.933333333333 2.93215314335 0.264165356467
-0.933333333333 3.14159265359 0.292413992756
-0.933333333333 3.35103216383 0.259107713207
-0.933333333333 3.56047167407 0.221584574803
-0.933333333333 3.76991118431 0.20669433777
-0.933333333333 3.97935069455 0.204518559646
-0.933333333333 4.18879020479 0.19770822892
-0.933333333333 4.39822971503 0.172149701737
-0.933333333333 4.60766922527 0.139348180511
-0.933333333333 4.8171087355 0.142459391654
-0.933333333333 5.02654824574 0.159282185157
-0.933333333333 5.23598775598 0.134312993692
-0.933333333333 5.44542726622 0.138241895501
-0.933333333333 5.65486677646 0.167311521737
-0.933333333333 5.8643062867 0.182520149005
-0.933333333333 6.07374579694 0.274550228139

-0.866666666667 0 0.180716556831
-0.866666666667 0.209439510239 0.128101476003
-0.866666666667 0.418879020479 0.153993148392
-0.866666666667 0.628318530718 0.155451863899
-0.866666666667 0.837758040957 0.164536586519
-0.866666666667 1.0471975512 0.223682087483
-0.866666666667 1.25663706144 0.322360254684
-0.866666666667 1.46607657168 0.326688818246
-0.866666666667 1.67551608191 0.131522405083
-0.866666666667 1.88495559215 0.0162820003613
-0.866666666667 2.09439510239 0.0396828201607
-0.866666666667 2.30383461263 0.00796096637335
-0.866666666667 2.51327412287 0.114464310605
-0.866666666667 2.72271363311 0.280002771764
-0.866666666667 2.93215314335 0.354167677813
-0.866666666667 3.14159265359 0.22104979026
-0.866666666667 3.35103216383 0.116521259146
-0.866666666667 3.56047167407 0.0833800496396
-0.866666666667 3.76991118431 0.0698505554848
-0.866666666667 3.97935069455 0.0764705763249
-0.866666666667 4.18879020479 0.111021996038
-0.866666666667 4.39822971503 0.165151342525
-0.866666666667 4.60766922527 0.162310993743
-0.866666666667 4.8171087355 0.0690132467113
-0.866666666667 5.02654824574 0.127763841505
-0.866666666667 5.23598775598 0.190672439117
-0.866666666667 5.44542726622 0.196594757157
-0.866666666667 5.65486677646 0.314664443738
-0.866666666667 5.8643062867 0.242922818047
-0.866666666667 6.07374579694 0.265260194983

-0.8 0 0.162461256509
-0.8 0.209439510239 0.283116908027
-0.8 0.418879020479 0.21414233586
-0.8 0.628318530718 0.142311887919
-0.8 0.837758040957 0.106916180397
-0.8 1.0471975512 0.0752189256177
-0.8 1.25663706144 0.116917199787
-0.8 1.46607657168 0.271691935182
-0.8 1.67551608191 0.276270219108
-0.8 1.88495559215 0.0555340526826
-0.8 2.09439510239 0.0791443747122
-0.8 2.30383461263 0.00802835869317
-0.8 2.51327412287 0.137591253771
-0.8 2.72271363311 0.346223476543
-0.8 2.93215314335 0.306029951528
-0.8 3.14159265359 0.0861482940114
-0.8 3.35103216383 0.0219797234615
-0.8 3.56047167407 0.00465913891866
-0.8 3.76991118431 0.0329329909143
-0.8 3.97935069455 0.0551749954128
-0.8 4.18879020479 0.0324608981217
-0.8 4.39822971503 0.0181795955244
-0.8 4.60766922527 0.109449367195
-0.8 4.8171087355 0.122966103794
-0.8 5.02654824574 0.0334667688336
-0.8 5.23598775598 0.165738035076
-0.8 5.44542726622 0.236681571765
-0.8 5.65486677646 0.389538121489
-0.8 5.8643062867 0.155570717248
-0.8 6.07374579694 0.160757861791

-0.733333333333 0 0.330130831731
-0.733333333333 0.209439510239 0.325393026046
-0.733333333333 0.418879020479 0.199240341191
-0.733333333333 0.628318530718 0.293021744531
-0.733333333333 0.837758040957 0.27262168913
-0.733333333333 1.0471975512 0.158689012393
-0.733333333333 1.25663706144 0.0816401620433
-0.733333333333 1.46607657168 0.117785798426
-0.733333333333 1.67551608191 0.260973283608
-0.733333333333 1.88495559215 0.106810482514
-0.733333333333 2.09439510239 0.113667784672
-0.733333333333 2.30383461263 0.0153607369247
-0.733333333333 2.51327412287 0.160155064373
-0.733333333333 2.72271363311 0.378157866747
-0.733333333333 2.93215314335 0.211428262523
-0.733333333333 3.14159265359 0.0202969743943
-0.733333333333 3.35103216383 0.00569788649225
-0.733333333333 3.56047167407 0.0739562201266
-0.733333333333 3.76991118431 0.187721271924
-0.733333333333 3.97935069455 0.224851082385
-0.733333333333 4.18879020479 0.17618938375
-0.733333333333 4.39822971503 0.0725450840625
-0.733333333333 4.60766922527 0.00606266967864
-0.733333333333 4.8171087355 0.126534892453
-0.733333333333 5.02654824574 0.0582495645683
-0.733333333333 5.23598775598 0.106187702784
-0.733333333333 5.44542726622 0.267479089374
-0.733333333333 5.65486677646 0.371604361047
-0.733333333333 5.8643062867 0.079494263038
-0.733333333333 6.07374579694 0.176785457874

-0.666666666667 0 0.378025987237
-0.666666666667 0.209439510239 0.170978055818
-0.666666666667 0.418879020479 0.299776074343
-0.666666666667 0.628318530718 0.504143219329
-0.666666666667 0.837758040957 0.396952651266
-0.666666666667 1.0471975512 0.21340278057
-0.666666666667 1.25663706144 0.122874232823
-0.666666666667 1.46607657168 0.0918521782631
-0.666666666667 1.67551608191 0.169502863226
-0.666666666667 1.88495559215 0.137098816111
-0.666666666667 2.09439510239 0.136737804181
-0.666666666667 2.30383461263 0.0261406141258
-0.666666666667 2.51327412287 0.181430253387
-0.666666666667 2.72271363311 0.383359583578
-0.666666666667 2.93215314335 0.126788701837
-0.666666666667 3.14159265359 0.00991879246208
-0.666666666667 3.35103216383 0.0404193682192
-0.666666666667 3.56047167407 0.186917869916
-0.666666666667 3.76991118431 0.28342162323
-0.666666666667 3.97935069455 0.271982554018
-0.666666666667 4.18879020479 0.23350155962
-0.666666666667 4.39822971503 0.184924866753
-0.666666666667 4.60766922527 0.0751965530475
-0.666666666667 4.8171087355 0.0522227674506
-0.666666666667 5.02654824574 0.128658453765
-0.666666666667 5.23598775598 0.0603260796226
-0.666666666667 5.44542726622 0.296972540738
-0.666666666667 5.65486677646 0.312685249139
-0.666666666667 5.8643062867 0.0762512757813
-0.666666666667 6.07374579694 0.239742740999

-0.6 0 0.278209645563
-0.6 0.209439510239 0.089599713595
-0.6 0.418879020479 0.471379806117
-0.6 0.628318530718 0.566154877226
-0.6 0.837758040957 0.40575211785
-0.6 1.0471975512 0.208469491082
-0.6 1.25663706144 0.101239514223
-0.6 1.46607657168 0.128209167923
-0.6 1.67551608191 0.105094396744
-0.6 1.88495559215 0.139598038494
-0.6 2.09439510239 0.148009341905
-0.6 2.30383461263 0.0379440678622
-0.6 2.51327412287 0.20100700023
-0.6 2.72271363311 0.371767896318
-0.6 2.93215314335 0.0687899219896
-0.6 3.14159265359 0.0237604961763
-0.6 3.35103216383 0.0911164101895
-0.6 3.56047167407 0.246504794925
-0.6 3.76991118431 0.246944013372
-0.6 3.97935069455 0.192148219298
-0.6 4.18879020479 0.166258063334
-0.6 4.39822971503 0.176344906844
-0.6 4.60766922527 0.210657698136
-0.6 4.8171087355 0.0308851995434
-0.6 5.02654824574 0.16848835917
-0.6 5.23598775598 0.0348931191175
-0.6 5.44542726622 0.326946860237
-0.6 5.65486677646 0.252492951845
-0.6 5.8643062867 0.1182601439
-0.6 6.07374579694 0.264324744783

-0.533333333333 0 0.151055463819
-0.533333333333 0.209439510239 0.140057941879
-0.533333333333 0.418879020479 0.528784272389
-0.533333333333 0.628318530718 0.453765089049
-0.533333333333 0.837758040957 0.38000795137
-0.533333333333 1.0471975512 0.24228677386
-0.533333333333 1.25663706144 0.0630611225001
-0.533333333333 1.46607657168 0.139316228646
-0.533333333333 1.67551608191 0.0930454489667
-0.533333333333 1.88495559215 0.123786701103
-0.533333333333 2.09439510239 0.150097761575
-0.533333333333 2.30383461263 0.0493806584498
-0.533333333333 2.51327412287 0.218776820488
-0.533333333333 2.72271363311 0.351546806387
-0.533333333333 2.93215314335 0.0361143598989
-0.533333333333 3.14159265359 0.0419821375917
-0.533333333333 3.35103216383 0.134286796019
-0.533333333333 3.56047167407 0.241352995061
-0.533333333333 3.76991118431 0.184713811939
-0.533333333333 3.97935069455 0.151161369224
-0.533333333333 4.18879020479 0.126447172695
-0.533333333333 4.39822971503 0.104518302483
-0.533333333333 4.60766922527 0.263649577483
-0.533333333333 4.8171087355 0.0815155781576
-0.533333333333 5.02654824574 0.168774339632
-0.533333333333 5.23598775598 0.0228107425348
-0.533333333333 5.44542726622 0.356338244009
-0.533333333333 5.65486677646 0.204741118122
-0.533333333333 5.8643062867 0.169583999065
-0.533333333333 6.07374579694 0.242062187679

-0.466666666667 0 0.0703396178955
-0.466666666667 0.209439510239 0.230040012925
-0.466666666667 0.418879020479 0.443256939711
-0.466666666667 0.628318530718 0.30495917956
-0.466666666667 0.837758040957 0.389244798412
-0.466666666667 1.0471975512 0.339650000458
-0.466666666667 1.25663706144 0.0686329781052
-0.466666666667 1.46607657168 0.11291859088
-0.466666666667 1.67551608191 0.114620647408
-0.466666666667 1.88495559215 0.101581635699
-0.466666666667 2.09439510239 0.146354135102
-0.466666666667 2.30383461263 0.05976067729
-0.466666666667 2.51327412287 0.234838613771
-0.466666666667 2.72271363311 0.328196988134
-0.466666666667 2.93215314335 0.0218949449067
-0.466666666667 3.14159265359 0.0572790229059
-0.466666666667 3.35103216383 0.160293117672
-0.466666666667 3.56047167407 0.211933166826
-0.466666666667 3.76991118431 0.155857442173
-0.466666666667 3.97935069455 0.168010482168
-0.466666666667 4.18879020479 0.167106876347
-0.466666666667 4.39822971503 0.0654175440034
-0.466666666667 4.60766922527 0.222785702943
-0.466666666667 4.8171087355 0.155900336918
-0.466666666667 5.02654824574 0.148260228397
-0.466666666667 5.23598775598 0.0179799131545
-0.466666666667 5.44542726622 0.383732622679
-0.466666666667 5.65486677646 0.170364304166
-0.466666666667 5.8643062867 0.211607699766
-0.466666666667 6.07374579694 0.195213011821

-0.4 0 0.0409368587607
-0.4 0.209439510239 0.287849405587
-0.4 0.418879020479 0.31503538694
-0.4 0.628318530718 0.222552988688
-0.4 0.837758040957 0.430016314328
-0.4 1.0471975512 0.45884605459
-0.4 1.25663706144 0.122818485947
-0.4 1.46607657168 0.0729684098282
-0.4 1.67551608191 0.145007853672
-0.4 1.88495559215 0.0809621341738
-0.4 2.09439510239 0.139727046474
-0.4 2.30383461263 0.0688331183749
-0.4 2.51327412287 0.249403087976
-0.4 2.72271363311 0.305003196051
-0.4 2.93215314335 0.0190601202908
-0.4 3.14159265359 0.0684763089465
-0.4 3.35103216383 0.17044554966
-0.4 3.56047167407 0.187512291723
-0.4 3.76991118431 0.14512435833
-0.4 3.97935069455 0.180489555657
-0.4 4.18879020479 0.215545411845
-0.4 4.39822971503 0.072693295676
-0.4 4.60766922527 0.156578576128
-0.4 4.8171087355 0.2169411176
-0.4 5.02654824574 0.124021581184
-0.4 5.23598775598 0.0170464823202
-0.4 5.44542726622 0.408211844104
-0.4 5.65486677646 0.146515307082
-0.4 5.8643062867 0.239483815677
-0.4 6.07374579694 0.144354038227

-0.333333333333 0 0.0427986951604
-0.333333333333 0.209439510239 0.300888703401
-0.333333333333 0.418879020479 0.221904918341
-0.333333333333 0.628318530718 0.210834710028
-0.333333333333 0.837758040957 0.466678261671
-0.333333333333 1.0471975512 0.552926414098
-0.333333333333 1.25663706144 0.199133609288
-0.333333333333 1.46607657168 0.0397725452699
-0.333333333333 1.67551608191 0.169182147603
-0.333333333333 1.88495559215 0.0654037478093
-0.333333333333 2.09439510239 0.13236839744
-0.333333333333 2.30383461263 0.0765981395281
-0.333333333333 2.51327412287 0.262718477013
-0.333333333333 2.72271363311 0.283728418706
-0.333333333333 2.93215314335 0.022132329658
-0.333333333333 3.14159265359 0.076159513227
-0.333333333333 3.35103216383 0.171165458651
-0.333333333333 3.56047167407 0.173495396191
-0.333333333333 3.76991118431 0.133661407573
-0.333333333333 3.97935069455 0.164838095624
-0.333333333333 4.18879020479 0.216510460907
-0.333333333333 4.39822971503 0.0962268221496
-0.333333333333 4.60766922527 0.109759795242
-0.333333333333 4.8171087355 0.252544431482
-0.333333333333 5.02654824574 0.104142776142
-0.333333333333 5.23598775598 0.0183145680734
-0.333333333333 5.44542726622 0.429424530373
-0.333333333333 5.65486677646 0.130006402423
-0.333333333333 5.8643062867 0.254735431942
-0.333333333333 6.07374579694 0.10061340054

-0.266666666667 0 0.0571551378634
-0.266666666667 0.209439510239 0.286022784778
-0.266666666667 0.418879020479 0.178260304374
-0.266666666667 0.628318530718 0.233569051043
-0.266666666667 0.837758040957 0.476981284188
-0.266666666667 1.0471975512 0.601834129388
-0.266666666667 1.25663706144 0.271104306846
-0.266666666667 1.46607657168 0.0201629256771
-0.266666666667 1.67551608191 0.182567622456
-0.266666666667 1.88495559215 0.0553920066817
-0.266666666667 2.09439510239 0.125638809166
-0.266666666667 2.30383461263 0.0831821395784
-0.266666666667 2.51327412287 0.275019088121
-0.266666666667 2.72271363311 0.265185867876
-0.266666666667 2.93215314335 0.0274681435478
-0.266666666667 3.14159265359 0.0810616305835
-0.266666666667 3.35103216383 0.168398576628
-0.266666666667 3.56047167407 0.166431588503
-0.266666666667 3.76991118431 0.119640716354
-0.266666666667 3.97935069455 0.147764724318
-0.266666666667 4.18879020479 0.190771969415
-0.266666666667 4.39822971503 0.114525989125
-0.266666666667 4.60766922527 0.0884641508415
-0.266666666667 4.8171087355 0.266162792958
-0.266666666667 5.02654824574 0.0902685306662
-0.266666666667 5.23598775598 0.0208778512638
-0.266666666667 5.44542726622 0.447423492162
-0.266666666667 5.65486677646 0.118235329808
-0.266666666667 5.8643062867 0.260731258162
-0.266666666667 6.07374579694 0.0675211567549

-0.2 0 0.0727623610718
-0.2 0.209439510239 0.261137655883
-0.2 0.418879020479 0.167796969347
-0.2 0.628318530718 0.259715385344
-0.2 0.837758040957 0.459515362094
-0.2 1.0471975512 0.609553329797
-0.2 1.25663706144 0.324798562195
-0.2 1.46607657168 0.0120855861969
-0.2 1.67551608191 0.186561244411
-0.2 1.88495559215 0.0499903366401
-0.2 2.09439510239 0.120280265975
-0.2 2.30383461263 0.0887602568009
-0.2 2.51327412287 0.286490414787
-0.2 2.72271363311 0.249633643854
-0.2 2.93215314335 0.0329182961846
-0.2 3.14159265359 0.0837193090373
-0.2 3.35103216383 0.16556854163
-0.2 3.56047167407 0.163356458623
-0.2 3.76991118431 0.109452795573
-0.2 3.97935069455 0.148784107256
-0.2 4.18879020479 0.171030637018
-0.2 4.39822971503 0.122997785441
-0.2 4.60766922527 0.0840638304541
-0.2 4.8171087355 0.266253087188
-0.2 5.02654824574 0.0812846324786
-0.2 5.23598775598 0.0242050985581
-0.2 5.44542726622 0.462483463343
-0.2 5.65486677646 0.109268319075
-0.2 5.8643062867 0.26072810656
-0.2 6.07374579694 0.0445259938023

-0.133333333333 0 0.0846569242417
-0.133333333333 0.209439510239 0.236118979287
-0.133333333333 0.418879020479 0.171646625933
-0.133333333333 0.628318530718 0.274841919689
-0.133333333333 0.837758040957 0.424294726609
-0.133333333333 1.0471975512 0.590681063308
-0.133333333333 1.25663706144 0.357602349173
-0.133333333333 1.46607657168 0.0107114326519
-0.133333333333 1.67551608191 0.184492848679
-0.133333333333 1.88495559215 0.0478810656882
-0.133333333333 2.09439510239 0.116625256637
-0.133333333333 2.30383461263 0.0935125800351
-0.133333333333 2.51327412287 0.29724369093
-0.133333333333 2.72271363311 0.237026820298
-0.133333333333 2.93215314335 0.0373802222585
-0.133333333333 3.14159265359 0.084473700018
-0.133333333333 3.35103216383 0.163985797088
-0.133333333333 3.56047167407 0.16368539118
-0.133333333333 3.76991118431 0.106701476141
-0.133333333333 3.97935069455 0.162802163775
-0.133333333333 4.18879020479 0.162408174669
-0.133333333333 4.39822971503 0.124750510804
-0.133333333333 4.60766922527 0.0876933650428
-0.133333333333 4.8171087355 0.260213031712
-0.133333333333 5.02654824574 0.075512663101
-0.133333333333 5.23598775598 0.0279717652158
-0.133333333333 5.44542726622 0.474960873065
-0.133333333333 5.65486677646 0.101714502497
-0.133333333333 5.8643062867 0.257252361403
-0.133333333333 6.07374579694 0.0295927842675

-0.0666666666667 0 0.0916451268292
-0.0666666666667 0.209439510239 0.214253291404
-0.0666666666667 0.418879020479 0.177821975255
-0.0666666666667 0.628318530718 0.276940486847
-0.0666666666667 0.837758040957 0.383404947727
-0.0666666666667 1.0471975512 0.560765523044
-0.0666666666667 1.25663706144 0.372848160284
-0.0666666666667 1.46607657168 0.0119518717536
-0.0666666666667 1.67551608191 0.179428352034
-0.0666666666667 1.88495559215 0.047904196584
-0.0666666666667 2.09439510239 0.114780155059
-0.0666666666667 2.30383461263 0.097603574685
-0.0666666666667 2.51327412287 0.307293466933
-0.0666666666667 2.72271363311 0.227172942505
-0.0666666666667 2.93215314335 0.0404401392609
-0.0666666666667 3.14159265359 0.0835109840935
-0.0666666666667 3.35103216383 0.163700121128
-0.0666666666667 3.56047167407 0.168550590936
-0.0666666666667 3.76991118431 0.110607178732
-0.0666666666667 3.97935069455 0.177906033537
-0.0666666666667 4.18879020479 0.159356083501
-0.0666666666667 4.39822971503 0.123473841991
-0.0666666666667 4.60766922527 0.0939685394408
-0.0666666666667 4.8171087355 0.25254463453
-0.0666666666667 5.02654824574 0.071591345107
-0.0666666666667 5.23598775598 0.0319911749265
-0.0666666666667 5.44542726622 0.485199367941
-0.0666666666667 5.65486677646 0.0945921853496
-0.0666666666667 5.8643062867 0.25203097135
-0.0666666666667 6.07374579694 0.0206007432172

6.12323399574e-17 0 0.0944018543969
6.12323399574e-17 0.209439510239 0.195385178024
6.12323399574e-17 0.418879020479 0.181075249135
6.12323399574e-17 0.628318530718 0.269663409436
6.12323399574e-17 0.837758040957 0.346402985487
6.12323399574e-17 1.0471975512 0.532271080076
6.12323399574e-17 1.25663706144 0.375306875283
6.12323399574e-17 1.46607657168 0.0135716337102
6.12323399574e-17 1.67551608191 0.173413610448
6.12323399574e-17 1.88495559215 0.0492642450487
6.12323399574e-17 2.09439510239 0.11475916897
6.12323399574e-17 2.30383461263 0.101178262222
6.12323399574e-17 2.51327412287 0.316532461377
6.12323399574e-17 2.72271363311 0.219829008491
6.12323399574e-17 2.93215314335 0.0421543281296
6.12323399574e-17 3.14159265359 0.0809181627591
6.12323399574e-17 3.35103216383 0.16394370576
6.12323399574e-17 3.56047167407 0.180043691666
6.12323399574e-17 3.76991118431 0.119479887407
6.12323399574e-17 3.97935069455 0.186130821412
6.12323399574e-17 4.18879020479 0.157883677587
6.12323399574e-17 4.39822971503 0.121314497507
6.12323399574e-17 4.60766922527 0.100539763
6.12323399574e-17 4.8171087355 0.245233592393
6.12323399574e-17 5.02654824574 0.0686910781896
6.12323399574e-17 5.23598775598 0.0361799094662
6.12323399574e-17 5.44542726622 0.493469533735
6.12323399574e-17 5.65486677646 0.0872377877986
6.12323399574e-17 5.8643062867 0.246096038906
6.12323399574e-17 6.07374579694 0.0159301262065

0.0666666666667 0 0.094397409976
0.0666666666667 0.209439510239 0.178049193183
0.0666666666667 0.418879020479 0.180278434872
0.0666666666667 0.628318530718 0.257970773513
0.0666666666667 0.837758040957 0.319816275476
0.0666666666667 1.0471975512 0.513860784058
0.0666666666667 1.25663706144 0.368523626379
0.0666666666667 1.46607657168 0.0150557604252
0.0666666666667 1.67551608191 0.167483947932
0.0666666666667 1.88495559215 0.0515580329085
0.0666666666667 2.09439510239 0.116564452691
0.0666666666667 2.30383461263 0.104371615153
0.0666666666667 2.51327412287 0.324700228502
0.0666666666667 2.72271363311 0.21476776696
0.0666666666667 2.93215314335 0.0429557186363
0.0666666666667 3.14159265359 0.0768084395852
0.0666666666667 3.35103216383 0.163101263701
0.0666666666667 3.56047167407 0.200715271641
0.0666666666667 3.76991118431 0.133567072876
0.0666666666667 3.97935069455 0.186039361517
0.0666666666667 4.18879020479 0.157071066915
0.0666666666667 4.39822971503 0.119083362896
0.0666666666667 4.60766922527 0.106880728822
0.0666666666667 4.8171087355 0.238687681992
0.0666666666667 5.02654824574 0.0664950647315
0.0666666666667 5.23598775598 0.0405342548062
0.0666666666667 5.44542726622 0.499930298958
0.0666666666667 5.65486677646 0.0792625580853
0.0666666666667 5.8643062867 0.239910691438
0.0666666666667 6.07374579694 0.0146349225175

0.133333333333 0 0.0933752571867
0.133333333333 0.209439510239 0.160638817496
0.133333333333 0.418879020479 0.17605778517
0.133333333333 0.628318530718 0.24649058333
0.133333333333 0.837758040957 0.3083523223
0.133333333333 1.0471975512 0.510414175845
0.133333333333 1.25663706144 0.353427493469
0.133333333333 1.46607657168 0.0170591537103
0.133333333333 1.67551608191 0.16200747822
0.133333333333 1.88495559215 0.0547255117925
0.133333333333 2.09439510239 0.120213082412
0.133333333333 2.30383461263 0.107331122385
0.133333333333 2.51327412287 0.331341874166
0.133333333333 2.72271363311 0.211833268591
0.133333333333 2.93215314335 0.0436490826232
0.133333333333 3.14159265359 0.071580102784
0.133333333333 3.35103216383 0.158438439854
0.133333333333 3.56047167407 0.2324584395
0.133333333333 3.76991118431 0.156775943665
0.133333333333 3.97935069455 0.182306943571
0.133333333333 4.18879020479 0.15773934652
0.133333333333 4.39822971503 0.116840258919
0.133333333333 4.60766922527 0.113348203583
0.133333333333 4.8171087355 0.232478999576
0.133333333333 5.02654824574 0.0651475788694
0.133333333333 5.23598775598 0.0451104584175
0.133333333333 5.44542726622 0.504600531278
0.133333333333 5.65486677646 0.0705525753529
0.133333333333 5.8643062867 0.233466547389
0.133333333333 6.07374579694 0.0164503037178

0.2 0 0.0930150796674
0.2 0.209439510239 0.142300631
0.2 0.418879020479 0.169120687944
0.2 0.628318530718 0.239056710942
0.2 0.837758040957 0.315401662205
0.2 1.0471975512 0.521751546025
0.2 1.25663706144 0.327692168441
0.2 1.46607657168 0.020766202177
0.2 1.67551608191 0.157193548792
0.2 1.88495559215 0.0589843816555
0.2 2.09439510239 0.125710465017
0.2 2.30383461263 0.110255893418
0.2 2.51327412287 0.335756555364
0.2 2.72271363311 0.210996009952
0.2 2.93215314335 0.0454477194369
0.2 3.14159265359 0.0663409527216
0.2 3.35103216383 0.146033893611
0.2 3.56047167407 0.272895752344
0.2 3.76991118431 0.197806784848
0.2 3.97935069455 0.183886864519
0.2 4.18879020479 0.160761906629
0.2 4.39822971503 0.114372683955
0.2 4.60766922527 0.120612496553
0.2 4.8171087355 0.225727343114
0.2 5.02654824574 0.0652384363963
0.2 5.23598775598 0.0500060812861
0.2 5.44542726622 0.507334238458
0.2 5.65486677646 0.0613050419858
0.2 5.8643062867 0.226344992298
0.2 6.07374579694 0.021751350925

0.266666666667 0 0.0944480635066
0.266666666667 0.209439510239 0.124129801259
0.266666666667 0.418879020479 0.159114110329
0.266666666667 0.628318530718 0.237660052179
0.266666666667 0.837758040957 0.340913160312
0.266666666667 1.0471975512 0.539010286397
0.266666666667 1.25663706144 0.286138150902
0.266666666667 1.46607657168 0.0272122140653
0.266666666667 1.67551608191 0.153728549927
0.266666666667 1.88495559215 0.0647885016272
0.266666666667 2.09439510239 0.132963390101
0.266666666667 2.30383461263 0.113458065074
0.266666666667 2.51327412287 0.336939467154
0.266666666667 2.72271363311 0.212403513959
0.266666666667 2.93215314335 0.0499889822459
0.266666666667 3.14159265359 0.0633988014404
0.266666666667 3.35103216383 0.121709384898
0.266666666667 3.56047167407 0.307601251175
0.266666666667 3.76991118431 0.26612341128
0.266666666667 3.97935069455 0.199224713178
0.266666666667 4.18879020479 0.165198987496
0.266666666667 4.39822971503 0.11165389338
0.266666666667 4.60766922527 0.129277242582
0.266666666667 4.8171087355 0.217185675234
0.266666666667 5.02654824574 0.0678297644694
0.266666666667 5.23598775598 0.0553397948592
0.266666666667 5.44542726622 0.507793757523
0.266666666667 5.65486677646 0.0520938765968
0.266666666667 5.8643062867 0.217758287601
0.266666666667 6.07374579694 0.0314893347005

0.333333333333 0 0.0974069049115
0.333333333333 0.209439510239 0.110738028838
0.333333333333 0.418879020479 0.144432816295
0.333333333333 0.628318530718 0.239737728087
0.333333333333 0.837758040957 0.375725224614
0.333333333333 1.0471975512 0.540120315971
0.333333333333 1.25663706144 0.223533059443
0.333333333333 1.46607657168 0.036722263941
0.333333333333 1.67551608191 0.153417337442
0.333333333333 1.88495559215 0.0728557245409
0.333333333333 2.09439510239 0.14162070997
0.333333333333 2.30383461263 0.117455439977
0.333333333333 2.51327412287 0.333533444623
0.333333333333 2.72271363311 0.216392856543
0.333333333333 2.93215314335 0.059241103707
0.333333333333 3.14159265359 0.0663642321178
0.333333333333 3.35103216383 0.0841920996183
0.333333333333 3.56047167407 0.304827088888
0.333333333333 3.76991118431 0.346487187083
0.333333333333 3.97935069455 0.225008798751
0.333333333333 4.18879020479 0.16737979808
0.333333333333 4.39822971503 0.109352033496
0.333333333333 4.60766922527 0.139472754555
0.333333333333 4.8171087355 0.205146238106
0.333333333333 5.02654824574 0.0744946991761
0.333333333333 5.23598775598 0.0612253928017
0.333333333333 5.44542726622 0.505418230046
0.333333333333 5.65486677646 0.0439504104021
0.333333333333 5.8643062867 0.206603929669
0.333333333333 6.07374579694 0.0470597364477

0.4 0 0.0991382171606
0.4 0.209439510239 0.111014565783
0.4 0.418879020479 0.124716476729
0.4 0.628318530718 0.23529040536
0.4 0.837758040957 0.39508350585
0.4 1.0471975512 0.491516496814
0.4 1.25663706144 0.1413167674
0.4 1.46607657168 0.0492193246577
0.4 1.67551608191 0.159297002949
0.4 1.88495559215 0.0843402799993
0.4 2.09439510239 0.150828192757
0.4 2.30383461263 0.123100953024
0.4 2.51327412287 0.323832243287
0.4 2.72271363311 0.223375945659
0.4 2.93215314335 0.075186472145
0.4 3.14159265359 0.0788885726575
0.4 3.35103216383 0.0418933039997
0.4 3.56047167407 0.23583929457
0.4 3.76991118431 0.364107824705
0.4 3.97935069455 0.236965271446
0.4 4.18879020479 0.163293152677
0.4 4.39822971503 0.109172331664
0.4 4.60766922527 0.15035104796
0.4 4.8171087355 0.187368838315
0.4 5.02654824574 0.0872987322901
0.4 5.23598775598 0.067734059889
0.4 5.44542726622 0.499386990563
0.4 5.65486677646 0.0384315760421
0.4 5.8643062867 0.191591088796
0.4 6.07374579694 0.0699758564902

0.466666666667 0 0.0940611346814
0.466666666667 0.209439510239 0.134785671684
0.466666666667 0.418879020479 0.108084945323
0.466666666667 0.628318530718 0.21080835107
0.466666666667 0.837758040957 0.363341014537
0.466666666667 1.0471975512 0.369530163124
0.466666666667 1.25663706144 0.0567317980079
0.466666666667 1.46607657168 0.0667967526326
0.466666666667 1.67551608191 0.173923110879
0.466666666667 1.88495559215 0.101268754634
0.466666666667 2.09439510239 0.158900823276
0.466666666667 2.30383461263 0.1317358649
0.466666666667 2.51327412287 0.305935295018
0.466666666667 2.72271363311 0.233422896164
0.466666666667 2.93215314335 0.0991464472595
0.466666666667 3.14159265359 0.1011987506
0.466666666667 3.35103216383 0.0219971573632
0.466666666667 3.56047167407 0.119554699744
0.466666666667 3.76991118431 0.270999251418
0.466666666667 3.97935069455 0.213457702865
0.466666666667 4.18879020479 0.153667933814
0.466666666667 4.39822971503 0.113386139041
0.466666666667 4.60766922527 0.159808882958
0.466666666667 4.8171087355 0.161492689458
0.466666666667 5.02654824574 0.108592087341
0.466666666667 5.23598775598 0.0748376074492
0.466666666667 5.44542726622 0.48857996607
0.466666666667 5.65486677646 0.0376198526572
0.466666666667 5.8643062867 0.171533128823
0.466666666667 6.07374579694 0.101111437468

0.533333333333 0 0.0765939992166
0.533333333333 0.209439510239 0.181018431281
0.533333333333 0.418879020479 0.119167147048
0.533333333333 0.628318530718 0.169636586122
0.533333333333 0.837758040957 0.26848626854
0.533333333333 1.0471975512 0.202980212277
0.533333333333 1.25663706144 0.00619723177123
0.533333333333 1.46607657168 0.0982674131515
0.533333333333 1.67551608191 0.194334786944
0.533333333333 1.88495559215 0.127332165404
0.533333333333 2.09439510239 0.162977816701
0.533333333333 2.30383461263 0.145282073905
0.533333333333 2.51327412287 0.278261300838
0.533333333333 2.72271363311 0.245303225604
0.533333333333 2.93215314335 0.130604203332
0.533333333333 3.14159265359 0.125858464003
0.533333333333 3.35103216383 0.0658354993306
0.533333333333 3.56047167407 0.0342897707785
0.533333333333 3.76991118431 0.148219079403
0.533333333333 3.97935069455 0.170627673126
0.533333333333 4.18879020479 0.14595340186
0.533333333333 4.39822971503 0.122341875536
0.533333333333 4.60766922527 0.164989736097
0.533333333333 4.8171087355 0.126877900469
0.533333333333 5.02654824574 0.140372406896
0.533333333333 5.23598775598 0.0823270774687
0.533333333333 5.44542726622 0.47154286067
0.533333333333 5.65486677646 0.043953930074
0.533333333333 5.8643062867 0.145940016656
0.533333333333 6.07374579694 0.139172896389

0.6 0 0.0499707259317
0.6 0.209439510239 0.219370983071
0.6 0.418879020479 0.186654837323
0.6 0.628318530718 0.158141967628
0.6 0.837758040957 0.172009371565
0.6 1.0471975512 0.089932105488
0.6 1.25663706144 0.0300419382291
0.6 1.46607657168 0.157180626414
0.6 1.67551608191 0.206220390724
0.6 1.88495559215 0.168592487646
0.6 2.09439510239 0.158894856036
0.6 2.30383461263 0.165962861827
0.6 2.51327412287 0.240780207149
0.6 2.72271363311 0.254965402826
0.6 2.93215314335 0.165521286278
0.6 3.14159265359 0.137335488036
0.6 3.35103216383 0.172448413099
0.6 3.56047167407 0.065652407731
0.6 3.76991118431 0.0991917127351
0.6 3.97935069455 0.148469010691
0.6 4.18879020479 0.147460615812
0.6 4.39822971503 0.129245753008
0.6 4.60766922527 0.162756411807
0.6 4.8171087355 0.0890040436258
0.6 5.02654824574 0.182812107227
0.6 5.23598775598 0.0897103880828
0.6 5.44542726622 0.446475632117
0.6 5.65486677646 0.0597209393014
0.6 5.8643062867 0.11606045852
0.6 6.07374579694 0.178225382916

0.666666666667 0 0.0376837715661
0.666666666667 0.209439510239 0.190574178394
0.666666666667 0.418879020479 0.281143336159
0.666666666667 0.628318530718 0.234114296155
0.666666666667 0.837758040957 0.183172971727
0.666666666667 1.0471975512 0.12131328168
0.666666666667 1.25663706144 0.127829482574
0.666666666667 1.46607657168 0.234544430949
0.666666666667 1.67551608191 0.191143821712
0.666666666667 1.88495559215 0.230821373835
0.666666666667 2.09439510239 0.141904903722
0.666666666667 2.30383461263 0.194744493209
0.666666666667 2.51327412287 0.197296369951
0.666666666667 2.72271363311 0.254798938556
0.666666666667 2.93215314335 0.19588854573
0.666666666667 3.14159265359 0.121816911962
0.666666666667 3.35103216383 0.233732609107
0.666666666667 3.56047167407 0.187935052267
0.666666666667 3.76991118431 0.152334949695
0.666666666667 3.97935069455 0.163912128288
0.666666666667 4.18879020479 0.146601689284
0.666666666667 4.39822971503 0.120919453266
0.666666666667 4.60766922527 0.147710318752
0.666666666667 4.8171087355 0.0653628897857
0.666666666667 5.02654824574 0.231423838517
0.666666666667 5.23598775598 0.0961176814247
0.666666666667 5.44542726622 0.411281057058
0.666666666667 5.65486677646 0.0859586903128
0.666666666667 5.8643062867 0.0864215583342
0.666666666667 6.07374579694 0.205399797084

0.733333333333 0 0.0766864751187
0.733333333333 0.209439510239 0.0822522682655
0.733333333333 0.418879020479 0.258567159439
0.733333333333 0.628318530718 0.312977430243
0.733333333333 0.837758040957 0.276563529749
0.733333333333 1.0471975512 0.223229900136
0.733333333333 1.25663706144 0.214830683294
0.733333333333 1.46607657168 0.267838038879
0.733333333333 1.67551608191 0.161865745839
0.733333333333 1.88495559215 0.302481893629
0.733333333333 2.09439510239 0.109571203219
0.733333333333 2.30383461263 0.226539365567
0.733333333333 2.51327412287 0.157837985775
0.733333333333 2.72271363311 0.238481127978
0.733333333333 2.93215314335 0.218752675748
0.733333333333 3.14159265359 0.0973912317953
0.733333333333 3.35103216383 0.153725173706
0.733333333333 3.56047167407 0.209450182877
0.733333333333 3.76991118431 0.18406790224
0.733333333333 3.97935069455 0.149845409766
0.733333333333 4.18879020479 0.105790895361
0.733333333333 4.39822971503 0.100184405646
0.733333333333 4.60766922527 0.115502073603
0.733333333333 4.8171087355 0.0854282311529
0.733333333333 5.02654824574 0.272814831346
0.733333333333 5.23598775598 0.100289971752
0.733333333333 5.44542726622 0.36375478864
0.733333333333 5.65486677646 0.120463518832
0.733333333333 5.8643062867 0.0663862991436
0.733333333333 6.07374579694 0.203691338708

0.8 0 0.161200653484
0.8 0.209439510239 0.0403661077463
0.8 0.418879020479 0.0782870816562
0.8 0.628318530718 0.16923972889
0.8 0.837758040957 0.197248388831
0.8 1.0471975512 0.189498036134
0.8 1.25663706144 0.219592534761
0.8 1.46607657168 0.22793485041
0.8 1.67551608191 0.187156116489
0.8 1.88495559215 0.319702231351
0.8 2.09439510239 0.06824714319
0.8 2.30383461263 0.241482082189
0.8 2.51327412287 0.135254177048
0.8 2.72271363311 0.213498410304
0.8 2.93215314335 0.25794498331
0.8 3.14159265359 0.127570366333
0.8 3.35103216383 0.0481495989365
0.8 3.56047167407 0.0639138021045
0.8 3.76991118431 0.0672552281161
0.8 3.97935069455 0.0510121532936
0.8 4.18879020479 0.0536166080591
0.8 4.39822971503 0.0940658857812
0.8 4.60766922527 0.0984241598938
0.8 4.8171087355 0.172650647645
0.8 5.02654824574 0.28174301305
0.8 5.23598775598 0.100784201706
0.8 5.44542726622 0.302087257155
0.8 5.65486677646 0.154727776404
0.8 5.8643062867 0.0693124318311
0.8 6.07374579694 0.168177094251

0.866666666667 0 0.187361329521
0.866666666667 0.209439510239 0.169491449659
0.866666666667 0.418879020479 0.107972911674
0.866666666667 0.628318530718 0.09435675094
0.866666666667 0.837758040957 0.127414654035
0.866666666667 1.0471975512 0.186037388316
0.866666666667 1.25663706144 0.22931052671
0.866666666667 1.46607657168 0.207439878368
0.866666666667 1.67551608191 0.242244473134
0.866666666667 1.88495559215 0.200292778321
0.866666666667 2.09439510239 0.0387263689068
0.866666666667 2.30383461263 0.207967394529
0.866666666667 2.51327412287 0.127232194521
0.866666666667 2.72271363311 0.186656068492
0.866666666667 2.93215314335 0.322004665354
0.866666666667 3.14159265359 0.251630695895
0.866666666667 3.35103216383 0.147105721591
0.866666666667 3.56047167407 0.0885464390128
0.866666666667 3.76991118431 0.0695420526112
0.866666666667 3.97935069455 0.0817477371351
0.866666666667 4.18879020479 0.114891182727
0.866666666667 4.39822971503 0.140495519387
0.866666666667 4.60766922527 0.178081480623
0.866666666667 4.8171087355 0.287905702637
0.866666666667 5.02654824574 0.229987213335
0.866666666667 5.23598775598 0.0965215741136
0.866666666667 5.44542726622 0.226080996398
0.866666666667 5.65486677646 0.170444432475
0.866666666667 5.8643062867 0.101259829557
0.866666666667 6.07374579694 0.130070869996

0.933333333333 0 0.139568890566
0.933333333333 0.209439510239 0.158502452818
0.933333333333 0.418879020479 0.182666035156
0.933333333333 0.628318530718 0.199840935965
0.933333333333 0.837758040957 0.204855003528
0.933333333333 1.0471975512 0.192535121819
0.933333333333 1.25663706144 0.166083424974
0.933333333333 1.46607657168 0.144822767863
0.933333333333 1.67551608191 0.111343547388
0.933333333333 1.88495559215 0.0330357351167
0.933333333333 2.09439510239 0.0405194458184
0.933333333333 2.30383461263 0.1309384681
0.933333333333 2.51327412287 0.111991382412
0.933333333333 2.72271363311 0.125614067588
0.933333333333 2.93215314335 0.248980776248
0.933333333333 3.14159265359 0.328563512038
0.933333333333 3.35103216383 0.326880303803
0.933333333333 3.56047167407 0.296957642574
0.933333333333 3.76991118431 0.274181546881
0.933333333333 3.97935069455 0.2630832151
0.933333333333 4.18879020479 0.263093639867
0.933333333333 4.39822971503 0.278087752881
0.933333333333 4.60766922527 0.293140009375
0.933333333333 4.8171087355 0.243218025557
0.933333333333 5.02654824574 0.126570129917
0.933333333333 5.23598775598 0.087468141624
0.933333333333 5.44542726622 0.140236531892
0.933333333333 5.65486677646 0.139751588796
0.933333333333 5.8643062867 0.124261784658
0.933333333333 6.07374579694 0.131042448992

