-1 0 0.40844850766
-1 0.209439510239 0.408448507661
-1 0.418879020479 0.40844850766
-1 0.628318530718 0.408448507659
-1 0.837758040957 0.408448507658
-1 1.0471975512 0.408448507658
-1 1.25663706144 0.408448507659
-1 1.46607657168 0.40844850766
-1 1.67551608191 0.408448507661
-1 1.88495559215 0.40844850766
-1 2.09439510239 0.408448507659
-1 2.30383461263 0.408448507658
-1 2.51327412287 0.408448507658
-1 2.72271363311 0.408448507659
-1 2.93215314335 0.40844850766
-1 3.14159265359 0.40844850766
-1 3.35103216383 0.408448507661
-1 3.56047167407 0.40844850766
-1 3.76991118431 0.408448507659
-1 3.97935069455 0.408448507658
-1 4.18879020479 0.408448507658
-1 4.39822971503 0.408448507659
-1 4.60766922527 0.40844850766
-1 4.8171087355 0.408448507661
-1 5.02654824574 0.40844850766
-1 5.23598775598 0.408448507659
-1 5.44542726622 0.408448507658
-1 5.65486677646 0.408448507658
-1 5.8643062867 0.408448507659
-1 6.07374579694 0.40844850766

-0.933333333333 0 0.732775895425
-0.933333333333 0.209439510239 0.582358795218
-0.933333333333 0.418879020479 0.454391994485
-0.933333333333 0.628318530718 0.39595722396
-0.933333333333 0.837758040957 0.428536803335
-0.933333333333 1.0471975512 0.571454612651
-0.933333333333 1.25663706144 0.820362999836
-0.933333333333 1.46607657168 1.04171814912
-0.933333333333 1.67551608191 0.961608858091
-0.933333333333 1.88495559215 0.530591862028
-0.933333333333 2.09439510239 0.161799531093
-0.933333333333 2.30383461263 0.0962709234236
-0.933333333333 2.51327412287 0.126181867274
-0.933333333333 2.72271363311 0.289340209865
-0.933333333333 2.93215314335 0.748625929029
-0.933333333333 3.14159265359 1.28887136782
-0.933333333333 3.35103216383 1.60561653193
-0.933333333333 3.56047167407 1.63498095162
-0.933333333333 3.76991118431 1.49324298207
-0.933333333333 3.97935069455 1.29820516068
-0.933333333333 4.18879020479 1.07112110231
-0.933333333333 4.39822971503 0.76497343267
-0.933333333333 4.60766922527 0.441451803889
-0.933333333333 4.8171087355 0.472249232375
-0.933333333333 5.02654824574 1.01928168815
-0.933333333333 5.23598775598 1.22102282023
-0.933333333333 5.44542726622 0.666223854902
-0.933333333333 5.65486677646 0.391148075626
-0.933333333333 5.8643062867 0.656650662039
-0.933333333333 6.07374579694 0.81252370219

-0.866666666667 0 0.223376224401
-0.866666666667 0.209439510239 0.177599012531
-0.866666666667 0.418879020479 0.227370859749
-0.866666666667 0.628318530718 0.271218455069
-0.866666666667 0.837758040957 0.229408012351
-0.866666666667 1.0471975512 0.166857120286
-0.866666666667 1.25663706144 0.223757948805
-0.866666666667 1.46607657168 0.566549753742
-0.866666666667 1.67551608191 1.00120679637
-0.866666666667 1.88495559215 0.779182588165
-0.866666666667 2.09439510239 0.193153583039
-0.866666666667 2.30383461263 0.0815293360722
-0.866666666667 2.51327412287 0.0961455609917
-0.866666666667 2.72271363311 0.791226300275
-0.866666666667 2.93215314335 1.81246569913
-0.866666666667 3.14159265359 1.88348048516
-0.866666666667 3.35103216383 1.261465635
-0.866666666667 3.56047167407 0.70125090038
-0.866666666667 3.76991118431 0.488606986867
-0.866666666667 3.97935069455 0.495316534036
-0.866666666667 4.18879020479 0.488335983375
-0.866666666667 4.39822971503 0.419203202232
-0.866666666667 4.60766922527 0.412757077951
-0.866666666667 4.8171087355 0.254938776428
-0.866666666667 5.02654824574 0.468370871681
-0.866666666667 5.23598775598 1.15647114238
-0.866666666667 5.44542726622 0.64241442281
-0.866666666667 5.65486677646 0.627041371157
-0.866666666667 5.8643062867 0.905725748589
-0.866666666667 6.07374579694 0.470931467529

-0.8 0 0.307019540432
-0.8 0.209439510239 0.389429898722
-0.8 0.418879020479 0.580439358422
-0.8 0.628318530718 0.590788036693
-0.8 0.837758040957 0.432617550969
-0.8 1.0471975512 0.245051800627
-0.8 1.25663706144 0.139617376856
-0.8 1.46607657168 0.318588681503
-0.8 1.67551608191 0.882443944604
-0.8 1.88495559215 0.890140621648
-0.8 2.09439510239 0.179349511338
-0.8 2.30383461263 0.13276166332
-0.8 2.51327412287 0.145041480277
-0.8 2.72271363311 1.3656535172
-0.8 2.93215314335 2.11335788916
-0.8 3.14159265359 1.2000622495
-0.8 3.35103216383 0.437566272425
-0.8 3.56047167407 0.393902319966
-0.8 3.76991118431 0.756007367228
-0.8 3.97935069455 1.20238959399
-0.8 4.18879020479 1.47924497775
-0.8 4.39822971503 1.1030461176
-0.8 4.60766922527 0.381013012319
-0.8 4.8171087355 0.454906716592
-0.8 5.02654824574 0.367979225116
-0.8 5.23598775598 0.770477797707
-0.8 5.44542726622 0.564185217881
-0.8 5.65486677646 0.827511898449
-0.8 5.8643062867 0.726710652908
-0.8 6.07374579694 0.202443833408

-0.733333333333 0 0.385741857062
-0.733333333333 0.209439510239 0.456941663583
-0.733333333333 0.418879020479 0.69689244716
-0.733333333333 0.628318530718 0.66060104109
-0.733333333333 0.837758040957 0.585063728577
-0.733333333333 1.0471975512 0.422565955722
-0.733333333333 1.25663706144 0.162607642151
-0.733333333333 1.46607657168 0.152200601512
-0.733333333333 1.67551608191 0.775017697676
-0.733333333333 1.88495559215 1.0023220934
-0.733333333333 2.09439510239 0.146242614147
-0.733333333333 2.30383461263 0.206166246962
-0.733333333333 2.51327412287 0.214689668538
-0.733333333333 2.72271363311 1.79309271526
-0.733333333333 2.93215314335 1.87396999117
-0.733333333333 3.14159265359 0.592218171261
-0.733333333333 3.35103216383 0.278085681601
-0.733333333333 3.56047167407 0.545151980939
-0.733333333333 3.76991118431 0.874996043397
-0.733333333333 3.97935069455 1.21365851218
-0.733333333333 4.18879020479 1.78668489703
-0.733333333333 4.39822971503 2.16020384182
-0.733333333333 4.60766922527 1.01812415908
-0.733333333333 4.8171087355 0.497410159023
-0.733333333333 5.02654824574 0.632037638552
-0.733333333333 5.23598775598 0.498801415539
-0.733333333333 5.44542726622 0.506179324331
-0.733333333333 5.65486677646 0.905480894227
-0.733333333333 5.8643062867 0.475001581709
-0.733333333333 6.07374579694 0.272693176545

-0.666666666667 0 0.255930157632
-0.666666666667 0.209439510239 0.406477334433
-0.666666666667 0.418879020479 0.544497495336
-0.666666666667 0.628318530718 0.506794316233
-0.666666666667 0.837758040957 0.670559611439
-0.666666666667 1.0471975512 0.706610932643
-0.666666666667 1.25663706144 0.38226962074
-0.666666666667 1.46607657168 0.0741915240112
-0.666666666667 1.67551608191 0.621948259782
-0.666666666667 1.88495559215 1.12113045254
-0.666666666667 2.09439510239 0.119654972168
-0.666666666667 2.30383461263 0.282243344564
-0.666666666667 2.51327412287 0.282375410067
-0.666666666667 2.72271363311 2.05526778407
-0.666666666667 2.93215314335 1.48315999167
-0.666666666667 3.14159265359 0.303831202741
-0.666666666667 3.35103216383 0.283026896743
-0.666666666667 3.56047167407 0.508438147143
-0.666666666667 3.76991118431 0.621232038504
-0.666666666667 3.97935069455 0.699528753791
-0.666666666667 4.18879020479 1.05074588886
-0.666666666667 4.39822971503 2.01800340673
-0.666666666667 4.60766922527 1.70694679382
-0.666666666667 4.8171087355 0.518711493064
-0.666666666667 5.02654824574 0.808330548148
-0.666666666667 5.23598775598 0.408281364777
-0.666666666667 5.44542726622 0.477281515039
-0.666666666667 5.65486677646 0.902705889826
-0.666666666667 5.8643062867 0.318193351777
-0.666666666667 6.07374579694 0.394719879894

-0.6 0 0.103132994204
-0.6 0.209439510239 0.353198022904
-0.6 0.418879020479 0.321655839501
-0.6 0.628318530718 0.306721105861
-0.6 0.837758040957 0.616543671048
-0.6 1.0471975512 0.849614946865
-0.6 1.25663706144 0.646500744563
-0.6 1.46607657168 0.129316965381
-0.6 1.67551608191 0.445286557673
-0.6 1.88495559215 1.21652123655
-0.6 2.09439510239 0.108259083179
-0.6 2.30383461263 0.352062815955
-0.6 2.51327412287 0.340190392159
-0.6 2.72271363311 2.19196589924
-0.6 2.93215314335 1.12544353984
-0.6 3.14159265359 0.185070634064
-0.6 3.35103216383 0.269939047418
-0.6 3.56047167407 0.421894375517
-0.6 3.76991118431 0.476957709244
-0.6 3.97935069455 0.533448507605
-0.6 4.18879020479 0.612108750837
-0.6 4.39822971503 1.34040542162
-0.6 4.60766922527 1.90268413978
-0.6 4.8171087355 0.662056355423
-0.6 5.02654824574 0.809560448103
-0.6 5.23598775598 0.41276163501
-0.6 5.44542726622 0.464378155729
-0.6 5.65486677646 0.866995541061
-0.6 5.8643062867 0.254752473298
-0.6 6.07374579694 0.422794756297

-0.533333333333 0 0.0458755576622
-0.533333333333 0.209439510239 0.356952892498
-0.533333333333 0.418879020479 0.25461552984
-0.533333333333 0.628318530718 0.240586032301
-0.533333333333 0.837758040957 0.512155567221
-0.533333333333 1.0471975512 0.810112410083
-0.533333333333 1.25663706144 0.79946172177
-0.533333333333 1.46607657168 0.257233455678
-0.533333333333 1.67551608191 0.293824617924
-0.533333333333 1.88495559215 1.27251423854
-0.533333333333 2.09439510239 0.110226634707
-0.533333333333 2.30383461263 0.411868032782
-0.533333333333 2.51327412287 0.386346425496
-0.533333333333 2.72271363311 2.24723522415
-0.533333333333 2.93215314335 0.848151595655
-0.533333333333 3.14159265359 0.128908314924
-0.533333333333 3.35103216383 0.25812628101
-0.533333333333 3.56047167407 0.371109209134
-0.533333333333 3.76991118431 0.455078644507
-0.533333333333 3.97935069455 0.617570619901
-0.533333333333 4.18879020479 0.699864980537
-0.533333333333 4.39822971503 0.98733443054
-0.533333333333 4.60766922527 1.7425831117
-0.533333333333 4.8171087355 0.863822997854
-0.533333333333 5.02654824574 0.733584201639
-0.533333333333 5.23598775598 0.442757626909
-0.533333333333 5.44542726622 0.457158330682
-0.533333333333 5.65486677646 0.823951328018
-0.533333333333 5.8643062867 0.243347721352
-0.533333333333 6.07374579694 0.370694749896

-0.466666666667 0 0.0804050323351
-0.466666666667 0.209439510239 0.424995991725
-0.466666666667 0.418879020479 0.366226731985
-0.466666666667 0.628318530718 0.309724667773
-0.466666666667 0.837758040957 0.436035371989
-0.466666666667 1.0471975512 0.689918555486
-0.466666666667 1.25663706144 0.82791177163
-0.466666666667 1.46607657168 0.384388311697
-0.466666666667 1.67551608191 0.19092410141
-0.466666666667 1.88495559215 1.29141037229
-0.466666666667 2.09439510239 0.120096030165
-0.466666666667 2.30383461263 0.460458348059
-0.466666666667 2.51327412287 0.421403089128
-0.466666666667 2.72271363311 2.25494611493
-0.466666666667 2.93215314335 0.646351688296
-0.466666666667 3.14159265359 0.0995075748
-0.466666666667 3.35103216383 0.262023995835
-0.466666666667 3.56047167407 0.348552647095
-0.466666666667 3.76991118431 0.45358596474
-0.466666666667 3.97935069455 0.663323307455
-0.466666666667 4.18879020479 0.898113504713
-0.466666666667 4.39822971503 1.03386154464
-0.466666666667 4.60766922527 1.53872612238
-0.466666666667 4.8171087355 1.03222864344
-0.466666666667 5.02654824574 0.665338776218
-0.466666666667 5.23598775598 0.467596176969
-0.466666666667 5.44542726622 0.450633035949
-0.466666666667 5.65486677646 0.783837017069
-0.466666666667 5.8643062867 0.252968770426
-0.466666666667 6.07374579694 0.290486052074

-0.4 0 0.161359238521
-0.4 0.209439510239 0.524705844599
-0.4 0.418879020479 0.548162339366
-0.4 0.628318530718 0.422971344342
-0.4 0.837758040957 0.39899144709
-0.4 1.0471975512 0.574047111295
-0.4 1.25663706144 0.788015474116
-0.4 1.46607657168 0.477543364286
-0.4 1.67551608191 0.13327704367
-0.4 1.88495559215 1.28485764048
-0.4 2.09439510239 0.132500396456
-0.4 2.30383461263 0.49784552361
-0.4 2.51327412287 0.446646102888
-0.4 2.72271363311 2.23796700877
-0.4 2.93215314335 0.503600800953
-0.4 3.14159265359 0.0874934249514
-0.4 3.35103216383 0.275833703243
-0.4 3.56047167407 0.346257652834
-0.4 3.76991118431 0.445582749751
-0.4 3.97935069455 0.598946207056
-0.4 4.18879020479 0.942020078034
-0.4 4.39822971503 1.20343727525
-0.4 4.60766922527 1.43589469606
-0.4 4.8171087355 1.13395098297
-0.4 5.02654824574 0.636829819101
-0.4 5.23598775598 0.479519586209
-0.4 5.44542726622 0.442982993037
-0.4 5.65486677646 0.749711828192
-0.4 5.8643062867 0.267899890216
-0.4 6.07374579694 0.217342003496

-0.333333333333 0 0.251009199037
-0.333333333333 0.209439510239 0.619312007677
-0.333333333333 0.418879020479 0.7057459538
-0.333333333333 0.628318530718 0.511070732802
-0.333333333333 0.837758040957 0.384210321509
-0.333333333333 1.0471975512 0.494060013429
-0.333333333333 1.25663706144 0.730130813139
-0.333333333333 1.46607657168 0.536599460438
-0.333333333333 1.67551608191 0.10651043775
-0.333333333333 1.88495559215 1.26600007335
-0.333333333333 2.09439510239 0.143522055351
-0.333333333333 2.30383461263 0.524559524662
-0.333333333333 2.51327412287 0.463417861748
-0.333333333333 2.72271363311 2.21076784975
-0.333333333333 2.93215314335 0.405026942124
-0.333333333333 3.14159265359 0.0873311110965
-0.333333333333 3.35103216383 0.293078582861
-0.333333333333 3.56047167407 0.363387130696
-0.333333333333 3.76991118431 0.442954569573
-0.333333333333 3.97935069455 0.487325034422
-0.333333333333 4.18879020479 0.833258408098
-0.333333333333 4.39822971503 1.30139735718
-0.333333333333 4.60766922527 1.42848582195
-0.333333333333 4.8171087355 1.17863177268
-0.333333333333 5.02654824574 0.646395806801
-0.333333333333 5.23598775598 0.480270618471
-0.333333333333 5.44542726622 0.433862505186
-0.333333333333 5.65486677646 0.721889282059
-0.333333333333 5.8643062867 0.28193978447
-0.333333333333 6.07374579694 0.164659122458

-0.266666666667 0 0.329522956908
-0.266666666667 0.209439510239 0.688909855781
-0.266666666667 0.418879020479 0.805622076625
-0.266666666667 0.628318530718 0.554954177961
-0.266666666667 0.837758040957 0.377432653846
-0.266666666667 1.0471975512 0.44961345795
-0.266666666667 1.25663706144 0.678493467299
-0.266666666667 1.46607657168 0.573448165107
-0.266666666667 1.67551608191 0.0965606445904
-0.266666666667 1.88495559215 1.24551995866
-0.266666666667 2.09439510239 0.15081853815
-0.266666666667 2.30383461263 0.541298740254
-0.266666666667 2.51327412287 0.472863741045
-0.266666666667 2.72271363311 2.18209059502
-0.266666666667 2.93215314335 0.33966144968
-0.266666666667 3.14159265359 0.0931929884711
-0.266666666667 3.35103216383 0.311551750793
-0.266666666667 3.56047167407 0.394436548696
-0.266666666667 3.76991118431 0.453550953198
-0.266666666667 3.97935069455 0.396502700772
-0.266666666667 4.18879020479 0.671677505564
-0.266666666667 4.39822971503 1.29017133389
-0.266666666667 4.60766922527 1.46538467573
-0.266666666667 4.8171087355 1.18810493353
-0.266666666667 5.02654824574 0.680137662483
-0.266666666667 5.23598775598 0.474253900053
-0.266666666667 5.44542726622 0.423510431985
-0.266666666667 5.65486677646 0.699911374463
-0.266666666667 5.8643062867 0.29327893004
-0.266666666667 6.07374579694 0.133041686474

-0.2 0 0.39014671395
-0.2 0.209439510239 0.729890481633
-0.2 0.418879020479 0.855169462496
-0.2 0.628318530718 0.565093311492
-0.2 0.837758040957 0.372455687119
-0.2 1.0471975512 0.430134883578
-0.2 1.25663706144 0.638557053979
-0.2 1.46607657168 0.599202239474
-0.2 1.67551608191 0.0937825279975
-0.2 1.88495559215 1.23055595306
-0.2 2.09439510239 0.153288191906
-0.2 2.30383461263 0.548765478386
-0.2 2.51327412287 0.475854696383
-0.2 2.72271363311 2.15688957909
-0.2 2.93215314335 0.299930223963
-0.2 3.14159265359 0.100086560968
-0.2 3.35103216383 0.330852898518
-0.2 3.56047167407 0.429154644531
-0.2 3.76991118431 0.474307584802
-0.2 3.97935069455 0.355258296721
-0.2 4.18879020479 0.532858229145
-0.2 4.39822971503 1.20923178413
-0.2 4.60766922527 1.50768107582
-0.2 4.8171087355 1.18066407045
-0.2 5.02654824574 0.723547825934
-0.2 5.23598775598 0.465763867784
-0.2 5.44542726622 0.412344867585
-0.2 5.65486677646 0.68330275022
-0.2 5.8643062867 0.301672672886
-0.2 6.07374579694 0.118176675857

-0.133333333333 0 0.432813331925
-0.133333333333 0.209439510239 0.746738575081
-0.133333333333 0.418879020479 0.873167973643
-0.133333333333 0.628318530718 0.558627817888
-0.133333333333 0.837758040957 0.367896999847
-0.133333333333 1.0471975512 0.424961713192
-0.133333333333 1.25663706144 0.607727556981
-0.133333333333 1.46607657168 0.620678296632
-0.133333333333 1.67551608191 0.0928954812042
-0.133333333333 1.88495559215 1.22500860962
-0.133333333333 2.09439510239 0.150666960613
-0.133333333333 2.30383461263 0.547601528373
-0.133333333333 2.51327412287 0.472980130345
-0.133333333333 2.72271363311 2.13755004016
-0.133333333333 2.93215314335 0.280895323632
-0.133333333333 3.14159265359 0.104791430744
-0.133333333333 3.35103216383 0.350419247918
-0.133333333333 3.56047167407 0.458090456329
-0.133333333333 3.76991118431 0.497375556568
-0.133333333333 3.97935069455 0.360397827455
-0.133333333333 4.18879020479 0.442213289657
-0.133333333333 4.39822971503 1.10581982584
-0.133333333333 4.60766922527 1.53935612002
-0.133333333333 4.8171087355 1.16758603005
-0.133333333333 5.02654824574 0.765617904211
-0.133333333333 5.23598775598 0.458150472927
-0.133333333333 5.44542726622 0.400802341404
-0.133333333333 5.65486677646 0.671801939218
-0.133333333333 5.8643062867 0.307190733929
-0.133333333333 6.07374579694 0.115087487861

-0.0666666666667 0 0.459957818733
-0.0666666666667 0.209439510239 0.745557549702
-0.0666666666667 0.418879020479 0.874540971121
-0.0666666666667 0.628318530718 0.54852799466
-0.0666666666667 0.837758040957 0.364115926456
-0.0666666666667 1.0471975512 0.426035667127
-0.0666666666667 1.25663706144 0.582010091895
-0.0666666666667 1.46607657168 0.641210702441
-0.0666666666667 1.67551608191 0.0916888640634
-0.0666666666667 1.88495559215 1.23020724818
-0.0666666666667 2.09439510239 0.143214858834
-0.0666666666667 2.30383461263 0.538379450242
-0.0666666666667 2.51327412287 0.46456751628
-0.0666666666667 2.72271363311 2.12456725587
-0.0666666666667 2.93215314335 0.279774327164
-0.0666666666667 3.14159265359 0.105920855594
-0.0666666666667 3.35103216383 0.36915899009
-0.0666666666667 3.56047167407 0.476419877847
-0.0666666666667 3.76991118431 0.514648140745
-0.0666666666667 3.97935069455 0.394146901793
-0.0666666666667 4.18879020479 0.393407202904
-0.0666666666667 4.39822971503 1.01013073335
-0.0666666666667 4.60766922527 1.55978891432
-0.0666666666667 4.8171087355 1.15453612621
-0.0666666666667 5.02654824574 0.799193596824
-0.0666666666667 5.23598775598 0.453773033915
-0.0666666666667 5.44542726622 0.38929389177
-0.0666666666667 5.65486677646 0.665393281835
-0.0666666666667 5.8643062867 0.30974931754
-0.0666666666667 6.07374579694 0.119819123355

6.12323399574e-17 0 0.474478796334
6.12323399574e-17 0.209439510239 0.731243190596
6.12323399574e-17 0.418879020479 0.866947956405
6.12323399574e-17 0.628318530718 0.541417737073
6.12323399574e-17 0.837758040957 0.361578637942
6.12323399574e-17 1.0471975512 0.427542985592
6.12323399574e-17 1.25663706144 0.559077981608
6.12323399574e-17 1.46607657168 0.662096883693
6.12323399574e-17 1.67551608191 0.0899608217013
6.12323399574e-17 1.88495559215 1.24541570763
6.12323399574e-17 2.09439510239 0.131532487405
6.12323399574e-17 2.30383461263 0.521625948053
6.12323399574e-17 2.51327412287 0.450711735124
6.12323399574e-17 2.72271363311 2.11684732344
6.12323399574e-17 2.93215314335 0.295690790141
6.12323399574e-17 3.14159265359 0.103666075756
6.12323399574e-17 3.35103216383 0.385474365337
6.12323399574e-17 3.56047167407 0.484993002127
6.12323399574e-17 3.76991118431 0.519034066161
6.12323399574e-17 3.97935069455 0.435734565957
6.12323399574e-17 4.18879020479 0.369614744087
6.12323399574e-17 4.39822971503 0.935958734162
6.12323399574e-17 4.60766922527 1.57499001875
6.12323399574e-17 4.8171087355 1.14373439534
6.12323399574e-17 5.02654824574 0.820000268357
6.12323399574e-17 5.23598775598 0.454204115302
6.12323399574e-17 5.44542726622 0.378217552711
6.12323399574e-17 5.65486677646 0.664274147041
6.12323399574e-17 5.8643062867 0.308958464047
6.12323399574e-17 6.07374579694 0.129824823678

0.0666666666667 0 0.479012903369
0.0666666666667 0.209439510239 0.707171416497
0.0666666666667 0.418879020479 0.852334699878
0.0666666666667 0.628318530718 0.53865429105
0.0666666666667 0.837758040957 0.359838077575
0.0666666666667 1.0471975512 0.424793285438
0.0666666666667 1.25663706144 0.539759142044
0.0666666666667 1.46607657168 0.682999236982
0.0666666666667 1.67551608191 0.0891711261855
0.0666666666667 1.88495559215 1.26798407727
0.0666666666667 2.09439510239 0.116499025442
0.0666666666667 2.30383461263 0.497868175159
0.0666666666667 2.51327412287 0.431313435248
0.0666666666667 2.72271363311 2.11173682424
0.0666666666667 2.93215314335 0.329522805136
0.0666666666667 3.14159265359 0.0997077139401
0.0666666666667 3.35103216383 0.396774787422
0.0666666666667 3.56047167407 0.489956939004
0.0666666666667 3.76991118431 0.504972355651
0.0666666666667 3.97935069455 0.466290921429
0.0666666666667 4.18879020479 0.354997211601
0.0666666666667 4.39822971503 0.888261593763
0.0666666666667 4.60766922527 1.59219122263
0.0666666666667 4.8171087355 1.13551428206
0.0666666666667 5.02654824574 0.825517947837
0.0666666666667 5.23598775598 0.460452760334
0.0666666666667 5.44542726622 0.367997855232
0.0666666666667 5.65486677646 0.668802739169
0.0666666666667 5.8643062867 0.304073312222
0.0666666666667 6.07374579694 0.143839445368

0.133333333333 0 0.475855812243
0.133333333333 0.209439510239 0.676025767443
0.133333333333 0.418879020479 0.829620873592
0.133333333333 0.628318530718 0.538029477561
0.133333333333 0.837758040957 0.356783083145
0.133333333333 1.0471975512 0.413674738709
0.133333333333 1.25663706144 0.529166007841
0.133333333333 1.46607657168 0.700778932065
0.133333333333 1.67551608191 0.0928492841307
0.133333333333 1.88495559215 1.29315507393
0.133333333333 2.09439510239 0.099307727486
0.133333333333 2.30383461263 0.467698304966
0.133333333333 2.51327412287 0.406132971195
0.133333333333 2.72271363311 2.10485176424
0.133333333333 2.93215314335 0.383717158884
0.133333333333 3.14159265359 0.0975139523858
0.133333333333 3.35103216383 0.398333543056
0.133333333333 3.56047167407 0.501517869537
0.133333333333 3.76991118431 0.470277887182
0.133333333333 3.97935069455 0.470437358148
0.133333333333 4.18879020479 0.338602368032
0.133333333333 4.39822971503 0.869882923028
0.133333333333 4.60766922527 1.61720095794
0.133333333333 4.8171087355 1.12910529412
0.133333333333 5.02654824574 0.814178507336
0.133333333333 5.23598775598 0.473115110874
0.133333333333 5.44542726622 0.359140453865
0.133333333333 5.65486677646 0.679432532371
0.133333333333 5.8643062867 0.293983605489
0.133333333333 6.07374579694 0.161599536374

0.2 0 0.467142303534
0.2 0.209439510239 0.640871875471
0.2 0.418879020479 0.797665941421
0.2 0.628318530718 0.535973374459
0.2 0.837758040957 0.34911556225
0.2 1.0471975512 0.392291756719
0.2 1.25663706144 0.53724897719
0.2 1.46607657168 0.70690570514
0.2 1.67551608191 0.107564983836
0.2 1.88495559215 1.31369700624
0.2 2.09439510239 0.0815681870393
0.2 2.30383461263 0.431858628466
0.2 2.51327412287 0.374877484328
0.2 2.72271363311 2.08976510991
0.2 2.93215314335 0.461902824437
0.2 3.14159265359 0.103032359884
0.2 3.35103216383 0.382069537167
0.2 3.56047167407 0.530574383559
0.2 3.76991118431 0.419708374513
0.2 3.97935069455 0.438055033674
0.2 4.18879020479 0.315902361579
0.2 4.39822971503 0.885896319849
0.2 4.60766922527 1.65297185115
0.2 4.8171087355 1.12276897683
0.2 5.02654824574 0.785063712647
0.2 5.23598775598 0.492417884797
0.2 5.44542726622 0.352295859253
0.2 5.65486677646 0.696619056068
0.2 5.8643062867 0.277258256884
0.2 6.07374579694 0.183509906822

0.266666666667 0 0.455088090847
0.266666666667 0.209439510239 0.605863732735
0.266666666667 0.418879020479 0.758744996369
0.266666666667 0.628318530718 0.531575581273
0.266666666667 0.837758040957 0.336455216089
0.266666666667 1.0471975512 0.366731578637
0.266666666667 1.25663706144 0.576492433765
0.266666666667 1.46607657168 0.684788550193
0.266666666667 1.67551608191 0.14384303122
0.266666666667 1.88495559215 1.31975455753
0.266666666667 2.09439510239 0.0654343741332
0.266666666667 2.30383461263 0.391350673352
0.266666666667 2.51327412287 0.337348557985
0.266666666667 2.72271363311 2.05765171521
0.266666666667 2.93215314335 0.568055324944
0.266666666667 3.14159265359 0.12550077698
0.266666666667 3.35103216383 0.336928717037
0.266666666667 3.56047167407 0.580590975327
0.266666666667 3.76991118431 0.368060606596
0.266666666667 3.97935069455 0.36862702731
0.266666666667 4.18879020479 0.291590261491
0.266666666667 4.39822971503 0.945480615855
0.266666666667 4.60766922527 1.69834148686
0.266666666667 4.8171087355 1.11336092937
0.266666666667 5.02654824574 0.738204138709
0.266666666667 5.23598775598 0.518140260911
0.266666666667 5.44542726622 0.348329241388
0.266666666667 5.65486677646 0.720672114215
0.266666666667 5.8643062867 0.252318446326
0.266666666667 6.07374579694 0.210206628184

0.333333333333 0 0.442183004712
0.333333333333 0.209439510239 0.57591560239
0.333333333333 0.418879020479 0.722015610518
0.333333333333 0.628318530718 0.533611858692
0.333333333333 0.837758040957 0.331448167166
0.333333333333 1.0471975512 0.360496606277
0.333333333333 1.25663706144 0.652306239508
0.333333333333 1.46607657168 0.611077936543
0.333333333333 1.67551608191 0.215423334448
0.333333333333 1.88495559215 1.2996793232
0.333333333333 2.09439510239 0.0536901495171
0.333333333333 2.30383461263 0.347575726198
0.333333333333 2.51327412287 0.293695690662
0.333333333333 2.72271363311 1.99710407974
0.333333333333 2.93215314335 0.704857365888
0.333333333333 3.14159265359 0.177480991507
0.333333333333 3.35103216383 0.254294544538
0.333333333333 3.56047167407 0.6335658926
0.333333333333 3.76991118431 0.337105703633
0.333333333333 3.97935069455 0.277839212792
0.333333333333 4.18879020479 0.284095313009
0.333333333333 4.39822971503 1.06042345487
0.333333333333 4.60766922527 1.74674961218
0.333333333333 4.8171087355 1.09529413755
0.333333333333 5.02654824574 0.675574612323
0.333333333333 5.23598775598 0.5494165239
0.333333333333 5.44542726622 0.348390795756
0.333333333333 5.65486677646 0.751513062243
0.333333333333 5.8643062867 0.217871782852
0.333333333333 6.07374579694 0.241878814303

0.4 0 0.431224979755
0.4 0.209439510239 0.554655914783
0.4 0.418879020479 0.703805327732
0.4 0.628318530718 0.568033285374
0.4 0.837758040957 0.372637237774
0.4 1.0471975512 0.418028412438
0.4 1.25663706144 0.743287766207
0.4 1.46607657168 0.468649434133
0.4 1.67551608191 0.333734594868
0.4 1.88495559215 1.24306826092
0.4 2.09439510239 0.0496785438385
0.4 2.30383461263 0.302515524314
0.4 2.51327412287 0.244832987561
0.4 2.72271363311 1.89459929452
0.4 2.93215314335 0.870891172453
0.4 3.14159265359 0.271985744428
0.4 3.35103216383 0.143116037714
0.4 3.56047167407 0.637746965036
0.4 3.76991118431 0.33925810815
0.4 3.97935069455 0.200659935219
0.4 4.18879020479 0.327616507936
0.4 4.39822971503 1.23858778655
0.4 4.60766922527 1.78548292185
0.4 4.8171087355 1.05898440569
0.4 5.02654824574 0.602811692492
0.4 5.23598775598 0.584450979021
0.4 5.44542726622 0.353976384653
0.4 5.65486677646 0.788283628228
0.4 5.8643062867 0.173799225399
0.4 6.07374579694 0.277180841356

0.466666666667 0 0.424964302827
0.466666666667 0.209439510239 0.540840185405
0.466666666667 0.418879020479 0.718038025601
0.466666666667 0.628318530718 0.673289862442
0.466666666667 0.837758040957 0.520905691523
0.466666666667 1.0471975512 0.579156738699
0.466666666667 1.25663706144 0.782673970388
0.466666666667 1.46607657168 0.277431669046
0.466666666667 1.67551608191 0.493889509551
0.466666666667 1.88495559215 1.14746607339
0.466666666667 2.09439510239 0.0569001227716
0.466666666667 2.30383461263 0.258965268513
0.466666666667 2.51327412287 0.193068079911
0.466666666667 2.72271363311 1.73661748616
0.466666666667 2.93215314335 1.05666957764
0.466666666667 3.14159265359 0.413094181389
0.466666666667 3.35103216383 0.054708262317
0.466666666667 3.56047167407 0.523554198736
0.466666666667 3.76991118431 0.351215819103
0.466666666667 3.97935069455 0.180362125491
0.466666666667 4.18879020479 0.46329135693
0.466666666667 4.39822971503 1.47264281385
0.466666666667 4.60766922527 1.796000003
0.466666666667 4.8171087355 0.989595035928
0.466666666667 5.02654824574 0.531362824081
0.466666666667 5.23598775598 0.620248142626
0.466666666667 5.44542726622 0.366955041167
0.466666666667 5.65486677646 0.828742438512
0.466666666667 5.8643062867 0.122707353367
0.466666666667 6.07374579694 0.311683935993

0.533333333333 0 0.424785910161
0.533333333333 0.209439510239 0.526107779993
0.533333333333 0.418879020479 0.751849381416
0.533333333333 0.628318530718 0.859438649349
0.533333333333 0.837758040957 0.801990166699
0.533333333333 1.0471975512 0.806950470198
0.533333333333 1.25663706144 0.680889766085
0.533333333333 1.46607657168 0.126380601703
0.533333333333 1.67551608191 0.654285604563
0.533333333333 1.88495559215 1.02886281006
0.533333333333 2.09439510239 0.0781004385266
0.533333333333 2.30383461263 0.220823514968
0.533333333333 2.51327412287 0.142880824853
0.533333333333 2.72271363311 1.51527296066
0.533333333333 2.93215314335 1.24090691304
0.533333333333 3.14159265359 0.577990035825
0.533333333333 3.35103216383 0.0948801748666
0.533333333333 3.56047167407 0.286361247576
0.533333333333 3.76991118431 0.315093271988
0.533333333333 3.97935069455 0.24407548565
0.533333333333 4.18879020479 0.716711069173
0.533333333333 4.39822971503 1.73040806342
0.533333333333 4.60766922527 1.75401463029
0.533333333333 4.8171087355 0.868886928929
0.533333333333 5.02654824574 0.479953412717
0.533333333333 5.23598775598 0.65260828367
0.533333333333 5.44542726622 0.3895181222
0.533333333333 5.65486677646 0.86838924574
0.533333333333 5.8643062867 0.0722248699006
0.533333333333 6.07374579694 0.336331855394

0.6 0 0.427313650491
0.6 0.209439510239 0.500137220576
0.6 0.418879020479 0.742361564564
0.6 0.628318530718 1.02650642568
0.6 0.837758040957 1.08560139353
0.6 1.0471975512 0.921383291486
0.6 1.25663706144 0.429671995944
0.6 1.46607657168 0.137583014967
0.6 1.67551608191 0.733352325579
0.6 1.88495559215 0.930210066
0.6 2.09439510239 0.113956854659
0.6 2.30383461263 0.193404533975
0.6 2.51327412287 0.101366141401
0.6 2.72271363311 1.24001775782
0.6 2.93215314335 1.39180978503
0.6 3.14159265359 0.703209050754
0.6 3.35103216383 0.360044564635
0.6 3.56047167407 0.116611462777
0.6 3.76991118431 0.240705087743
0.6 3.97935069455 0.408345938416
0.6 4.18879020479 1.0828375695
0.6 4.39822971503 1.95513832927
0.6 4.60766922527 1.6249488085
0.6 4.8171087355 0.686310156051
0.6 5.02654824574 0.472728983698
0.6 5.23598775598 0.67689475396
0.6 5.44542726622 0.423962589347
0.6 5.65486677646 0.899313056742
0.6 5.8643062867 0.0375432947662
0.6 6.07374579694 0.337736491414

0.666666666667 0 0.418474080968
0.666666666667 0.209439510239 0.463796850004
0.666666666667 0.418879020479 0.613346032872
0.666666666667 0.628318530718 0.946907922978
0.666666666667 0.837758040957 1.05041664299
0.666666666667 1.0471975512 0.71171856883
0.666666666667 1.25663706144 0.203777845165
0.666666666667 1.46607657168 0.296170939357
0.666666666667 1.67551608191 0.678536402386
0.666666666667 1.88495559215 0.907925575276
0.666666666667 2.09439510239 0.162730366381
0.666666666667 2.30383461263 0.183566994823
0.666666666667 2.51327412287 0.0767147599458
0.666666666667 2.72271363311 0.955197054587
0.666666666667 2.93215314335 1.48330536803
0.666666666667 3.14159265359 0.727415852767
0.666666666667 3.35103216383 0.750361311406
0.666666666667 3.56047167407 0.358999132329
0.666666666667 3.76991118431 0.379422425297
0.666666666667 3.97935069455 0.763624196611
0.666666666667 4.18879020479 1.53717250356
0.666666666667 4.39822971503 2.06049525881
0.666666666667 4.60766922527 1.356986884
0.666666666667 4.8171087355 0.466583343296
0.666666666667 5.02654824574 0.529649972704
0.666666666667 5.23598775598 0.690418281431
0.666666666667 5.44542726622 0.472141666642
0.666666666667 5.65486677646 0.908952481756
0.666666666667 5.8643062867 0.0421222494443
0.666666666667 6.07374579694 0.304704487326

0.733333333333 0 0.372710223892
0.733333333333 0.209439510239 0.425113320626
0.733333333333 0.418879020479 0.408479259341
0.733333333333 0.628318530718 0.537280852032
0.733333333333 0.837758040957 0.557235276332
0.733333333333 1.0471975512 0.297536257401
0.733333333333 1.25663706144 0.190811546911
0.733333333333 1.46607657168 0.34794166065
0.733333333333 1.67551608191 0.615057000849
0.733333333333 1.88495559215 0.964125732581
0.733333333333 2.09439510239 0.225186907168
0.733333333333 2.30383461263 0.198799263265
0.733333333333 2.51327412287 0.0714508720778
0.733333333333 2.72271363311 0.744715364038
0.733333333333 2.93215314335 1.53127687988
0.733333333333 3.14159265359 0.755539777168
0.733333333333 3.35103216383 0.888798469214
0.733333333333 3.56047167407 0.978526393493
0.733333333333 3.76991118431 1.02200378165
0.733333333333 3.97935069455 1.41462310214
0.733333333333 4.18879020479 1.95198376022
0.733333333333 4.39822971503 1.88000332608
0.733333333333 4.60766922527 0.917042638518
0.733333333333 4.8171087355 0.30586848148
0.733333333333 5.02654824574 0.645613673971
0.733333333333 5.23598775598 0.697419660789
0.733333333333 5.44542726622 0.534258479442
0.733333333333 5.65486677646 0.879512033891
0.733333333333 5.8643062867 0.111123391931
0.733333333333 6.07374579694 0.247489468385

0.8 0 0.29095204143
0.8 0.209439510239 0.351101950544
0.8 0.418879020479 0.300515998847
0.8 0.628318530718 0.209101152684
0.8 0.837758040957 0.144462560673
0.8 1.0471975512 0.131184728021
0.8 1.25663706144 0.222449944836
0.8 1.46607657168 0.239393483992
0.8 1.67551608191 0.788677401233
0.8 1.88495559215 0.95758316841
0.8 2.09439510239 0.317728902597
0.8 2.30383461263 0.242557466998
0.8 2.51327412287 0.0715200365702
0.8 2.72271363311 0.656714687735
0.8 2.93215314335 1.58463274026
0.8 3.14159265359 1.16361504682
0.8 3.35103216383 0.760476042424
0.8 3.56047167407 1.1468149223
0.8 3.76991118431 1.53394009818
0.8 3.97935069455 1.81110544323
0.8 4.18879020479 1.81042117767
0.8 4.39822971503 1.2305281419
0.8 4.60766922527 0.464064020383
0.8 4.8171087355 0.351147871461
0.8 5.02654824574 0.767098451706
0.8 5.23598775598 0.71628094069
0.8 5.44542726622 0.606331904633
0.8 5.65486677646 0.79026822639
0.8 5.8643062867 0.247190966269
0.8 6.07374579694 0.22753540146

0.866666666667 0 0.31152678426
0.866666666667 0.209439510239 0.250926765168
0.866666666667 0.418879020479 0.234381114103
0.866666666667 0.628318530718 0.197765666081
0.866666666667 0.837758040957 0.163652465757
0.866666666667 1.0471975512 0.163324567173
0.866666666667 1.25663706144 0.195985939214
0.866666666667 1.46607657168 0.472159879223
0.866666666667 1.67551608191 0.989549605273
0.866666666667 1.88495559215 0.75855121806
0.866666666667 2.09439510239 0.456593237952
0.866666666667 2.30383461263 0.302502262507
0.866666666667 2.51327412287 0.0657920225239
0.866666666667 2.72271363311 0.528087465293
0.866666666667 2.93215314335 1.4600115393
0.866666666667 3.14159265359 1.90110831962
0.866666666667 3.35103216383 1.40061945498
0.866666666667 3.56047167407 1.06148881131
0.866666666667 3.76991118431 1.11604218601
0.866666666667 3.97935069455 1.15956998212
0.866666666667 4.18879020479 0.96490635985
0.866666666667 4.39822971503 0.623532193145
0.866666666667 4.60766922527 0.457796267314
0.866666666667 4.8171087355 0.592210425005
0.866666666667 5.02654824574 0.814150842049
0.866666666667 5.23598775598 0.780880961049
0.866666666667 5.44542726622 0.674715480811
0.866666666667 5.65486677646 0.629168647119
0.866666666667 5.8643062867 0.379198694151
0.866666666667 6.07374579694 0.339458102734

0.933333333333 0 0.57007744589
0.933333333333 0.209439510239 0.553132803103
0.933333333333 0.418879020479 0.464527468595
0.933333333333 0.628318530718 0.402875013891
0.933333333333 0.837758040957 0.404243410685
0.933333333333 1.0471975512 0.48498956492
0.933333333333 1.25663706144 0.649706853094
0.933333333333 1.46607657168 0.806604141474
0.933333333333 1.67551608191 0.767445316625
0.933333333333 1.88495559215 0.599314632229
0.933333333333 2.09439510239 0.520910942015
0.933333333333 2.30383461263 0.34914376761
0.933333333333 2.51327412287 0.151718983046
0.933333333333 2.72271363311 0.233278635188
0.933333333333 2.93215314335 0.645440121514
0.933333333333 3.14159265359 1.2832027554
0.933333333333 3.35103216383 1.72820202007
0.933333333333 3.56047167407 1.76327097268
0.933333333333 3.76991118431 1.56374760359
0.933333333333 3.97935069455 1.31134678038
0.933333333333 4.18879020479 1.06184910883
0.933333333333 4.39822971503 0.834672162898
0.933333333333 4.60766922527 0.680615868951
0.933333333333 4.8171087355 0.686815614565
0.933333333333 5.02654824574 0.837735036079
0.933333333333 5.23598775598 0.893208596718
0.933333333333 5.44542726622 0.702011157238
0.933333333333 5.65486677646 0.433792579763
0.933333333333 5.8643062867 0.330199388089
0.933333333333 6.07374579694 0.445267873638

