-1 0 0.243746374612
-1 0.209439510239 0.243746374612
-1 0.418879020479 0.243746374612
-1 0.628318530718 0.243746374612
-1 0.837758040957 0.243746374612
-1 1.0471975512 0.243746374612
-1 1.25663706144 0.243746374611
-1 1.46607657168 0.243746374612
-1 1.67551608191 0.243746374612
-1 1.88495559215 0.243746374612
-1 2.09439510239 0.243746374612
-1 2.30383461263 0.243746374612
-1 2.51327412287 0.243746374612
-1 2.72271363311 0.243746374611
-1 2.93215314335 0.243746374611
-1 3.14159265359 0.243746374612
-1 3.35103216383 0.243746374612
-1 3.56047167407 0.243746374612
-1 3.76991118431 0.243746374612
-1 3.97935069455 0.243746374612
-1 4.18879020479 0.243746374612
-1 4.39822971503 0.243746374611
-1 4.60766922527 0.243746374612
-1 4.8171087355 0.243746374612
-1 5.02654824574 0.243746374612
-1 5.23598775598 0.243746374612
-1 5.44542726622 0.243746374612
-1 5.65486677646 0.243746374612
-1 5.8643062867 0.243746374611
-1 6.07374579694 0.243746374611

-0.933333333333 0 0.253161354806
-0.933333333333 0.209439510239 0.174214804894
-0.933333333333 0.418879020479 0.118781921926
-0.933333333333 0.628318530718 0.0995579153387
-0.933333333333 0.837758040957 0.0968027435448
-0.933333333333 1.0471975512 0.104786935161
-0.933333333333 1.25663706144 0.130164978978
-0.933333333333 1.46607657168 0.190741458138
-0.933333333333 1.67551608191 0.290225746385
-0.933333333333 1.88495559215 0.350189951201
-0.933333333333 2.09439510239 0.282863608938
-0.933333333333 2.30383461263 0.160651822649
-0.933333333333 2.51327412287 0.0488243855504
-0.933333333333 2.72271363311 0.00480233695962
-0.933333333333 2.93215314335 0.111848386666
-0.933333333333 3.14159265359 0.269219987659
-0.933333333333 3.35103216383 0.315336211013
-0.933333333333 3.56047167407 0.24599921279
-0.933333333333 3.76991118431 0.171344703181
-0.933333333333 3.97935069455 0.140004454548
-0.933333333333 4.18879020479 0.155935865115
-0.933333333333 4.39822971503 0.213258352693
-0.933333333333 4.60766922527 0.256237152585
-0.933333333333 4.8171087355 0.188551082625
-0.933333333333 5.02654824574 0.056520787688
-0.933333333333 5.23598775598 0.0645502504444
-0.933333333333 5.44542726622 0.254274564644
-0.933333333333 5.65486677646 0.270509478157
-0.933333333333 5.8643062867 0.209833424895
-0.933333333333 6.07374579694 0.255059694888

-0.866666666667 0 0.172013889515
-0.866666666667 0.209439510239 0.103343420854
-0.866666666667 0.418879020479 0.0904390410944
-0.866666666667 0.628318530718 0.0519564306902
-0.866666666667 0.837758040957 0.0307637488351
-0.866666666667 1.0471975512 0.0348596503532
-0.866666666667 1.25663706144 0.0581627146436
-0.866666666667 1.46607657168 0.0909852139116
-0.866666666667 1.67551608191 0.164990924195
-0.866666666667 1.88495559215 0.342564847057
-0.866666666667 2.09439510239 0.36158728924
-0.866666666667 2.30383461263 0.135494439912
-0.866666666667 2.51327412287 0.0188192335015
-0.866666666667 2.72271363311 0.0540134493633
-0.866666666667 2.93215314335 0.221105548514
-0.866666666667 3.14159265359 0.211548583618
-0.866666666667 3.35103216383 0.0836190833079
-0.866666666667 3.56047167407 0.0403637122202
-0.866666666667 3.76991118431 0.0426323521564
-0.866666666667 3.97935069455 0.0595119211082
-0.866666666667 4.18879020479 0.0724812103013
-0.866666666667 4.39822971503 0.0727270996921
-0.866666666667 4.60766922527 0.0673521520568
-0.866666666667 4.8171087355 0.11253701548
-0.866666666667 5.02654824574 0.124394571199
-0.866666666667 5.23598775598 0.0396003050114
-0.866666666667 5.44542726622 0.218531346313
-0.866666666667 5.65486677646 0.191057719377
-0.866666666667 5.8643062867 0.215433885572
-0.866666666667 6.07374579694 0.361590595436

-0.8 0 0.122044652042
-0.8 0.209439510239 0.145282732923
-0.8 0.418879020479 0.0891176753603
-0.8 0.628318530718 0.0798464854247
-0.8 0.837758040957 0.0543047026914
-0.8 1.0471975512 0.0156320808183
-0.8 1.25663706144 0.0107264404543
-0.8 1.46607657168 0.0401352032652
-0.8 1.67551608191 0.101894503612
-0.8 1.88495559215 0.269503027376
-0.8 2.09439510239 0.417571431198
-0.8 2.30383461263 0.127904573853
-0.8 2.51327412287 0.0183327650372
-0.8 2.72271363311 0.0882626110009
-0.8 2.93215314335 0.200521155853
-0.8 3.14159265359 0.114182035439
-0.8 3.35103216383 0.100059627794
-0.8 3.56047167407 0.143153508483
-0.8 3.76991118431 0.259459373459
-0.8 3.97935069455 0.566973445995
-0.8 4.18879020479 0.516975784724
-0.8 4.39822971503 0.276549538819
-0.8 4.60766922527 0.195109561391
-0.8 4.8171087355 0.066426514046
-0.8 5.02654824574 0.108175194247
-0.8 5.23598775598 0.102287999924
-0.8 5.44542726622 0.174344701757
-0.8 5.65486677646 0.149917746097
-0.8 5.8643062867 0.280187740511
-0.8 6.07374579694 0.340132164539

-0.733333333333 0 0.168397930443
-0.733333333333 0.209439510239 0.156583079789
-0.733333333333 0.418879020479 0.212601580102
-0.733333333333 0.628318530718 0.25988191489
-0.733333333333 0.837758040957 0.169106865039
-0.733333333333 1.0471975512 0.0623073664845
-0.733333333333 1.25663706144 0.0180895071339
-0.733333333333 1.46607657168 0.0213649239544
-0.733333333333 1.67551608191 0.0579746962077
-0.733333333333 1.88495559215 0.206926067065
-0.733333333333 2.09439510239 0.437106589405
-0.733333333333 2.30383461263 0.129735317417
-0.733333333333 2.51327412287 0.0273175085717
-0.733333333333 2.72271363311 0.100257130382
-0.733333333333 2.93215314335 0.153652696543
-0.733333333333 3.14159265359 0.129546828895
-0.733333333333 3.35103216383 0.166002562817
-0.733333333333 3.56047167407 0.141263171309
-0.733333333333 3.76991118431 0.140245814218
-0.733333333333 3.97935069455 0.247912037679
-0.733333333333 4.18879020479 0.35371942985
-0.733333333333 4.39822971503 0.329218552169
-0.733333333333 4.60766922527 0.225566526718
-0.733333333333 4.8171087355 0.106323838129
-0.733333333333 5.02654824574 0.0654183783192
-0.733333333333 5.23598775598 0.192173136465
-0.733333333333 5.44542726622 0.138074148234
-0.733333333333 5.65486677646 0.138128983333
-0.733333333333 5.8643062867 0.303084731753
-0.733333333333 6.07374579694 0.264463658511

-0.666666666667 0 0.201995979786
-0.666666666667 0.209439510239 0.172844001971
-0.666666666667 0.418879020479 0.349217906123
-0.666666666667 0.628318530718 0.306149971764
-0.666666666667 0.837758040957 0.203429471374
-0.666666666667 1.0471975512 0.0980537686188
-0.666666666667 1.25663706144 0.0233835388763
-0.666666666667 1.46607657168 0.0391457971842
-0.666666666667 1.67551608191 0.030115729271
-0.666666666667 1.88495559215 0.165190541866
-0.666666666667 2.09439510239 0.430563395747
-0.666666666667 2.30383461263 0.136244900358
-0.666666666667 2.51327412287 0.0386102920077
-0.666666666667 2.72271363311 0.10045526512
-0.666666666667 2.93215314335 0.129227832331
-0.666666666667 3.14159265359 0.169754869817
-0.666666666667 3.35103216383 0.145363378765
-0.666666666667 3.56047167407 0.0999501864159
-0.666666666667 3.76991118431 0.170892870379
-0.666666666667 3.97935069455 0.265396305607
-0.666666666667 4.18879020479 0.573443034275
-0.666666666667 4.39822971503 0.39403933128
-0.666666666667 4.60766922527 0.20751117414
-0.666666666667 4.8171087355 0.111764379221
-0.666666666667 5.02654824574 0.0456878999911
-0.666666666667 5.23598775598 0.249084979772
-0.666666666667 5.44542726622 0.115039298374
-0.666666666667 5.65486677646 0.131981761017
-0.666666666667 5.8643062867 0.299631610714
-0.666666666667 6.07374579694 0.223781957192

-0.6 0 0.176289086345
-0.6 0.209439510239 0.209475411584
-0.6 0.418879020479 0.327845585902
-0.6 0.628318530718 0.228128172288
-0.6 0.837758040957 0.226052085699
-0.6 1.0471975512 0.173119309725
-0.6 1.25663706144 0.0425315276234
-0.6 1.46607657168 0.0540308992742
-0.6 1.67551608191 0.0324137770184
-0.6 1.88495559215 0.134864908413
-0.6 2.09439510239 0.41084241792
-0.6 2.30383461263 0.144466853391
-0.6 2.51327412287 0.0494803406049
-0.6 2.72271363311 0.0963885091785
-0.6 2.93215314335 0.127579461579
-0.6 3.14159265359 0.187628617089
-0.6 3.35103216383 0.104566758951
-0.6 3.56047167407 0.122664712895
-0.6 3.76991118431 0.196381654124
-0.6 3.97935069455 0.271560547508
-0.6 4.18879020479 0.26124998769
-0.6 4.39822971503 0.501303940714
-0.6 4.60766922527 0.179691612558
-0.6 4.8171087355 0.125158998211
-0.6 5.02654824574 0.0572486712017
-0.6 5.23598775598 0.262349252163
-0.6 5.44542726622 0.101898435483
-0.6 5.65486677646 0.123551182214
-0.6 5.8643062867 0.295380212219
-0.6 6.07374579694 0.223799654353

-0.533333333333 0 0.124915594358
-0.533333333333 0.209439510239 0.225673579998
-0.533333333333 0.418879020479 0.212267219208
-0.533333333333 0.628318530718 0.174059012764
-0.533333333333 0.837758040957 0.275811320315
-0.533333333333 1.0471975512 0.273472432902
-0.533333333333 1.25663706144 0.101671572416
-0.533333333333 1.46607657168 0.0531459134875
-0.533333333333 1.67551608191 0.0588382613903
-0.533333333333 1.88495559215 0.10948861745
-0.533333333333 2.09439510239 0.387255051131
-0.533333333333 2.30383461263 0.152604594923
-0.533333333333 2.51327412287 0.0589726778629
-0.533333333333 2.72271363311 0.0918382628461
-0.533333333333 2.93215314335 0.136293507497
-0.533333333333 3.14159265359 0.180365863198
-0.533333333333 3.35103216383 0.0966301668342
-0.533333333333 3.56047167407 0.144558388726
-0.533333333333 3.76991118431 0.25492161433
-0.533333333333 3.97935069455 0.541613577257
-0.533333333333 4.18879020479 0.401657340983
-0.533333333333 4.39822971503 0.200408189859
-0.533333333333 4.60766922527 0.18571959338
-0.533333333333 4.8171087355 0.121325550767
-0.533333333333 5.02654824574 0.0860781768362
-0.533333333333 5.23598775598 0.250764752296
-0.533333333333 5.44542726622 0.0943684828417
-0.533333333333 5.65486677646 0.113366410683
-0.533333333333 5.8643062867 0.299897114149
-0.533333333333 6.07374579694 0.236012296367

-0.466666666667 0 0.0814962275109
-0.466666666667 0.209439510239 0.212483356217
-0.466666666667 0.418879020479 0.116161841714
-0.466666666667 0.628318530718 0.189492422267
-0.466666666667 0.837758040957 0.311020836802
-0.466666666667 1.0471975512 0.336258663506
-0.466666666667 1.25663706144 0.177229405269
-0.466666666667 1.46607657168 0.0476719710563
-0.466666666667 1.67551608191 0.0932706772459
-0.466666666667 1.88495559215 0.088040379311
-0.466666666667 2.09439510239 0.365170545025
-0.466666666667 2.30383461263 0.159658982768
-0.466666666667 2.51327412287 0.0668635609787
-0.466666666667 2.72271363311 0.0883088614207
-0.466666666667 2.93215314335 0.146215715107
-0.466666666667 3.14159265359 0.163400495667
-0.466666666667 3.35103216383 0.10371984647
-0.466666666667 3.56047167407 0.16422946348
-0.466666666667 3.76991118431 0.236473397738
-0.466666666667 3.97935069455 0.298249739964
-0.466666666667 4.18879020479 0.501700833923
-0.466666666667 4.39822971503 0.24722466227
-0.466666666667 4.60766922527 0.167101313394
-0.466666666667 4.8171087355 0.109864121031
-0.466666666667 5.02654824574 0.114632584123
-0.466666666667 5.23598775598 0.232530228192
-0.466666666667 5.44542726622 0.0896316733749
-0.466666666667 5.65486677646 0.103275445136
-0.466666666667 5.8643062867 0.312733669231
-0.466666666667 6.07374579694 0.242252424144

-0.4 0 0.0557968697315
-0.4 0.209439510239 0.183093556999
-0.4 0.418879020479 0.0833927043227
-0.4 0.628318530718 0.230832406472
-0.4 0.837758040957 0.29839265214
-0.4 1.0471975512 0.333682231992
-0.4 1.25663706144 0.23313408147
-0.4 1.46607657168 0.0474127196254
-0.4 1.67551608191 0.122500320422
-0.4 1.88495559215 0.0714846791025
-0.4 2.09439510239 0.347053205696
-0.4 2.30383461263 0.165161831298
-0.4 2.51327412287 0.0732130972295
-0.4 2.72271363311 0.086175270952
-0.4 2.93215314335 0.153436628018
-0.4 3.14159265359 0.14821730197
-0.4 3.35103216383 0.111587380339
-0.4 3.56047167407 0.172403733102
-0.4 3.76991118431 0.251423732447
-0.4 3.97935069455 0.359792584372
-0.4 4.18879020479 0.297187036851
-0.4 4.39822971503 0.29639885147
-0.4 4.60766922527 0.142857574393
-0.4 4.8171087355 0.101762619973
-0.4 5.02654824574 0.133430423206
-0.4 5.23598775598 0.217052236712
-0.4 5.44542726622 0.0861873939654
-0.4 5.65486677646 0.0945578157295
-0.4 5.8643062867 0.330225365568
-0.4 6.07374579694 0.237429413201

-0.333333333333 0 0.0447164516738
-0.333333333333 0.209439510239 0.151765881486
-0.333333333333 0.418879020479 0.0928198959797
-0.333333333333 0.628318530718 0.251337986373
-0.333333333333 0.837758040957 0.245815505476
-0.333333333333 1.0471975512 0.282898210153
-0.333333333333 1.25663706144 0.253938097496
-0.333333333333 1.46607657168 0.053409640416
-0.333333333333 1.67551608191 0.140760255865
-0.333333333333 1.88495559215 0.0604019801824
-0.333333333333 2.09439510239 0.333544910772
-0.333333333333 2.30383461263 0.168981509583
-0.333333333333 2.51327412287 0.078169243858
-0.333333333333 2.72271363311 0.0853300874958
-0.333333333333 2.93215314335 0.157264718639
-0.333333333333 3.14159265359 0.138467139155
-0.333333333333 3.35103216383 0.11735888555
-0.333333333333 3.56047167407 0.175235814636
-0.333333333333 3.76991118431 0.303752894218
-0.333333333333 3.97935069455 0.474817648942
-0.333333333333 4.18879020479 0.355598682588
-0.333333333333 4.39822971503 0.28769103921
-0.333333333333 4.60766922527 0.141523257807
-0.333333333333 4.8171087355 0.0981269990853
-0.333333333333 5.02654824574 0.14160559008
-0.333333333333 5.23598775598 0.207172497453
-0.333333333333 5.44542726622 0.0833199144733
-0.333333333333 5.65486677646 0.0878581554737
-0.333333333333 5.8643062867 0.348878637335
-0.333333333333 6.07374579694 0.223402666677

-0.266666666667 0 0.042232940557
-0.266666666667 0.209439510239 0.126110762978
-0.266666666667 0.418879020479 0.109837547762
-0.266666666667 0.628318530718 0.23855132977
-0.266666666667 0.837758040957 0.178958033345
-0.266666666667 1.0471975512 0.215004433794
-0.266666666667 1.25663706144 0.245133314508
-0.266666666667 1.46607657168 0.0620243630439
-0.266666666667 1.67551608191 0.148162806772
-0.266666666667 1.88495559215 0.0544433704152
-0.266666666667 2.09439510239 0.324287492849
-0.266666666667 2.30383461263 0.171185159544
-0.266666666667 2.51327412287 0.0818835663736
-0.266666666667 2.72271363311 0.085509049115
-0.266666666667 2.93215314335 0.158291889018
-0.266666666667 3.14159265359 0.133594803491
-0.266666666667 3.35103216383 0.121671215876
-0.266666666667 3.56047167407 0.185393940155
-0.266666666667 3.76991118431 0.342742021289
-0.266666666667 3.97935069455 0.621229273053
-0.266666666667 4.18879020479 0.422541065402
-0.266666666667 4.39822971503 0.265265124987
-0.266666666667 4.60766922527 0.153127557233
-0.266666666667 4.8171087355 0.0969991724725
-0.266666666667 5.02654824574 0.142407824309
-0.266666666667 5.23598775598 0.202500575448
-0.266666666667 5.44542726622 0.0807127541472
-0.266666666667 5.65486677646 0.0834229424072
-0.266666666667 5.8643062867 0.366323836178
-0.266666666667 6.07374579694 0.204302076228

-0.2 0 0.0434096319617
-0.2 0.209439510239 0.107696996143
-0.2 0.418879020479 0.115599352307
-0.2 0.628318530718 0.203351290486
-0.2 0.837758040957 0.118248456778
-0.2 1.0471975512 0.152645498096
-0.2 1.25663706144 0.220055128939
-0.2 1.46607657168 0.0695044598697
-0.2 1.67551608191 0.147511668614
-0.2 1.88495559215 0.0526385408253
-0.2 2.09439510239 0.318466334777
-0.2 2.30383461263 0.171945009599
-0.2 2.51327412287 0.0844779054755
-0.2 2.72271363311 0.0864431464704
-0.2 2.93215314335 0.157330393945
-0.2 3.14159265359 0.132072820875
-0.2 3.35103216383 0.124739532335
-0.2 3.56047167407 0.200500178323
-0.2 3.76991118431 0.360545582283
-0.2 3.97935069455 0.84379643772
-0.2 4.18879020479 0.452349528279
-0.2 4.39822971503 0.254750654569
-0.2 4.60766922527 0.16526167651
-0.2 4.8171087355 0.0968931606031
-0.2 5.02654824574 0.139566989276
-0.2 5.23598775598 0.201530727418
-0.2 5.44542726622 0.0782311272421
-0.2 5.65486677646 0.0812955328248
-0.2 5.8643062867 0.381206274426
-0.2 6.07374579694 0.184020907317

-0.133333333333 0 0.0452524120677
-0.133333333333 0.209439510239 0.0955368177376
-0.133333333333 0.418879020479 0.107399339135
-0.133333333333 0.628318530718 0.160976327787
-0.133333333333 0.837758040957 0.0725216946208
-0.133333333333 1.0471975512 0.10562321234
-0.133333333333 1.25663706144 0.190284738035
-0.133333333333 1.46607657168 0.0738163248913
-0.133333333333 1.67551608191 0.141982246896
-0.133333333333 1.88495559215 0.053851870578
-0.133333333333 2.09439510239 0.315126822922
-0.133333333333 2.30383461263 0.171478469322
-0.133333333333 2.51327412287 0.0860338434237
-0.133333333333 2.72271363311 0.0879196683351
-0.133333333333 2.93215314335 0.154993393138
-0.133333333333 3.14159265359 0.132819495229
-0.133333333333 3.35103216383 0.126361563265
-0.133333333333 3.56047167407 0.216002179125
-0.133333333333 3.76991118431 0.358785713354
-0.133333333333 3.97935069455 0.85625363805
-0.133333333333 4.18879020479 0.429915638984
-0.133333333333 4.39822971503 0.250695091169
-0.133333333333 4.60766922527 0.173890470477
-0.133333333333 4.8171087355 0.0972179619764
-0.133333333333 5.02654824574 0.135796664083
-0.133333333333 5.23598775598 0.202658481102
-0.133333333333 5.44542726622 0.0758119038236
-0.133333333333 5.65486677646 0.0814372716745
-0.133333333333 5.8643062867 0.392801290548
-0.133333333333 6.07374579694 0.165354270134

-0.0666666666667 0 0.0463621144974
-0.0666666666667 0.209439510239 0.0885012710543
-0.0666666666667 0.418879020479 0.0900024249842
-0.0666666666667 0.628318530718 0.121256300771
-0.0666666666667 0.837758040957 0.0419005868132
-0.0666666666667 1.0471975512 0.075083575472
-0.0666666666667 1.25663706144 0.16255735602
-0.0666666666667 1.46607657168 0.0745217376146
-0.0666666666667 1.67551608191 0.134064814805
-0.0666666666667 1.88495559215 0.0571234063284
-0.0666666666667 2.09439510239 0.313322551933
-0.0666666666667 2.30383461263 0.17001311305
-0.0666666666667 2.51327412287 0.0865926860035
-0.0666666666667 2.72271363311 0.0897950871079
-0.0666666666667 2.93215314335 0.15160227675
-0.0666666666667 3.14159265359 0.135490712055
-0.0666666666667 3.35103216383 0.126341354798
-0.0666666666667 3.56047167407 0.23031951965
-0.0666666666667 3.76991118431 0.351893384133
-0.0666666666667 3.97935069455 0.415455979084
-0.0666666666667 4.18879020479 0.381840167499
-0.0666666666667 4.39822971503 0.247048075596
-0.0666666666667 4.60766922527 0.178819185325
-0.0666666666667 4.8171087355 0.0978864589644
-0.0666666666667 5.02654824574 0.132622779493
-0.0666666666667 5.23598775598 0.204561020062
-0.0666666666667 5.44542726622 0.0734131547337
-0.0666666666667 5.65486677646 0.0837955192249
-0.0666666666667 5.8643062867 0.40065022563
-0.0666666666667 6.07374579694 0.15006857568

6.12323399574e-17 0 0.0463149330008
6.12323399574e-17 0.209439510239 0.0860526011424
6.12323399574e-17 0.418879020479 0.0694048185499
6.12323399574e-17 0.628318530718 0.087768017427
6.12323399574e-17 0.837758040957 0.0229027224179
6.12323399574e-17 1.0471975512 0.0585680654482
6.12323399574e-17 1.25663706144 0.139312090422
6.12323399574e-17 1.46607657168 0.0720611727946
6.12323399574e-17 1.67551608191 0.125340681053
6.12323399574e-17 1.88495559215 0.0618567152484
6.12323399574e-17 2.09439510239 0.312148516543
6.12323399574e-17 2.30383461263 0.167769134292
6.12323399574e-17 2.51327412287 0.086160968219
6.12323399574e-17 2.72271363311 0.0919808953286
6.12323399574e-17 2.93215314335 0.147236978711
6.12323399574e-17 3.14159265359 0.140342409177
6.12323399574e-17 3.35103216383 0.12450862812
6.12323399574e-17 3.56047167407 0.243101205032
6.12323399574e-17 3.76991118431 0.368145035276
6.12323399574e-17 3.97935069455 0.314382745
6.12323399574e-17 4.18879020479 0.346459252596
6.12323399574e-17 4.39822971503 0.24293088813
6.12323399574e-17 4.60766922527 0.180578819963
6.12323399574e-17 4.8171087355 0.0990180407352
6.12323399574e-17 5.02654824574 0.130686078394
6.12323399574e-17 5.23598775598 0.206275132537
6.12323399574e-17 5.44542726622 0.0709940033204
6.12323399574e-17 5.65486677646 0.0883379960884
6.12323399574e-17 5.8643062867 0.404284081104
6.12323399574e-17 6.07374579694 0.139324976078

0.0666666666667 0 0.0451435892342
0.0666666666667 0.209439510239 0.0880706655602
0.0666666666667 0.418879020479 0.0507164000594
0.0666666666667 0.628318530718 0.0609590471711
0.0666666666667 0.837758040957 0.0125730638934
0.0666666666667 1.0471975512 0.0532438933446
0.0666666666667 1.25663706144 0.120213271192
0.0666666666667 1.46607657168 0.0672194531528
0.0666666666667 1.67551608191 0.11664767715
0.0666666666667 1.88495559215 0.0678863377043
0.0666666666667 2.09439510239 0.310699034768
0.0666666666667 2.30383461263 0.164953643355
0.0666666666667 2.51327412287 0.0847208253443
0.0666666666667 2.72271363311 0.09441075262
0.0666666666667 2.93215314335 0.141865325085
0.0666666666667 3.14159265359 0.147950432335
0.0666666666667 3.35103216383 0.120842131766
0.0666666666667 3.56047167407 0.252655042331
0.0666666666667 3.76991118431 0.444336588086
0.0666666666667 3.97935069455 0.384692000557
0.0666666666667 4.18879020479 0.330363138114
0.0666666666667 4.39822971503 0.239711726413
0.0666666666667 4.60766922527 0.179487740303
0.0666666666667 4.8171087355 0.100840873936
0.0666666666667 5.02654824574 0.130082298402
0.0666666666667 5.23598775598 0.207157443398
0.0666666666667 5.44542726622 0.0685094090703
0.0666666666667 5.65486677646 0.0950647682256
0.0666666666667 5.8643062867 0.403036177464
0.0666666666667 6.07374579694 0.134139573164

0.133333333333 0 0.0430025139914
0.133333333333 0.209439510239 0.0943866628673
0.133333333333 0.418879020479 0.0383779979738
0.133333333333 0.628318530718 0.0415475023937
0.133333333333 0.837758040957 0.0107957095664
0.133333333333 1.0471975512 0.0572149245967
0.133333333333 1.25663706144 0.103470031008
0.133333333333 1.46607657168 0.0609781823157
0.133333333333 1.67551608191 0.108391394416
0.133333333333 1.88495559215 0.0754547235783
0.133333333333 2.09439510239 0.307980179992
0.133333333333 2.30383461263 0.161762007402
0.133333333333 2.51327412287 0.0822462072891
0.133333333333 2.72271363311 0.0969901892563
0.133333333333 2.93215314335 0.135558463313
0.133333333333 3.14159265359 0.158756820739
0.133333333333 3.35103216383 0.115839942515
0.133333333333 3.56047167407 0.254277613207
0.133333333333 3.76991118431 0.567275697481
0.133333333333 3.97935069455 0.526393018281
0.133333333333 4.18879020479 0.323195486535
0.133333333333 4.39822971503 0.239117118872
0.133333333333 4.60766922527 0.175577799389
0.133333333333 4.8171087355 0.103698727624
0.133333333333 5.02654824574 0.130597987404
0.133333333333 5.23598775598 0.206815887579
0.133333333333 5.44542726622 0.0659120777325
0.133333333333 5.65486677646 0.104001150558
0.133333333333 5.8643062867 0.395946691992
0.133333333333 6.07374579694 0.135742294389

0.2 0 0.0399970248748
0.2 0.209439510239 0.104265999071
0.2 0.418879020479 0.0367370113025
0.2 0.628318530718 0.0327127325674
0.2 0.837758040957 0.0208400972032
0.2 1.0471975512 0.0693889714005
0.2 1.25663706144 0.0868680372012
0.2 1.46607657168 0.0546571661256
0.2 1.67551608191 0.100930990523
0.2 1.88495559215 0.0850965097851
0.2 2.09439510239 0.30280076044
0.2 2.30383461263 0.158382025209
0.2 2.51327412287 0.0787279744279
0.2 2.72271363311 0.099530635911
0.2 2.93215314335 0.128829284244
0.2 3.14159265359 0.172241995223
0.2 3.35103216383 0.110921044931
0.2 3.56047167407 0.241254498439
0.2 3.76991118431 0.593322679522
0.2 3.97935069455 0.571077731161
0.2 4.18879020479 0.314186623234
0.2 4.39822971503 0.242513043398
0.2 4.60766922527 0.168794522572
0.2 4.8171087355 0.108067499324
0.2 5.02654824574 0.131836198249
0.2 5.23598775598 0.205049838584
0.2 5.44542726622 0.063158043198
0.2 5.65486677646 0.115171016573
0.2 5.8643062867 0.38179156225
0.2 6.07374579694 0.145745395192

0.266666666667 0 0.0361747286899
0.266666666667 0.209439510239 0.115973261163
0.266666666667 0.418879020479 0.049520797357
0.266666666667 0.628318530718 0.0403371445475
0.266666666667 0.837758040957 0.0479681210703
0.266666666667 1.0471975512 0.088135572059
0.266666666667 1.25663706144 0.0690272281778
0.266666666667 1.46607657168 0.0500578372329
0.266666666667 1.67551608191 0.0950628845896
0.266666666667 1.88495559215 0.0973867751848
0.266666666667 2.09439510239 0.293673031485
0.266666666667 2.30383461263 0.154994424609
0.266666666667 2.51327412287 0.0742117548137
0.266666666667 2.72271363311 0.101683059287
0.266666666667 2.93215314335 0.123107318373
0.266666666667 3.14159265359 0.185624637091
0.266666666667 3.35103216383 0.108640762951
0.266666666667 3.56047167407 0.2099201581
0.266666666667 3.76991118431 0.514053901311
0.266666666667 3.97935069455 0.510303496368
0.266666666667 4.18879020479 0.297511724048
0.266666666667 4.39822971503 0.249310421189
0.266666666667 4.60766922527 0.159289802495
0.266666666667 4.8171087355 0.114496683007
0.266666666667 5.02654824574 0.133274195429
0.266666666667 5.23598775598 0.201811566065
0.266666666667 5.44542726622 0.0602153073927
0.266666666667 5.65486677646 0.128544374673
0.266666666667 5.8643062867 0.359306118051
0.266666666667 6.07374579694 0.165982279148

0.333333333333 0 0.0317633566528
0.333333333333 0.209439510239 0.126673552156
0.333333333333 0.418879020479 0.0773511629788
0.333333333333 0.628318530718 0.0699399102557
0.333333333333 0.837758040957 0.09508674117
0.333333333333 1.0471975512 0.108788139745
0.333333333333 1.25663706144 0.0515213872388
0.333333333333 1.46607657168 0.0491097150081
0.333333333333 1.67551608191 0.0926231249933
0.333333333333 1.88495559215 0.11247755883
0.333333333333 2.09439510239 0.278776851506
0.333333333333 2.30383461263 0.15175824132
0.333333333333 2.51327412287 0.0688527549758
0.333333333333 2.72271363311 0.102923828317
0.333333333333 2.93215314335 0.121230372579
0.333333333333 3.14159265359 0.192796674446
0.333333333333 3.35103216383 0.114065099513
0.333333333333 3.56047167407 0.173177959911
0.333333333333 3.76991118431 0.413620616479
0.333333333333 3.97935069455 0.428444073061
0.333333333333 4.18879020479 0.276748552876
0.333333333333 4.39822971503 0.253327439205
0.333333333333 4.60766922527 0.147712843208
0.333333333333 4.8171087355 0.123377224
0.333333333333 5.02654824574 0.134314148085
0.333333333333 5.23598775598 0.197185717188
0.333333333333 5.44542726622 0.0570762289831
0.333333333333 5.65486677646 0.143951842583
0.333333333333 5.8643062867 0.327704048034
0.333333333333 6.07374579694 0.19777759358

0.4 0 0.027837267453
0.4 0.209439510239 0.133032915078
0.4 0.418879020479 0.113881493799
0.4 0.628318530718 0.118828661257
0.4 0.837758040957 0.154219613438
0.4 1.0471975512 0.121079043109
0.4 1.25663706144 0.0413304458723
0.4 1.46607657168 0.0525228284834
0.4 1.67551608191 0.097019363789
0.4 1.88495559215 0.129352284927
0.4 2.09439510239 0.256085576714
0.4 2.30383461263 0.148754059195
0.4 2.51327412287 0.0629931697122
0.4 2.72271363311 0.102724232633
0.4 2.93215314335 0.127479543015
0.4 3.14159265359 0.185887755823
0.4 3.35103216383 0.143189876507
0.4 3.56047167407 0.181339275628
0.4 3.76991118431 0.306142307994
0.4 3.97935069455 0.347827296766
0.4 4.18879020479 0.275475490221
0.4 4.39822971503 0.243085775994
0.4 4.60766922527 0.135677382524
0.4 4.8171087355 0.134433754925
0.4 5.02654824574 0.134403897875
0.4 5.23598775598 0.191373401292
0.4 5.44542726622 0.0537763117336
0.4 5.65486677646 0.160957430458
0.4 5.8643062867 0.287588915129
0.4 6.07374579694 0.240347883671

0.466666666667 0 0.0275508882253
0.466666666667 0.209439510239 0.132560289234
0.466666666667 0.418879020479 0.144389427445
0.466666666667 0.628318530718 0.16632213263
0.466666666667 0.837758040957 0.197081503441
0.466666666667 1.0471975512 0.111373358819
0.466666666667 1.25663706144 0.0494992182272
0.466666666667 1.46607657168 0.0579037621935
0.466666666667 1.67551608191 0.112823228575
0.466666666667 1.88495559215 0.144842592302
0.466666666667 2.09439510239 0.223810104177
0.466666666667 2.30383461263 0.145825832929
0.466666666667 2.51327412287 0.0572646579357
0.466666666667 2.72271363311 0.101168391978
0.466666666667 2.93215314335 0.145990101043
0.466666666667 3.14159265359 0.162201906788
0.466666666667 3.35103216383 0.234997121355
0.466666666667 3.56047167407 0.211927418951
0.466666666667 3.76991118431 0.329522426718
0.466666666667 3.97935069455 0.340142777283
0.466666666667 4.18879020479 0.311094586706
0.466666666667 4.39822971503 0.216042617119
0.466666666667 4.60766922527 0.127093224449
0.466666666667 4.8171087355 0.145918612297
0.466666666667 5.02654824574 0.133316679286
0.466666666667 5.23598775598 0.184653401495
0.466666666667 5.44542726622 0.0504245899393
0.466666666667 5.65486677646 0.178688810133
0.466666666667 5.8643062867 0.242251659036
0.466666666667 6.07374579694 0.288183829031

0.533333333333 0 0.0374465618041
0.533333333333 0.209439510239 0.124812953379
0.533333333333 0.418879020479 0.153565443494
0.533333333333 0.628318530718 0.177058682212
0.533333333333 0.837758040957 0.182948809802
0.533333333333 1.0471975512 0.0767787922286
0.533333333333 1.25663706144 0.0801597118274
0.533333333333 1.46607657168 0.0598999509673
0.533333333333 1.67551608191 0.14222822066
0.533333333333 1.88495559215 0.152854794491
0.533333333333 2.09439510239 0.181357651581
0.533333333333 2.30383461263 0.142198478775
0.533333333333 2.51327412287 0.0527052499049
0.533333333333 2.72271363311 0.100430159434
0.533333333333 2.93215314335 0.175664747344
0.533333333333 3.14159265359 0.134191863174
0.533333333333 3.35103216383 0.350342775918
0.533333333333 3.56047167407 0.208779735587
0.533333333333 3.76991118431 0.394661377345
0.533333333333 3.97935069455 0.437307109023
0.533333333333 4.18879020479 0.281909554956
0.533333333333 4.39822971503 0.183691535248
0.533333333333 4.60766922527 0.12994632891
0.533333333333 4.8171087355 0.153694889284
0.533333333333 5.02654824574 0.13165648829
0.533333333333 5.23598775598 0.177278815856
0.533333333333 5.44542726622 0.0472544757617
0.533333333333 5.65486677646 0.195645169306
0.533333333333 5.8643062867 0.199061971939
0.533333333333 6.07374579694 0.327989161942

0.6 0 0.0663163342073
0.6 0.209439510239 0.111013157715
0.6 0.418879020479 0.14184210315
0.6 0.628318530718 0.13665398853
0.6 0.837758040957 0.106695154627
0.6 1.0471975512 0.0423833153961
0.6 1.25663706144 0.116508890745
0.6 1.46607657168 0.0559280690561
0.6 1.67551608191 0.175946517208
0.6 1.88495559215 0.145406362541
0.6 2.09439510239 0.130931955863
0.6 2.30383461263 0.135674804471
0.6 2.51327412287 0.050804964818
0.6 2.72271363311 0.107325280536
0.6 2.93215314335 0.20193167727
0.6 3.14159265359 0.131380058206
0.6 3.35103216383 0.290868913185
0.6 3.56047167407 0.633525853834
0.6 3.76991118431 0.285831859326
0.6 3.97935069455 0.286538140773
0.6 4.18879020479 0.228152651435
0.6 4.39822971503 0.152842862802
0.6 4.60766922527 0.152105434246
0.6 4.8171087355 0.151106006474
0.6 5.02654824574 0.131503525121
0.6 5.23598775598 0.169255228537
0.6 5.44542726622 0.0447126621923
0.6 5.65486677646 0.209554887636
0.6 5.8643062867 0.170118635215
0.6 6.07374579694 0.337758019711

0.666666666667 0 0.116004209699
0.666666666667 0.209439510239 0.0927378934864
0.666666666667 0.418879020479 0.127195228128
0.666666666667 0.628318530718 0.09010903793
0.666666666667 0.837758040957 0.0408676917686
0.666666666667 1.0471975512 0.0470636342884
0.666666666667 1.25663706144 0.1232203475
0.666666666667 1.46607657168 0.0551207910938
0.666666666667 1.67551608191 0.183789995114
0.666666666667 1.88495559215 0.119474657479
0.666666666667 2.09439510239 0.0795790657958
0.666666666667 2.30383461263 0.121392032849
0.666666666667 2.51327412287 0.0530668801135
0.666666666667 2.72271363311 0.134959069352
0.666666666667 2.93215314335 0.197926948255
0.666666666667 3.14159265359 0.185474208762
0.666666666667 3.35103216383 0.160158875
0.666666666667 3.56047167407 0.606160583956
0.666666666667 3.76991118431 0.48778397556
0.666666666667 3.97935069455 0.271668458823
0.666666666667 4.18879020479 0.189555361002
0.666666666667 4.39822971503 0.140222271836
0.666666666667 4.60766922527 0.180984783776
0.666666666667 4.8171087355 0.132946843295
0.666666666667 5.02654824574 0.136598922788
0.666666666667 5.23598775598 0.159954316474
0.666666666667 5.44542726622 0.0436209905471
0.666666666667 5.65486677646 0.217460513563
0.666666666667 5.8643062867 0.170510611168
0.666666666667 6.07374579694 0.29475474246

0.733333333333 0 0.161099375268
0.733333333333 0.209439510239 0.0767378122266
0.733333333333 0.418879020479 0.10916445496
0.733333333333 0.628318530718 0.0892707372019
0.733333333333 0.837758040957 0.0554391795085
0.733333333333 1.0471975512 0.0776898723959
0.733333333333 1.25663706144 0.0786881883711
0.733333333333 1.46607657168 0.0657655638276
0.733333333333 1.67551608191 0.129461473546
0.733333333333 1.88495559215 0.0933034411934
0.733333333333 2.09439510239 0.0406459390961
0.733333333333 2.30383461263 0.0918576250985
0.733333333333 2.51327412287 0.0585989554972
0.733333333333 2.72271363311 0.192758250712
0.733333333333 2.93215314335 0.155391503211
0.733333333333 3.14159265359 0.308920926909
0.733333333333 3.35103216383 0.207063391177
0.733333333333 3.56047167407 0.223608549957
0.733333333333 3.76991118431 0.302855630095
0.733333333333 3.97935069455 0.212246314289
0.733333333333 4.18879020479 0.153762568301
0.733333333333 4.39822971503 0.177738522604
0.733333333333 4.60766922527 0.176587284892
0.733333333333 4.8171087355 0.107075806138
0.733333333333 5.02654824574 0.150174484317
0.733333333333 5.23598775598 0.147580795665
0.733333333333 5.44542726622 0.0454862914771
0.733333333333 5.65486677646 0.216404542777
0.733333333333 5.8643062867 0.211473105458
0.733333333333 6.07374579694 0.202582478324

0.8 0 0.143530953669
0.8 0.209439510239 0.077755604902
0.8 0.418879020479 0.0631314092712
0.8 0.628318530718 0.0718692016216
0.8 0.837758040957 0.064387364541
0.8 1.0471975512 0.0521722413077
0.8 1.25663706144 0.0323324472938
0.8 1.46607657168 0.0539714112357
0.8 1.67551608191 0.0419896779005
0.8 1.88495559215 0.111201517121
0.8 2.09439510239 0.0318368825544
0.8 2.30383461263 0.046389992367
0.8 2.51327412287 0.0573127720821
0.8 2.72271363311 0.24900669052
0.8 2.93215314335 0.134907343623
0.8 3.14159265359 0.285286202264
0.8 3.35103216383 0.302053053065
0.8 3.56047167407 0.329727561109
0.8 3.76991118431 0.516611994427
0.8 3.97935069455 0.356672578129
0.8 4.18879020479 0.20827239279
0.8 4.39822971503 0.172588277489
0.8 4.60766922527 0.12707065324
0.8 4.8171087355 0.107237954438
0.8 5.02654824574 0.166880385329
0.8 5.23598775598 0.12880805842
0.8 5.44542726622 0.0531359446501
0.8 5.65486677646 0.205428242149
0.8 5.8643062867 0.284768736452
0.8 6.07374579694 0.129098292965

0.866666666667 0 0.0829804212648
0.866666666667 0.209439510239 0.0685070297469
0.866666666667 0.418879020479 0.0438101593068
0.866666666667 0.628318530718 0.0292847463761
0.866666666667 0.837758040957 0.0251200707329
0.866666666667 1.0471975512 0.0258443912264
0.866666666667 1.25663706144 0.027442014337
0.866666666667 1.46607657168 0.0126979530566
0.866666666667 1.67551608191 0.0644521936845
0.866666666667 1.88495559215 0.178042851771
0.866666666667 2.09439510239 0.0668267844861
0.866666666667 2.30383461263 0.0203604013285
0.866666666667 2.51327412287 0.0302081656226
0.866666666667 2.72271363311 0.220598090733
0.866666666667 2.93215314335 0.246700607578
0.866666666667 3.14159265359 0.165917145106
0.866666666667 3.35103216383 0.200824472255
0.866666666667 3.56047167407 0.186419784085
0.866666666667 3.76991118431 0.165286000153
0.866666666667 3.97935069455 0.143597963886
0.866666666667 4.18879020479 0.12149256906
0.866666666667 4.39822971503 0.105231123147
0.866666666667 4.60766922527 0.114999092965
0.866666666667 4.8171087355 0.173871709992
0.866666666667 5.02654824574 0.159760752803
0.866666666667 5.23598775598 0.100348879821
0.866666666667 5.44542726622 0.0721664570477
0.866666666667 5.65486677646 0.19016780395
0.866666666667 5.8643062867 0.339527186187
0.866666666667 6.07374579694 0.179602889201

0.933333333333 0 0.194570213641
0.933333333333 0.209439510239 0.106937113761
0.933333333333 0.418879020479 0.0710820946637
0.933333333333 0.628318530718 0.0609308288018
0.933333333333 0.837758040957 0.0576197640349
0.933333333333 1.0471975512 0.0543053359102
0.933333333333 1.25663706144 0.0591301335229
0.933333333333 1.46607657168 0.101902105676
0.933333333333 1.67551608191 0.184126117532
0.933333333333 1.88495559215 0.21275395976
0.933333333333 2.09439510239 0.153619842741
0.933333333333 2.30383461263 0.0867842924428
0.933333333333 2.51327412287 0.0140899842762
0.933333333333 2.72271363311 0.0671834789463
0.933333333333 2.93215314335 0.225337244056
0.933333333333 3.14159265359 0.308008998961
0.933333333333 3.35103216383 0.272606736249
0.933333333333 3.56047167407 0.215331490765
0.933333333333 3.76991118431 0.181551234683
0.933333333333 3.97935069455 0.17382891367
0.933333333333 4.18879020479 0.192761751256
0.933333333333 4.39822971503 0.231229253669
0.933333333333 4.60766922527 0.245725683035
0.933333333333 4.8171087355 0.180144474964
0.933333333333 5.02654824574 0.0880582250877
0.933333333333 5.23598775598 0.0727522131774
0.933333333333 5.44542726622 0.114991971874
0.933333333333 5.65486677646 0.192115165565
0.933333333333 5.8643062867 0.299011340203
0.933333333333 6.07374579694 0.3026841791

