-1 0 0.267871568769
-1 0.209439510239 0.267871568769
-1 0.418879020479 0.267871568769
-1 0.628318530718 0.267871568769
-1 0.837758040957 0.267871568769
-1 1.0471975512 0.267871568769
-1 1.25663706144 0.267871568769
-1 1.46607657168 0.267871568769
-1 1.67551608191 0.267871568769
-1 1.88495559215 0.267871568769
-1 2.09439510239 0.267871568769
-1 2.30383461263 0.267871568769
-1 2.51327412287 0.267871568769
-1 2.72271363311 0.267871568769
-1 2.93215314335 0.267871568769
-1 3.14159265359 0.267871568769
-1 3.35103216383 0.267871568769
-1 3.56047167407 0.267871568769
-1 3.76991118431 0.267871568769
-1 3.97935069455 0.267871568769
-1 4.18879020479 0.267871568769
-1 4.39822971503 0.267871568769
-1 4.60766922527 0.267871568769
-1 4.8171087355 0.267871568769
-1 5.02654824574 0.267871568769
-1 5.23598775598 0.267871568769
-1 5.44542726622 0.267871568769
-1 5.65486677646 0.267871568769
-1 5.8643062867 0.267871568769
-1 6.07374579694 0.267871568769

-0.933333333333 0 0.410896173454
-0.933333333333 0.209439510239 0.569764720477
-0.933333333333 0.418879020479 0.617672755769
-0.933333333333 0.628318530718 0.598507929537
-0.933333333333 0.837758040957 0.533038481078
-0.933333333333 1.0471975512 0.418077054701
-0.933333333333 1.25663706144 0.26991198274
-0.933333333333 1.46607657168 0.125815744122
-0.933333333333 1.67551608191 0.0272246009581
-0.933333333333 1.88495559215 0.0280530227923
-0.933333333333 2.09439510239 0.129162199388
-0.933333333333 2.30383461263 0.23920665172
-0.933333333333 2.51327412287 0.258516121138
-0.933333333333 2.72271363311 0.164998459589
-0.933333333333 2.93215314335 0.0849427520893
-0.933333333333 3.14159265359 0.0905254331586
-0.933333333333 3.35103216383 0.106733681526
-0.933333333333 3.56047167407 0.106714052189
-0.933333333333 3.76991118431 0.120871859898
-0.933333333333 3.97935069455 0.149897963241
-0.933333333333 4.18879020479 0.162185171347
-0.933333333333 4.39822971503 0.130643076332
-0.933333333333 4.60766922527 0.0882549159253
-0.933333333333 4.8171087355 0.102992800737
-0.933333333333 5.02654824574 0.11198932231
-0.933333333333 5.23598775598 0.0682636537445
-0.933333333333 5.44542726622 0.136681394338
-0.933333333333 5.65486677646 0.215787305465
-0.933333333333 5.8643062867 0.157719543467
-0.933333333333 6.07374579694 0.205973579253

-0.866666666667 0 0.584866367639
-0.866666666667 0.209439510239 0.509665139437
-0.866666666667 0.418879020479 0.524844798151
-0.866666666667 0.628318530718 0.652644563413
-0.866666666667 0.837758040957 0.792271352085
-0.866666666667 1.0471975512 0.804211067087
-0.866666666667 1.25663706144 0.585237082553
-0.866666666667 1.46607657168 0.288466512977
-0.866666666667 1.67551608191 0.122982725782
-0.866666666667 1.88495559215 0.0211654140591
-0.866666666667 2.09439510239 0.0478402268954
-0.866666666667 2.30383461263 0.206976749165
-0.866666666667 2.51327412287 0.268631309124
-0.866666666667 2.72271363311 0.114374238598
-0.866666666667 2.93215314335 0.136310879117
-0.866666666667 3.14159265359 0.123076079008
-0.866666666667 3.35103216383 0.0125669475594
-0.866666666667 3.56047167407 0.0546149835214
-0.866666666667 3.76991118431 0.139147037117
-0.866666666667 3.97935069455 0.154937975701
-0.866666666667 4.18879020479 0.169890572655
-0.866666666667 4.39822971503 0.232797670028
-0.866666666667 4.60766922527 0.21030433712
-0.866666666667 4.8171087355 0.0791673304828
-0.866666666667 5.02654824574 0.101023953022
-0.866666666667 5.23598775598 0.153171942539
-0.866666666667 5.44542726622 0.185791387539
-0.866666666667 5.65486677646 0.127516332623
-0.866666666667 5.8643062867 0.22863563549
-0.866666666667 6.07374579694 0.52117907894

-0.8 0 0.371446017622
-0.8 0.209439510239 0.259966010808
-0.8 0.418879020479 0.286229841869
-0.8 0.628318530718 0.42189655362
-0.8 0.837758040957 0.646331558047
-0.8 1.0471975512 0.9555310391
-0.8 1.25663706144 1.02035158509
-0.8 1.46607657168 0.574456228576
-0.8 1.67551608191 0.202488374722
-0.8 1.88495559215 0.0640970818634
-0.8 2.09439510239 0.0266837125716
-0.8 2.30383461263 0.190256694133
-0.8 2.51327412287 0.249509729761
-0.8 2.72271363311 0.0951783509494
-0.8 2.93215314335 0.219617541803
-0.8 3.14159265359 0.0480638396997
-0.8 3.35103216383 0.168871115057
-0.8 3.56047167407 0.470383560784
-0.8 3.76991118431 0.482823015148
-0.8 3.97935069455 0.293455369191
-0.8 4.18879020479 0.100481657814
-0.8 4.39822971503 0.0480732517333
-0.8 4.60766922527 0.111305802559
-0.8 4.8171087355 0.0986451580449
-0.8 5.02654824574 0.03315356818
-0.8 5.23598775598 0.130428274171
-0.8 5.44542726622 0.256232493617
-0.8 5.65486677646 0.0715052118245
-0.8 5.8643062867 0.384823073729
-0.8 6.07374579694 0.438828836408

-0.733333333333 0 0.356379221007
-0.733333333333 0.209439510239 0.105669429794
-0.733333333333 0.418879020479 0.151861230095
-0.733333333333 0.628318530718 0.178811899485
-0.733333333333 0.837758040957 0.220847287907
-0.733333333333 1.0471975512 0.541347523988
-0.733333333333 1.25663706144 1.04473799302
-0.733333333333 1.46607657168 0.904315219248
-0.733333333333 1.67551608191 0.321816797249
-0.733333333333 1.88495559215 0.116465347631
-0.733333333333 2.09439510239 0.0284889322001
-0.733333333333 2.30383461263 0.182356237287
-0.733333333333 2.51327412287 0.215258037124
-0.733333333333 2.72271363311 0.129058154312
-0.733333333333 2.93215314335 0.247252291636
-0.733333333333 3.14159265359 0.0981283684595
-0.733333333333 3.35103216383 0.551389647399
-0.733333333333 3.56047167407 0.704839020985
-0.733333333333 3.76991118431 0.503921664094
-0.733333333333 3.97935069455 0.303851051755
-0.733333333333 4.18879020479 0.156086453759
-0.733333333333 4.39822971503 0.117578983935
-0.733333333333 4.60766922527 0.062446444568
-0.733333333333 4.8171087355 0.0535670364957
-0.733333333333 5.02654824574 0.0574449706296
-0.733333333333 5.23598775598 0.092990955807
-0.733333333333 5.44542726622 0.279331432162
-0.733333333333 5.65486677646 0.0602568505144
-0.733333333333 5.8643062867 0.43866501336
-0.733333333333 6.07374579694 0.295763042729

-0.666666666667 0 0.339915227096
-0.666666666667 0.209439510239 0.0670262119881
-0.666666666667 0.418879020479 0.249080885151
-0.666666666667 0.628318530718 0.194583871689
-0.666666666667 0.837758040957 0.0692670364628
-0.666666666667 1.0471975512 0.142246711797
-0.666666666667 1.25663706144 0.713903477259
-0.666666666667 1.46607657168 1.05892765639
-0.666666666667 1.67551608191 0.466521662712
-0.666666666667 1.88495559215 0.174139250809
-0.666666666667 2.09439510239 0.0391494708327
-0.666666666667 2.30383461263 0.178824055181
-0.666666666667 2.51327412287 0.178058553754
-0.666666666667 2.72271363311 0.194470265925
-0.666666666667 2.93215314335 0.229904282629
-0.666666666667 3.14159265359 0.261305818548
-0.666666666667 3.35103216383 0.709793982191
-0.666666666667 3.56047167407 0.523061606863
-0.666666666667 3.76991118431 0.284015944878
-0.666666666667 3.97935069455 0.224327369919
-0.666666666667 4.18879020479 0.179192715618
-0.666666666667 4.39822971503 0.242354734305
-0.666666666667 4.60766922527 0.252197090535
-0.666666666667 4.8171087355 0.0336809373308
-0.666666666667 5.02654824574 0.101238124507
-0.666666666667 5.23598775598 0.107004539377
-0.666666666667 5.44542726622 0.269098715484
-0.666666666667 5.65486677646 0.0818243794058
-0.666666666667 5.8643062867 0.397385515289
-0.666666666667 6.07374579694 0.315846155698

-0.6 0 0.255894321727
-0.6 0.209439510239 0.144268679654
-0.6 0.418879020479 0.338974035753
-0.6 0.628318530718 0.234108803627
-0.6 0.837758040957 0.115342911852
-0.6 1.0471975512 0.025067712303
-0.6 1.25663706144 0.369442390262
-0.6 1.46607657168 1.02290839318
-0.6 1.67551608191 0.601435418554
-0.6 1.88495559215 0.231165434868
-0.6 2.09439510239 0.0535170639327
-0.6 2.30383461263 0.17704216019
-0.6 2.51327412287 0.144518328829
-0.6 2.72271363311 0.266509429811
-0.6 2.93215314335 0.20026238332
-0.6 3.14159265359 0.411442920651
-0.6 3.35103216383 0.617278704403
-0.6 3.56047167407 0.274168431017
-0.6 3.76991118431 0.143129496139
-0.6 3.97935069455 0.208947937394
-0.6 4.18879020479 0.223074259238
-0.6 4.39822971503 0.237992321161
-0.6 4.60766922527 0.431266731308
-0.6 4.8171087355 0.0820801327401
-0.6 5.02654824574 0.121552042363
-0.6 5.23598775598 0.159424376094
-0.6 5.44542726622 0.248739495878
-0.6 5.65486677646 0.115913712497
-0.6 5.8643062867 0.323826625897
-0.6 6.07374579694 0.411283161785

-0.533333333333 0 0.180521816071
-0.533333333333 0.209439510239 0.220128074421
-0.533333333333 0.418879020479 0.287038854873
-0.533333333333 0.628318530718 0.178819554356
-0.533333333333 0.837758040957 0.155406004834
-0.533333333333 1.0471975512 0.0723121019682
-0.533333333333 1.25663706144 0.175131023514
-0.533333333333 1.46607657168 0.885634381853
-0.533333333333 1.67551608191 0.706698379232
-0.533333333333 1.88495559215 0.28273922715
-0.533333333333 2.09439510239 0.0694821691863
-0.533333333333 2.30383461263 0.175576781768
-0.533333333333 2.51327412287 0.117166964366
-0.533333333333 2.72271363311 0.329755946496
-0.533333333333 2.93215314335 0.176669025393
-0.533333333333 3.14159265359 0.488826163678
-0.533333333333 3.35103216383 0.448588700358
-0.533333333333 3.56047167407 0.146793724115
-0.533333333333 3.76991118431 0.104436145848
-0.533333333333 3.97935069455 0.22168596828
-0.533333333333 4.18879020479 0.304977669717
-0.533333333333 4.39822971503 0.210963970844
-0.533333333333 4.60766922527 0.476672231063
-0.533333333333 4.8171087355 0.152120807618
-0.533333333333 5.02654824574 0.122599093382
-0.533333333333 5.23598775598 0.223730927448
-0.533333333333 5.44542726622 0.22884287374
-0.533333333333 5.65486677646 0.149223996895
-0.533333333333 5.8643062867 0.255508515757
-0.533333333333 6.07374579694 0.486625703212

-0.466666666667 0 0.148663865341
-0.466666666667 0.209439510239 0.238372000695
-0.466666666667 0.418879020479 0.183127048363
-0.466666666667 0.628318530718 0.115120506544
-0.466666666667 0.837758040957 0.152566124268
-0.466666666667 1.0471975512 0.140127127961
-0.466666666667 1.25663706144 0.117765198837
-0.466666666667 1.46607657168 0.730570591565
-0.466666666667 1.67551608191 0.778780746386
-0.466666666667 1.88495559215 0.327158974274
-0.466666666667 2.09439510239 0.0859763005059
-0.466666666667 2.30383461263 0.173721317197
-0.466666666667 2.51327412287 0.0962430234976
-0.466666666667 2.72271363311 0.37804013196
-0.466666666667 2.93215314335 0.16321936298
-0.466666666667 3.14159265359 0.501907833679
-0.466666666667 3.35103216383 0.319426337819
-0.466666666667 3.56047167407 0.12040106379
-0.466666666667 3.76991118431 0.0997109397701
-0.466666666667 3.97935069455 0.211149378218
-0.466666666667 4.18879020479 0.365087380181
-0.466666666667 4.39822971503 0.24155683686
-0.466666666667 4.60766922527 0.451979835597
-0.466666666667 4.8171087355 0.205670340314
-0.466666666667 5.02654824574 0.116856733762
-0.466666666667 5.23598775598 0.283880974524
-0.466666666667 5.44542726622 0.212092470247
-0.466666666667 5.65486677646 0.176349236118
-0.466666666667 5.8643062867 0.20351206926
-0.466666666667 6.07374579694 0.522247618526

-0.4 0 0.147778691957
-0.4 0.209439510239 0.222201336901
-0.4 0.418879020479 0.133393935593
-0.4 0.628318530718 0.13178958299
-0.4 0.837758040957 0.153597318216
-0.4 1.0471975512 0.175821389192
-0.4 1.25663706144 0.131161563883
-0.4 1.46607657168 0.602042605705
-0.4 1.67551608191 0.822726044159
-0.4 1.88495559215 0.364733718005
-0.4 2.09439510239 0.102388378211
-0.4 2.30383461263 0.171203073297
-0.4 2.51327412287 0.0809416835507
-0.4 2.72271363311 0.410996493504
-0.4 2.93215314335 0.157721113771
-0.4 3.14159265359 0.481243569794
-0.4 3.35103216383 0.252384571326
-0.4 3.56047167407 0.131879297653
-0.4 3.76991118431 0.099923304465
-0.4 3.97935069455 0.181604660097
-0.4 4.18879020479 0.363534772575
-0.4 4.39822971503 0.303640047635
-0.4 4.60766922527 0.432913945454
-0.4 4.8171087355 0.236963218397
-0.4 5.02654824574 0.111345935887
-0.4 5.23598775598 0.333680456686
-0.4 5.44542726622 0.198365486542
-0.4 5.65486677646 0.19639443791
-0.4 5.8643062867 0.167032759003
-0.4 6.07374579694 0.53331453769

-0.333333333333 0 0.158158695694
-0.333333333333 0.209439510239 0.20590140592
-0.333333333333 0.418879020479 0.159504825026
-0.333333333333 0.628318530718 0.231778480249
-0.333333333333 0.837758040957 0.189237058521
-0.333333333333 1.0471975512 0.184296442446
-0.333333333333 1.25663706144 0.164340683564
-0.333333333333 1.46607657168 0.512689710023
-0.333333333333 1.67551608191 0.846293753179
-0.333333333333 1.88495559215 0.396311122231
-0.333333333333 2.09439510239 0.118403242614
-0.333333333333 2.30383461263 0.168000842953
-0.333333333333 2.51327412287 0.0701380991915
-0.333333333333 2.72271363311 0.430993218298
-0.333333333333 2.93215314335 0.156917840166
-0.333333333333 3.14159265359 0.451838351381
-0.333333333333 3.35103216383 0.228058885996
-0.333333333333 3.56047167407 0.145068520762
-0.333333333333 3.76991118431 0.10477348197
-0.333333333333 3.97935069455 0.157839030782
-0.333333333333 4.18879020479 0.311828568574
-0.333333333333 4.39822971503 0.349326805339
-0.333333333333 4.60766922527 0.442549041357
-0.333333333333 4.8171087355 0.254792876663
-0.333333333333 5.02654824574 0.10804901087
-0.333333333333 5.23598775598 0.37225788945
-0.333333333333 5.44542726622 0.186954246198
-0.333333333333 5.65486677646 0.210342870407
-0.333333333333 5.8643062867 0.142211116288
-0.333333333333 6.07374579694 0.536562967755

-0.266666666667 0 0.169068029593
-0.266666666667 0.209439510239 0.203955169662
-0.266666666667 0.418879020479 0.227033712883
-0.266666666667 0.628318530718 0.365890097565
-0.266666666667 0.837758040957 0.255278801476
-0.266666666667 1.0471975512 0.182666237144
-0.266666666667 1.25663706144 0.193454437618
-0.266666666667 1.46607657168 0.459219922144
-0.266666666667 1.67551608191 0.857113765607
-0.266666666667 1.88495559215 0.422452586254
-0.266666666667 2.09439510239 0.133932615893
-0.266666666667 2.30383461263 0.164235212858
-0.266666666667 2.51327412287 0.0627508680419
-0.266666666667 2.72271363311 0.441179336853
-0.266666666667 2.93215314335 0.158385268176
-0.266666666667 3.14159265359 0.426786735026
-0.266666666667 3.35103216383 0.223218141877
-0.266666666667 3.56047167407 0.149588191162
-0.266666666667 3.76991118431 0.115900123825
-0.266666666667 3.97935069455 0.153084033889
-0.266666666667 4.18879020479 0.245095908448
-0.266666666667 4.39822971503 0.361016596108
-0.266666666667 4.60766922527 0.472332232797
-0.266666666667 4.8171087355 0.267686837127
-0.266666666667 5.02654824574 0.106549127491
-0.266666666667 5.23598775598 0.400882051299
-0.266666666667 5.44542726622 0.177252451042
-0.266666666667 5.65486677646 0.219682380359
-0.266666666667 5.8643062867 0.125451851729
-0.266666666667 6.07374579694 0.541086454361

-0.2 0 0.177582256429
-0.2 0.209439510239 0.215096418845
-0.2 0.418879020479 0.296825171136
-0.2 0.628318530718 0.485458957943
-0.2 0.837758040957 0.33177046965
-0.2 1.0471975512 0.181322767203
-0.2 1.25663706144 0.212622258623
-0.2 1.46607657168 0.433719998666
-0.2 1.67551608191 0.86160658709
-0.2 1.88495559215 0.443187320365
-0.2 2.09439510239 0.149053056287
-0.2 2.30383461263 0.160105302719
-0.2 2.51327412287 0.057892220626
-0.2 2.72271363311 0.4444772116
-0.2 2.93215314335 0.160737713373
-0.2 3.14159265359 0.410404625985
-0.2 3.35103216383 0.223309681082
-0.2 3.56047167407 0.146129805611
-0.2 3.76991118431 0.129333906756
-0.2 3.97935069455 0.164596792373
-0.2 4.18879020479 0.190238573776
-0.2 4.39822971503 0.347604169386
-0.2 4.60766922527 0.508956282097
-0.2 4.8171087355 0.279635513934
-0.2 5.02654824574 0.105729329915
-0.2 5.23598775598 0.421321413267
-0.2 5.44542726622 0.168871439635
-0.2 5.65486677646 0.225820084897
-0.2 5.8643062867 0.114194809643
-0.2 6.07374579694 0.549585363284

-0.133333333333 0 0.18434485383
-0.133333333333 0.209439510239 0.2331655946
-0.133333333333 0.418879020479 0.347708251986
-0.133333333333 0.628318530718 0.564461866246
-0.133333333333 0.837758040957 0.399674921019
-0.133333333333 1.0471975512 0.182553701927
-0.133333333333 1.25663706144 0.223819952388
-0.133333333333 1.46607657168 0.429132609383
-0.133333333333 1.67551608191 0.864702965679
-0.133333333333 1.88495559215 0.458048345674
-0.133333333333 2.09439510239 0.163937533836
-0.133333333333 2.30383461263 0.155855585023
-0.133333333333 2.51327412287 0.0549053535516
-0.133333333333 2.72271363311 0.443180177404
-0.133333333333 2.93215314335 0.163336630639
-0.133333333333 3.14159265359 0.402664936493
-0.133333333333 3.35103216383 0.222166538361
-0.133333333333 3.56047167407 0.137511005278
-0.133333333333 3.76991118431 0.138543710639
-0.133333333333 3.97935069455 0.181907450795
-0.133333333333 4.18879020479 0.155885643164
-0.133333333333 4.39822971503 0.325348354449
-0.133333333333 4.60766922527 0.544861101366
-0.133333333333 4.8171087355 0.291026935374
-0.133333333333 5.02654824574 0.104521323808
-0.133333333333 5.23598775598 0.435155967287
-0.133333333333 5.44542726622 0.161591344108
-0.133333333333 5.65486677646 0.229886528404
-0.133333333333 5.8643062867 0.106852117158
-0.133333333333 6.07374579694 0.561349380208

-0.0666666666667 0 0.19105930528
-0.0666666666667 0.209439510239 0.253123464397
-0.0666666666667 0.418879020479 0.375714739326
-0.0666666666667 0.628318530718 0.597244229298
-0.0666666666667 0.837758040957 0.446416282485
-0.0666666666667 1.0471975512 0.184141946473
-0.0666666666667 1.25663706144 0.23128840866
-0.0666666666667 1.46607657168 0.440989198964
-0.0666666666667 1.67551608191 0.869879576932
-0.0666666666667 1.88495559215 0.466188604278
-0.0666666666667 2.09439510239 0.178784238748
-0.0666666666667 2.30383461263 0.151762032978
-0.0666666666667 2.51327412287 0.0533499142549
-0.0666666666667 2.72271363311 0.438877897935
-0.0666666666667 2.93215314335 0.166011569403
-0.0666666666667 3.14159265359 0.402060813085
-0.0666666666667 3.35103216383 0.21875523248
-0.0666666666667 3.56047167407 0.12587190414
-0.0666666666667 3.76991118431 0.138284469973
-0.0666666666667 3.97935069455 0.194277372552
-0.0666666666667 4.18879020479 0.137853475032
-0.0666666666667 4.39822971503 0.306936605108
-0.0666666666667 4.60766922527 0.578211646223
-0.0666666666667 4.8171087355 0.300466594656
-0.0666666666667 5.02654824574 0.102151541247
-0.0666666666667 5.23598775598 0.443580444217
-0.0666666666667 5.44542726622 0.155285836695
-0.0666666666667 5.65486677646 0.232707606861
-0.0666666666667 5.8643062867 0.102587517818
-0.0666666666667 6.07374579694 0.574257260573

6.12323399574e-17 0 0.199686955916
6.12323399574e-17 0.209439510239 0.272234924415
6.12323399574e-17 0.418879020479 0.386652923458
6.12323399574e-17 0.628318530718 0.589537613605
6.12323399574e-17 0.837758040957 0.465396931412
6.12323399574e-17 1.0471975512 0.182699239452
6.12323399574e-17 1.25663706144 0.239768427515
6.12323399574e-17 1.46607657168 0.467410026268
6.12323399574e-17 1.67551608191 0.879259590606
6.12323399574e-17 1.88495559215 0.466501078167
6.12323399574e-17 2.09439510239 0.19374290832
6.12323399574e-17 2.30383461263 0.148130696222
6.12323399574e-17 2.51327412287 0.0529692583674
6.12323399574e-17 2.72271363311 0.432530601526
6.12323399574e-17 2.93215314335 0.168925421996
6.12323399574e-17 3.14159265359 0.406761209832
6.12323399574e-17 3.35103216383 0.214728786855
6.12323399574e-17 3.56047167407 0.11283145765
6.12323399574e-17 3.76991118431 0.126559292058
6.12323399574e-17 3.97935069455 0.19410377786
6.12323399574e-17 4.18879020479 0.127682193977
6.12323399574e-17 4.39822971503 0.299848936627
6.12323399574e-17 4.60766922527 0.609848721521
6.12323399574e-17 4.8171087355 0.305997267318
6.12323399574e-17 5.02654824574 0.0981867096805
6.12323399574e-17 5.23598775598 0.447436276016
6.12323399574e-17 5.44542726622 0.149858295202
6.12323399574e-17 5.65486677646 0.234837765936
6.12323399574e-17 5.8643062867 0.101133521395
6.12323399574e-17 6.07374579694 0.585642851153

0.0666666666667 0 0.212438700845
0.0666666666667 0.209439510239 0.289058267535
0.0666666666667 0.418879020479 0.390404396235
0.0666666666667 0.628318530718 0.552254806172
0.0666666666667 0.837758040957 0.454859254909
0.0666666666667 1.0471975512 0.176252856536
0.0666666666667 1.25663706144 0.25480299248
0.0666666666667 1.46607657168 0.508478065189
0.0666666666667 1.67551608191 0.893617104975
0.0666666666667 1.88495559215 0.457751730925
0.0666666666667 2.09439510239 0.208835563258
0.0666666666667 2.30383461263 0.145304224985
0.0666666666667 2.51327412287 0.0536578650096
0.0666666666667 2.72271363311 0.424594049132
0.0666666666667 2.93215314335 0.172571225756
0.0666666666667 3.14159265359 0.414655286827
0.0666666666667 3.35103216383 0.213307454832
0.0666666666667 3.56047167407 0.1004755662
0.0666666666667 3.76991118431 0.105333373369
0.0666666666667 3.97935069455 0.17784215264
0.0666666666667 4.18879020479 0.118546377471
0.0666666666667 4.39822971503 0.3086236842
0.0666666666667 4.60766922527 0.640497563141
0.0666666666667 4.8171087355 0.305677687419
0.0666666666667 5.02654824574 0.0925220462506
0.0666666666667 5.23598775598 0.447340377507
0.0666666666667 5.44542726622 0.14519528937
0.0666666666667 5.65486677646 0.236606605786
0.0666666666667 5.8643062867 0.102668922827
0.0666666666667 6.07374579694 0.59249860111

0.133333333333 0 0.231910095548
0.133333333333 0.209439510239 0.302018219261
0.133333333333 0.418879020479 0.397857188107
0.133333333333 0.628318530718 0.499781210179
0.133333333333 0.837758040957 0.418772667813
0.133333333333 1.0471975512 0.167024718835
0.133333333333 1.25663706144 0.283755366185
0.133333333333 1.46607657168 0.565339722654
0.133333333333 1.67551608191 0.912162365941
0.133333333333 1.88495559215 0.438781520487
0.133333333333 2.09439510239 0.223867431699
0.133333333333 2.30383461263 0.143672621934
0.133333333333 2.51327412287 0.0554382908772
0.133333333333 2.72271363311 0.415151952424
0.133333333333 2.93215314335 0.177845281051
0.133333333333 3.14159265359 0.422843905415
0.133333333333 3.35103216383 0.218878255153
0.133333333333 3.56047167407 0.0921798800721
0.133333333333 3.76991118431 0.0806774509869
0.133333333333 3.97935069455 0.146413228948
0.133333333333 4.18879020479 0.108439293412
0.133333333333 4.39822971503 0.337243847345
0.133333333333 4.60766922527 0.668796703033
0.133333333333 4.8171087355 0.297856165687
0.133333333333 5.02654824574 0.0853611025847
0.133333333333 5.23598775598 0.443849804214
0.133333333333 5.44542726622 0.141134515295
0.133333333333 5.65486677646 0.23816076614
0.133333333333 5.8643062867 0.10772808017
0.133333333333 6.07374579694 0.591470686288

0.2 0 0.260962905034
0.2 0.209439510239 0.308390624352
0.2 0.418879020479 0.418624392629
0.2 0.628318530718 0.45080164521
0.2 0.837758040957 0.369923812857
0.2 1.0471975512 0.164810320882
0.2 1.25663706144 0.336312911019
0.2 1.46607657168 0.638941523454
0.2 1.67551608191 0.932015928367
0.2 1.88495559215 0.408859964319
0.2 2.09439510239 0.238325218031
0.2 2.30383461263 0.143685577538
0.2 2.51327412287 0.0584555696845
0.2 2.72271363311 0.404043079816
0.2 2.93215314335 0.186116440574
0.2 3.14159265359 0.427050110629
0.2 3.35103216383 0.236360956353
0.2 3.56047167407 0.0926754286811
0.2 3.76991118431 0.0620445437395
0.2 3.97935069455 0.106066323527
0.2 4.18879020479 0.102097205456
0.2 4.39822971503 0.389965482516
0.2 4.60766922527 0.689919488611
0.2 4.8171087355 0.281442794406
0.2 5.02654824574 0.0771908403903
0.2 5.23598775598 0.437631879158
0.2 5.44542726622 0.137444113686
0.2 5.65486677646 0.239495302342
0.2 5.8643062867 0.117099386089
0.2 6.07374579694 0.578986968883

0.266666666667 0 0.302003393514
0.266666666667 0.209439510239 0.304270106783
0.266666666667 0.418879020479 0.457507339588
0.266666666667 0.628318530718 0.428125296431
0.266666666667 0.837758040957 0.332766335114
0.266666666667 1.0471975512 0.189195872165
0.266666666667 1.25663706144 0.422633941055
0.266666666667 1.46607657168 0.728169111697
0.266666666667 1.67551608191 0.947354878705
0.266666666667 1.88495559215 0.368273300452
0.266666666667 2.09439510239 0.251270956716
0.266666666667 2.30383461263 0.14586050641
0.266666666667 2.51327412287 0.0629972686832
0.266666666667 2.72271363311 0.390991599526
0.266666666667 2.93215314335 0.199157672279
0.266666666667 3.14159265359 0.421571132552
0.266666666667 3.35103216383 0.269218412172
0.266666666667 3.56047167407 0.106839864314
0.266666666667 3.76991118431 0.0597307027218
0.266666666667 3.97935069455 0.0694715349589
0.266666666667 4.18879020479 0.112146426087
0.266666666667 4.39822971503 0.469597016233
0.266666666667 4.60766922527 0.694844085974
0.266666666667 4.8171087355 0.256345098513
0.266666666667 5.02654824574 0.0687372099271
0.266666666667 5.23598775598 0.429614582052
0.266666666667 5.44542726622 0.133813940622
0.266666666667 5.65486677646 0.240476440494
0.266666666667 5.8643062867 0.131663398512
0.266666666667 6.07374579694 0.551795285137

0.333333333333 0 0.355276995468
0.333333333333 0.209439510239 0.286226173914
0.333333333333 0.418879020479 0.508853414557
0.333333333333 0.628318530718 0.452989161223
0.333333333333 0.837758040957 0.340388988746
0.333333333333 1.0471975512 0.26516972317
0.333333333333 1.25663706144 0.546611990936
0.333333333333 1.46607657168 0.827401246651
0.333333333333 1.67551608191 0.948455869844
0.333333333333 1.88495559215 0.319178047069
0.333333333333 2.09439510239 0.26126182818
0.333333333333 2.30383461263 0.150778294133
0.333333333333 2.51327412287 0.0695522975842
0.333333333333 2.72271363311 0.375764826324
0.333333333333 2.93215314335 0.218714126856
0.333333333333 3.14159265359 0.400823018368
0.333333333333 3.35103216383 0.3152007024
0.333333333333 3.56047167407 0.137111154104
0.333333333333 3.76991118431 0.0802098456066
0.333333333333 3.97935069455 0.0555307242087
0.333333333333 4.18879020479 0.157771087721
0.333333333333 4.39822971503 0.572355395408
0.333333333333 4.60766922527 0.671066717997
0.333333333333 4.8171087355 0.224035005635
0.333333333333 5.02654824574 0.0608916337726
0.333333333333 5.23598775598 0.421071827611
0.333333333333 5.44542726622 0.129863329234
0.333333333333 5.65486677646 0.240862315493
0.333333333333 5.8643062867 0.152112297696
0.333333333333 6.07374579694 0.508168577087

0.4 0 0.416006424853
0.4 0.209439510239 0.255153679781
0.4 0.418879020479 0.551053283265
0.4 0.628318530718 0.529914570095
0.4 0.837758040957 0.417760523098
0.4 1.0471975512 0.40456841202
0.4 1.25663706144 0.693759771571
0.4 1.46607657168 0.924340235653
0.4 1.67551608191 0.921472396529
0.4 1.88495559215 0.266558454659
0.4 2.09439510239 0.266376975675
0.4 2.30383461263 0.159047750805
0.4 2.51327412287 0.078926729843
0.4 2.72271363311 0.358414363392
0.4 2.93215314335 0.245369674303
0.4 3.14159265359 0.363917238324
0.4 3.35103216383 0.360664356419
0.4 3.56047167407 0.180756591889
0.4 3.76991118431 0.121745308203
0.4 3.97935069455 0.0853518980216
0.4 4.18879020479 0.256940524383
0.4 4.39822971503 0.67979085181
0.4 4.60766922527 0.606340930423
0.4 4.8171087355 0.18793492313
0.4 5.02654824574 0.0546424773601
0.4 5.23598775598 0.413560994626
0.4 5.44542726622 0.125176294557
0.4 5.65486677646 0.240333163937
0.4 5.8643062867 0.178485067253
0.4 6.07374579694 0.44994677741

0.466666666667 0 0.471224034587
0.466666666667 0.209439510239 0.22121996171
0.466666666667 0.418879020479 0.548803700806
0.466666666667 0.628318530718 0.625273850297
0.466666666667 0.837758040957 0.549040406654
0.466666666667 1.0471975512 0.575087118429
0.466666666667 1.25663706144 0.822725082022
0.466666666667 1.46607657168 1.00031397085
0.466666666667 1.67551608191 0.850911585399
0.466666666667 1.88495559215 0.218651655992
0.466666666667 2.09439510239 0.264526714006
0.466666666667 2.30383461263 0.171201079492
0.466666666667 2.51327412287 0.0924343670329
0.466666666667 2.72271363311 0.339719908804
0.466666666667 2.93215314335 0.276365048973
0.466666666667 3.14159265359 0.322819541685
0.466666666667 3.35103216383 0.379203208004
0.466666666667 3.56047167407 0.230138304833
0.466666666667 3.76991118431 0.176397081506
0.466666666667 3.97935069455 0.17246683561
0.466666666667 4.18879020479 0.408871284101
0.466666666667 4.39822971503 0.752925858205
0.466666666667 4.60766922527 0.496894947422
0.466666666667 4.8171087355 0.152966022347
0.466666666667 5.02654824574 0.051144838831
0.466666666667 5.23598775598 0.408570398382
0.466666666667 5.44542726622 0.119382577261
0.466666666667 5.65486677646 0.238550910936
0.466666666667 5.8643062867 0.20946083876
0.466666666667 6.07374579694 0.385253045746

0.533333333333 0 0.499672860454
0.533333333333 0.209439510239 0.204821169766
0.533333333333 0.418879020479 0.474162039892
0.533333333333 0.628318530718 0.662260221144
0.533333333333 0.837758040957 0.652862859863
0.533333333333 1.0471975512 0.689765288079
0.533333333333 1.25663706144 0.884159092575
0.533333333333 1.46607657168 1.03548196338
0.533333333333 1.67551608191 0.72764206085
0.533333333333 1.88495559215 0.185306112965
0.533333333333 2.09439510239 0.254385523733
0.533333333333 2.30383461263 0.187439474219
0.533333333333 2.51327412287 0.112149072483
0.533333333333 2.72271363311 0.322079796209
0.533333333333 2.93215314335 0.30241531561
0.533333333333 3.14159265359 0.309432599984
0.533333333333 3.35103216383 0.347110917274
0.533333333333 3.56047167407 0.279136058035
0.533333333333 3.76991118431 0.242989447521
0.533333333333 3.97935069455 0.309957502136
0.533333333333 4.18879020479 0.573187553688
0.533333333333 4.39822971503 0.741071575122
0.533333333333 4.60766922527 0.358482703176
0.533333333333 4.8171087355 0.123522557336
0.533333333333 5.02654824574 0.0521988939709
0.533333333333 5.23598775598 0.406669296891
0.533333333333 5.44542726622 0.112313851868
0.533333333333 5.65486677646 0.235281620966
0.533333333333 5.8643062867 0.241409494947
0.533333333333 6.07374579694 0.330797283886

0.6 0 0.481754950039
0.6 0.209439510239 0.223796451238
0.6 0.418879020479 0.346066573145
0.6 0.628318530718 0.573085016015
0.6 0.837758040957 0.628206262465
0.6 1.0471975512 0.677090769421
0.6 1.25663706144 0.881054077613
0.6 1.46607657168 1.01650726412
0.6 1.67551608191 0.562346367855
0.6 1.88495559215 0.17182004808
0.6 2.09439510239 0.237490928094
0.6 2.30383461263 0.207071635908
0.6 2.51327412287 0.141058444145
0.6 2.72271363311 0.311210501805
0.6 2.93215314335 0.305135438559
0.6 3.14159265359 0.364725514953
0.6 3.35103216383 0.28404750487
0.6 3.56047167407 0.332809410907
0.6 3.76991118431 0.340254205804
0.6 3.97935069455 0.465521907538
0.6 4.18879020479 0.672940879897
0.6 4.39822971503 0.618057507958
0.6 4.60766922527 0.230370446782
0.6 4.8171087355 0.100126352285
0.6 5.02654824574 0.0614007312261
0.6 5.23598775598 0.405942770018
0.6 5.44542726622 0.104277200512
0.6 5.65486677646 0.230632903393
0.6 5.8643062867 0.267388803244
0.6 6.07374579694 0.31068389723

0.666666666667 0 0.426725140018
0.666666666667 0.209439510239 0.264525805815
0.666666666667 0.418879020479 0.248823342254
0.666666666667 0.628318530718 0.407718170977
0.666666666667 0.837758040957 0.501020226592
0.666666666667 1.0471975512 0.620071919757
0.666666666667 1.25663706144 0.903243006253
0.666666666667 1.46607657168 0.933311760489
0.666666666667 1.67551608191 0.392154757942
0.666666666667 1.88495559215 0.167778370891
0.666666666667 2.09439510239 0.221865672492
0.666666666667 2.30383461263 0.227401979477
0.666666666667 2.51327412287 0.182438868746
0.666666666667 2.72271363311 0.318568322676
0.666666666667 2.93215314335 0.260983904839
0.666666666667 3.14159265359 0.48659438795
0.666666666667 3.35103216383 0.279184811646
0.666666666667 3.56047167407 0.403563092343
0.666666666667 3.76991118431 0.486780835343
0.666666666667 3.97935069455 0.59559403148
0.666666666667 4.18879020479 0.650871705212
0.666666666667 4.39822971503 0.4297483757
0.666666666667 4.60766922527 0.154175950789
0.666666666667 4.8171087355 0.0781093034769
0.666666666667 5.02654824574 0.085470205478
0.666666666667 5.23598775598 0.399700834774
0.666666666667 5.44542726622 0.0965030542607
0.666666666667 5.65486677646 0.225486923362
0.666666666667 5.8643062867 0.276782098273
0.666666666667 6.07374579694 0.345599360194

0.733333333333 0 0.407395079014
0.733333333333 0.209439510239 0.281147490454
0.733333333333 0.418879020479 0.24815468555
0.733333333333 0.628318530718 0.347915708764
0.733333333333 0.837758040957 0.490489502185
0.733333333333 1.0471975512 0.72104800214
0.733333333333 1.25663706144 0.975501484635
0.733333333333 1.46607657168 0.756647292492
0.733333333333 1.67551608191 0.254898639013
0.733333333333 1.88495559215 0.143631936555
0.733333333333 2.09439510239 0.224940328984
0.733333333333 2.30383461263 0.242094292096
0.733333333333 2.51327412287 0.236324174698
0.733333333333 2.72271363311 0.360912556749
0.733333333333 2.93215314335 0.165159859573
0.733333333333 3.14159265359 0.560258261401
0.733333333333 3.35103216383 0.385645532479
0.733333333333 3.56047167407 0.465968893109
0.733333333333 3.76991118431 0.613459372023
0.733333333333 3.97935069455 0.645274150871
0.733333333333 4.18879020479 0.528379546573
0.733333333333 4.39822971503 0.27399732778
0.733333333333 4.60766922527 0.127452010108
0.733333333333 4.8171087355 0.0558691209196
0.733333333333 5.02654824574 0.132493240718
0.733333333333 5.23598775598 0.374315916107
0.733333333333 5.44542726622 0.0918367140086
0.733333333333 5.65486677646 0.222224337139
0.733333333333 5.8643062867 0.2574760198
0.733333333333 6.07374579694 0.425242235753

0.8 0 0.528661865231
0.8 0.209439510239 0.318590983534
0.8 0.418879020479 0.267729487876
0.8 0.628318530718 0.397164265559
0.8 0.837758040957 0.608481190412
0.8 1.0471975512 0.82542707485
0.8 1.25663706144 0.833291379852
0.8 1.46607657168 0.459656033399
0.8 1.67551608191 0.143715843831
0.8 1.88495559215 0.0917992317185
0.8 2.09439510239 0.26346592484
0.8 2.30383461263 0.241424282928
0.8 2.51327412287 0.289124960627
0.8 2.72271363311 0.441781648642
0.8 2.93215314335 0.0809310661845
0.8 3.14159265359 0.415801201775
0.8 3.35103216383 0.443191400649
0.8 3.56047167407 0.403369655072
0.8 3.76991118431 0.501548472634
0.8 3.97935069455 0.487553479851
0.8 4.18879020479 0.333106001981
0.8 4.39822971503 0.16982133219
0.8 4.60766922527 0.100025435669
0.8 4.8171087355 0.0552077144864
0.8 5.02654824574 0.198090402315
0.8 5.23598775598 0.31053658443
0.8 5.44542726622 0.0957372604877
0.8 5.65486677646 0.225768561541
0.8 5.8643062867 0.204902481583
0.8 6.07374579694 0.469381952841

0.866666666667 0 0.669017532402
0.866666666667 0.209439510239 0.591354128394
0.866666666667 0.418879020479 0.395440565852
0.866666666667 0.628318530718 0.363594856302
0.866666666667 0.837758040957 0.449807095539
0.866666666667 1.0471975512 0.497731692289
0.866666666667 1.25663706144 0.391607263637
0.866666666667 1.46607657168 0.196114365197
0.866666666667 1.67551608191 0.0601467386444
0.866666666667 1.88495559215 0.0957804555762
0.866666666667 2.09439510239 0.311236570998
0.866666666667 2.30383461263 0.223839534319
0.866666666667 2.51327412287 0.301847458145
0.866666666667 2.72271363311 0.49505494412
0.866666666667 2.93215314335 0.134949522434
0.866666666667 3.14159265359 0.135667206634
0.866666666667 3.35103216383 0.279780345344
0.866666666667 3.56047167407 0.223031441997
0.866666666667 3.76991118431 0.172259950814
0.866666666667 3.97935069455 0.144481401506
0.866666666667 4.18879020479 0.108231965782
0.866666666667 4.39822971503 0.0920189020896
0.866666666667 4.60766922527 0.0884462491509
0.866666666667 4.8171087355 0.11317767609
0.866666666667 5.02654824574 0.229082993138
0.866666666667 5.23598775598 0.197796440401
0.866666666667 5.44542726622 0.117583232609
0.866666666667 5.65486677646 0.244460667132
0.866666666667 5.8643062867 0.145287684045
0.866666666667 6.07374579694 0.336014315423

0.933333333333 0 0.270486958547
0.933333333333 0.209439510239 0.545935279389
0.933333333333 0.418879020479 0.653070649122
0.933333333333 0.628318530718 0.613945150809
0.933333333333 0.837758040957 0.522651885895
0.933333333333 1.0471975512 0.411697972458
0.933333333333 1.25663706144 0.275942296725
0.933333333333 1.46607657168 0.135613860072
0.933333333333 1.67551608191 0.0837566077061
0.933333333333 1.88495559215 0.197343205716
0.933333333333 2.09439510239 0.29692153026
0.933333333333 2.30383461263 0.220445251736
0.933333333333 2.51327412287 0.245962701918
0.933333333333 2.72271363311 0.37163763319
0.933333333333 2.93215314335 0.271742622773
0.933333333333 3.14159265359 0.104647477225
0.933333333333 3.35103216383 0.0891920482496
0.933333333333 3.56047167407 0.130313813059
0.933333333333 3.76991118431 0.142613665732
0.933333333333 3.97935069455 0.13876655762
0.933333333333 4.18879020479 0.135826536111
0.933333333333 4.39822971503 0.130684063597
0.933333333333 4.60766922527 0.125255725064
0.933333333333 4.8171087355 0.129801449366
0.933333333333 5.02654824574 0.115652973003
0.933333333333 5.23598775598 0.0854556527312
0.933333333333 5.44542726622 0.172026387286
0.933333333333 5.65486677646 0.287045893641
0.933333333333 5.8643062867 0.173194142842
0.933333333333 6.07374579694 0.0724074920916

