-1 0 1.19901732673
-1 0.209439510239 1.19901732673
-1 0.418879020479 1.19901732673
-1 0.628318530718 1.19901732673
-1 0.837758040957 1.19901732673
-1 1.0471975512 1.19901732673
-1 1.25663706144 1.19901732673
-1 1.46607657168 1.19901732673
-1 1.67551608191 1.19901732673
-1 1.88495559215 1.19901732673
-1 2.09439510239 1.19901732673
-1 2.30383461263 1.19901732673
-1 2.51327412287 1.19901732673
-1 2.72271363311 1.19901732673
-1 2.93215314335 1.19901732673
-1 3.14159265359 1.19901732673
-1 3.35103216383 1.19901732673
-1 3.56047167407 1.19901732673
-1 3.76991118431 1.19901732673
-1 3.97935069455 1.19901732673
-1 4.18879020479 1.19901732673
-1 4.39822971503 1.19901732673
-1 4.60766922527 1.19901732673
-1 4.8171087355 1.19901732673
-1 5.02654824574 1.19901732673
-1 5.23598775598 1.19901732673
-1 5.44542726622 1.19901732673
-1 5.65486677646 1.19901732673
-1 5.8643062867 1.19901732673
-1 6.07374579694 1.19901732673

-0.933333333333 0 8.07052050511
-0.933333333333 0.209439510239 9.19140083675
-0.933333333333 0.418879020479 10.2596031727
-0.933333333333 0.628318530718 10.7769126659
-0.933333333333 0.837758040957 10.509694959
-0.933333333333 1.0471975512 9.24262570931
-0.933333333333 1.25663706144 7.04022024669
-0.933333333333 1.46607657168 4.5000545504
-0.933333333333 1.67551608191 2.56732681391
-0.933333333333 1.88495559215 1.68823200448
-0.933333333333 2.09439510239 1.12056271076
-0.933333333333 2.30383461263 0.532951779455
-0.933333333333 2.51327412287 0.594244836439
-0.933333333333 2.72271363311 0.791123188282
-0.933333333333 2.93215314335 0.446607646119
-0.933333333333 3.14159265359 0.13156503718
-0.933333333333 3.35103216383 0.260437052435
-0.933333333333 3.56047167407 0.59376393735
-0.933333333333 3.76991118431 0.913383709338
-0.933333333333 3.97935069455 1.14278136198
-0.933333333333 4.18879020479 1.17906151511
-0.933333333333 4.39822971503 0.87583100534
-0.933333333333 4.60766922527 0.530693979634
-0.933333333333 4.8171087355 1.24595600034
-0.933333333333 5.02654824574 2.70903232426
-0.933333333333 5.23598775598 2.60118849559
-0.933333333333 5.44542726622 2.39629445178
-0.933333333333 5.65486677646 4.96339690484
-0.933333333333 5.8643062867 7.33774882169
-0.933333333333 6.07374579694 7.76228678883

-0.866666666667 0 9.34228889396
-0.866666666667 0.209439510239 9.90153015355
-0.866666666667 0.418879020479 9.95342710939
-0.866666666667 0.628318530718 10.7817185266
-0.866666666667 0.837758040957 12.2985005723
-0.866666666667 1.0471975512 13.4282355188
-0.866666666667 1.25663706144 11.9975252305
-0.866666666667 1.46607657168 7.65538782374
-0.866666666667 1.67551608191 3.45087108215
-0.866666666667 1.88495559215 1.31000410514
-0.866666666667 2.09439510239 0.892643899577
-0.866666666667 2.30383461263 0.414035065116
-0.866666666667 2.51327412287 0.516370733566
-0.866666666667 2.72271363311 0.35111474007
-0.866666666667 2.93215314335 0.0445046046945
-0.866666666667 3.14159265359 0.34871951759
-0.866666666667 3.35103216383 0.560305512915
-0.866666666667 3.56047167407 0.712479058263
-0.866666666667 3.76991118431 0.78039713082
-0.866666666667 3.97935069455 0.725956744883
-0.866666666667 4.18879020479 0.917652656025
-0.866666666667 4.39822971503 1.67593651395
-0.866666666667 4.60766922527 1.87299504112
-0.866666666667 4.8171087355 0.728993135894
-0.866666666667 5.02654824574 1.92618434042
-0.866666666667 5.23598775598 3.30450302346
-0.866666666667 5.44542726622 2.88898075993
-0.866666666667 5.65486677646 6.27438237087
-0.866666666667 5.8643062867 7.36738041375
-0.866666666667 6.07374579694 7.41330894246

-0.8 0 7.12823606235
-0.8 0.209439510239 5.37750391215
-0.8 0.418879020479 6.15966752485
-0.8 0.628318530718 7.38003996285
-0.8 0.837758040957 9.34159841622
-0.8 1.0471975512 12.2914800821
-0.8 1.25663706144 14.5231674232
-0.8 1.46607657168 10.9459099327
-0.8 1.67551608191 4.36532050457
-0.8 1.88495559215 1.22200050729
-0.8 2.09439510239 0.714740617824
-0.8 2.30383461263 0.349368345737
-0.8 2.51327412287 0.416899272461
-0.8 2.72271363311 0.0897871558634
-0.8 2.93215314335 0.20310861053
-0.8 3.14159265359 0.366897423001
-0.8 3.35103216383 0.817505473272
-0.8 3.56047167407 1.47803436056
-0.8 3.76991118431 1.4729010794
-0.8 3.97935069455 0.976210186959
-0.8 4.18879020479 0.38239818231
-0.8 4.39822971503 0.376073439892
-0.8 4.60766922527 1.60378727699
-0.8 4.8171087355 1.62780747896
-0.8 5.02654824574 1.44653046676
-0.8 5.23598775598 3.29255127507
-0.8 5.44542726622 3.29724340711
-0.8 5.65486677646 6.06604241154
-0.8 5.8643062867 5.89162580234
-0.8 6.07374579694 7.35878163509

-0.733333333333 0 3.37731994165
-0.733333333333 0.209439510239 4.0278471889
-0.733333333333 0.418879020479 5.54203600322
-0.733333333333 0.628318530718 5.55821239859
-0.733333333333 0.837758040957 7.54623326249
-0.733333333333 1.0471975512 10.8170230418
-0.733333333333 1.25663706144 14.4892837474
-0.733333333333 1.46607657168 14.0841228397
-0.733333333333 1.67551608191 5.36624257599
-0.733333333333 1.88495559215 1.17814786084
-0.733333333333 2.09439510239 0.597450277666
-0.733333333333 2.30383461263 0.304745125152
-0.733333333333 2.51327412287 0.324640740899
-0.733333333333 2.72271363311 0.0220651512069
-0.733333333333 2.93215314335 0.303046975329
-0.733333333333 3.14159265359 0.479329725826
-0.733333333333 3.35103216383 1.63957518746
-0.733333333333 3.56047167407 1.9918017607
-0.733333333333 3.76991118431 1.427098338
-0.733333333333 3.97935069455 0.928887047064
-0.733333333333 4.18879020479 0.557357625467
-0.733333333333 4.39822971503 0.343099315397
-0.733333333333 4.60766922527 0.851033137547
-0.733333333333 4.8171087355 1.92225673304
-0.733333333333 5.02654824574 1.74680203955
-0.733333333333 5.23598775598 3.02349121509
-0.733333333333 5.44542726622 3.67305952449
-0.733333333333 5.65486677646 5.26752293457
-0.733333333333 5.8643062867 5.08024190956
-0.733333333333 6.07374579694 6.40618285416

-0.666666666667 0 1.84471717216
-0.666666666667 0.209439510239 4.19909376367
-0.666666666667 0.418879020479 2.88678882289
-0.666666666667 0.628318530718 3.76081225646
-0.666666666667 0.837758040957 7.38287861416
-0.666666666667 1.0471975512 10.3910976513
-0.666666666667 1.25663706144 14.1132822254
-0.666666666667 1.46607657168 15.9923876461
-0.666666666667 1.67551608191 6.73535154196
-0.666666666667 1.88495559215 1.08855771978
-0.666666666667 2.09439510239 0.525544318658
-0.666666666667 2.30383461263 0.270797234725
-0.666666666667 2.51327412287 0.250435869922
-0.666666666667 2.72271363311 0.0470007999963
-0.666666666667 2.93215314335 0.311921584072
-0.666666666667 3.14159265359 0.856556366849
-0.666666666667 3.35103216383 2.06032676358
-0.666666666667 3.56047167407 1.47531544447
-0.666666666667 3.76991118431 0.65452838831
-0.666666666667 3.97935069455 0.464866523025
-0.666666666667 4.18879020479 0.40126732296
-0.666666666667 4.39822971503 0.57789037719
-0.666666666667 4.60766922527 0.914846724828
-0.666666666667 4.8171087355 1.73341552888
-0.666666666667 5.02654824574 2.28643100155
-0.666666666667 5.23598775598 2.86082493709
-0.666666666667 5.44542726622 4.01568340064
-0.666666666667 5.65486677646 4.57434968277
-0.666666666667 5.8643062867 4.84851869878
-0.666666666667 6.07374579694 4.44782094205

-0.6 0 1.6695615726
-0.6 0.209439510239 2.19589110192
-0.6 0.418879020479 0.964900425442
-0.6 0.628318530718 6.08183600395
-0.6 0.837758040957 9.92564835345
-0.6 1.0471975512 11.3114424488
-0.6 1.25663706144 14.0903101994
-0.6 1.46607657168 16.8683441411
-0.6 1.67551608191 8.37266109206
-0.6 1.88495559215 0.966367085269
-0.6 2.09439510239 0.483878472381
-0.6 2.30383461263 0.243994813801
-0.6 2.51327412287 0.195062867328
-0.6 2.72271363311 0.0976556577563
-0.6 2.93215314335 0.315883154152
-0.6 3.14159265359 1.26364823761
-0.6 3.35103216383 1.96047941332
-0.6 3.56047167407 0.780164390331
-0.6 3.76991118431 0.246420577354
-0.6 3.97935069455 0.432789109658
-0.6 4.18879020479 0.438173759311
-0.6 4.39822971503 0.588531748481
-0.6 4.60766922527 1.26646462685
-0.6 4.8171087355 1.60270760854
-0.6 5.02654824574 2.7009532133
-0.6 5.23598775598 2.87122474487
-0.6 5.44542726622 4.31493978585
-0.6 5.65486677646 4.14594690338
-0.6 5.8643062867 4.72974192867
-0.6 6.07374579694 2.69452303184

-0.533333333333 0 1.60483828806
-0.533333333333 0.209439510239 0.810362688702
-0.533333333333 0.418879020479 1.47773476133
-0.533333333333 0.628318530718 4.49114091645
-0.533333333333 0.837758040957 7.50878929729
-0.533333333333 1.0471975512 10.9717889893
-0.533333333333 1.25663706144 14.3612526887
-0.533333333333 1.46607657168 17.2616636574
-0.533333333333 1.67551608191 10.0076911175
-0.533333333333 1.88495559215 0.843650002593
-0.533333333333 2.09439510239 0.461421558684
-0.533333333333 2.30383461263 0.222598060799
-0.533333333333 2.51327412287 0.155693028336
-0.533333333333 2.72271363311 0.145996356573
-0.533333333333 2.93215314335 0.356972187282
-0.533333333333 3.14159265359 1.55881816238
-0.533333333333 3.35103216383 1.65822615774
-0.533333333333 3.56047167407 0.365668320984
-0.533333333333 3.76991118431 0.208243458868
-0.533333333333 3.97935069455 0.643969486229
-0.533333333333 4.18879020479 0.721811198427
-0.533333333333 4.39822971503 0.625494478576
-0.533333333333 4.60766922527 1.46436195485
-0.533333333333 4.8171087355 1.62807100308
-0.533333333333 5.02654824574 2.93356819538
-0.533333333333 5.23598775598 2.99412706385
-0.533333333333 5.44542726622 4.56450260367
-0.533333333333 5.65486677646 3.9130060656
-0.533333333333 5.8643062867 4.54936510139
-0.533333333333 6.07374579694 1.63561883855

-0.466666666667 0 1.41409645095
-0.466666666667 0.209439510239 0.592510686267
-0.466666666667 0.418879020479 1.72647331819
-0.466666666667 0.628318530718 5.02679765627
-0.466666666667 0.837758040957 7.90234846326
-0.466666666667 1.0471975512 10.2226696496
-0.466666666667 1.25663706144 14.3732687979
-0.466666666667 1.46607657168 17.4811533091
-0.466666666667 1.67551608191 11.4186864717
-0.466666666667 1.88495559215 0.740793705901
-0.466666666667 2.09439510239 0.450721939623
-0.466666666667 2.30383461263 0.205504937558
-0.466666666667 2.51327412287 0.128721869861
-0.466666666667 2.72271363311 0.184477838321
-0.466666666667 2.93215314335 0.431869965262
-0.466666666667 3.14159265359 1.73429106329
-0.466666666667 3.35103216383 1.36842729026
-0.466666666667 3.56047167407 0.184251891386
-0.466666666667 3.76991118431 0.264789917359
-0.466666666667 3.97935069455 0.795322077613
-0.466666666667 4.18879020479 1.00037928418
-0.466666666667 4.39822971503 0.781080659399
-0.466666666667 4.60766922527 1.50575939203
-0.466666666667 4.8171087355 1.71808311984
-0.466666666667 5.02654824574 3.05432654882
-0.466666666667 5.23598775598 3.16352413976
-0.466666666667 5.44542726622 4.76479717706
-0.466666666667 5.65486677646 3.78675493722
-0.466666666667 5.8643062867 4.29986393554
-0.466666666667 6.07374579694 1.08412491438

-0.4 0 1.20856306267
-0.4 0.209439510239 0.661313375459
-0.4 0.418879020479 1.77688319632
-0.4 0.628318530718 8.07991801876
-0.4 0.837758040957 8.50723397088
-0.4 1.0471975512 9.8571656769
-0.4 1.25663706144 14.0370717879
-0.4 1.46607657168 17.6216975206
-0.4 1.67551608191 12.5083274004
-0.4 1.88495559215 0.663645868157
-0.4 2.09439510239 0.446768590829
-0.4 2.30383461263 0.19187922383
-0.4 2.51327412287 0.110830957849
-0.4 2.72271363311 0.213314697855
-0.4 2.93215314335 0.521223695685
-0.4 3.14159265359 1.82925180538
-0.4 3.35103216383 1.1471400076
-0.4 3.56047167407 0.115680356018
-0.4 3.76991118431 0.311058649525
-0.4 3.97935069455 0.831559199289
-0.4 4.18879020479 1.15894708019
-0.4 4.39822971503 0.968724023907
-0.4 4.60766922527 1.51375491605
-0.4 4.8171087355 1.79855658156
-0.4 5.02654824574 3.13004533185
-0.4 5.23598775598 3.33769442515
-0.4 5.44542726622 4.92097027136
-0.4 5.65486677646 3.71082844175
-0.4 5.8643062867 4.01697121036
-0.4 6.07374579694 0.802802559386

-0.333333333333 0 1.06539479931
-0.333333333333 0.209439510239 0.748367854405
-0.333333333333 0.418879020479 1.65015628345
-0.333333333333 0.628318530718 5.62847174251
-0.333333333333 0.837758040957 6.76999089756
-0.333333333333 1.0471975512 9.44718346187
-0.333333333333 1.25663706144 13.6469916321
-0.333333333333 1.46607657168 17.6915598054
-0.333333333333 1.67551608191 13.2785831604
-0.333333333333 1.88495559215 0.608693716434
-0.333333333333 2.09439510239 0.446122806003
-0.333333333333 2.30383461263 0.181025530523
-0.333333333333 2.51327412287 0.0992955463576
-0.333333333333 2.72271363311 0.234540669451
-0.333333333333 2.93215314335 0.607584866122
-0.333333333333 3.14159265359 1.8794212481
-0.333333333333 3.35103216383 0.986624784073
-0.333333333333 3.56047167407 0.0997599928284
-0.333333333333 3.76991118431 0.351107245203
-0.333333333333 3.97935069455 0.818995618143
-0.333333333333 4.18879020479 1.21733429075
-0.333333333333 4.39822971503 1.11817787618
-0.333333333333 4.60766922527 1.54513977109
-0.333333333333 4.8171087355 1.8450739603
-0.333333333333 5.02654824574 3.19379012682
-0.333333333333 5.23598775598 3.49588991856
-0.333333333333 5.44542726622 5.04026730479
-0.333333333333 5.65486677646 3.65755443336
-0.333333333333 5.8643062867 3.73495748453
-0.333333333333 6.07374579694 0.655402689935

-0.266666666667 0 0.987547930545
-0.266666666667 0.209439510239 0.796834053758
-0.266666666667 0.418879020479 1.26241182957
-0.266666666667 0.628318530718 2.83345358246
-0.266666666667 0.837758040957 5.14546440029
-0.266666666667 1.0471975512 8.84772471841
-0.266666666667 1.25663706144 13.3514949962
-0.266666666667 1.46607657168 17.701839718
-0.266666666667 1.67551608191 13.7768822899
-0.266666666667 1.88495559215 0.568548997346
-0.266666666667 2.09439510239 0.44638922362
-0.266666666667 2.30383461263 0.172347798311
-0.266666666667 2.51327412287 0.0919981505286
-0.266666666667 2.72271363311 0.249889254708
-0.266666666667 2.93215314335 0.680341381201
-0.266666666667 3.14159265359 1.90596290161
-0.266666666667 3.35103216383 0.871817086687
-0.266666666667 3.56047167407 0.114552758085
-0.266666666667 3.76991118431 0.403860189305
-0.266666666667 3.97935069455 0.820514260528
-0.266666666667 4.18879020479 1.23252420194
-0.266666666667 4.39822971503 1.21699736069
-0.266666666667 4.60766922527 1.59536529629
-0.266666666667 4.8171087355 1.86209367205
-0.266666666667 5.02654824574 3.25480638912
-0.266666666667 5.23598775598 3.63008996487
-0.266666666667 5.44542726622 5.13025257504
-0.266666666667 5.65486677646 3.6161615118
-0.266666666667 5.8643062867 3.47691539989
-0.266666666667 6.07374579694 0.576250671472

-0.2 0 0.952981982085
-0.2 0.209439510239 0.798263925257
-0.2 0.418879020479 0.839751212368
-0.2 0.628318530718 2.05667534271
-0.2 0.837758040957 4.50769952504
-0.2 1.0471975512 8.29183889175
-0.2 1.25663706144 13.1713343411
-0.2 1.46607657168 17.6804409834
-0.2 1.67551608191 14.0571072695
-0.2 1.88495559215 0.535746240379
-0.2 2.09439510239 0.445924050224
-0.2 2.30383461263 0.165337104645
-0.2 2.51327412287 0.0873456309927
-0.2 2.72271363311 0.260393991072
-0.2 2.93215314335 0.734727614065
-0.2 3.14159265359 1.91943680857
-0.2 3.35103216383 0.794287019972
-0.2 3.56047167407 0.147647232512
-0.2 3.76991118431 0.473690516354
-0.2 3.97935069455 0.859234070254
-0.2 4.18879020479 1.24361690037
-0.2 4.39822971503 1.28117076749
-0.2 4.60766922527 1.64411976614
-0.2 4.8171087355 1.86244526187
-0.2 5.02654824574 3.31178337872
-0.2 5.23598775598 3.73881636898
-0.2 5.44542726622 5.19787493242
-0.2 5.65486677646 3.5842207715
-0.2 5.8643062867 3.25576423859
-0.2 6.07374579694 0.534418578905

-0.133333333333 0 0.940832526119
-0.133333333333 0.209439510239 0.764278247819
-0.133333333333 0.418879020479 0.563322837925
-0.133333333333 0.628318530718 1.79969849443
-0.133333333333 0.837758040957 4.36561776832
-0.133333333333 1.0471975512 7.95266816738
-0.133333333333 1.25663706144 13.0992218813
-0.133333333333 1.46607657168 17.6553766997
-0.133333333333 1.67551608191 14.1616023574
-0.133333333333 1.88495559215 0.504839525963
-0.133333333333 2.09439510239 0.443682065127
-0.133333333333 2.30383461263 0.159569244408
-0.133333333333 2.51327412287 0.0841692430315
-0.133333333333 2.72271363311 0.266628196658
-0.133333333333 2.93215314335 0.769549764719
-0.133333333333 3.14159265359 1.92476845435
-0.133333333333 3.35103216383 0.750935204691
-0.133333333333 3.56047167407 0.187291010581
-0.133333333333 3.76991118431 0.553914468022
-0.133333333333 3.97935069455 0.930693411305
-0.133333333333 4.18879020479 1.26380643265
-0.133333333333 4.39822971503 1.32965873768
-0.133333333333 4.60766922527 1.67692184376
-0.133333333333 4.8171087355 1.85775249518
-0.133333333333 5.02654824574 3.36058876563
-0.133333333333 5.23598775598 3.8234539198
-0.133333333333 5.44542726622 5.24906912376
-0.133333333333 5.65486677646 3.56283827198
-0.133333333333 5.8643062867 3.07747713836
-0.133333333333 6.07374579694 0.514739616035

-0.0666666666667 0 0.937267856318
-0.0666666666667 0.209439510239 0.713971002986
-0.0666666666667 0.418879020479 0.416107740759
-0.0666666666667 0.628318530718 1.70127194066
-0.0666666666667 0.837758040957 4.41064679531
-0.0666666666667 1.0471975512 7.81670435282
-0.0666666666667 1.25663706144 13.1349752984
-0.0666666666667 1.46607657168 17.6445860955
-0.0666666666667 1.67551608191 14.1157449995
-0.0666666666667 1.88495559215 0.473286763053
-0.0666666666667 2.09439510239 0.439135957938
-0.0666666666667 2.30383461263 0.154706728696
-0.0666666666667 2.51327412287 0.0816358924363
-0.0666666666667 2.72271363311 0.269096213199
-0.0666666666667 2.93215314335 0.785347300793
-0.0666666666667 3.14159265359 1.9238083134
-0.0666666666667 3.35103216383 0.741151002656
-0.0666666666667 3.56047167407 0.223084845447
-0.0666666666667 3.76991118431 0.634167708321
-0.0666666666667 3.97935069455 1.02035245845
-0.0666666666667 4.18879020479 1.29146785998
-0.0666666666667 4.39822971503 1.37537146638
-0.0666666666667 4.60766922527 1.68715892048
-0.0666666666667 4.8171087355 1.85636016515
-0.0666666666667 5.02654824574 3.3975173591
-0.0666666666667 5.23598775598 3.88628063035
-0.0666666666667 5.44542726622 5.28863677376
-0.0666666666667 5.65486677646 3.55426802767
-0.0666666666667 5.8643062867 2.94408157328
-0.0666666666667 6.07374579694 0.509310518701

6.12323399574e-17 0 0.934788038169
6.12323399574e-17 0.209439510239 0.663659379946
6.12323399574e-17 0.418879020479 0.339302789388
6.12323399574e-17 0.628318530718 1.65240672276
6.12323399574e-17 0.837758040957 4.45830100512
6.12323399574e-17 1.0471975512 7.81354223486
6.12323399574e-17 1.25663706144 13.2862243068
6.12323399574e-17 1.46607657168 17.6552672196
6.12323399574e-17 1.67551608191 13.9274691223
6.12323399574e-17 1.88495559215 0.441606516739
6.12323399574e-17 2.09439510239 0.432230182405
6.12323399574e-17 2.30383461263 0.150504512328
6.12323399574e-17 2.51327412287 0.0791771403981
6.12323399574e-17 2.72271363311 0.268579849266
6.12323399574e-17 2.93215314335 0.783300767286
6.12323399574e-17 3.14159265359 1.91616279145
6.12323399574e-17 3.35103216383 0.765558023878
6.12323399574e-17 3.56047167407 0.248177651179
6.12323399574e-17 3.76991118431 0.703274118944
6.12323399574e-17 3.97935069455 1.11207374082
6.12323399574e-17 4.18879020479 1.3205641981
6.12323399574e-17 4.39822971503 1.42494264643
6.12323399574e-17 4.60766922527 1.67223016848
6.12323399574e-17 4.8171087355 1.86414295543
6.12323399574e-17 5.02654824574 3.42028625663
6.12323399574e-17 5.23598775598 3.92949396271
6.12323399574e-17 5.44542726622 5.32024343759
6.12323399574e-17 5.65486677646 3.56083569129
6.12323399574e-17 5.8643062867 2.85592098739
6.12323399574e-17 6.07374579694 0.513935594328

0.0666666666667 0 0.93038203554
0.0666666666667 0.209439510239 0.622716225579
0.0666666666667 0.418879020479 0.294526553875
0.0666666666667 0.628318530718 1.60291423159
0.0666666666667 0.837758040957 4.41098496067
0.0666666666667 1.0471975512 7.90782621484
0.0666666666667 1.25663706144 13.5577936353
0.0666666666667 1.46607657168 17.686980797
0.0666666666667 1.67551608191 13.5881595792
0.0666666666667 1.88495559215 0.413132583569
0.0666666666667 2.09439510239 0.423344454119
0.0666666666667 2.30383461263 0.146822491042
0.0666666666667 2.51327412287 0.0764350136573
0.0666666666667 2.72271363311 0.266370837066
0.0666666666667 2.93215314335 0.764746714656
0.0666666666667 3.14159265359 1.89947960245
0.0666666666667 3.35103216383 0.825457867534
0.0666666666667 3.56047167407 0.261347601055
0.0666666666667 3.76991118431 0.74921669155
0.0666666666667 3.97935069455 1.18977155294
0.0666666666667 4.18879020479 1.34569447144
0.0666666666667 4.39822971503 1.48046843331
0.0666666666667 4.60766922527 1.63042807304
0.0666666666667 4.8171087355 1.885614311
0.0666666666667 5.02654824574 3.42820433758
0.0666666666667 5.23598775598 3.95478054804
0.0666666666667 5.44542726622 5.34643968553
0.0666666666667 5.65486677646 3.5844948637
0.0666666666667 5.8643062867 2.81322741612
0.0666666666667 6.07374579694 0.526732609443

0.133333333333 0 0.924139827529
0.133333333333 0.209439510239 0.594177376716
0.133333333333 0.418879020479 0.264729776694
0.133333333333 0.628318530718 1.51580349346
0.133333333333 0.837758040957 4.27297527856
0.133333333333 1.0471975512 8.14628829814
0.133333333333 1.25663706144 13.9269881896
0.133333333333 1.46607657168 17.7353720815
0.133333333333 1.67551608191 13.074385247
0.133333333333 1.88495559215 0.393513726158
0.133333333333 2.09439510239 0.413248696037
0.133333333333 2.30383461263 0.143649846484
0.133333333333 2.51327412287 0.0732219349174
0.133333333333 2.72271363311 0.264356262587
0.133333333333 2.93215314335 0.731092890156
0.133333333333 3.14159265359 1.87003375274
0.133333333333 3.35103216383 0.921372471055
0.133333333333 3.56047167407 0.26976510686
0.133333333333 3.76991118431 0.760056723091
0.133333333333 3.97935069455 1.23742088875
0.133333333333 4.18879020479 1.36384640164
0.133333333333 4.39822971503 1.54030040715
0.133333333333 4.60766922527 1.56010530737
0.133333333333 4.8171087355 1.92435767023
0.133333333333 5.02654824574 3.422182224
0.133333333333 5.23598775598 3.96319216473
0.133333333333 5.44542726622 5.36865354105
0.133333333333 5.65486677646 3.62664508675
0.133333333333 5.8643062867 2.81718108461
0.133333333333 6.07374579694 0.547677553737

0.2 0 0.918733786641
0.2 0.209439510239 0.576493898493
0.2 0.418879020479 0.248013477712
0.2 0.628318530718 1.34307267956
0.2 0.837758040957 4.0878935592
0.2 1.0471975512 8.73372789442
0.2 1.25663706144 14.2938228327
0.2 1.46607657168 17.7953767486
0.2 1.67551608191 12.3523175579
0.2 1.88495559215 0.389956342276
0.2 2.09439510239 0.403031053475
0.2 2.30383461263 0.141150546789
0.2 2.51327412287 0.0694941710429
0.2 2.72271363311 0.264911264429
0.2 2.93215314335 0.683963094867
0.2 3.14159265359 1.82420390623
0.2 3.35103216383 1.04945617221
0.2 3.56047167407 0.292605777788
0.2 3.76991118431 0.72936003424
0.2 3.97935069455 1.24155161244
0.2 4.18879020479 1.37532444458
0.2 4.39822971503 1.59828100793
0.2 4.60766922527 1.46102645481
0.2 4.8171087355 1.98253060226
0.2 5.02654824574 3.40477542785
0.2 5.23598775598 3.9552293552
0.2 5.44542726622 5.38711956163
0.2 5.65486677646 3.68800994211
0.2 5.8643062867 2.87062637707
0.2 6.07374579694 0.578590853353

0.266666666667 0 0.919737371202
0.266666666667 0.209439510239 0.564170041359
0.266666666667 0.418879020479 0.252119299749
0.266666666667 0.628318530718 1.02929611334
0.266666666667 0.837758040957 3.82093927276
0.266666666667 1.0471975512 10.2384155774
0.266666666667 1.25663706144 14.4556113879
0.266666666667 1.46607657168 17.8618491911
0.266666666667 1.67551608191 11.3895241656
0.266666666667 1.88495559215 0.41010906948
0.266666666667 2.09439510239 0.393978230383
0.266666666667 2.30383461263 0.139745308495
0.266666666667 2.51327412287 0.0653432212604
0.266666666667 2.72271363311 0.270516810426
0.266666666667 2.93215314335 0.625427138358
0.266666666667 3.14159265359 1.7612239007
0.266666666667 3.35103216383 1.19581946632
0.266666666667 3.56047167407 0.362984746476
0.266666666667 3.76991118431 0.667838398833
0.266666666667 3.97935069455 1.19881584659
0.266666666667 4.18879020479 1.38482223529
0.266666666667 4.39822971503 1.64195662347
0.266666666667 4.60766922527 1.3375924498
0.266666666667 4.8171087355 2.05951095433
0.266666666667 5.02654824574 3.38015249577
0.266666666667 5.23598775598 3.9311373551
0.266666666667 5.44542726622 5.40071897415
0.266666666667 5.65486677646 3.76846091882
0.266666666667 5.8643062867 2.97854540408
0.266666666667 6.07374579694 0.623382504526

0.333333333333 0 0.936613184037
0.333333333333 0.209439510239 0.547127346591
0.333333333333 0.418879020479 0.287636792743
0.333333333333 0.628318530718 0.621577360413
0.333333333333 0.837758040957 3.16559594541
0.333333333333 1.0471975512 13.1722084435
0.333333333333 1.25663706144 14.2879779531
0.333333333333 1.46607657168 17.9215208132
0.333333333333 1.67551608191 10.1818552762
0.333333333333 1.88495559215 0.460459921782
0.333333333333 2.09439510239 0.387386447446
0.333333333333 2.30383461263 0.140258063851
0.333333333333 2.51327412287 0.061018351306
0.333333333333 2.72271363311 0.282992277834
0.333333333333 2.93215314335 0.558177171542
0.333333333333 3.14159265359 1.68709788893
0.333333333333 3.35103216383 1.33229664825
0.333333333333 3.56047167407 0.521179212949
0.333333333333 3.76991118431 0.617705300314
0.333333333333 3.97935069455 1.12834452586
0.333333333333 4.18879020479 1.40183377251
0.333333333333 4.39822971503 1.65157436382
0.333333333333 4.60766922527 1.20331646134
0.333333333333 4.8171087355 2.15020630939
0.333333333333 5.02654824574 3.35357533384
0.333333333333 5.23598775598 3.89150022935
0.333333333333 5.44542726622 5.40670184953
0.333333333333 5.65486677646 3.86670904024
0.333333333333 5.8643062867 3.14829077071
0.333333333333 6.07374579694 0.688505227226

0.4 0 0.984607980749
0.4 0.209439510239 0.512183722323
0.4 0.418879020479 0.362038452937
0.4 0.628318530718 0.417100554767
0.4 0.837758040957 1.86161035986
0.4 1.0471975512 12.172602897
0.4 1.25663706144 14.0789276507
0.4 1.46607657168 17.9209983213
0.4 1.67551608191 8.79986884081
0.4 1.88495559215 0.544277281944
0.4 2.09439510239 0.384284523441
0.4 2.30383461263 0.144177806423
0.4 2.51327412287 0.0570089515981
0.4 2.72271363311 0.302283552428
0.4 2.93215314335 0.485511470669
0.4 3.14159265359 1.61807226135
0.4 3.35103216383 1.42306048328
0.4 3.56047167407 0.788655323724
0.4 3.76991118431 0.656517414331
0.4 3.97935069455 1.08238434799
0.4 4.18879020479 1.43763384105
0.4 4.39822971503 1.60360770851
0.4 4.60766922527 1.08459099489
0.4 4.8171087355 2.24454260169
0.4 5.02654824574 3.32958761901
0.4 5.23598775598 3.83830060696
0.4 5.44542726622 5.40026356325
0.4 5.65486677646 3.97978999496
0.4 5.8643062867 3.38940944007
0.4 6.07374579694 0.783648697009

0.466666666667 0 1.08869894751
0.466666666667 0.209439510239 0.456780424235
0.466666666667 0.418879020479 0.474650778103
0.466666666667 0.628318530718 0.603143819115
0.466666666667 0.837758040957 2.10266408902
0.466666666667 1.0471975512 9.0337567484
0.466666666667 1.25663706144 14.4474509926
0.466666666667 1.46607657168 17.6673252871
0.466666666667 1.67551608191 7.43127927041
0.466666666667 1.88495559215 0.659935838902
0.466666666667 2.09439510239 0.385077638993
0.466666666667 2.30383461263 0.154130866746
0.466666666667 2.51327412287 0.054239004193
0.466666666667 2.72271363311 0.325036083618
0.466666666667 2.93215314335 0.411012746439
0.466666666667 3.14159265359 1.57809390915
0.466666666667 3.35103216383 1.45205576555
0.466666666667 3.56047167407 1.12338849968
0.466666666667 3.76991118431 0.866204759238
0.466666666667 3.97935069455 1.13764511535
0.466666666667 4.18879020479 1.49500583876
0.466666666667 4.39822971503 1.48339822466
0.466666666667 4.60766922527 1.01884587408
0.466666666667 4.8171087355 2.33105689438
0.466666666667 5.02654824574 3.3077297598
0.466666666667 5.23598775598 3.77665281323
0.466666666667 5.44542726622 5.37393810463
0.466666666667 5.65486677646 4.10225722568
0.466666666667 5.8643062867 3.71261598138
0.466666666667 6.07374579694 0.922891551504

0.533333333333 0 1.28911468382
0.533333333333 0.209439510239 0.42070198922
0.533333333333 0.418879020479 0.578438492107
0.533333333333 0.628318530718 1.05258868594
0.533333333333 0.837758040957 3.06726827226
0.533333333333 1.0471975512 8.9259795766
0.533333333333 1.25663706144 15.5423424509
0.533333333333 1.46607657168 16.5771464025
0.533333333333 1.67551608191 6.34151073456
0.533333333333 1.88495559215 0.802945762659
0.533333333333 2.09439510239 0.389266491946
0.533333333333 2.30383461263 0.17473597832
0.533333333333 2.51327412287 0.0544570747597
0.533333333333 2.72271363311 0.34399297788
0.533333333333 2.93215314335 0.337873024536
0.533333333333 3.14159265359 1.57769618412
0.533333333333 3.35103216383 1.46009672774
0.533333333333 3.56047167407 1.40505250691
0.533333333333 3.76991118431 1.24904011418
0.533333333333 3.97935069455 1.34152446286
0.533333333333 4.18879020479 1.5527492203
0.533333333333 4.39822971503 1.3056349046
0.533333333333 4.60766922527 1.03913642067
0.533333333333 4.8171087355 2.40780564179
0.533333333333 5.02654824574 3.2748899247
0.533333333333 5.23598775598 3.71730548645
0.533333333333 5.44542726622 5.31677483198
0.533333333333 5.65486677646 4.22495703296
0.533333333333 5.8643062867 4.12701126281
0.533333333333 6.07374579694 1.12706332029

0.6 0 1.63741500085
0.6 0.209439510239 0.503753483837
0.6 0.418879020479 0.511700131958
0.6 0.628318530718 1.92481398755
0.6 0.837758040957 6.21616362255
0.6 1.0471975512 13.469213691
0.6 1.25663706144 15.7209992778
0.6 1.46607657168 13.8494317847
0.6 1.67551608191 5.69702601942
0.6 1.88495559215 0.977965364889
0.6 2.09439510239 0.39608590318
0.6 2.30383461263 0.214104733648
0.6 2.51327412287 0.0609311517479
0.6 2.72271363311 0.350898012752
0.6 2.93215314335 0.267889255551
0.6 3.14159265359 1.56742976021
0.6 3.35103216383 1.54095963678
0.6 3.56047167407 1.53404626489
0.6 3.76991118431 1.64730716544
0.6 3.97935069455 1.6242324897
0.6 4.18879020479 1.56292711394
0.6 4.39822971503 1.12290053473
0.6 4.60766922527 1.14536117221
0.6 4.8171087355 2.49858106448
0.6 5.02654824574 3.19614020768
0.6 5.23598775598 3.67939118406
0.6 5.44542726622 5.21326854582
0.6 5.65486677646 4.33320912114
0.6 5.8643062867 4.63389518837
0.6 6.07374579694 1.42928013179

0.666666666667 0 2.15719312052
0.666666666667 0.209439510239 0.883691205566
0.666666666667 0.418879020479 0.400659368953
0.666666666667 0.628318530718 1.88667274443
0.666666666667 0.837758040957 7.12904891611
0.666666666667 1.0471975512 11.2833109129
0.666666666667 1.25663706144 13.0116794292
0.666666666667 1.46607657168 11.206456108
0.666666666667 1.67551608191 5.40005889836
0.666666666667 1.88495559215 1.21259728472
0.666666666667 2.09439510239 0.40967645233
0.666666666667 2.30383461263 0.286084854792
0.666666666667 2.51327412287 0.0795542321159
0.666666666667 2.72271363311 0.347496473583
0.666666666667 2.93215314335 0.200668388706
0.666666666667 3.14159265359 1.42527344022
0.666666666667 3.35103216383 1.72407696941
0.666666666667 3.56047167407 1.56252558906
0.666666666667 3.76991118431 1.82315556959
0.666666666667 3.97935069455 1.78095187263
0.666666666667 4.18879020479 1.46446434593
0.666666666667 4.39822971503 0.984495769725
0.666666666667 4.60766922527 1.30528424887
0.666666666667 4.8171087355 2.6525251716
0.666666666667 5.02654824574 3.01382193245
0.666666666667 5.23598775598 3.69094694963
0.666666666667 5.44542726622 5.04203797872
0.666666666667 5.65486677646 4.40411610437
0.666666666667 5.8643062867 5.21431591888
0.666666666667 6.07374579694 1.88712140165

0.733333333333 0 2.77183738622
0.733333333333 0.209439510239 1.89784595536
0.733333333333 0.418879020479 0.758406773312
0.733333333333 0.628318530718 1.28902537424
0.733333333333 0.837758040957 3.68018438426
0.733333333333 1.0471975512 6.7502755013
0.733333333333 1.25663706144 8.65723449122
0.733333333333 1.46607657168 10.3036721971
0.733333333333 1.67551608191 5.19904274337
0.733333333333 1.88495559215 1.50057242738
0.733333333333 2.09439510239 0.460418035382
0.733333333333 2.30383461263 0.411424301353
0.733333333333 2.51327412287 0.120468043226
0.733333333333 2.72271363311 0.366858409167
0.733333333333 2.93215314335 0.137351513686
0.733333333333 3.14159265359 1.09760899736
0.733333333333 3.35103216383 1.76695188711
0.733333333333 3.56047167407 1.5457244767
0.733333333333 3.76991118431 1.6401158857
0.733333333333 3.97935069455 1.5672774642
0.733333333333 4.18879020479 1.1695968759
0.733333333333 4.39822971503 0.888844851343
0.733333333333 4.60766922527 1.56661964015
0.733333333333 4.8171087355 2.86067385871
0.733333333333 5.02654824574 2.67948427537
0.733333333333 5.23598775598 3.77989793168
0.733333333333 5.44542726622 4.77428742974
0.733333333333 5.65486677646 4.40254915422
0.733333333333 5.8643062867 5.8055728257
0.733333333333 6.07374579694 2.60210674144

0.8 0 3.3208186918
0.8 0.209439510239 3.69590848681
0.8 0.418879020479 2.3752150512
0.8 0.628318530718 1.9297357013
0.8 0.837758040957 2.89027784516
0.8 1.0471975512 4.86953168365
0.8 1.25663706144 7.91035962557
0.8 1.46607657168 8.91749699284
0.8 1.67551608191 4.94323309672
0.8 1.88495559215 1.62664681177
0.8 2.09439510239 0.656198673106
0.8 2.30383461263 0.607437475694
0.8 2.51327412287 0.200379706566
0.8 2.72271363311 0.485749212115
0.8 2.93215314335 0.108729264918
0.8 3.14159265359 0.720428258416
0.8 3.35103216383 1.45412499465
0.8 3.56047167407 1.30549880981
0.8 3.76991118431 1.10974041499
0.8 3.97935069455 0.941231782664
0.8 4.18879020479 0.76331848421
0.8 4.39822971503 1.0415954794
0.8 4.60766922527 2.13822673351
0.8 4.8171087355 2.83803567162
0.8 5.02654824574 2.26311667691
0.8 5.23598775598 3.93880415837
0.8 5.44542726622 4.3721011854
0.8 5.65486677646 4.27487983319
0.8 5.8643062867 6.25877695775
0.8 6.07374579694 3.71727026914

0.866666666667 0 3.87443551756
0.866666666667 0.209439510239 4.85941782687
0.866666666667 0.418879020479 5.52422040497
0.866666666667 0.628318530718 5.40061764215
0.866666666667 0.837758040957 5.81519995718
0.866666666667 1.0471975512 7.21716385545
0.866666666667 1.25663706144 8.33666410815
0.866666666667 1.46607657168 6.9617639684
0.866666666667 1.67551608191 4.07030102864
0.866666666667 1.88495559215 1.39859939796
0.866666666667 2.09439510239 1.17087150973
0.866666666667 2.30383461263 0.844353408649
0.866666666667 2.51327412287 0.343633022779
0.866666666667 2.72271363311 0.76131091196
0.866666666667 2.93215314335 0.283474425852
0.866666666667 3.14159265359 0.397776166809
0.866666666667 3.35103216383 1.11757654136
0.866666666667 3.56047167407 1.29166508892
0.866666666667 3.76991118431 1.08608525345
0.866666666667 3.97935069455 1.01185612145
0.866666666667 4.18879020479 1.30538537963
0.866666666667 4.39822971503 2.01710300491
0.866666666667 4.60766922527 2.56329479512
0.866666666667 4.8171087355 2.10650713679
0.866666666667 5.02654824574 2.1649555794
0.866666666667 5.23598775598 4.03349367374
0.866666666667 5.44542726622 3.78612421918
0.866666666667 5.65486677646 3.93772269394
0.866666666667 5.8643062867 6.26500666072
0.866666666667 6.07374579694 5.22336628267

0.933333333333 0 5.19225158132
0.933333333333 0.209439510239 4.57235094737
0.933333333333 0.418879020479 5.01199943287
0.933333333333 0.628318530718 5.7735894031
0.933333333333 0.837758040957 6.2354817988
0.933333333333 1.0471975512 6.10365048998
0.933333333333 1.25663706144 5.23159607027
0.933333333333 1.46607657168 3.73143198819
0.933333333333 1.67551608191 2.29553301775
0.933333333333 1.88495559215 1.90103757382
0.933333333333 2.09439510239 1.85152744075
0.933333333333 2.30383461263 1.02191134247
0.933333333333 2.51327412287 0.577740644764
0.933333333333 2.72271363311 1.07408769203
0.933333333333 2.93215314335 1.04700948876
0.933333333333 3.14159265359 0.556578362613
0.933333333333 3.35103216383 0.557831916019
0.933333333333 3.56047167407 0.96305341674
0.933333333333 3.76991118431 1.36064622721
0.933333333333 3.97935069455 1.6240960674
0.933333333333 4.18879020479 1.73353259707
0.933333333333 4.39822971503 1.61988474088
0.933333333333 4.60766922527 1.39361564746
0.933333333333 4.8171087355 1.70122818926
0.933333333333 5.02654824574 2.91259363438
0.933333333333 5.23598775598 3.61115919322
0.933333333333 5.44542726622 2.94666659495
0.933333333333 5.65486677646 3.247308444
0.933333333333 5.8643062867 5.22592267521
0.933333333333 6.07374579694 6.07864227764

