-1 0 5.44133592238
-1 0.209439510239 5.44133592238
-1 0.418879020479 5.44133592238
-1 0.628318530718 5.44133592238
-1 0.837758040957 5.44133592238
-1 1.0471975512 5.44133592238
-1 1.25663706144 5.44133592238
-1 1.46607657168 5.44133592238
-1 1.67551608191 5.44133592238
-1 1.88495559215 5.44133592238
-1 2.09439510239 5.44133592238
-1 2.30383461263 5.44133592238
-1 2.51327412287 5.44133592238
-1 2.72271363311 5.44133592238
-1 2.93215314335 5.44133592238
-1 3.14159265359 5.44133592238
-1 3.35103216383 5.44133592238
-1 3.56047167407 5.44133592238
-1 3.76991118431 5.44133592238
-1 3.97935069455 5.44133592238
-1 4.18879020479 5.44133592238
-1 4.39822971503 5.44133592238
-1 4.60766922527 5.44133592238
-1 4.8171087355 5.44133592238
-1 5.02654824574 5.44133592238
-1 5.23598775598 5.44133592238
-1 5.44542726622 5.44133592238
-1 5.65486677646 5.44133592238
-1 5.8643062867 5.44133592238
-1 6.07374579694 5.44133592238

-0.933333333333 0 4.45484852442
-0.933333333333 0.209439510239 3.85832097173
-0.933333333333 0.418879020479 3.92752364273
-0.933333333333 0.628318530718 4.58755558024
-0.933333333333 0.837758040957 5.80402442595
-0.933333333333 1.0471975512 7.44473760726
-0.933333333333 1.25663706144 9.40580228544
-0.933333333333 1.46607657168 11.4134465365
-0.933333333333 1.67551608191 11.9983587184
-0.933333333333 1.88495559215 9.22729078511
-0.933333333333 2.09439510239 5.5055912199
-0.933333333333 2.30383461263 2.90383740559
-0.933333333333 2.51327412287 1.54778283288
-0.933333333333 2.72271363311 1.3315828224
-0.933333333333 2.93215314335 1.08017960685
-0.933333333333 3.14159265359 0.591155705125
-0.933333333333 3.35103216383 0.432335747734
-0.933333333333 3.56047167407 0.612814393112
-0.933333333333 3.76991118431 0.845165846598
-0.933333333333 3.97935069455 1.00370590145
-0.933333333333 4.18879020479 1.06086604826
-0.933333333333 4.39822971503 1.0749762212
-0.933333333333 4.60766922527 1.54426803094
-0.933333333333 4.8171087355 3.2511667885
-0.933333333333 5.02654824574 5.30058344675
-0.933333333333 5.23598775598 5.71680161056
-0.933333333333 5.44542726622 5.4761816853
-0.933333333333 5.65486677646 6.80575509124
-0.933333333333 5.8643062867 7.65110150519
-0.933333333333 6.07374579694 6.19648693042

-0.866666666667 0 2.79389852845
-0.866666666667 0.209439510239 1.80030937184
-0.866666666667 0.418879020479 1.9561161151
-0.866666666667 0.628318530718 7.85508061813
-0.866666666667 0.837758040957 10.2985338917
-0.866666666667 1.0471975512 9.51353587105
-0.866666666667 1.25663706144 10.3815162997
-0.866666666667 1.46607657168 12.1827828217
-0.866666666667 1.67551608191 14.0815519201
-0.866666666667 1.88495559215 11.6154229325
-0.866666666667 2.09439510239 4.85948232437
-0.866666666667 2.30383461263 1.83244448409
-0.866666666667 2.51327412287 0.837014304666
-0.866666666667 2.72271363311 0.75310217738
-0.866666666667 2.93215314335 0.329655103186
-0.866666666667 3.14159265359 0.541447750472
-0.866666666667 3.35103216383 0.803763201772
-0.866666666667 3.56047167407 0.68041844454
-0.866666666667 3.76991118431 0.570779250684
-0.866666666667 3.97935069455 0.653271729977
-0.866666666667 4.18879020479 0.972835009311
-0.866666666667 4.39822971503 1.74844711932
-0.866666666667 4.60766922527 2.39364845431
-0.866666666667 4.8171087355 2.11774883927
-0.866666666667 5.02654824574 4.17765350754
-0.866666666667 5.23598775598 6.05719338803
-0.866666666667 5.44542726622 5.49955801258
-0.866666666667 5.65486677646 6.97145375792
-0.866666666667 5.8643062867 5.20663585621
-0.866666666667 6.07374579694 3.02073530255

-0.8 0 1.21922794824
-0.8 0.209439510239 2.27473055013
-0.8 0.418879020479 4.58096878549
-0.8 0.628318530718 4.66197120381
-0.8 0.837758040957 5.00771405953
-0.8 1.0471975512 6.5562841685
-0.8 1.25663706144 10.1025784024
-0.8 1.46607657168 13.5019857075
-0.8 1.67551608191 15.4949845064
-0.8 1.88495559215 14.0295136711
-0.8 2.09439510239 4.41351911044
-0.8 2.30383461263 1.21963713623
-0.8 2.51327412287 0.600466249754
-0.8 2.72271363311 0.457135898722
-0.8 2.93215314335 0.327043932767
-0.8 3.14159265359 0.55667057236
-0.8 3.35103216383 0.194079744246
-0.8 3.56047167407 0.122001779641
-0.8 3.76991118431 0.461225219092
-0.8 3.97935069455 0.872945703119
-0.8 4.18879020479 0.963502200561
-0.8 4.39822971503 0.705428509749
-0.8 4.60766922527 2.15881443235
-0.8 4.8171087355 3.42650047867
-0.8 5.02654824574 3.63767900719
-0.8 5.23598775598 6.08283053954
-0.8 5.44542726622 5.64662205619
-0.8 5.65486677646 6.6545218734
-0.8 5.8643062867 3.0033516327
-0.8 6.07374579694 2.5443311442

-0.733333333333 0 1.2439718208
-0.733333333333 0.209439510239 4.11468751254
-0.733333333333 0.418879020479 5.4597361164
-0.733333333333 0.628318530718 3.41446871879
-0.733333333333 0.837758040957 4.2492780102
-0.733333333333 1.0471975512 5.72458803989
-0.733333333333 1.25663706144 8.00948297233
-0.733333333333 1.46607657168 12.7322460713
-0.733333333333 1.67551608191 16.3667753505
-0.733333333333 1.88495559215 15.8138677485
-0.733333333333 2.09439510239 4.17268338135
-0.733333333333 2.30383461263 0.865466954467
-0.733333333333 2.51327412287 0.497078856137
-0.733333333333 2.72271363311 0.294203910261
-0.733333333333 2.93215314335 0.380352115902
-0.733333333333 3.14159265359 0.20068391516
-0.733333333333 3.35103216383 0.0459038486138
-0.733333333333 3.56047167407 0.379807717682
-0.733333333333 3.76991118431 0.754401085005
-0.733333333333 3.97935069455 1.21524709356
-0.733333333333 4.18879020479 1.94031564111
-0.733333333333 4.39822971503 1.8030416634
-0.733333333333 4.60766922527 1.27550800303
-0.733333333333 4.8171087355 3.94495651439
-0.733333333333 5.02654824574 4.06114132122
-0.733333333333 5.23598775598 5.87576589197
-0.733333333333 5.44542726622 5.66092544731
-0.733333333333 5.65486677646 5.5992844827
-0.733333333333 5.8643062867 1.87193705541
-0.733333333333 6.07374579694 1.75736942397

-0.666666666667 0 1.4650725045
-0.666666666667 0.209439510239 4.31683189831
-0.666666666667 0.418879020479 1.29352129286
-0.666666666667 0.628318530718 2.52839316937
-0.666666666667 0.837758040957 5.6758159433
-0.666666666667 1.0471975512 6.05443311974
-0.666666666667 1.25663706144 7.7112314952
-0.666666666667 1.46607657168 11.3334809317
-0.666666666667 1.67551608191 16.583316179
-0.666666666667 1.88495559215 16.8675874001
-0.666666666667 2.09439510239 4.0609921835
-0.666666666667 2.30383461263 0.668584977521
-0.666666666667 2.51327412287 0.434136596294
-0.666666666667 2.72271363311 0.208866104578
-0.666666666667 2.93215314335 0.322402880817
-0.666666666667 3.14159265359 0.0235003848855
-0.666666666667 3.35103216383 0.23767007196
-0.666666666667 3.56047167407 0.496241809974
-0.666666666667 3.76991118431 0.69825666689
-0.666666666667 3.97935069455 0.724963267243
-0.666666666667 4.18879020479 1.39510938502
-0.666666666667 4.39822971503 2.77486557777
-0.666666666667 4.60766922527 1.88060084736
-0.666666666667 4.8171087355 3.5257923212
-0.666666666667 5.02654824574 4.77448235308
-0.666666666667 5.23598775598 5.63474748823
-0.666666666667 5.44542726622 5.55580627136
-0.666666666667 5.65486677646 4.44012960713
-0.666666666667 5.8643062867 1.37589909899
-0.666666666667 6.07374579694 1.30980025589

-0.6 0 1.60850199926
-0.6 0.209439510239 0.695697270278
-0.6 0.418879020479 1.52871080845
-0.6 0.628318530718 3.65916560171
-0.6 0.837758040957 4.4076307641
-0.6 1.0471975512 6.41801444532
-0.6 1.25663706144 8.14081860579
-0.6 1.46607657168 10.8056561795
-0.6 1.67551608191 16.2709460307
-0.6 1.88495559215 17.3555132938
-0.6 2.09439510239 4.00763572854
-0.6 2.30383461263 0.569116394908
-0.6 2.51327412287 0.385768779239
-0.6 2.72271363311 0.164467914461
-0.6 2.93215314335 0.210454643273
-0.6 3.14159265359 0.0759656691732
-0.6 3.35103216383 0.339539425563
-0.6 3.56047167407 0.665903284674
-0.6 3.76991118431 1.07902510903
-0.6 3.97935069455 0.798068916598
-0.6 4.18879020479 0.592533747974
-0.6 4.39822971503 2.41398668926
-0.6 4.60766922527 3.03729822878
-0.6 4.8171087355 3.16719755738
-0.6 5.02654824574 5.26795283988
-0.6 5.23598775598 5.5218780233
-0.6 5.44542726622 5.38229973166
-0.6 5.65486677646 3.53277504159
-0.6 5.8643062867 1.11704068065
-0.6 6.07374579694 1.16740404143

-0.533333333333 0 1.30634399357
-0.533333333333 0.209439510239 0.220946421382
-0.533333333333 0.418879020479 2.23415511675
-0.533333333333 0.628318530718 3.24876563781
-0.533333333333 0.837758040957 4.41043734557
-0.533333333333 1.0471975512 5.62073151978
-0.533333333333 1.25663706144 8.54270235624
-0.533333333333 1.46607657168 10.8132009396
-0.533333333333 1.67551608191 15.8363226463
-0.533333333333 1.88495559215 17.4824339397
-0.533333333333 2.09439510239 3.96403186893
-0.533333333333 2.30383461263 0.529216312272
-0.533333333333 2.51327412287 0.34535826074
-0.533333333333 2.72271363311 0.139498803391
-0.533333333333 2.93215314335 0.110393246162
-0.533333333333 3.14159265359 0.192249876484
-0.533333333333 3.35103216383 0.356997202152
-0.533333333333 3.56047167407 1.03316917691
-0.533333333333 3.76991118431 1.66586534415
-0.533333333333 3.97935069455 1.35298424779
-0.533333333333 4.18879020479 0.590496904467
-0.533333333333 4.39822971503 1.6343147345
-0.533333333333 4.60766922527 3.64944949525
-0.533333333333 4.8171087355 3.24982879463
-0.533333333333 5.02654824574 5.45315223721
-0.533333333333 5.23598775598 5.54258174564
-0.533333333333 5.44542726622 5.17681007435
-0.533333333333 5.65486677646 2.88651229257
-0.533333333333 5.8643062867 0.956183514643
-0.533333333333 6.07374579694 1.13886715703

-0.466666666667 0 0.745365326684
-0.466666666667 0.209439510239 0.538025765697
-0.466666666667 0.418879020479 1.75984447899
-0.466666666667 0.628318530718 6.65333033798
-0.466666666667 0.837758040957 4.60012612168
-0.466666666667 1.0471975512 5.39458652519
-0.466666666667 1.25663706144 8.21679937955
-0.466666666667 1.46607657168 11.0605372699
-0.466666666667 1.67551608191 15.5270028537
-0.466666666667 1.88495559215 17.4114129604
-0.466666666667 2.09439510239 3.90306333591
-0.466666666667 2.30383461263 0.524202885879
-0.466666666667 2.51327412287 0.311442612363
-0.466666666667 2.72271363311 0.12338025416
-0.466666666667 2.93215314335 0.0497486834069
-0.466666666667 3.14159265359 0.271575599132
-0.466666666667 3.35103216383 0.386193328892
-0.466666666667 3.56047167407 1.3922533352
-0.466666666667 3.76991118431 1.94670354805
-0.466666666667 3.97935069455 1.70660377973
-0.466666666667 4.18879020479 1.05218533541
-0.466666666667 4.39822971503 1.24488376744
-0.466666666667 4.60766922527 3.64678900702
-0.466666666667 4.8171087355 3.61481286885
-0.466666666667 5.02654824574 5.44818375875
-0.466666666667 5.23598775598 5.63804575918
-0.466666666667 5.44542726622 4.9643147467
-0.466666666667 5.65486677646 2.42861138171
-0.466666666667 5.8643062867 0.85853865774
-0.466666666667 6.07374579694 1.16833229928

-0.4 0 0.351462810276
-0.4 0.209439510239 0.778498210826
-0.4 0.418879020479 1.25949399497
-0.4 0.628318530718 3.63412443247
-0.4 0.837758040957 3.69882788065
-0.4 1.0471975512 5.0766916845
-0.4 1.25663706144 7.79464120938
-0.4 1.46607657168 11.3444763253
-0.4 1.67551608191 15.377071439
-0.4 1.88495559215 17.2520050981
-0.4 2.09439510239 3.81343505263
-0.4 2.30383461263 0.537811610413
-0.4 2.51327412287 0.283570619922
-0.4 2.72271363311 0.111588814197
-0.4 2.93215314335 0.0267178917001
-0.4 3.14159265359 0.294838775382
-0.4 3.35103216383 0.45198661435
-0.4 3.56047167407 1.57655517813
-0.4 3.76991118431 1.82501316319
-0.4 3.97935069455 1.65613477905
-0.4 4.18879020479 1.43660496921
-0.4 4.39822971503 1.29653494365
-0.4 4.60766922527 3.39564472353
-0.4 4.8171087355 4.02575755593
-0.4 5.02654824574 5.38103963377
-0.4 5.23598775598 5.75554973009
-0.4 5.44542726622 4.76179319201
-0.4 5.65486677646 2.09885994119
-0.4 5.8643062867 0.810085043642
-0.4 6.07374579694 1.20220238622

-0.333333333333 0 0.169247531585
-0.333333333333 0.209439510239 0.79534201655
-0.333333333333 0.418879020479 1.09116834785
-0.333333333333 0.628318530718 2.53908481422
-0.333333333333 0.837758040957 3.32578602589
-0.333333333333 1.0471975512 4.68316191056
-0.333333333333 1.25663706144 7.51863840492
-0.333333333333 1.46607657168 11.5241607654
-0.333333333333 1.67551608191 15.3430128152
-0.333333333333 1.88495559215 17.0689703811
-0.333333333333 2.09439510239 3.69358275842
-0.333333333333 2.30383461263 0.559370178075
-0.333333333333 2.51327412287 0.2612486161
-0.333333333333 2.72271363311 0.102389821574
-0.333333333333 2.93215314335 0.0285528863003
-0.333333333333 3.14159265359 0.278360768651
-0.333333333333 3.35103216383 0.531467777306
-0.333333333333 3.56047167407 1.57446628765
-0.333333333333 3.76991118431 1.47735789321
-0.333333333333 3.97935069455 1.36879248539
-0.333333333333 4.18879020479 1.56673725276
-0.333333333333 4.39822971503 1.52632913834
-0.333333333333 4.60766922527 3.15722693923
-0.333333333333 4.8171087355 4.34884321506
-0.333333333333 5.02654824574 5.32166368884
-0.333333333333 5.23598775598 5.86436195179
-0.333333333333 5.44542726622 4.58020604397
-0.333333333333 5.65486677646 1.85771782747
-0.333333333333 5.8643062867 0.797339502646
-0.333333333333 6.07374579694 1.20987791623

-0.266666666667 0 0.10912638041
-0.266666666667 0.209439510239 0.709932292998
-0.266666666667 0.418879020479 1.25896306939
-0.266666666667 0.628318530718 2.21755333688
-0.266666666667 0.837758040957 3.41755545152
-0.266666666667 1.0471975512 4.54285935513
-0.266666666667 1.25663706144 7.33099804412
-0.266666666667 1.46607657168 11.586861457
-0.266666666667 1.67551608191 15.3771231497
-0.266666666667 1.88495559215 16.8948922376
-0.266666666667 2.09439510239 3.54677675985
-0.266666666667 2.30383461263 0.581991690081
-0.266666666667 2.51327412287 0.243807698449
-0.266666666667 2.72271363311 0.0951700328127
-0.266666666667 2.93215314335 0.0430241905221
-0.266666666667 3.14159265359 0.243347193234
-0.266666666667 3.35103216383 0.599420557226
-0.266666666667 3.56047167407 1.45398687477
-0.266666666667 3.76991118431 1.09901824364
-0.266666666667 3.97935069455 1.05589814055
-0.266666666667 4.18879020479 1.51724899967
-0.266666666667 4.39822971503 1.73145570646
-0.266666666667 4.60766922527 3.0120084008
-0.266666666667 4.8171087355 4.55224420486
-0.266666666667 5.02654824574 5.29172470402
-0.266666666667 5.23598775598 5.95097218653
-0.266666666667 5.44542726622 4.42619460178
-0.266666666667 5.65486677646 1.67927985708
-0.266666666667 5.8643062867 0.807144873598
-0.266666666667 6.07374579694 1.18724926843

-0.2 0 0.102496676251
-0.2 0.209439510239 0.607084729779
-0.2 0.418879020479 1.32153326258
-0.2 0.628318530718 2.05374662797
-0.2 0.837758040957 4.08155228485
-0.2 1.0471975512 4.63906294719
-0.2 1.25663706144 7.18590854092
-0.2 1.46607657168 11.5873209619
-0.2 1.67551608191 15.4454698047
-0.2 1.88495559215 16.7423234898
-0.2 2.09439510239 3.37783393934
-0.2 2.30383461263 0.601365927101
-0.2 2.51327412287 0.230496079695
-0.2 2.72271363311 0.0897219826144
-0.2 2.93215314335 0.0621037933115
-0.2 3.14159265359 0.204335055873
-0.2 3.35103216383 0.643595772653
-0.2 3.56047167407 1.28614752316
-0.2 3.76991118431 0.796048928414
-0.2 3.97935069455 0.830743208424
-0.2 4.18879020479 1.40825625286
-0.2 4.39822971503 1.84374298966
-0.2 4.60766922527 2.95042745927
-0.2 4.8171087355 4.65673523636
-0.2 5.02654824574 5.28970379496
-0.2 5.23598775598 6.01175233899
-0.2 5.44542726622 4.30355878458
-0.2 5.65486677646 1.54575817152
-0.2 5.8643062867 0.828891579375
-0.2 6.07374579694 1.14463055797

-0.133333333333 0 0.11318923286
-0.133333333333 0.209439510239 0.52575748572
-0.133333333333 0.418879020479 1.33539139773
-0.133333333333 0.628318530718 1.99654738314
-0.133333333333 0.837758040957 5.93543048553
-0.133333333333 1.0471975512 4.83492165087
-0.133333333333 1.25663706144 7.09004057181
-0.133333333333 1.46607657168 11.5763270067
-0.133333333333 1.67551608191 15.5279294629
-0.133333333333 1.88495559215 16.6133412214
-0.133333333333 2.09439510239 3.19127340114
-0.133333333333 2.30383461263 0.614932515665
-0.133333333333 2.51327412287 0.220584723039
-0.133333333333 2.72271363311 0.085985295565
-0.133333333333 2.93215314335 0.0816814269677
-0.133333333333 3.14159265359 0.16813350329
-0.133333333333 3.35103216383 0.662311206331
-0.133333333333 3.56047167407 1.11332394378
-0.133333333333 3.76991118431 0.59241972956
-0.133333333333 3.97935069455 0.715444906198
-0.133333333333 4.18879020479 1.31278651986
-0.133333333333 4.39822971503 1.87544524993
-0.133333333333 4.60766922527 2.94228615013
-0.133333333333 4.8171087355 4.69563043213
-0.133333333333 5.02654824574 5.30761116784
-0.133333333333 5.23598775598 6.04767816375
-0.133333333333 5.44542726622 4.2144214224
-0.133333333333 5.65486677646 1.44451389473
-0.133333333333 5.8643062867 0.855314325065
-0.133333333333 6.07374579694 1.09530558347

-0.0666666666667 0 0.125029455051
-0.0666666666667 0.209439510239 0.475717605946
-0.0666666666667 0.418879020479 1.33826917888
-0.0666666666667 0.628318530718 2.00764646089
-0.0666666666667 0.837758040957 7.2091471409
-0.0666666666667 1.0471975512 5.02060560856
-0.0666666666667 1.25663706144 7.06351676642
-0.0666666666667 1.46607657168 11.5785562668
-0.0666666666667 1.67551608191 15.615011601
-0.0666666666667 1.88495559215 16.5057574017
-0.0666666666667 2.09439510239 2.99056137321
-0.0666666666667 2.30383461263 0.621314865097
-0.0666666666667 2.51327412287 0.213436005081
-0.0666666666667 2.72271363311 0.0839801810079
-0.0666666666667 2.93215314335 0.100195109913
-0.0666666666667 3.14159265359 0.136498189251
-0.0666666666667 3.35103216383 0.65924000162
-0.0666666666667 3.56047167407 0.949672914867
-0.0666666666667 3.76991118431 0.469531755403
-0.0666666666667 3.97935069455 0.68777943907
-0.0666666666667 4.18879020479 1.25380958075
-0.0666666666667 4.39822971503 1.86145667293
-0.0666666666667 4.60766922527 2.96365835137
-0.0666666666667 4.8171087355 4.69606392656
-0.0666666666667 5.02654824574 5.33841847885
-0.0666666666667 5.23598775598 6.06122491643
-0.0666666666667 5.44542726622 4.16007572859
-0.0666666666667 5.65486677646 1.3665399625
-0.0666666666667 5.8643062867 0.882059320893
-0.0666666666667 6.07374579694 1.04979045121

6.12323399574e-17 0 0.132098190478
6.12323399574e-17 0.209439510239 0.451482494226
6.12323399574e-17 0.418879020479 1.33542248915
6.12323399574e-17 0.628318530718 2.0010726314
6.12323399574e-17 0.837758040957 6.90571858041
6.12323399574e-17 1.0471975512 5.13644567478
6.12323399574e-17 1.25663706144 7.12346786919
6.12323399574e-17 1.46607657168 11.5960331784
6.12323399574e-17 1.67551608191 15.7048533027
6.12323399574e-17 1.88495559215 16.4163066632
6.12323399574e-17 2.09439510239 2.77811622196
6.12323399574e-17 2.30383461263 0.619938011992
6.12323399574e-17 2.51327412287 0.208533460783
6.12323399574e-17 2.72271363311 0.0838115755227
6.12323399574e-17 2.93215314335 0.117363193221
6.12323399574e-17 3.14159265359 0.109040131783
6.12323399574e-17 3.35103216383 0.640480489686
6.12323399574e-17 3.56047167407 0.79335234238
6.12323399574e-17 3.76991118431 0.395817253966
6.12323399574e-17 3.97935069455 0.715001348769
6.12323399574e-17 4.18879020479 1.22781691971
6.12323399574e-17 4.39822971503 1.831827907
6.12323399574e-17 4.60766922527 3.00144461607
6.12323399574e-17 4.8171087355 4.67466823757
6.12323399574e-17 5.02654824574 5.37833126699
6.12323399574e-17 5.23598775598 6.05470741746
6.12323399574e-17 5.44542726622 4.14156544368
6.12323399574e-17 5.65486677646 1.30563514887
6.12323399574e-17 5.8643062867 0.906791708557
6.12323399574e-17 6.07374579694 1.01460195277

0.0666666666667 0 0.133311834033
0.0666666666667 0.209439510239 0.443922818238
0.0666666666667 0.418879020479 1.32187851306
0.0666666666667 0.628318530718 1.97722056844
0.0666666666667 0.837758040957 7.71190369898
0.0666666666667 1.0471975512 5.15215786517
0.0666666666667 1.25663706144 7.30086344039
0.0666666666667 1.46607657168 11.6169826328
0.0666666666667 1.67551608191 15.8010162837
0.0666666666667 1.88495559215 16.3414161639
0.0666666666667 2.09439510239 2.55584996601
0.0666666666667 2.30383461263 0.610781866862
0.0666666666667 2.51327412287 0.205482783283
0.0666666666667 2.72271363311 0.0856923430757
0.0666666666667 2.93215314335 0.133266940599
0.0666666666667 3.14159265359 0.0852800767181
0.0666666666667 3.35103216383 0.613789950706
0.0666666666667 3.56047167407 0.639516920006
0.0666666666667 3.76991118431 0.341220368782
0.0666666666667 3.97935069455 0.768123767319
0.0666666666667 4.18879020479 1.22366265329
0.0666666666667 4.39822971503 1.80587865141
0.0666666666667 4.60766922527 3.05076347845
0.0666666666667 4.8171087355 4.63900912346
0.0666666666667 5.02654824574 5.42697856399
0.0666666666667 5.23598775598 6.02946610125
0.0666666666667 5.44542726622 4.16005589588
0.0666666666667 5.65486677646 1.25791979725
0.0666666666667 5.8643062867 0.928343452768
0.0666666666667 6.07374579694 0.99305913313

0.133333333333 0 0.129943194075
0.133333333333 0.209439510239 0.445416555805
0.133333333333 0.418879020479 1.2873416631
0.133333333333 0.628318530718 1.99079763602
0.133333333333 0.837758040957 7.03742872018
0.133333333333 1.0471975512 5.03856037365
0.133333333333 1.25663706144 7.67015485816
0.133333333333 1.46607657168 11.626831063
0.133333333333 1.67551608191 15.9111271833
0.133333333333 1.88495559215 16.2759381325
0.133333333333 2.09439510239 2.32614108961
0.133333333333 2.30383461263 0.594235579002
0.133333333333 2.51327412287 0.203992237878
0.133333333333 2.72271363311 0.0899630914135
0.133333333333 2.93215314335 0.147729611958
0.133333333333 3.14159265359 0.0658944627603
0.133333333333 3.35103216383 0.588316842283
0.133333333333 3.56047167407 0.49181512103
0.133333333333 3.76991118431 0.284108363786
0.133333333333 3.97935069455 0.824943895934
0.133333333333 4.18879020479 1.23140247651
0.133333333333 4.39822971503 1.7942045879
0.133333333333 4.60766922527 3.11176359018
0.133333333333 4.8171087355 4.58993157092
0.133333333333 5.02654824574 5.48698392532
0.133333333333 5.23598775598 5.98555566545
0.133333333333 5.44542726622 4.2170377733
0.133333333333 5.65486677646 1.22156779411
0.133333333333 5.8643062867 0.946108750671
0.133333333333 6.07374579694 0.986428425665

0.2 0 0.124934945527
0.2 0.209439510239 0.450051075076
0.2 0.418879020479 1.21802193004
0.2 0.628318530718 2.06106678241
0.2 0.837758040957 4.25318405596
0.2 1.0471975512 4.80524185391
0.2 1.25663706144 8.36218907833
0.2 1.46607657168 11.6249469151
0.2 1.67551608191 16.0460518738
0.2 1.88495559215 16.2099178137
0.2 2.09439510239 2.0932052195
0.2 2.30383461263 0.571035536823
0.2 2.51327412287 0.203837506478
0.2 2.72271363311 0.0970967043604
0.2 2.93215314335 0.159944864494
0.2 3.14159265359 0.0534728932348
0.2 3.35103216383 0.573014371956
0.2 3.56047167407 0.372671862405
0.2 3.76991118431 0.217952556783
0.2 3.97935069455 0.869697338367
0.2 4.18879020479 1.24444552059
0.2 4.39822971503 1.8014479474
0.2 4.60766922527 3.18763417623
0.2 4.8171087355 4.52326726675
0.2 5.02654824574 5.56332210298
0.2 5.23598775598 5.92182045349
0.2 5.44542726622 4.31438165592
0.2 5.65486677646 1.19672043073
0.2 5.8643062867 0.959748067275
0.2 6.07374579694 0.994628281879

0.266666666667 0 0.123168742553
0.266666666667 0.209439510239 0.452248850489
0.266666666667 0.418879020479 1.11182530057
0.266666666667 0.628318530718 2.12381269358
0.266666666667 0.837758040957 3.4467383628
0.266666666667 1.0471975512 4.53751149425
0.266666666667 1.25663706144 9.35845792355
0.266666666667 1.46607657168 11.6441282502
0.266666666667 1.67551608191 16.2187546077
0.266666666667 1.88495559215 16.1234197084
0.266666666667 2.09439510239 1.86485760912
0.266666666667 2.30383461263 0.542292344178
0.266666666667 2.51327412287 0.204812973454
0.266666666667 2.72271363311 0.107682669075
0.266666666667 2.93215314335 0.168428511833
0.266666666667 3.14159265359 0.0529562922933
0.266666666667 3.35103216383 0.572583032009
0.266666666667 3.56047167407 0.329015412958
0.266666666667 3.76991118431 0.16033805139
0.266666666667 3.97935069455 0.893662495704
0.266666666667 4.18879020479 1.25832329927
0.266666666667 4.39822971503 1.82860734319
0.266666666667 4.60766922527 3.28322465127
0.266666666667 4.8171087355 4.43123992602
0.266666666667 5.02654824574 5.66221447169
0.266666666667 5.23598775598 5.83643884827
0.266666666667 5.44542726622 4.45423377049
0.266666666667 5.65486677646 1.18559154987
0.266666666667 5.8643062867 0.969244470869
0.266666666667 6.07374579694 1.01618175517

0.333333333333 0 0.131719263552
0.333333333333 0.209439510239 0.446409161799
0.333333333333 0.418879020479 1.00530633678
0.333333333333 0.628318530718 2.06295920057
0.333333333333 0.837758040957 3.08646944387
0.333333333333 1.0471975512 4.38419839731
0.333333333333 1.25663706144 9.72633155791
0.333333333333 1.46607657168 11.7495287992
0.333333333333 1.67551608191 16.4401313474
0.333333333333 1.88495559215 15.9798343386
0.333333333333 2.09439510239 1.65465359992
0.333333333333 2.30383461263 0.509663834338
0.333333333333 2.51327412287 0.206674887559
0.333333333333 2.72271363311 0.122402096236
0.333333333333 2.93215314335 0.171492152607
0.333333333333 3.14159265359 0.0715097800068
0.333333333333 3.35103216383 0.581845562939
0.333333333333 3.56047167407 0.421908742893
0.333333333333 3.76991118431 0.158560057786
0.333333333333 3.97935069455 0.897429507514
0.333333333333 4.18879020479 1.26817652583
0.333333333333 4.39822971503 1.87731808298
0.333333333333 4.60766922527 3.40186269489
0.333333333333 4.8171087355 4.30513078523
0.333333333333 5.02654824574 5.78879486188
0.333333333333 5.23598775598 5.72822724626
0.333333333333 5.44542726622 4.6387091171
0.333333333333 5.65486677646 1.1927914255
0.333333333333 5.8643062867 0.975430291725
0.333333333333 6.07374579694 1.04724391455

0.4 0 0.15905078026
0.4 0.209439510239 0.429431398018
0.4 0.418879020479 0.952570122365
0.4 0.628318530718 1.75793220864
0.4 0.837758040957 2.5678474789
0.4 1.0471975512 5.38769368685
0.4 1.25663706144 8.71428306653
0.4 1.46607657168 11.9736706448
0.4 1.67551608191 16.703597121
0.4 1.88495559215 15.71870756
0.4 2.09439510239 1.48439042399
0.4 2.30383461263 0.47585637524
0.4 2.51327412287 0.209103191866
0.4 2.72271363311 0.142061757036
0.4 2.93215314335 0.168416197213
0.4 3.14159265359 0.116928028517
0.4 3.35103216383 0.582521337882
0.4 3.56047167407 0.685630467961
0.4 3.76991118431 0.275686339922
0.4 3.97935069455 0.891844909789
0.4 4.18879020479 1.26876409397
0.4 4.39822971503 1.95968779826
0.4 4.60766922527 3.53602266252
0.4 4.8171087355 4.14197813726
0.4 5.02654824574 5.9423606061
0.4 5.23598775598 5.59922521719
0.4 5.44542726622 4.86929181918
0.4 5.65486677646 1.22591338484
0.4 5.8643062867 0.981245647559
0.4 6.07374579694 1.07968274557

0.466666666667 0 0.213813174475
0.466666666667 0.209439510239 0.404579786323
0.466666666667 0.418879020479 0.944732708621
0.466666666667 0.628318530718 1.42422776102
0.466666666667 0.837758040957 1.38709550267
0.466666666667 1.0471975512 7.37038164863
0.466666666667 1.25663706144 7.77979434195
0.466666666667 1.46607657168 12.2186964166
0.466666666667 1.67551608191 16.949034054
0.466666666667 1.88495559215 15.2480191023
0.466666666667 2.09439510239 1.38707363123
0.466666666667 2.30383461263 0.445954598627
0.466666666667 2.51327412287 0.211773991067
0.466666666667 2.72271363311 0.167924648777
0.466666666667 2.93215314335 0.161128053904
0.466666666667 3.14159265359 0.193488898173
0.466666666667 3.35103216383 0.547439247698
0.466666666667 3.56047167407 1.06740105727
0.466666666667 3.76991118431 0.544518893958
0.466666666667 3.97935069455 0.895461611138
0.466666666667 4.18879020479 1.267112853
0.466666666667 4.39822971503 2.11128326084
0.466666666667 4.60766922527 3.64829995689
0.466666666667 4.8171087355 3.95912735819
0.466666666667 5.02654824574 6.10804703577
0.466666666667 5.23598775598 5.45924198577
0.466666666667 5.44542726622 5.14579593261
0.466666666667 5.65486677646 1.29644116003
0.466666666667 5.8643062867 0.994188120145
0.466666666667 6.07374579694 1.09893885436

0.533333333333 0 0.305245720637
0.533333333333 0.209439510239 0.379816345689
0.533333333333 0.418879020479 0.906072144771
0.533333333333 0.628318530718 1.49306844322
0.533333333333 0.837758040957 1.9558095478
0.533333333333 1.0471975512 4.69030821089
0.533333333333 1.25663706144 8.45732652873
0.533333333333 1.46607657168 12.5090832632
0.533333333333 1.67551608191 17.0479666429
0.533333333333 1.88495559215 14.4281273412
0.533333333333 2.09439510239 1.41077798447
0.533333333333 2.30383461263 0.430869311631
0.533333333333 2.51327412287 0.214823908269
0.533333333333 2.72271363311 0.203036530518
0.533333333333 2.93215314335 0.155414225704
0.533333333333 3.14159265359 0.297480355022
0.533333333333 3.35103216383 0.4581170935
0.533333333333 3.56047167407 1.40243943293
0.533333333333 3.76991118431 0.920548993374
0.533333333333 3.97935069455 0.941354112525
0.533333333333 4.18879020479 1.31919906232
0.533333333333 4.39822971503 2.38151359287
0.533333333333 4.60766922527 3.65236178979
0.533333333333 4.8171087355 3.81885317969
0.533333333333 5.02654824574 6.24507127851
0.533333333333 5.23598775598 5.33281758425
0.533333333333 5.44542726622 5.46466122404
0.533333333333 5.65486677646 1.4210470172
0.533333333333 5.8643062867 1.03060349819
0.533333333333 6.07374579694 1.08446353544

0.6 0 0.437751706246
0.6 0.209439510239 0.378947680987
0.6 0.418879020479 0.876678892001
0.6 0.628318530718 1.52836626558
0.6 0.837758040957 2.40676589341
0.6 1.0471975512 4.73120036755
0.6 1.25663706144 9.67098061699
0.6 1.46607657168 13.9003379384
0.6 1.67551608191 16.9221746386
0.6 1.88495559215 13.0338999676
0.6 2.09439510239 1.62416290961
0.6 2.30383461263 0.456020465503
0.6 2.51327412287 0.220510190413
0.6 2.72271363311 0.25629449733
0.6 2.93215314335 0.160383880667
0.6 3.14159265359 0.422522935245
0.6 3.35103216383 0.347575027891
0.6 3.56047167407 1.46595818063
0.6 3.76991118431 1.28819298741
0.6 3.97935069455 1.10594244621
0.6 4.18879020479 1.55647960327
0.6 4.39822971503 2.7402279281
0.6 4.60766922527 3.43820111922
0.6 4.8171087355 3.85062302557
0.6 5.02654824574 6.27555896479
0.6 5.23598775598 5.26770194448
0.6 5.44542726622 5.81627145658
0.6 5.65486677646 1.6233363543
0.6 5.8643062867 1.12243812181
0.6 6.07374579694 1.01853171993

0.666666666667 0 0.572907322142
0.666666666667 0.209439510239 0.439541436833
0.666666666667 0.418879020479 0.921209527337
0.666666666667 0.628318530718 1.6856163787
0.666666666667 0.837758040957 4.57874882931
0.666666666667 1.0471975512 7.76608308956
0.666666666667 1.25663706144 8.47659519273
0.666666666667 1.46607657168 15.7011823286
0.666666666667 1.67551608191 16.6633833707
0.666666666667 1.88495559215 10.8632724457
0.666666666667 2.09439510239 2.12272242564
0.666666666667 2.30383461263 0.581483669589
0.666666666667 2.51327412287 0.238299601356
0.666666666667 2.72271363311 0.352191196872
0.666666666667 2.93215314335 0.18758101274
0.666666666667 3.14159265359 0.572648634352
0.666666666667 3.35103216383 0.329863101013
0.666666666667 3.56047167407 1.17022211356
0.666666666667 3.76991118431 1.48220888307
0.666666666667 3.97935069455 1.46082634228
0.666666666667 4.18879020479 2.02760686418
0.666666666667 4.39822971503 2.91277284361
0.666666666667 4.60766922527 3.0162811129
0.666666666667 4.8171087355 4.20730041415
0.666666666667 5.02654824574 6.08707959351
0.666666666667 5.23598775598 5.34028456271
0.666666666667 5.44542726622 6.18092253772
0.666666666667 5.65486677646 1.93601546851
0.666666666667 5.8643062867 1.32635926251
0.666666666667 6.07374579694 0.909886845273

0.733333333333 0 0.578348253287
0.733333333333 0.209439510239 0.530981861508
0.733333333333 0.418879020479 0.893397652017
0.733333333333 0.628318530718 1.54308584846
0.733333333333 0.837758040957 2.6398374983
0.733333333333 1.0471975512 3.89773918038
0.733333333333 1.25663706144 9.4785464009
0.733333333333 1.46607657168 14.132139475
0.733333333333 1.67551608191 16.0253216806
0.733333333333 1.88495559215 8.97248368584
0.733333333333 2.09439510239 3.02076347085
0.733333333333 2.30383461263 0.937473432746
0.733333333333 2.51327412287 0.299332156225
0.733333333333 2.72271363311 0.543209429889
0.733333333333 2.93215314335 0.261696906168
0.733333333333 3.14159265359 0.723959505942
0.733333333333 3.35103216383 0.533439292083
0.733333333333 3.56047167407 0.817072881574
0.733333333333 3.76991118431 1.39515854809
0.733333333333 3.97935069455 1.77467433363
0.733333333333 4.18879020479 2.27439943934
0.733333333333 4.39822971503 2.54912537324
0.733333333333 4.60766922527 2.79149089484
0.733333333333 4.8171087355 4.83220152196
0.733333333333 5.02654824574 5.58659300245
0.733333333333 5.23598775598 5.64634898374
0.733333333333 5.44542726622 6.52315199624
0.733333333333 5.65486677646 2.40316560137
0.733333333333 5.8643062867 1.73302110639
0.733333333333 6.07374579694 0.842264757477

0.8 0 0.424115110391
0.8 0.209439510239 0.505939411642
0.8 0.418879020479 0.819541930303
0.8 0.628318530718 1.27943253988
0.8 0.837758040957 1.67704573521
0.8 1.0471975512 3.40345339865
0.8 1.25663706144 9.9007347701
0.8 1.46607657168 14.6041333811
0.8 1.67551608191 12.4201439497
0.8 1.88495559215 9.62370526805
0.8 2.09439510239 4.35721909884
0.8 2.30383461263 1.72887452321
0.8 2.51327412287 0.493720139457
0.8 2.72271363311 0.883974051328
0.8 2.93215314335 0.490218378797
0.8 3.14159265359 0.781298644353
0.8 3.35103216383 1.04536207787
0.8 3.56047167407 0.866510640927
0.8 3.76991118431 1.13360759732
0.8 3.97935069455 1.53687596859
0.8 4.18879020479 1.85164105389
0.8 4.39822971503 2.21382164617
0.8 4.60766922527 3.47467060452
0.8 4.8171087355 5.12942748947
0.8 5.02654824574 4.90177629202
0.8 5.23598775598 6.25429094675
0.8 5.44542726622 6.78466206597
0.8 5.65486677646 3.08124899431
0.8 5.8643062867 2.46978767674
0.8 6.07374579694 1.08645450139

0.866666666667 0 0.703497027903
0.866666666667 0.209439510239 0.468495195784
0.866666666667 0.418879020479 0.977167086842
0.866666666667 0.628318530718 2.32278628492
0.866666666667 0.837758040957 7.45744645167
0.866666666667 1.0471975512 13.150777322
0.866666666667 1.25663706144 11.5105642072
0.866666666667 1.46607657168 10.5796685315
0.866666666667 1.67551608191 10.8437976264
0.866666666667 1.88495559215 10.4231989505
0.866666666667 2.09439510239 5.84944757403
0.866666666667 2.30383461263 3.02770509096
0.866666666667 2.51327412287 1.04361677649
0.866666666667 2.72271363311 1.34301718454
0.866666666667 2.93215314335 1.17368022051
0.866666666667 3.14159265359 0.816012251999
0.866666666667 3.35103216383 1.39191053608
0.866666666667 3.56047167407 1.70134001513
0.866666666667 3.76991118431 1.75251380216
0.866666666667 3.97935069455 1.94296478337
0.866666666667 4.18879020479 2.42076081717
0.866666666667 4.39822971503 3.29785213689
0.866666666667 4.60766922527 4.24642796891
0.866666666667 4.8171087355 4.35091612684
0.866666666667 5.02654824574 4.77766513066
0.866666666667 5.23598775598 7.07438348946
0.866666666667 5.44542726622 6.87762438523
0.866666666667 5.65486677646 4.03295846009
0.866666666667 5.8643062867 3.67908228948
0.866666666667 6.07374579694 2.29978078884

0.933333333333 0 3.58113872809
0.933333333333 0.209439510239 2.15729733597
0.933333333333 0.418879020479 1.8329252091
0.933333333333 0.628318530718 2.3035153436
0.933333333333 0.837758040957 3.32704054808
0.933333333333 1.0471975512 4.68874664011
0.933333333333 1.25663706144 6.22900172568
0.933333333333 1.46607657168 8.02412066665
0.933333333333 1.67551608191 9.80823936496
0.933333333333 1.88495559215 9.38079301073
0.933333333333 2.09439510239 6.93053093134
0.933333333333 2.30383461263 4.47073665266
0.933333333333 2.51327412287 2.36477519355
0.933333333333 2.72271363311 2.07764214977
0.933333333333 2.93215314335 2.32051357558
0.933333333333 3.14159265359 1.87152696891
0.933333333333 3.35103216383 1.45944860428
0.933333333333 3.56047167407 1.6294574821
0.933333333333 3.76991118431 2.05341175974
0.933333333333 3.97935069455 2.46079887498
0.933333333333 4.18879020479 2.78227786409
0.933333333333 4.39822971503 3.00354597331
0.933333333333 4.60766922527 3.30680552519
0.933333333333 4.8171087355 4.30102213685
0.933333333333 5.02654824574 6.17426002743
0.933333333333 5.23598775598 7.51205422987
0.933333333333 5.44542726622 6.68268711999
0.933333333333 5.65486677646 5.28121144553
0.933333333333 5.8643062867 5.39835387418
0.933333333333 6.07374579694 5.2871004892

