-1 0 0.500253730611
-1 0.209439510239 0.500253730611
-1 0.418879020479 0.500253730611
-1 0.628318530718 0.500253730611
-1 0.837758040957 0.500253730612
-1 1.0471975512 0.500253730612
-1 1.25663706144 0.500253730612
-1 1.46607657168 0.500253730612
-1 1.67551608191 0.500253730611
-1 1.88495559215 0.500253730611
-1 2.09439510239 0.500253730611
-1 2.30383461263 0.500253730611
-1 2.51327412287 0.500253730612
-1 2.72271363311 0.500253730612
-1 2.93215314335 0.500253730612
-1 3.14159265359 0.500253730611
-1 3.35103216383 0.500253730611
-1 3.56047167407 0.500253730611
-1 3.76991118431 0.500253730611
-1 3.97935069455 0.500253730612
-1 4.18879020479 0.500253730612
-1 4.39822971503 0.500253730612
-1 4.60766922527 0.500253730612
-1 4.8171087355 0.500253730611
-1 5.02654824574 0.500253730611
-1 5.23598775598 0.500253730611
-1 5.44542726622 0.500253730611
-1 5.65486677646 0.500253730612
-1 5.8643062867 0.500253730612
-1 6.07374579694 0.500253730612

-0.933333333333 0 0.444242636524
-0.933333333333 0.209439510239 0.516558244739
-0.933333333333 0.418879020479 0.609420203173
-0.933333333333 0.628318530718 0.658534301936
-0.933333333333 0.837758040957 0.658856873804
-0.933333333333 1.0471975512 0.6180605813
-0.933333333333 1.25663706144 0.562661223603
-0.933333333333 1.46607657168 0.541240870349
-0.933333333333 1.67551608191 0.574360607629
-0.933333333333 1.88495559215 0.597957551436
-0.933333333333 2.09439510239 0.498029112771
-0.933333333333 2.30383461263 0.251382474759
-0.933333333333 2.51327412287 0.0885059848914
-0.933333333333 2.72271363311 0.223260522619
-0.933333333333 2.93215314335 0.431485388806
-0.933333333333 3.14159265359 0.445078292691
-0.933333333333 3.35103216383 0.330124552434
-0.933333333333 3.56047167407 0.238946157356
-0.933333333333 3.76991118431 0.221466199084
-0.933333333333 3.97935069455 0.273116067925
-0.933333333333 4.18879020479 0.387151944603
-0.933333333333 4.39822971503 0.5165857533
-0.933333333333 4.60766922527 0.510414289085
-0.933333333333 4.8171087355 0.268736839498
-0.933333333333 5.02654824574 0.055062746728
-0.933333333333 5.23598775598 0.188358486616
-0.933333333333 5.44542726622 0.49397621057
-0.933333333333 5.65486677646 0.666037431982
-0.933333333333 5.8643062867 0.635045184859
-0.933333333333 6.07374579694 0.498782593434

-0.866666666667 0 0.677007446683
-0.866666666667 0.209439510239 0.930279646998
-0.866666666667 0.418879020479 1.01775907746
-0.866666666667 0.628318530718 1.10807388759
-0.866666666667 0.837758040957 1.18749674416
-0.866666666667 1.0471975512 1.17147802811
-0.866666666667 1.25663706144 0.983575106154
-0.866666666667 1.46607657168 0.637760253325
-0.866666666667 1.67551608191 0.382510900763
-0.866666666667 1.88495559215 0.449553078479
-0.866666666667 2.09439510239 0.477672419194
-0.866666666667 2.30383461263 0.192310761152
-0.866666666667 2.51327412287 0.160275193324
-0.866666666667 2.72271363311 0.446195424792
-0.866666666667 2.93215314335 0.370539542157
-0.866666666667 3.14159265359 0.125576689315
-0.866666666667 3.35103216383 0.0663839508242
-0.866666666667 3.56047167407 0.123490973037
-0.866666666667 3.76991118431 0.172087242833
-0.866666666667 3.97935069455 0.175357771522
-0.866666666667 4.18879020479 0.139137497581
-0.866666666667 4.39822971503 0.151532616767
-0.866666666667 4.60766922527 0.409669702912
-0.866666666667 4.8171087355 0.641142548996
-0.866666666667 5.02654824574 0.363762684125
-0.866666666667 5.23598775598 0.205474147857
-0.866666666667 5.44542726622 0.419963013349
-0.866666666667 5.65486677646 0.533096564975
-0.866666666667 5.8643062867 0.389030688529
-0.866666666667 6.07374579694 0.363881242713

-0.8 0 0.833914804509
-0.8 0.209439510239 0.751721421931
-0.8 0.418879020479 0.753386861888
-0.8 0.628318530718 0.919814315907
-0.8 0.837758040957 1.10353810104
-0.8 1.0471975512 1.25929726286
-0.8 1.25663706144 1.26919381384
-0.8 1.46607657168 0.991291864638
-0.8 1.67551608191 0.467186733075
-0.8 1.88495559215 0.269839376106
-0.8 2.09439510239 0.432116959073
-0.8 2.30383461263 0.166714647613
-0.8 2.51327412287 0.258986955583
-0.8 2.72271363311 0.448618127955
-0.8 2.93215314335 0.194906475088
-0.8 3.14159265359 0.107663812817
-0.8 3.35103216383 0.18526771783
-0.8 3.56047167407 0.236650868476
-0.8 3.76991118431 0.232463541429
-0.8 3.97935069455 0.267708119518
-0.8 4.18879020479 0.366717267452
-0.8 4.39822971503 0.355171292213
-0.8 4.60766922527 0.16754782395
-0.8 4.8171087355 0.388432812673
-0.8 5.02654824574 0.559462722595
-0.8 5.23598775598 0.422942667337
-0.8 5.44542726622 0.426374309929
-0.8 5.65486677646 0.463263679625
-0.8 5.8643062867 0.279072982461
-0.8 6.07374579694 0.528493032588

-0.733333333333 0 0.549394955122
-0.733333333333 0.209439510239 0.304911396102
-0.733333333333 0.418879020479 0.428186809658
-0.733333333333 0.628318530718 0.651018100761
-0.733333333333 0.837758040957 0.89158849522
-0.733333333333 1.0471975512 1.17710316539
-0.733333333333 1.25663706144 1.32468706596
-0.733333333333 1.46607657168 1.11674830978
-0.733333333333 1.67551608191 0.637113946096
-0.733333333333 1.88495559215 0.184011642179
-0.733333333333 2.09439510239 0.362283063723
-0.733333333333 2.30383461263 0.150450932141
-0.733333333333 2.51327412287 0.332510349947
-0.733333333333 2.72271363311 0.370937862999
-0.733333333333 2.93215314335 0.163858609767
-0.733333333333 3.14159265359 0.156892296644
-0.733333333333 3.35103216383 0.207967574874
-0.733333333333 3.56047167407 0.157983285732
-0.733333333333 3.76991118431 0.102056123676
-0.733333333333 3.97935069455 0.139822462627
-0.733333333333 4.18879020479 0.293001414767
-0.733333333333 4.39822971503 0.633644196071
-0.733333333333 4.60766922527 0.539870622968
-0.733333333333 4.8171087355 0.172197846761
-0.733333333333 5.02654824574 0.432541773346
-0.733333333333 5.23598775598 0.692113129794
-0.733333333333 5.44542726622 0.480522014537
-0.733333333333 5.65486677646 0.40080312226
-0.733333333333 5.8643062867 0.27825653703
-0.733333333333 6.07374579694 0.580970038176

-0.666666666667 0 0.311438110177
-0.666666666667 0.209439510239 0.12350653864
-0.666666666667 0.418879020479 0.328326474386
-0.666666666667 0.628318530718 0.552216721093
-0.666666666667 0.837758040957 0.81032420227
-0.666666666667 1.0471975512 1.18684671415
-0.666666666667 1.25663706144 1.5177186872
-0.666666666667 1.46607657168 1.24918146714
-0.666666666667 1.67551608191 0.704779951058
-0.666666666667 1.88495559215 0.189276652667
-0.666666666667 2.09439510239 0.286612763184
-0.666666666667 2.30383461263 0.136090692586
-0.666666666667 2.51327412287 0.374767052275
-0.666666666667 2.72271363311 0.307689465804
-0.666666666667 2.93215314335 0.186208735777
-0.666666666667 3.14159265359 0.169459089007
-0.666666666667 3.35103216383 0.209117957954
-0.666666666667 3.56047167407 0.117684989803
-0.666666666667 3.76991118431 0.16094220981
-0.666666666667 3.97935069455 0.270241529366
-0.666666666667 4.18879020479 0.270159397864
-0.666666666667 4.39822971503 0.525992824048
-0.666666666667 4.60766922527 0.919856343706
-0.666666666667 4.8171087355 0.301323318199
-0.666666666667 5.02654824574 0.221974789692
-0.666666666667 5.23598775598 0.873032563628
-0.666666666667 5.44542726622 0.543282414917
-0.666666666667 5.65486677646 0.337724150379
-0.666666666667 5.8643062867 0.315636692459
-0.666666666667 6.07374579694 0.517179911022

-0.6 0 0.258592638323
-0.6 0.209439510239 0.110544006632
-0.6 0.418879020479 0.321080195948
-0.6 0.628318530718 0.496659896756
-0.6 0.837758040957 0.708178169932
-0.6 1.0471975512 1.09788825204
-0.6 1.25663706144 1.68888963461
-0.6 1.46607657168 1.55220202729
-0.6 1.67551608191 0.712307877239
-0.6 1.88495559215 0.231402586392
-0.6 2.09439510239 0.219332302024
-0.6 2.30383461263 0.121762525177
-0.6 2.51327412287 0.391889892453
-0.6 2.72271363311 0.284489497569
-0.6 2.93215314335 0.19353261691
-0.6 3.14159265359 0.201358346238
-0.6 3.35103216383 0.218178396067
-0.6 3.56047167407 0.134225029141
-0.6 3.76991118431 0.303145615007
-0.6 3.97935069455 0.501093929526
-0.6 4.18879020479 0.462936318892
-0.6 4.39822971503 0.369192791504
-0.6 4.60766922527 0.947419842434
-0.6 4.8171087355 0.53575315385
-0.6 5.02654824574 0.111287149698
-0.6 5.23598775598 0.938477059916
-0.6 5.44542726622 0.601873092239
-0.6 5.65486677646 0.286027862401
-0.6 5.8643062867 0.35590640031
-0.6 6.07374579694 0.495748804836

-0.533333333333 0 0.255856916811
-0.533333333333 0.209439510239 0.124604679705
-0.533333333333 0.418879020479 0.301807664644
-0.533333333333 0.628318530718 0.387893163128
-0.533333333333 0.837758040957 0.518117220297
-0.533333333333 1.0471975512 0.853511888212
-0.533333333333 1.25663706144 1.64932351385
-0.533333333333 1.46607657168 1.92195045596
-0.533333333333 1.67551608191 0.756466748259
-0.533333333333 1.88495559215 0.268132459028
-0.533333333333 2.09439510239 0.167010126465
-0.533333333333 2.30383461263 0.107483206123
-0.533333333333 2.51327412287 0.39212599273
-0.533333333333 2.72271363311 0.294295562078
-0.533333333333 2.93215314335 0.182012257904
-0.533333333333 3.14159265359 0.264820269077
-0.533333333333 3.35103216383 0.204554363382
-0.533333333333 3.56047167407 0.149552417634
-0.533333333333 3.76991118431 0.349342292145
-0.533333333333 3.97935069455 0.541004230903
-0.533333333333 4.18879020479 0.604422106381
-0.533333333333 4.39822971503 0.363852887554
-0.533333333333 4.60766922527 0.78034645525
-0.533333333333 4.8171087355 0.672606884947
-0.533333333333 5.02654824574 0.115063386567
-0.533333333333 5.23598775598 0.918954962822
-0.533333333333 5.44542726622 0.655845097278
-0.533333333333 5.65486677646 0.250652567132
-0.533333333333 5.8643062867 0.395323474125
-0.533333333333 6.07374579694 0.55010597175

-0.466666666667 0 0.223457388442
-0.466666666667 0.209439510239 0.141679941225
-0.466666666667 0.418879020479 0.255930014281
-0.466666666667 0.628318530718 0.26406424538
-0.466666666667 0.837758040957 0.312624825358
-0.466666666667 1.0471975512 0.553152160186
-0.466666666667 1.25663706144 1.41253141886
-0.466666666667 1.46607657168 2.20959489925
-0.466666666667 1.67551608191 0.879544481269
-0.466666666667 1.88495559215 0.282735684394
-0.466666666667 2.09439510239 0.130606399236
-0.466666666667 2.30383461263 0.0937706404118
-0.466666666667 2.51327412287 0.382633413818
-0.466666666667 2.72271363311 0.322107843071
-0.466666666667 2.93215314335 0.169748604201
-0.466666666667 3.14159265359 0.33237428062
-0.466666666667 3.35103216383 0.165421319384
-0.466666666667 3.56047167407 0.150394123943
-0.466666666667 3.76991118431 0.300230889771
-0.466666666667 3.97935069455 0.398572850692
-0.466666666667 4.18879020479 0.551027249572
-0.466666666667 4.39822971503 0.430433827533
-0.466666666667 4.60766922527 0.630592235068
-0.466666666667 4.8171087355 0.688422287063
-0.466666666667 5.02654824574 0.181848448166
-0.466666666667 5.23598775598 0.852514727938
-0.466666666667 5.44542726622 0.706695482449
-0.466666666667 5.65486677646 0.230209083663
-0.466666666667 5.8643062867 0.436224765403
-0.466666666667 6.07374579694 0.633560134971

-0.4 0 0.168693609866
-0.4 0.209439510239 0.168994853338
-0.4 0.418879020479 0.217189371096
-0.4 0.628318530718 0.206609907951
-0.4 0.837758040957 0.179106731555
-0.4 1.0471975512 0.301990325085
-0.4 1.25663706144 1.09182236786
-0.4 1.46607657168 2.34986506396
-0.4 1.67551608191 1.06806165587
-0.4 1.88495559215 0.275950619993
-0.4 2.09439510239 0.108107245259
-0.4 2.30383461263 0.0811344387604
-0.4 2.51327412287 0.368733953485
-0.4 2.72271363311 0.355344546876
-0.4 2.93215314335 0.16999040485
-0.4 3.14159265359 0.379916053773
-0.4 3.35103216383 0.120918159156
-0.4 3.56047167407 0.152421038644
-0.4 3.76991118431 0.238765190124
-0.4 3.97935069455 0.229567017139
-0.4 4.18879020479 0.378433485518
-0.4 4.39822971503 0.462961865309
-0.4 4.60766922527 0.568490938676
-0.4 4.8171087355 0.637203775029
-0.4 5.02654824574 0.264268619473
-0.4 5.23598775598 0.767727731384
-0.4 5.44542726622 0.755148971678
-0.4 5.65486677646 0.221091676128
-0.4 5.8643062867 0.4782393738
-0.4 6.07374579694 0.703360918661

-0.333333333333 0 0.119235673171
-0.333333333333 0.209439510239 0.202958684127
-0.333333333333 0.418879020479 0.213834554379
-0.333333333333 0.628318530718 0.243759082353
-0.333333333333 0.837758040957 0.144067145977
-0.333333333333 1.0471975512 0.144289178654
-0.333333333333 1.25663706144 0.786166999253
-0.333333333333 1.46607657168 2.35675777443
-0.333333333333 1.67551608191 1.28555515583
-0.333333333333 1.88495559215 0.255578004715
-0.333333333333 2.09439510239 0.0964173636944
-0.333333333333 2.30383461263 0.069925222752
-0.333333333333 2.51327412287 0.354045709864
-0.333333333333 2.72271363311 0.386250093183
-0.333333333333 2.93215314335 0.185829416873
-0.333333333333 3.14159265359 0.40108330139
-0.333333333333 3.35103216383 0.0889002882567
-0.333333333333 3.56047167407 0.16841591973
-0.333333333333 3.76991118431 0.220204489639
-0.333333333333 3.97935069455 0.13879416631
-0.333333333333 4.18879020479 0.207611091101
-0.333333333333 4.39822971503 0.435150063149
-0.333333333333 4.60766922527 0.571683590119
-0.333333333333 4.8171087355 0.569783975537
-0.333333333333 5.02654824574 0.336459978069
-0.333333333333 5.23598775598 0.682099580786
-0.333333333333 5.44542726622 0.801147076029
-0.333333333333 5.65486677646 0.219536393476
-0.333333333333 5.8643062867 0.518959309804
-0.333333333333 6.07374579694 0.743966140638

-0.266666666667 0 0.0891070021701
-0.266666666667 0.209439510239 0.233526050508
-0.266666666667 0.418879020479 0.245277193768
-0.266666666667 0.628318530718 0.343020875406
-0.266666666667 0.837758040957 0.181448507276
-0.266666666667 1.0471975512 0.0730121741252
-0.266666666667 1.25663706144 0.544292469623
-0.266666666667 1.46607657168 2.27852150674
-0.266666666667 1.67551608191 1.49743061556
-0.266666666667 1.88495559215 0.229903343449
-0.266666666667 2.09439510239 0.0924339111312
-0.266666666667 2.30383461263 0.0603275727961
-0.266666666667 2.51327412287 0.340874942593
-0.266666666667 2.72271363311 0.411124137787
-0.266666666667 2.93215314335 0.213775497127
-0.266666666667 3.14159265359 0.401972976157
-0.266666666667 3.35103216383 0.0756566979665
-0.266666666667 3.56047167407 0.199397809781
-0.266666666667 3.76991118431 0.250569419332
-0.266666666667 3.97935069455 0.13828969627
-0.266666666667 4.18879020479 0.0978112624645
-0.266666666667 4.39822971503 0.369919072659
-0.266666666667 4.60766922527 0.600445550385
-0.266666666667 4.8171087355 0.512032251644
-0.266666666667 5.02654824574 0.389735253734
-0.266666666667 5.23598775598 0.604764523291
-0.266666666667 5.44542726622 0.844278084451
-0.266666666667 5.65486677646 0.222336039171
-0.266666666667 5.8643062867 0.555834902613
-0.266666666667 6.07374579694 0.758884161814

-0.2 0 0.0775877638696
-0.2 0.209439510239 0.25294901014
-0.2 0.418879020479 0.291739915409
-0.2 0.628318530718 0.453002495253
-0.2 0.837758040957 0.249945023202
-0.2 1.0471975512 0.0597042397931
-0.2 1.25663706144 0.375057841823
-0.2 1.46607657168 2.16399608511
-0.2 1.67551608191 1.68062950923
-0.2 1.88495559215 0.204976672092
-0.2 2.09439510239 0.0935397579744
-0.2 2.30383461263 0.0524040973377
-0.2 2.51327412287 0.33062183477
-0.2 2.72271363311 0.428799457667
-0.2 2.93215314335 0.248133683229
-0.2 3.14159265359 0.392670982508
-0.2 3.35103216383 0.0787285777132
-0.2 3.56047167407 0.239277523345
-0.2 3.76991118431 0.309120532725
-0.2 3.97935069455 0.189655541273
-0.2 4.18879020479 0.0478884053868
-0.2 4.39822971503 0.295424040047
-0.2 4.60766922527 0.629524344581
-0.2 4.8171087355 0.470301868113
-0.2 5.02654824574 0.424664990816
-0.2 5.23598775598 0.539500798023
-0.2 5.44542726622 0.884086180989
-0.2 5.65486677646 0.227013190948
-0.2 5.8643062867 0.587061223813
-0.2 6.07374579694 0.758864214334

-0.133333333333 0 0.0776210243096
-0.133333333333 0.209439510239 0.258086444209
-0.133333333333 0.418879020479 0.332285283134
-0.133333333333 0.628318530718 0.537129126177
-0.133333333333 0.837758040957 0.318002415264
-0.133333333333 1.0471975512 0.0756329309661
-0.133333333333 1.25663706144 0.267677367027
-0.133333333333 1.46607657168 2.04873149361
-0.133333333333 1.67551608191 1.82359724076
-0.133333333333 1.88495559215 0.184211839044
-0.133333333333 2.09439510239 0.0977601455064
-0.133333333333 2.30383461263 0.0461526934707
-0.133333333333 2.51327412287 0.324113039415
-0.133333333333 2.72271363311 0.439314257378
-0.133333333333 2.93215314335 0.283601780115
-0.133333333333 3.14159265359 0.382177435654
-0.133333333333 3.35103216383 0.0922592387903
-0.133333333333 3.56047167407 0.280930241265
-0.133333333333 3.76991118431 0.371345416155
-0.133333333333 3.97935069455 0.248721911857
-0.133333333333 4.18879020479 0.0332758114868
-0.133333333333 4.39822971503 0.22821528979
-0.133333333333 4.60766922527 0.650174822688
-0.133333333333 4.8171087355 0.441271592398
-0.133333333333 5.02654824574 0.445316984539
-0.133333333333 5.23598775598 0.487048434232
-0.133333333333 5.44542726622 0.920216238003
-0.133333333333 5.65486677646 0.231805783877
-0.133333333333 5.8643062867 0.611625080137
-0.133333333333 6.07374579694 0.754828892115

-0.0666666666667 0 0.0823540266622
-0.0666666666667 0.209439510239 0.249173025983
-0.0666666666667 0.418879020479 0.354701567165
-0.0666666666667 0.628318530718 0.582157441083
-0.0666666666667 0.837758040957 0.369938822535
-0.0666666666667 1.0471975512 0.100080391046
-0.0666666666667 1.25663706144 0.206588365312
-0.0666666666667 1.46607657168 1.95343606909
-0.0666666666667 1.67551608191 1.92264183137
-0.0666666666667 1.88495559215 0.168967732753
-0.0666666666667 2.09439510239 0.10375340768
-0.0666666666667 2.30383461263 0.0415637115339
-0.0666666666667 2.51327412287 0.321836378992
-0.0666666666667 2.72271363311 0.443013575163
-0.0666666666667 2.93215314335 0.316139155941
-0.0666666666667 3.14159265359 0.376854300871
-0.0666666666667 3.35103216383 0.110516026574
-0.0666666666667 3.56047167407 0.319374710132
-0.0666666666667 3.76991118431 0.419938063687
-0.0666666666667 3.97935069455 0.287024385025
-0.0666666666667 4.18879020479 0.0321795774639
-0.0666666666667 4.39822971503 0.174141515504
-0.0666666666667 4.60766922527 0.663485876064
-0.0666666666667 4.8171087355 0.418618658588
-0.0666666666667 5.02654824574 0.456174642983
-0.0666666666667 5.23598775598 0.446652600299
-0.0666666666667 5.44542726622 0.952453100768
-0.0666666666667 5.65486677646 0.235597027959
-0.0666666666667 5.8643062867 0.629005024674
-0.0666666666667 6.07374579694 0.755218227747

6.12323399574e-17 0 0.088013220024
6.12323399574e-17 0.209439510239 0.228092289627
6.12323399574e-17 0.418879020479 0.3561935454
6.12323399574e-17 0.628318530718 0.591181603527
6.12323399574e-17 0.837758040957 0.401877449118
6.12323399574e-17 1.0471975512 0.120967818152
6.12323399574e-17 1.25663706144 0.179150871607
6.12323399574e-17 1.46607657168 1.88687655921
6.12323399574e-17 1.67551608191 1.97822630991
6.12323399574e-17 1.88495559215 0.159328775273
6.12323399574e-17 2.09439510239 0.110737233622
6.12323399574e-17 2.30383461263 0.0386755989391
6.12323399574e-17 2.51327412287 0.324076908001
6.12323399574e-17 2.72271363311 0.440046223054
6.12323399574e-17 2.93215314335 0.342837856369
6.12323399574e-17 3.14159265359 0.380742808053
6.12323399574e-17 3.35103216383 0.129226790476
6.12323399574e-17 3.56047167407 0.352391823509
6.12323399574e-17 3.76991118431 0.447170354616
6.12323399574e-17 3.97935069455 0.295585171435
6.12323399574e-17 4.18879020479 0.0341364431764
6.12323399574e-17 4.39822971503 0.133601539461
6.12323399574e-17 4.60766922527 0.674512026791
6.12323399574e-17 4.8171087355 0.396172130324
6.12323399574e-17 5.02654824574 0.460874759171
6.12323399574e-17 5.23598775598 0.4170016004
6.12323399574e-17 5.44542726622 0.980707232592
6.12323399574e-17 5.65486677646 0.23783978089
6.12323399574e-17 5.8643062867 0.638827001354
6.12323399574e-17 6.07374579694 0.765694494446

0.0666666666667 0 0.0944380930412
0.0666666666667 0.209439510239 0.197254614965
0.0666666666667 0.418879020479 0.339893809154
0.0666666666667 0.628318530718 0.573804987809
0.0666666666667 0.837758040957 0.415769568875
0.0666666666667 1.0471975512 0.13316853491
0.0666666666667 1.25663706144 0.178570367382
0.0666666666667 1.46607657168 1.84875785182
0.0666666666667 1.67551608191 1.9926171661
0.0666666666667 1.88495559215 0.154731720705
0.0666666666667 2.09439510239 0.118400418149
0.0666666666667 2.30383461263 0.0376330214513
0.0666666666667 2.51327412287 0.330955040204
0.0666666666667 2.72271363311 0.430163772784
0.0666666666667 2.93215314335 0.361443812249
0.0666666666667 3.14159265359 0.396334664587
0.0666666666667 3.35103216383 0.14571934185
0.0666666666667 3.56047167407 0.379922127151
0.0666666666667 3.76991118431 0.454381484408
0.0666666666667 3.97935069455 0.281581956054
0.0666666666667 4.18879020479 0.038685697767
0.0666666666667 4.39822971503 0.105618840224
0.0666666666667 4.60766922527 0.688856278613
0.0666666666667 4.8171087355 0.369012605063
0.0666666666667 5.02654824574 0.461891145588
0.0666666666667 5.23598775598 0.396745733407
0.0666666666667 5.44542726622 1.00498117407
0.0666666666667 5.65486677646 0.238493549258
0.0666666666667 5.8643062867 0.640602457281
0.0666666666667 6.07374579694 0.789642196267

0.133333333333 0 0.104684208963
0.133333333333 0.209439510239 0.159225977143
0.133333333333 0.418879020479 0.311138442648
0.133333333333 0.628318530718 0.539799295059
0.133333333333 0.837758040957 0.415470653509
0.133333333333 1.0471975512 0.13754037386
0.133333333333 1.25663706144 0.204158919819
0.133333333333 1.46607657168 1.83096311907
0.133333333333 1.67551608191 1.96919766383
0.133333333333 1.88495559215 0.154330314401
0.133333333333 2.09439510239 0.126817435286
0.133333333333 2.30383461263 0.0387550542632
0.133333333333 2.51327412287 0.342362227602
0.133333333333 2.72271363311 0.41275341655
0.133333333333 2.93215314335 0.369959407716
0.133333333333 3.14159265359 0.424921132512
0.133333333333 3.35103216383 0.158876775175
0.133333333333 3.56047167407 0.403030910466
0.133333333333 3.76991118431 0.4514898563
0.133333333333 3.97935069455 0.263701866855
0.133333333333 4.18879020479 0.0507582511174
0.133333333333 4.39822971503 0.0901647710047
0.133333333333 4.60766922527 0.710652472817
0.133333333333 4.8171087355 0.333843902553
0.133333333333 5.02654824574 0.46059184962
0.133333333333 5.23598775598 0.384747009914
0.133333333333 5.44542726622 1.02533418971
0.133333333333 5.65486677646 0.237982436932
0.133333333333 5.8643062867 0.633585726946
0.133333333333 6.07374579694 0.828616596569

0.2 0 0.124460172043
0.2 0.209439510239 0.117044376407
0.2 0.418879020479 0.274917431794
0.2 0.628318530718 0.497020702159
0.2 0.837758040957 0.405791320725
0.2 1.0471975512 0.141457122628
0.2 1.25663706144 0.259355957541
0.2 1.46607657168 1.81748023607
0.2 1.67551608191 1.9132340829
0.2 1.88495559215 0.157116500117
0.2 2.09439510239 0.136360186664
0.2 2.30383461263 0.0426231283878
0.2 2.51327412287 0.357779019456
0.2 2.72271363311 0.387076466857
0.2 2.93215314335 0.366626128608
0.2 3.14159265359 0.465933504369
0.2 3.35103216383 0.169603705939
0.2 3.56047167407 0.422439663498
0.2 3.76991118431 0.455614271495
0.2 3.97935069455 0.266285599678
0.2 4.18879020479 0.0752197882084
0.2 4.39822971503 0.0895432011655
0.2 4.60766922527 0.740625574892
0.2 4.8171087355 0.289465750786
0.2 5.02654824574 0.457365825373
0.2 5.23598775598 0.380158069769
0.2 5.44542726622 1.0418525905
0.2 5.65486677646 0.237175770689
0.2 5.8643062867 0.616765498306
0.2 6.07374579694 0.882367068419

0.266666666667 0 0.161600512019
0.266666666667 0.209439510239 0.0751664032084
0.266666666667 0.418879020479 0.234467143691
0.266666666667 0.628318530718 0.451734079075
0.266666666667 0.837758040957 0.39367956239
0.266666666667 1.0471975512 0.159382186477
0.266666666667 1.25663706144 0.346262907986
0.266666666667 1.46607657168 1.78521372959
0.266666666667 1.67551608191 1.83334904835
0.266666666667 1.88495559215 0.16191416121
0.266666666667 2.09439510239 0.147586561495
0.266666666667 2.30383461263 0.0501999664985
0.266666666667 2.51327412287 0.375953975713
0.266666666667 2.72271363311 0.352718525908
0.266666666667 2.93215314335 0.350543739723
0.266666666667 3.14159265359 0.514812993018
0.266666666667 3.35103216383 0.182008695863
0.266666666667 3.56047167407 0.436300536749
0.266666666667 3.76991118431 0.484660778005
0.266666666667 3.97935069455 0.30897452167
0.266666666667 4.18879020479 0.111172654857
0.266666666667 4.39822971503 0.109366758196
0.266666666667 4.60766922527 0.773466524647
0.266666666667 4.8171087355 0.237753327006
0.266666666667 5.02654824574 0.451692924097
0.266666666667 5.23598775598 0.382389674902
0.266666666667 5.44542726622 1.05463001559
0.266666666667 5.65486677646 0.237393284782
0.266666666667 5.8643062867 0.589004886847
0.266666666667 6.07374579694 0.948308720263

0.333333333333 0 0.225409827137
0.333333333333 0.209439510239 0.0409155331875
0.333333333333 0.418879020479 0.190856944245
0.333333333333 0.628318530718 0.408785383204
0.333333333333 0.837758040957 0.389019658466
0.333333333333 1.0471975512 0.209510248858
0.333333333333 1.25663706144 0.455445667532
0.333333333333 1.46607657168 1.71017717515
0.333333333333 1.67551608191 1.74187794548
0.333333333333 1.88495559215 0.167508841631
0.333333333333 2.09439510239 0.161071859403
0.333333333333 2.30383461263 0.0629894303076
0.333333333333 2.51327412287 0.394424410612
0.333333333333 2.72271363311 0.310251168386
0.333333333333 2.93215314335 0.323092143591
0.333333333333 3.14159265359 0.559416782934
0.333333333333 3.35103216383 0.204364775337
0.333333333333 3.56047167407 0.437808776057
0.333333333333 3.76991118431 0.54192262545
0.333333333333 3.97935069455 0.389813184955
0.333333333333 4.18879020479 0.147992336822
0.333333333333 4.39822971503 0.158511877377
0.333333333333 4.60766922527 0.794853387805
0.333333333333 4.8171087355 0.185129748898
0.333333333333 5.02654824574 0.442142384329
0.333333333333 5.23598775598 0.390992143201
0.333333333333 5.44542726622 1.06375557513
0.333333333333 5.65486677646 0.240436761519
0.333333333333 5.8643062867 0.549356618629
0.333333333333 6.07374579694 1.02046869349

0.4 0 0.325438407754
0.4 0.209439510239 0.0260251055374
0.4 0.418879020479 0.144142579966
0.4 0.628318530718 0.36965338049
0.4 0.837758040957 0.401033797204
0.4 1.0471975512 0.301428178669
0.4 1.25663706144 0.554593461725
0.4 1.46607657168 1.58441337831
0.4 1.67551608191 1.65061964105
0.4 1.88495559215 0.173409182293
0.4 2.09439510239 0.177148075235
0.4 2.30383461263 0.0832348760185
0.4 2.51327412287 0.408898101394
0.4 2.72271363311 0.26201833947
0.4 2.93215314335 0.28990690381
0.4 3.14159265359 0.576774089178
0.4 3.35103216383 0.246452712928
0.4 3.56047167407 0.415835595056
0.4 3.76991118431 0.596521143295
0.4 3.97935069455 0.468774529666
0.4 4.18879020479 0.168312591605
0.4 4.39822971503 0.245529914613
0.4 4.60766922527 0.780402963773
0.4 4.8171087355 0.143877364101
0.4 5.02654824574 0.426372175158
0.4 5.23598775598 0.405454092304
0.4 5.44542726622 1.06930747905
0.4 5.65486677646 0.248654913232
0.4 5.8643062867 0.497578103895
0.4 6.07374579694 1.08812135913

0.466666666667 0 0.468890661999
0.466666666667 0.209439510239 0.0474590060445
0.466666666667 0.418879020479 0.0973080555992
0.466666666667 0.628318530718 0.328935300087
0.466666666667 0.837758040957 0.427211784336
0.466666666667 1.0471975512 0.414845564642
0.466666666667 1.25663706144 0.591392414907
0.466666666667 1.46607657168 1.44146880214
0.466666666667 1.67551608191 1.55796189559
0.466666666667 1.88495559215 0.181910330999
0.466666666667 2.09439510239 0.195540185147
0.466666666667 2.30383461263 0.114109458516
0.466666666667 2.51327412287 0.412643978196
0.466666666667 2.72271363311 0.212719869323
0.466666666667 2.93215314335 0.261979142923
0.466666666667 3.14159265359 0.536198065612
0.466666666667 3.35103216383 0.307361387258
0.466666666667 3.56047167407 0.363134832562
0.466666666667 3.76991118431 0.582546089729
0.466666666667 3.97935069455 0.474105612111
0.466666666667 4.18879020479 0.163245438329
0.466666666667 4.39822971503 0.367512017091
0.466666666667 4.60766922527 0.701517960881
0.466666666667 4.8171087355 0.131624893421
0.466666666667 5.02654824574 0.40129597232
0.466666666667 5.23598775598 0.424908200408
0.466666666667 5.44542726622 1.07134487759
0.466666666667 5.65486677646 0.265056113087
0.466666666667 5.8643062867 0.434850756662
0.466666666667 6.07374579694 1.13467753775

0.533333333333 0 0.655242869325
0.533333333333 0.209439510239 0.126517552741
0.533333333333 0.418879020479 0.0634734892239
0.533333333333 0.628318530718 0.274616363617
0.533333333333 0.837758040957 0.439126605189
0.533333333333 1.0471975512 0.485542333819
0.533333333333 1.25663706144 0.534309190417
0.533333333333 1.46607657168 1.36241507478
0.533333333333 1.67551608191 1.42969998313
0.533333333333 1.88495559215 0.201635734039
0.533333333333 2.09439510239 0.214995517384
0.533333333333 2.30383461263 0.159708210062
0.533333333333 2.51327412287 0.396380839666
0.533333333333 2.72271363311 0.168981313495
0.533333333333 2.93215314335 0.252342320056
0.533333333333 3.14159265359 0.419487480202
0.533333333333 3.35103216383 0.353502448424
0.533333333333 3.56047167407 0.288194385732
0.533333333333 3.76991118431 0.446671133914
0.533333333333 3.97935069455 0.356679388696
0.533333333333 4.18879020479 0.152658827433
0.533333333333 4.39822971503 0.491317200042
0.533333333333 4.60766922527 0.544172747715
0.533333333333 4.8171087355 0.166268567105
0.533333333333 5.02654824574 0.363695090505
0.533333333333 5.23598775598 0.447737685404
0.533333333333 5.44542726622 1.06988021654
0.533333333333 5.65486677646 0.293489896348
0.533333333333 5.8643062867 0.364666436721
0.533333333333 6.07374579694 1.13799187529

0.6 0 0.865978787517
0.6 0.209439510239 0.285179448145
0.6 0.418879020479 0.0743381939211
0.6 0.628318530718 0.202237739496
0.6 0.837758040957 0.386853139625
0.6 1.0471975512 0.437889022591
0.6 1.25663706144 0.444926674995
0.6 1.46607657168 1.40386259511
0.6 1.67551608191 1.19779270054
0.6 1.88495559215 0.250075837811
0.6 2.09439510239 0.233277767453
0.6 2.30383461263 0.224230067492
0.6 2.51327412287 0.349953332692
0.6 2.72271363311 0.136522195708
0.6 2.93215314335 0.263624711113
0.6 3.14159265359 0.261312283979
0.6 3.35103216383 0.315969366002
0.6 3.56047167407 0.208968988718
0.6 3.76991118431 0.227029608241
0.6 3.97935069455 0.169262314857
0.6 4.18879020479 0.178118323584
0.6 4.39822971503 0.544489110453
0.6 4.60766922527 0.33959827074
0.6 4.8171087355 0.253815574532
0.6 5.02654824574 0.311618251483
0.6 5.23598775598 0.471110632779
0.6 5.44542726622 1.06479696344
0.6 5.65486677646 0.338910287943
0.6 5.8643062867 0.293820445564
0.6 6.07374579694 1.07402673156

0.666666666667 0 1.04892638261
0.666666666667 0.209439510239 0.534866939186
0.666666666667 0.418879020479 0.184998934748
0.666666666667 0.628318530718 0.152689228785
0.666666666667 0.837758040957 0.264054872822
0.666666666667 1.0471975512 0.299986085725
0.666666666667 1.25663706144 0.483376333926
0.666666666667 1.46607657168 1.44524111753
0.666666666667 1.67551608191 0.829556247163
0.666666666667 1.88495559215 0.34619037169
0.666666666667 2.09439510239 0.248408116968
0.666666666667 2.30383461263 0.30861779903
0.666666666667 2.51327412287 0.268504802626
0.666666666667 2.72271363311 0.114376834476
0.666666666667 2.93215314335 0.26909102824
0.666666666667 3.14159265359 0.165823786284
0.666666666667 3.35103216383 0.169991723477
0.666666666667 3.56047167407 0.125628737877
0.666666666667 3.76991118431 0.0564357657926
0.666666666667 3.97935069455 0.0572815546733
0.666666666667 4.18879020479 0.241367801255
0.666666666667 4.39822971503 0.458202655026
0.666666666667 4.60766922527 0.182373131915
0.666666666667 4.8171087355 0.371087406087
0.666666666667 5.02654824574 0.246744631062
0.666666666667 5.23598775598 0.490565532512
0.666666666667 5.44542726622 1.05562738487
0.666666666667 5.65486677646 0.407659728777
0.666666666667 5.8643062867 0.233603135696
0.666666666667 6.07374579694 0.926216727044

0.733333333333 0 1.10787215394
0.733333333333 0.209439510239 0.837358860678
0.733333333333 0.418879020479 0.455949051549
0.733333333333 0.628318530718 0.25619036934
0.733333333333 0.837758040957 0.234017616202
0.733333333333 1.0471975512 0.306947897104
0.733333333333 1.25663706144 0.705563476349
0.733333333333 1.46607657168 1.19062685048
0.733333333333 1.67551608191 0.469931242064
0.733333333333 1.88495559215 0.479204906908
0.733333333333 2.09439510239 0.262138627536
0.733333333333 2.30383461263 0.400768593787
0.733333333333 2.51327412287 0.166239628744
0.733333333333 2.72271363311 0.0934267827502
0.733333333333 2.93215314335 0.218367245353
0.733333333333 3.14159265359 0.19333480679
0.733333333333 3.35103216383 0.0528832885189
0.733333333333 3.56047167407 0.0516661940034
0.733333333333 3.76991118431 0.0279920012226
0.733333333333 3.97935069455 0.0909184585127
0.733333333333 4.18879020479 0.264329943623
0.733333333333 4.39822971503 0.27759408356
0.733333333333 4.60766922527 0.181998179698
0.733333333333 4.8171087355 0.456692372588
0.733333333333 5.02654824574 0.177082723071
0.733333333333 5.23598775598 0.500006021623
0.733333333333 5.44542726622 1.0409870229
0.733333333333 5.65486677646 0.507397191514
0.733333333333 5.8643062867 0.201977135524
0.733333333333 6.07374579694 0.701574343991

0.8 0 0.938056876921
0.8 0.209439510239 1.01951177845
0.8 0.418879020479 0.82621754049
0.8 0.628318530718 0.621811843521
0.8 0.837758040957 0.535134739103
0.8 1.0471975512 0.6083408198
0.8 1.25663706144 0.791852686473
0.8 1.46607657168 0.632784330615
0.8 1.67551608191 0.41576885223
0.8 1.88495559215 0.567884409259
0.8 2.09439510239 0.282908155102
0.8 2.30383461263 0.456792540273
0.8 2.51327412287 0.0892847345347
0.8 2.72271363311 0.0831008141879
0.8 2.93215314335 0.130053921067
0.8 3.14159265359 0.183686853454
0.8 3.35103216383 0.0819457846207
0.8 3.56047167407 0.0640934572895
0.8 3.76991118431 0.0982710118215
0.8 3.97935069455 0.161525586123
0.8 4.18879020479 0.210169254731
0.8 4.39822971503 0.192717016468
0.8 4.60766922527 0.327053477381
0.8 4.8171087355 0.436892456556
0.8 5.02654824574 0.117470952656
0.8 5.23598775598 0.492975608927
0.8 5.44542726622 1.01712329053
0.8 5.65486677646 0.645152289536
0.8 5.8643062867 0.229204620688
0.8 6.07374579694 0.450364340626

0.866666666667 0 0.568836976893
0.866666666667 0.209439510239 0.810640374707
0.866666666667 0.418879020479 0.874586553479
0.866666666667 0.628318530718 0.831479838065
0.866666666667 0.837758040957 0.750646946231
0.866666666667 1.0471975512 0.642563319168
0.866666666667 1.25663706144 0.47826369767
0.866666666667 1.46607657168 0.407408099608
0.866666666667 1.67551608191 0.640833196087
0.866666666667 1.88495559215 0.517298331613
0.866666666667 2.09439510239 0.315389217111
0.866666666667 2.30383461263 0.403167240802
0.866666666667 2.51327412287 0.076804393606
0.866666666667 2.72271363311 0.138083042152
0.866666666667 2.93215314335 0.206281256416
0.866666666667 3.14159265359 0.0989507804751
0.866666666667 3.35103216383 0.0301590452871
0.866666666667 3.56047167407 0.0380113880789
0.866666666667 3.76991118431 0.0849596251788
0.866666666667 3.97935069455 0.13034993961
0.866666666667 4.18879020479 0.177322007832
0.866666666667 4.39822971503 0.285166413515
0.866666666667 4.60766922527 0.421282864282
0.866666666667 4.8171087355 0.296882071036
0.866666666667 5.02654824574 0.0834498643965
0.866666666667 5.23598775598 0.467231879505
0.866666666667 5.44542726622 0.973843296949
0.866666666667 5.65486677646 0.817703068262
0.866666666667 5.8643062867 0.369923114804
0.866666666667 6.07374579694 0.285277091918

0.933333333333 0 0.362992716619
0.933333333333 0.209439510239 0.427505582958
0.933333333333 0.418879020479 0.486951623389
0.933333333333 0.628318530718 0.498888256836
0.933333333333 0.837758040957 0.481737259591
0.933333333333 1.0471975512 0.482578856514
0.933333333333 1.25663706144 0.553311622467
0.933333333333 1.46607657168 0.657657728676
0.933333333333 1.67551608191 0.616498317444
0.933333333333 1.88495559215 0.426433547674
0.933333333333 2.09439510239 0.34832273871
0.933333333333 2.30383461263 0.255381811551
0.933333333333 2.51327412287 0.0634918248951
0.933333333333 2.72271363311 0.150338687699
0.933333333333 2.93215314335 0.401391916262
0.933333333333 3.14159265359 0.450599489545
0.933333333333 3.35103216383 0.333794653376
0.933333333333 3.56047167407 0.232078020822
0.933333333333 3.76991118431 0.213525165772
0.933333333333 3.97935069455 0.264769262645
0.933333333333 4.18879020479 0.347815193705
0.933333333333 4.39822971503 0.392393706959
0.933333333333 4.60766922527 0.304178160428
0.933333333333 4.8171087355 0.111208550997
0.933333333333 5.02654824574 0.0875604803217
0.933333333333 5.23598775598 0.437228275542
0.933333333333 5.44542726622 0.87979044734
0.933333333333 5.65486677646 0.96809016685
0.933333333333 5.8643062867 0.695948008377
0.933333333333 6.07374579694 0.424795752599

