-1 0 0.373050040841
-1 0.209439510239 0.37305004084
-1 0.418879020479 0.373050040839
-1 0.628318530718 0.373050040839
-1 0.837758040957 0.37305004084
-1 1.0471975512 0.373050040841
-1 1.25663706144 0.373050040842
-1 1.46607657168 0.373050040842
-1 1.67551608191 0.373050040841
-1 1.88495559215 0.37305004084
-1 2.09439510239 0.373050040839
-1 2.30383461263 0.37305004084
-1 2.51327412287 0.373050040841
-1 2.72271363311 0.373050040842
-1 2.93215314335 0.373050040842
-1 3.14159265359 0.373050040841
-1 3.35103216383 0.37305004084
-1 3.56047167407 0.373050040839
-1 3.76991118431 0.373050040839
-1 3.97935069455 0.37305004084
-1 4.18879020479 0.373050040841
-1 4.39822971503 0.373050040842
-1 4.60766922527 0.373050040842
-1 4.8171087355 0.373050040841
-1 5.02654824574 0.37305004084
-1 5.23598775598 0.373050040839
-1 5.44542726622 0.37305004084
-1 5.65486677646 0.373050040841
-1 5.8643062867 0.373050040842
-1 6.07374579694 0.373050040842

-0.933333333333 0 0.472335125335
-0.933333333333 0.209439510239 0.344921709077
-0.933333333333 0.418879020479 0.28469044182
-0.933333333333 0.628318530718 0.287299530135
-0.933333333333 0.837758040957 0.328175434946
-0.933333333333 1.0471975512 0.379223849938
-0.933333333333 1.25663706144 0.389592001014
-0.933333333333 1.46607657168 0.327104437443
-0.933333333333 1.67551608191 0.271787736528
-0.933333333333 1.88495559215 0.356985739962
-0.933333333333 2.09439510239 0.509432921666
-0.933333333333 2.30383461263 0.549241461103
-0.933333333333 2.51327412287 0.592619929156
-0.933333333333 2.72271363311 0.69976210495
-0.933333333333 2.93215314335 0.618090998966
-0.933333333333 3.14159265359 0.380557173369
-0.933333333333 3.35103216383 0.237838086569
-0.933333333333 3.56047167407 0.215369143643
-0.933333333333 3.76991118431 0.218608312661
-0.933333333333 3.97935069455 0.20969764614
-0.933333333333 4.18879020479 0.199158409043
-0.933333333333 4.39822971503 0.210867084094
-0.933333333333 4.60766922527 0.278743535371
-0.933333333333 4.8171087355 0.426045223124
-0.933333333333 5.02654824574 0.591110513303
-0.933333333333 5.23598775598 0.662922256834
-0.933333333333 5.44542726622 0.64173223152
-0.933333333333 5.65486677646 0.592113465853
-0.933333333333 5.8643062867 0.583875528279
-0.933333333333 6.07374579694 0.576290541866

-0.866666666667 0 0.0874935233979
-0.866666666667 0.209439510239 0.091997937878
-0.866666666667 0.418879020479 0.160458030531
-0.866666666667 0.628318530718 0.153436576765
-0.866666666667 0.837758040957 0.11252819854
-0.866666666667 1.0471975512 0.10865852749
-0.866666666667 1.25663706144 0.20111099012
-0.866666666667 1.46607657168 0.291073454447
-0.866666666667 1.67551608191 0.25020215572
-0.866666666667 1.88495559215 0.298343048916
-0.866666666667 2.09439510239 0.651127697216
-0.866666666667 2.30383461263 0.74089991724
-0.866666666667 2.51327412287 0.49907904004
-0.866666666667 2.72271363311 0.42703473336
-0.866666666667 2.93215314335 0.239257923316
-0.866666666667 3.14159265359 0.263250575294
-0.866666666667 3.35103216383 0.445906263272
-0.866666666667 3.56047167407 0.448038006642
-0.866666666667 3.76991118431 0.374848482066
-0.866666666667 3.97935069455 0.335070239733
-0.866666666667 4.18879020479 0.315735321177
-0.866666666667 4.39822971503 0.302599012554
-0.866666666667 4.60766922527 0.288140175868
-0.866666666667 4.8171087355 0.24277207752
-0.866666666667 5.02654824574 0.254848793122
-0.866666666667 5.23598775598 0.393011973492
-0.866666666667 5.44542726622 0.676413551021
-0.866666666667 5.65486677646 0.807169509302
-0.866666666667 5.8643062867 0.773382674697
-0.866666666667 6.07374579694 0.469393193372

-0.8 0 0.210553715428
-0.8 0.209439510239 0.517828732475
-0.8 0.418879020479 0.555591510223
-0.8 0.628318530718 0.558076306322
-0.8 0.837758040957 0.433086076047
-0.8 1.0471975512 0.219430013218
-0.8 1.25663706144 0.130918331747
-0.8 1.46607657168 0.214337922572
-0.8 1.67551608191 0.197778566137
-0.8 1.88495559215 0.200974994482
-0.8 2.09439510239 0.643056882403
-0.8 2.30383461263 0.872426678033
-0.8 2.51327412287 0.393773699646
-0.8 2.72271363311 0.250745598815
-0.8 2.93215314335 0.176602497458
-0.8 3.14159265359 0.565689618957
-0.8 3.35103216383 0.655897505617
-0.8 3.56047167407 0.477579566674
-0.8 3.76991118431 0.41865352846
-0.8 3.97935069455 0.424855252703
-0.8 4.18879020479 0.435008549627
-0.8 4.39822971503 0.43488166191
-0.8 4.60766922527 0.426498010679
-0.8 4.8171087355 0.312337027524
-0.8 5.02654824574 0.202460652269
-0.8 5.23598775598 0.309236880369
-0.8 5.44542726622 0.673159171162
-0.8 5.65486677646 0.908912933511
-0.8 5.8643062867 0.710508051082
-0.8 6.07374579694 0.173617136257

-0.733333333333 0 0.522373492033
-0.733333333333 0.209439510239 0.566815535716
-0.733333333333 0.418879020479 0.590467343516
-0.733333333333 0.628318530718 0.668725033813
-0.733333333333 0.837758040957 0.586939498915
-0.733333333333 1.0471975512 0.35344139795
-0.733333333333 1.25663706144 0.135375919036
-0.733333333333 1.46607657168 0.198870177228
-0.733333333333 1.67551608191 0.196413067556
-0.733333333333 1.88495559215 0.127940981052
-0.733333333333 2.09439510239 0.583604154514
-0.733333333333 2.30383461263 0.951701878272
-0.733333333333 2.51327412287 0.306239704237
-0.733333333333 2.72271363311 0.15405231201
-0.733333333333 2.93215314335 0.296031282138
-0.733333333333 3.14159265359 0.871088866552
-0.733333333333 3.35103216383 0.636217891286
-0.733333333333 3.56047167407 0.415543895551
-0.733333333333 3.76991118431 0.370899744986
-0.733333333333 3.97935069455 0.318887305192
-0.733333333333 4.18879020479 0.28953924491
-0.733333333333 4.39822971503 0.333663486236
-0.733333333333 4.60766922527 0.460562637037
-0.733333333333 4.8171087355 0.422738931111
-0.733333333333 5.02654824574 0.163153069596
-0.733333333333 5.23598775598 0.316814841766
-0.733333333333 5.44542726622 0.679591271232
-0.733333333333 5.65486677646 0.955797779434
-0.733333333333 5.8643062867 0.536712485134
-0.733333333333 6.07374579694 0.114667057688

-0.666666666667 0 0.479691789753
-0.666666666667 0.209439510239 0.338281772515
-0.666666666667 0.418879020479 0.446327621346
-0.666666666667 0.628318530718 0.49513908481
-0.666666666667 0.837758040957 0.527346570453
-0.666666666667 1.0471975512 0.440722885851
-0.666666666667 1.25663706144 0.166423690136
-0.666666666667 1.46607657168 0.167680231905
-0.666666666667 1.67551608191 0.24165848711
-0.666666666667 1.88495559215 0.0870236551806
-0.666666666667 2.09439510239 0.523282344734
-0.666666666667 2.30383461263 0.992518644416
-0.666666666667 2.51327412287 0.238165161806
-0.666666666667 2.72271363311 0.104440245447
-0.666666666667 2.93215314335 0.526739328721
-0.666666666667 3.14159265359 1.00366409852
-0.666666666667 3.35103216383 0.484173398974
-0.666666666667 3.56047167407 0.345453332696
-0.666666666667 3.76991118431 0.292230789871
-0.666666666667 3.97935069455 0.243383946215
-0.666666666667 4.18879020479 0.190072473909
-0.666666666667 4.39822971503 0.135249879888
-0.666666666667 4.60766922527 0.295725502934
-0.666666666667 4.8171087355 0.494921741527
-0.666666666667 5.02654824574 0.137237309966
-0.666666666667 5.23598775598 0.315996318751
-0.666666666667 5.44542726622 0.683090576799
-0.666666666667 5.65486677646 0.965630532936
-0.666666666667 5.8643062867 0.38488933917
-0.666666666667 6.07374579694 0.197935323144

-0.6 0 0.272193136818
-0.6 0.209439510239 0.270487724388
-0.6 0.418879020479 0.322076818676
-0.6 0.628318530718 0.308991734002
-0.6 0.837758040957 0.453093492759
-0.6 1.0471975512 0.534079749153
-0.6 1.25663706144 0.270634220348
-0.6 1.46607657168 0.133519691874
-0.6 1.67551608191 0.290119424375
-0.6 1.88495559215 0.0750111105357
-0.6 2.09439510239 0.479343846407
-0.6 2.30383461263 1.0073921513
-0.6 2.51327412287 0.186665202188
-0.6 2.72271363311 0.0869298228625
-0.6 2.93215314335 0.792166454568
-0.6 3.14159265359 0.939861850321
-0.6 3.35103216383 0.343460356221
-0.6 3.56047167407 0.289010134354
-0.6 3.76991118431 0.239433512273
-0.6 3.97935069455 0.310586497376
-0.6 4.18879020479 0.372028829806
-0.6 4.39822971503 0.19535014335
-0.6 4.60766922527 0.135183286154
-0.6 4.8171087355 0.48015811054
-0.6 5.02654824574 0.145088593672
-0.6 5.23598775598 0.295174361485
-0.6 5.44542726622 0.677544559344
-0.6 5.65486677646 0.951446479432
-0.6 5.8643062867 0.293713598654
-0.6 6.07374579694 0.251368381002

-0.533333333333 0 0.166368415269
-0.533333333333 0.209439510239 0.361371451176
-0.533333333333 0.418879020479 0.257963812938
-0.533333333333 0.628318530718 0.240774038853
-0.533333333333 0.837758040957 0.417885756053
-0.533333333333 1.0471975512 0.595689951816
-0.533333333333 1.25663706144 0.411988095454
-0.533333333333 1.46607657168 0.130954990681
-0.533333333333 1.67551608191 0.318807498084
-0.533333333333 1.88495559215 0.0840182494174
-0.533333333333 2.09439510239 0.453286674147
-0.533333333333 2.30383461263 1.00600858453
-0.533333333333 2.51327412287 0.148725929286
-0.533333333333 2.72271363311 0.0942245143244
-0.533333333333 2.93215314335 1.02442428344
-0.533333333333 3.14159265359 0.760912032875
-0.533333333333 3.35103216383 0.266406550224
-0.533333333333 3.56047167407 0.218251868306
-0.533333333333 3.76991118431 0.190042202376
-0.533333333333 3.97935069455 0.3704577724
-0.533333333333 4.18879020479 0.606238130667
-0.533333333333 4.39822971503 0.470315345581
-0.533333333333 4.60766922527 0.123599356988
-0.533333333333 4.8171087355 0.411585348928
-0.533333333333 5.02654824574 0.173557513143
-0.533333333333 5.23598775598 0.266321837561
-0.533333333333 5.44542726622 0.666950226851
-0.533333333333 5.65486677646 0.923597570082
-0.533333333333 5.8643062867 0.251526934854
-0.533333333333 6.07374579694 0.240354935342

-0.466666666667 0 0.20524318812
-0.466666666667 0.209439510239 0.45963530062
-0.466666666667 0.418879020479 0.242038478372
-0.466666666667 0.628318530718 0.250589335429
-0.466666666667 0.837758040957 0.381459928445
-0.466666666667 1.0471975512 0.584431399773
-0.466666666667 1.25663706144 0.523355320644
-0.466666666667 1.46607657168 0.161688578218
-0.466666666667 1.67551608191 0.32788209894
-0.466666666667 1.88495559215 0.104887581019
-0.466666666667 2.09439510239 0.441044100973
-0.466666666667 2.30383461263 0.995281097416
-0.466666666667 2.51327412287 0.121796636539
-0.466666666667 2.72271363311 0.120217899302
-0.466666666667 2.93215314335 1.18686902814
-0.466666666667 3.14159265359 0.560658446804
-0.466666666667 3.35103216383 0.229845307118
-0.466666666667 3.56047167407 0.136499976293
-0.466666666667 3.76991118431 0.158163187337
-0.466666666667 3.97935069455 0.347527194654
-0.466666666667 4.18879020479 0.675803526177
-0.466666666667 4.39822971503 0.730567368442
-0.466666666667 4.60766922527 0.237290388173
-0.466666666667 4.8171087355 0.334969589416
-0.466666666667 5.02654824574 0.20585257226
-0.466666666667 5.23598775598 0.238146517425
-0.466666666667 5.44542726622 0.65643964521
-0.466666666667 5.65486677646 0.888670150502
-0.466666666667 5.8643062867 0.240229188581
-0.466666666667 6.07374579694 0.197257086118

-0.4 0 0.318592742615
-0.4 0.209439510239 0.497653889331
-0.4 0.418879020479 0.246870007501
-0.4 0.628318530718 0.263029513376
-0.4 0.837758040957 0.320928921299
-0.4 1.0471975512 0.509680317192
-0.4 1.25663706144 0.572476874444
-0.4 1.46607657168 0.206451322544
-0.4 1.67551608191 0.325653640606
-0.4 1.88495559215 0.129775980359
-0.4 2.09439510239 0.437744751358
-0.4 2.30383461263 0.97986536701
-0.4 2.51327412287 0.103700678953
-0.4 2.72271363311 0.158507498558
-0.4 2.93215314335 1.27398820721
-0.4 3.14159265359 0.394867001368
-0.4 3.35103216383 0.202088940426
-0.4 3.56047167407 0.0760472950127
-0.4 3.76991118431 0.177693317119
-0.4 3.97935069455 0.28315683181
-0.4 4.18879020479 0.574878354548
-0.4 4.39822971503 0.851409021441
-0.4 4.60766922527 0.397638742575
-0.4 4.8171087355 0.273654445077
-0.4 5.02654824574 0.233003870954
-0.4 5.23598775598 0.214101513185
-0.4 5.44542726622 0.649033305673
-0.4 5.65486677646 0.850837144799
-0.4 5.8643062867 0.246748995123
-0.4 6.07374579694 0.152859198558

-0.333333333333 0 0.439282519248
-0.333333333333 0.209439510239 0.484394200556
-0.333333333333 0.418879020479 0.249725306989
-0.333333333333 0.628318530718 0.244981660263
-0.333333333333 0.837758040957 0.248771563219
-0.333333333333 1.0471975512 0.409404048712
-0.333333333333 1.25663706144 0.566263920168
-0.333333333333 1.46607657168 0.246857811216
-0.333333333333 1.67551608191 0.319220004418
-0.333333333333 1.88495559215 0.153296254728
-0.333333333333 2.09439510239 0.439477318806
-0.333333333333 2.30383461263 0.962729166824
-0.333333333333 2.51327412287 0.092543190278
-0.333333333333 2.72271363311 0.202904988042
-0.333333333333 2.93215314335 1.29938060546
-0.333333333333 3.14159265359 0.279656907855
-0.333333333333 3.35103216383 0.170232854627
-0.333333333333 3.56047167407 0.0592019063325
-0.333333333333 3.76991118431 0.255070950124
-0.333333333333 3.97935069455 0.235269781398
-0.333333333333 4.18879020479 0.403229523202
-0.333333333333 4.39822971503 0.841167593887
-0.333333333333 4.60766922527 0.547024221858
-0.333333333333 4.8171087355 0.232502008347
-0.333333333333 5.02654824574 0.252415866434
-0.333333333333 5.23598775598 0.194847532497
-0.333333333333 5.44542726622 0.645703483982
-0.333333333333 5.65486677646 0.813006663793
-0.333333333333 5.8643062867 0.262610574594
-0.333333333333 6.07374579694 0.120834215422

-0.266666666667 0 0.535582379158
-0.266666666667 0.209439510239 0.448076709161
-0.266666666667 0.418879020479 0.241583266085
-0.266666666667 0.628318530718 0.202820761104
-0.266666666667 0.837758040957 0.186039892812
-0.266666666667 1.0471975512 0.317753997576
-0.266666666667 1.25663706144 0.528321000444
-0.266666666667 1.46607657168 0.27402961795
-0.266666666667 1.67551608191 0.312241607442
-0.266666666667 1.88495559215 0.17248656844
-0.266666666667 2.09439510239 0.443655142682
-0.266666666667 2.30383461263 0.945639970891
-0.266666666667 2.51327412287 0.0867008421342
-0.266666666667 2.72271363311 0.248144218845
-0.266666666667 2.93215314335 1.28356167097
-0.266666666667 3.14159265359 0.208756143337
-0.266666666667 3.35103216383 0.135892167887
-0.266666666667 3.56047167407 0.08378365401
-0.266666666667 3.76991118431 0.366570961013
-0.266666666667 3.97935069455 0.225300119921
-0.266666666667 4.18879020479 0.248609625059
-0.266666666667 4.39822971503 0.759184801555
-0.266666666667 4.60766922527 0.660524232838
-0.266666666667 4.8171087355 0.208062525176
-0.266666666667 5.02654824574 0.264609186923
-0.266666666667 5.23598775598 0.180018236497
-0.266666666667 5.44542726622 0.646152908589
-0.266666666667 5.65486677646 0.777326405606
-0.266666666667 5.8643062867 0.282208894501
-0.266666666667 6.07374579694 0.103094879243

-0.2 0 0.602161524575
-0.2 0.209439510239 0.40895793175
-0.2 0.418879020479 0.224271011765
-0.2 0.628318530718 0.154816096832
-0.2 0.837758040957 0.14339978006
-0.2 1.0471975512 0.251644477044
-0.2 1.25663706144 0.481064796141
-0.2 1.46607657168 0.287117462731
-0.2 1.67551608191 0.305847158937
-0.2 1.88495559215 0.186219900261
-0.2 2.09439510239 0.448843357616
-0.2 2.30383461263 0.929536196936
-0.2 2.51327412287 0.0848630615571
-0.2 2.72271363311 0.290210942256
-0.2 2.93215314335 1.24612644441
-0.2 3.14159265359 0.168835525203
-0.2 3.35103216383 0.104718092346
-0.2 3.56047167407 0.132280912569
-0.2 3.76991118431 0.479110647173
-0.2 3.97935069455 0.243330740871
-0.2 4.18879020479 0.149574023017
-0.2 4.39822971503 0.658484595748
-0.2 4.60766922527 0.734407847503
-0.2 4.8171087355 0.1946003411
-0.2 5.02654824574 0.271129532085
-0.2 5.23598775598 0.169039481003
-0.2 5.44542726622 0.649458313651
-0.2 5.65486677646 0.745369586942
-0.2 5.8643062867 0.301762933866
-0.2 6.07374579694 0.0966376736953

-0.133333333333 0 0.645387359845
-0.133333333333 0.209439510239 0.376278192705
-0.133333333333 0.418879020479 0.203480318686
-0.133333333333 0.628318530718 0.114069776078
-0.133333333333 0.837758040957 0.119963412786
-0.133333333333 1.0471975512 0.213136796215
-0.133333333333 1.25663706144 0.438995257025
-0.133333333333 1.46607657168 0.289040124024
-0.133333333333 1.67551608191 0.299973261096
-0.133333333333 1.88495559215 0.194523971382
-0.133333333333 2.09439510239 0.454458925004
-0.133333333333 2.30383461263 0.914789863561
-0.133333333333 2.51327412287 0.086090731099
-0.133333333333 2.72271363311 0.32629812557
-0.133333333333 2.93215314335 1.20225163748
-0.133333333333 3.14159265359 0.147617898787
-0.133333333333 3.35103216383 0.0805526972083
-0.133333333333 3.56047167407 0.185098260887
-0.133333333333 3.76991118431 0.567614026796
-0.133333333333 3.97935069455 0.271132619172
-0.133333333333 4.18879020479 0.107911075015
-0.133333333333 4.39822971503 0.569929708214
-0.133333333333 4.60766922527 0.774286489044
-0.133333333333 4.8171087355 0.18672949368
-0.133333333333 5.02654824574 0.273573569234
-0.133333333333 5.23598775598 0.16143332962
-0.133333333333 5.44542726622 0.654461153254
-0.133333333333 5.65486677646 0.718237677706
-0.133333333333 5.8643062867 0.318759332385
-0.133333333333 6.07374579694 0.0974668935068

-0.0666666666667 0 0.674076170743
-0.0666666666667 0.209439510239 0.352678177816
-0.0666666666667 0.418879020479 0.184059857259
-0.0666666666667 0.628318530718 0.0854918408465
-0.0666666666667 0.837758040957 0.109655129331
-0.0666666666667 1.0471975512 0.196943948387
-0.0666666666667 1.25663706144 0.408949811203
-0.0666666666667 1.46607657168 0.283189214228
-0.0666666666667 1.67551608191 0.294225573707
-0.0666666666667 1.88495559215 0.198042869047
-0.0666666666667 2.09439510239 0.460509220198
-0.0666666666667 2.30383461263 0.901380903411
-0.0666666666667 2.51327412287 0.0898765428668
-0.0666666666667 2.72271363311 0.354558061171
-0.0666666666667 2.93215314335 1.16198709164
-0.0666666666667 3.14159265359 0.1365240241
-0.0666666666667 3.35103216383 0.0643522984938
-0.0666666666667 3.56047167407 0.228081434413
-0.0666666666667 3.76991118431 0.621237427294
-0.0666666666667 3.97935069455 0.298072204364
-0.0666666666667 4.18879020479 0.110741648781
-0.0666666666667 4.39822971503 0.50591908622
-0.0666666666667 4.60766922527 0.787995117339
-0.0666666666667 4.8171087355 0.180451514313
-0.0666666666667 5.02654824574 0.273241219148
-0.0666666666667 5.23598775598 0.156901877248
-0.0666666666667 5.44542726622 0.659966917105
-0.0666666666667 5.65486677646 0.69665925066
-0.0666666666667 5.8643062867 0.331603216042
-0.0666666666667 6.07374579694 0.102156325873

6.12323399574e-17 0 0.695532700619
6.12323399574e-17 0.209439510239 0.338381108923
6.12323399574e-17 0.418879020479 0.168648983555
6.12323399574e-17 0.628318530718 0.0689700801834
6.12323399574e-17 0.837758040957 0.106584865631
6.12323399574e-17 1.0471975512 0.196411703601
6.12323399574e-17 1.25663706144 0.392591142695
6.12323399574e-17 1.46607657168 0.271800601956
6.12323399574e-17 1.67551608191 0.288232730701
6.12323399574e-17 1.88495559215 0.197700699487
6.12323399574e-17 2.09439510239 0.467418991307
6.12323399574e-17 2.30383461263 0.889005439552
6.12323399574e-17 2.51327412287 0.0962026144801
6.12323399574e-17 2.72271363311 0.373816374989
6.12323399574e-17 2.93215314335 1.13080269101
6.12323399574e-17 3.14159265359 0.130675697824
6.12323399574e-17 3.35103216383 0.0552319625007
6.12323399574e-17 3.56047167407 0.254080524275
6.12323399574e-17 3.76991118431 0.641482586281
6.12323399574e-17 3.97935069455 0.324920624642
6.12323399574e-17 4.18879020479 0.144556106653
6.12323399574e-17 4.39822971503 0.467789878563
6.12323399574e-17 4.60766922527 0.782249940481
6.12323399574e-17 4.8171087355 0.17352313322
6.12323399574e-17 5.02654824574 0.271071321052
6.12323399574e-17 5.23598775598 0.15532926594
6.12323399574e-17 5.44542726622 0.664831853552
6.12323399574e-17 5.65486677646 0.681094105023
6.12323399574e-17 5.8643062867 0.339359134441
6.12323399574e-17 6.07374579694 0.10819596873

0.0666666666667 0 0.714438861703
0.0666666666667 0.209439510239 0.333619416186
0.0666666666667 0.418879020479 0.158116956955
0.0666666666667 0.628318530718 0.0629512741427
0.0666666666667 0.837758040957 0.107344321178
0.0666666666667 1.0471975512 0.206366186642
0.0666666666667 1.25663706144 0.388520391749
0.0666666666667 1.46607657168 0.255566823084
0.0666666666667 1.67551608191 0.281689824544
0.0666666666667 1.88495559215 0.194543330369
0.0666666666667 2.09439510239 0.475940951756
0.0666666666667 2.30383461263 0.877140070208
0.0666666666667 2.51327412287 0.105596801942
0.0666666666667 2.72271363311 0.383365792237
0.0666666666667 2.93215314335 1.11035380873
0.0666666666667 3.14159265359 0.128157889636
0.0666666666667 3.35103216383 0.05177166718
0.0666666666667 3.56047167407 0.261429969051
0.0666666666667 3.76991118431 0.636989328764
0.0666666666667 3.97935069455 0.359638251659
0.0666666666667 4.18879020479 0.199412942634
0.0666666666667 4.39822971503 0.451264078305
0.0666666666667 4.60766922527 0.76153000239
0.0666666666667 4.8171087355 0.165531904074
0.0666666666667 5.02654824574 0.26768595838
0.0666666666667 5.23598775598 0.156754206766
0.0666666666667 5.44542726622 0.667994346849
0.0666666666667 5.65486677646 0.671831184436
0.0666666666667 5.8643062867 0.341555271593
0.0666666666667 6.07374579694 0.113872594467

0.133333333333 0 0.732777859716
0.133333333333 0.209439510239 0.339775570552
0.133333333333 0.418879020479 0.152379872056
0.133333333333 0.628318530718 0.0665320886365
0.133333333333 0.837758040957 0.111349610664
0.133333333333 1.0471975512 0.223706703262
0.133333333333 1.25663706144 0.393200445938
0.133333333333 1.46607657168 0.234065285061
0.133333333333 1.67551608191 0.274241795951
0.133333333333 1.88495559215 0.189709914377
0.133333333333 2.09439510239 0.487121791322
0.133333333333 2.30383461263 0.865082338242
0.133333333333 2.51327412287 0.119186689215
0.133333333333 2.72271363311 0.382919893336
0.133333333333 2.93215314335 1.09892442766
0.133333333333 3.14159265359 0.129434807859
0.133333333333 3.35103216383 0.0528844049181
0.133333333333 3.56047167407 0.251790264826
0.133333333333 3.76991118431 0.617922108076
0.133333333333 3.97935069455 0.409808137074
0.133333333333 4.18879020479 0.266858543157
0.133333333333 4.39822971503 0.449352721411
0.133333333333 4.60766922527 0.728217220127
0.133333333333 4.8171087355 0.157812145388
0.133333333333 5.02654824574 0.263473298828
0.133333333333 5.23598775598 0.161325439043
0.133333333333 5.44542726622 0.668489290995
0.133333333333 5.65486677646 0.669068438519
0.133333333333 5.8643062867 0.338049864404
0.133333333333 6.07374579694 0.118052102865

0.2 0 0.749886713719
0.2 0.209439510239 0.359837939447
0.2 0.418879020479 0.150990643325
0.2 0.628318530718 0.0800158247355
0.2 0.837758040957 0.120655549907
0.2 1.0471975512 0.247116546715
0.2 1.25663706144 0.400906558744
0.2 1.46607657168 0.206904263263
0.2 1.67551608191 0.265257419512
0.2 1.88495559215 0.184483794285
0.2 2.09439510239 0.502274074532
0.2 2.30383461263 0.851990610077
0.2 2.51327412287 0.138744635124
0.2 2.72271363311 0.3727815471
0.2 2.93215314335 1.09141224104
0.2 3.14159265359 0.137138162242
0.2 3.35103216383 0.0581441107215
0.2 3.56047167407 0.228525103129
0.2 3.76991118431 0.590806182889
0.2 3.97935069455 0.47428107348
0.2 4.18879020479 0.335281308608
0.2 4.39822971503 0.453904125971
0.2 4.60766922527 0.683515472183
0.2 4.8171087355 0.153185877681
0.2 5.02654824574 0.258693564975
0.2 5.23598775598 0.169236836664
0.2 5.44542726622 0.665469743388
0.2 5.65486677646 0.672964270578
0.2 5.8643062867 0.32896125546
0.2 6.07374579694 0.12001376863

0.266666666667 0 0.762325386548
0.266666666667 0.209439510239 0.398434237854
0.266666666667 0.418879020479 0.153532963188
0.266666666667 0.628318530718 0.104173743012
0.266666666667 0.837758040957 0.139812310189
0.266666666667 1.0471975512 0.27687554587
0.266666666667 1.25663706144 0.403613533959
0.266666666667 1.46607657168 0.175657846935
0.266666666667 1.67551608191 0.253493797865
0.266666666667 1.88495559215 0.180374610724
0.266666666667 2.09439510239 0.522875518355
0.266666666667 2.30383461263 0.836951371466
0.266666666667 2.51327412287 0.16670529134
0.266666666667 2.72271363311 0.354255697679
0.266666666667 2.93215314335 1.07913108286
0.266666666667 3.14159265359 0.155935454174
0.266666666667 3.35103216383 0.0676993935691
0.266666666667 3.56047167407 0.195772530645
0.266666666667 3.76991118431 0.554028198454
0.266666666667 3.97935069455 0.535851078014
0.266666666667 4.18879020479 0.3862996404
0.266666666667 4.39822971503 0.457493313959
0.266666666667 4.60766922527 0.628869088584
0.266666666667 4.8171087355 0.155398675452
0.266666666667 5.02654824574 0.253617104674
0.266666666667 5.23598775598 0.180634217752
0.266666666667 5.44542726622 0.658256041224
0.266666666667 5.65486677646 0.683650522327
0.266666666667 5.8643062867 0.314662634998
0.266666666667 6.07374579694 0.119387078105

0.333333333333 0 0.763583841311
0.333333333333 0.209439510239 0.461327746416
0.333333333333 0.418879020479 0.160312311329
0.333333333333 0.628318530718 0.138253494849
0.333333333333 0.837758040957 0.175000134723
0.333333333333 1.0471975512 0.314693616345
0.333333333333 1.25663706144 0.392251860685
0.333333333333 1.46607657168 0.146182744129
0.333333333333 1.67551608191 0.236741719231
0.333333333333 1.88495559215 0.17917211647
0.333333333333 2.09439510239 0.550270675187
0.333333333333 2.30383461263 0.819112281041
0.333333333333 2.51327412287 0.206119560011
0.333333333333 2.72271363311 0.330263692717
0.333333333333 2.93215314335 1.05031980497
0.333333333333 3.14159265359 0.19154821327
0.333333333333 3.35103216383 0.0823354938266
0.333333333333 3.56047167407 0.157974555367
0.333333333333 3.76991118431 0.495888670684
0.333333333333 3.97935069455 0.559422657988
0.333333333333 4.18879020479 0.397202856696
0.333333333333 4.39822971503 0.457126874775
0.333333333333 4.60766922527 0.56745786761
0.333333333333 4.8171087355 0.168066703763
0.333333333333 5.02654824574 0.248700630334
0.333333333333 5.23598775598 0.195491336206
0.333333333333 5.44542726622 0.646426030772
0.333333333333 5.65486677646 0.701190099801
0.333333333333 5.8643062867 0.295855252788
0.333333333333 6.07374579694 0.116200257022

0.4 0 0.743872157485
0.4 0.209439510239 0.553793732759
0.4 0.418879020479 0.174346126244
0.4 0.628318530718 0.177018296634
0.4 0.837758040957 0.230044378097
0.4 1.0471975512 0.361375012318
0.4 1.25663706144 0.360371060881
0.4 1.46607657168 0.129292264925
0.4 1.67551608191 0.211896955752
0.4 1.88495559215 0.182885975837
0.4 2.09439510239 0.58498747176
0.4 2.30383461263 0.797936251569
0.4 2.51327412287 0.260482009306
0.4 2.72271363311 0.305934587055
0.4 2.93215314335 0.993188431693
0.4 3.14159265359 0.247109278836
0.4 3.35103216383 0.105438450568
0.4 3.56047167407 0.120387195589
0.4 3.76991118431 0.400964765661
0.4 3.97935069455 0.505312306922
0.4 4.18879020479 0.35560223056
0.4 4.39822971503 0.45948189015
0.4 4.60766922527 0.50488840469
0.4 4.8171087355 0.193068533636
0.4 5.02654824574 0.244773285323
0.4 5.23598775598 0.213472230872
0.4 5.44542726622 0.629958536011
0.4 5.65486677646 0.725448245558
0.4 5.8643062867 0.273757564928
0.4 6.07374579694 0.111022225754

0.466666666667 0 0.690540996976
0.466666666667 0.209439510239 0.676504140124
0.466666666667 0.418879020479 0.206011344353
0.466666666667 0.628318530718 0.20897873823
0.466666666667 0.837758040957 0.296706196079
0.466666666667 1.0471975512 0.408284942667
0.466666666667 1.25663706144 0.308536670058
0.466666666667 1.46607657168 0.135493456773
0.466666666667 1.67551608191 0.176541982468
0.466666666667 1.88495559215 0.193455358662
0.466666666667 2.09439510239 0.625446069189
0.466666666667 2.30383461263 0.773644039008
0.466666666667 2.51327412287 0.333318109703
0.466666666667 2.72271363311 0.288576713505
0.466666666667 2.93215314335 0.90420187311
0.466666666667 3.14159265359 0.31480356606
0.466666666667 3.35103216383 0.149630232593
0.466666666667 3.56047167407 0.0935744572506
0.466666666667 3.76991118431 0.272145866977
0.466666666667 3.97935069455 0.3674602125
0.466666666667 4.18879020479 0.286746798586
0.466666666667 4.39822971503 0.482795827141
0.466666666667 4.60766922527 0.447760442118
0.466666666667 4.8171087355 0.228757348665
0.466666666667 5.02654824574 0.243123434071
0.466666666667 5.23598775598 0.233848379373
0.466666666667 5.44542726622 0.609435090619
0.466666666667 5.65486677646 0.755820569343
0.466666666667 5.8643062867 0.250492999277
0.466666666667 6.07374579694 0.105128682054

0.533333333333 0 0.590393482887
0.533333333333 0.209439510239 0.816353255744
0.533333333333 0.418879020479 0.279930616023
0.533333333333 0.628318530718 0.222860318692
0.533333333333 0.837758040957 0.3434312175
0.533333333333 1.0471975512 0.424042461171
0.533333333333 1.25663706144 0.244440988096
0.533333333333 1.46607657168 0.160864261898
0.533333333333 1.67551608191 0.133389662119
0.533333333333 1.88495559215 0.212146231856
0.533333333333 2.09439510239 0.665974016669
0.533333333333 2.30383461263 0.747902116233
0.533333333333 2.51327412287 0.427296721878
0.533333333333 2.72271363311 0.285910627395
0.533333333333 2.93215314335 0.802998832922
0.533333333333 3.14159265359 0.364780513645
0.533333333333 3.35103216383 0.245385775416
0.533333333333 3.56047167407 0.107032793453
0.533333333333 3.76991118431 0.16342282066
0.533333333333 3.97935069455 0.22408750776
0.533333333333 4.18879020479 0.272197539529
0.533333333333 4.39822971503 0.544482261201
0.533333333333 4.60766922527 0.399466927035
0.533333333333 4.8171087355 0.269137466007
0.533333333333 5.02654824574 0.245265474307
0.533333333333 5.23598775598 0.255638482231
0.533333333333 5.44542726622 0.586286560747
0.533333333333 5.65486677646 0.790718543717
0.533333333333 5.8643062867 0.229804161393
0.533333333333 6.07374579694 0.100519236977

0.6 0 0.436689174233
0.6 0.209439510239 0.929662559238
0.6 0.418879020479 0.433607856846
0.6 0.628318530718 0.233824921116
0.6 0.837758040957 0.327327033601
0.6 1.0471975512 0.361908786055
0.6 1.25663706144 0.178185724365
0.6 1.46607657168 0.175041768431
0.6 1.67551608191 0.0965815624574
0.6 1.88495559215 0.238819666658
0.6 2.09439510239 0.694810424664
0.6 2.30383461263 0.724673390534
0.6 2.51327412287 0.542291179409
0.6 2.72271363311 0.301364582423
0.6 2.93215314335 0.746192808992
0.6 3.14159265359 0.348495365875
0.6 3.35103216383 0.425547009251
0.6 3.56047167407 0.226772323345
0.6 3.76991118431 0.186254746808
0.6 3.97935069455 0.234735742891
0.6 4.18879020479 0.406911783226
0.6 4.39822971503 0.626872422767
0.6 4.60766922527 0.356078514781
0.6 4.8171087355 0.305541613495
0.6 5.02654824574 0.252176976616
0.6 5.23598775598 0.27831430508
0.6 5.44542726622 0.563030756357
0.6 5.65486677646 0.826648419793
0.6 5.8643062867 0.21818852871
0.6 6.07374579694 0.099493818749

0.666666666667 0 0.245020943493
0.666666666667 0.209439510239 0.924526960835
0.666666666667 0.418879020479 0.673645521592
0.666666666667 0.628318530718 0.317482817955
0.666666666667 0.837758040957 0.267737892048
0.666666666667 1.0471975512 0.232594779833
0.666666666667 1.25663706144 0.124232009554
0.666666666667 1.46607657168 0.144060541913
0.666666666667 1.67551608191 0.0914094570549
0.666666666667 1.88495559215 0.271995214876
0.666666666667 2.09439510239 0.695247579049
0.666666666667 2.30383461263 0.71058940406
0.666666666667 2.51327412287 0.670900304816
0.666666666667 2.72271363311 0.327693855683
0.666666666667 2.93215314335 0.808262007611
0.666666666667 3.14159265359 0.25434257747
0.666666666667 3.35103216383 0.63945088143
0.666666666667 3.56047167407 0.520825527951
0.666666666667 3.76991118431 0.431581652957
0.666666666667 3.97935069455 0.493835019827
0.666666666667 4.18879020479 0.660793586215
0.666666666667 4.39822971503 0.646953528984
0.666666666667 4.60766922527 0.311275571334
0.666666666667 4.8171087355 0.330447664923
0.666666666667 5.02654824574 0.26346427233
0.666666666667 5.23598775598 0.30364306466
0.666666666667 5.44542726622 0.543351488397
0.666666666667 5.65486677646 0.856638854078
0.666666666667 5.8643062867 0.226164353543
0.666666666667 6.07374579694 0.103660148981

0.733333333333 0 0.0761474415134
0.733333333333 0.209439510239 0.688929851807
0.733333333333 0.418879020479 0.856735877988
0.733333333333 0.628318530718 0.537154404718
0.733333333333 0.837758040957 0.304659856309
0.733333333333 1.0471975512 0.171075055323
0.733333333333 1.25663706144 0.105949739803
0.733333333333 1.46607657168 0.0969226910363
0.733333333333 1.67551608191 0.135820393846
0.733333333333 1.88495559215 0.311820864565
0.733333333333 2.09439510239 0.658087038446
0.733333333333 2.30383461263 0.712400089609
0.733333333333 2.51327412287 0.788705634479
0.733333333333 2.72271363311 0.348515002472
0.733333333333 2.93215314335 0.978350870931
0.733333333333 3.14159265359 0.210696307039
0.733333333333 3.35103216383 0.668636383016
0.733333333333 3.56047167407 0.862699581467
0.733333333333 3.76991118431 0.791128373252
0.733333333333 3.97935069455 0.80261603792
0.733333333333 4.18879020479 0.776836372657
0.733333333333 4.39822971503 0.513458497553
0.733333333333 4.60766922527 0.276725788815
0.733333333333 4.8171087355 0.337899920307
0.733333333333 5.02654824574 0.279506859125
0.733333333333 5.23598775598 0.339287525946
0.733333333333 5.44542726622 0.531658789891
0.733333333333 5.65486677646 0.867724600246
0.733333333333 5.8643062867 0.267894130882
0.733333333333 6.07374579694 0.113659292764

0.8 0 0.0331585014853
0.8 0.209439510239 0.271928508172
0.8 0.418879020479 0.657531720007
0.8 0.628318530718 0.647095371453
0.8 0.837758040957 0.42862866936
0.8 1.0471975512 0.229992956089
0.8 1.25663706144 0.133177657679
0.8 1.46607657168 0.139405251713
0.8 1.67551608191 0.222782620054
0.8 1.88495559215 0.36811044026
0.8 2.09439510239 0.611061488848
0.8 2.30383461263 0.725034201696
0.8 2.51327412287 0.842838755662
0.8 2.72271363311 0.365666034885
0.8 2.93215314335 1.03114583177
0.8 3.14159265359 0.423570773501
0.8 3.35103216383 0.399683600101
0.8 3.56047167407 0.791468826678
0.8 3.76991118431 0.836462299649
0.8 3.97935069455 0.737927805782
0.8 4.18879020479 0.537335990396
0.8 4.39822971503 0.305747814381
0.8 4.60766922527 0.281602050274
0.8 4.8171087355 0.317660269029
0.8 5.02654824574 0.315385041989
0.8 5.23598775598 0.403614877371
0.8 5.44542726622 0.531274710321
0.8 5.65486677646 0.837425310184
0.8 5.8643062867 0.353169782266
0.8 6.07374579694 0.134840310885

0.866666666667 0 0.155393143595
0.866666666667 0.209439510239 0.107789324268
0.866666666667 0.418879020479 0.20284481428
0.866666666667 0.628318530718 0.308219688512
0.866666666667 0.837758040957 0.297067441835
0.866666666667 1.0471975512 0.246240141216
0.866666666667 1.25663706144 0.260276160313
0.866666666667 1.46607657168 0.321400703753
0.866666666667 1.67551608191 0.340279528942
0.866666666667 1.88495559215 0.459947064467
0.866666666667 2.09439510239 0.607917259449
0.866666666667 2.30383461263 0.704955161651
0.866666666667 2.51327412287 0.783294701138
0.866666666667 2.72271363311 0.442997410392
0.866666666667 2.93215314335 0.758974852596
0.866666666667 3.14159265359 0.696894308445
0.866666666667 3.35103216383 0.306383809903
0.866666666667 3.56047167407 0.315019996578
0.866666666667 3.76991118431 0.381035482131
0.866666666667 3.97935069455 0.333747574237
0.866666666667 4.18879020479 0.254071627163
0.866666666667 4.39822971503 0.242017189481
0.866666666667 4.60766922527 0.277914513618
0.866666666667 4.8171087355 0.296012449718
0.866666666667 5.02654824574 0.437147749464
0.866666666667 5.23598775598 0.524559612875
0.866666666667 5.44542726622 0.53907639324
0.866666666667 5.65486677646 0.730797022351
0.866666666667 5.8643062867 0.4565682549
0.866666666667 6.07374579694 0.193327631323

0.933333333333 0 0.268356568506
0.933333333333 0.209439510239 0.324830399977
0.933333333333 0.418879020479 0.370035675256
0.933333333333 0.628318530718 0.405700753086
0.933333333333 0.837758040957 0.448375573252
0.933333333333 1.0471975512 0.488711333836
0.933333333333 1.25663706144 0.495081577571
0.933333333333 1.46607657168 0.453555099261
0.933333333333 1.67551608191 0.438650045776
0.933333333333 1.88495559215 0.503306853997
0.933333333333 2.09439510239 0.536119739868
0.933333333333 2.30383461263 0.567985832485
0.933333333333 2.51327412287 0.672148204324
0.933333333333 2.72271363311 0.676015396104
0.933333333333 2.93215314335 0.647274287698
0.933333333333 3.14159265359 0.620949100292
0.933333333333 3.35103216383 0.48455867072
0.933333333333 3.56047167407 0.324680795695
0.933333333333 3.76991118431 0.235982765263
0.933333333333 3.97935069455 0.208559519983
0.933333333333 4.18879020479 0.215828005776
0.933333333333 4.39822971503 0.256503890999
0.933333333333 4.60766922527 0.365714748638
0.933333333333 4.8171087355 0.577156453845
0.933333333333 5.02654824574 0.76034540034
0.933333333333 5.23598775598 0.693985409673
0.933333333333 5.44542726622 0.529699339143
0.933333333333 5.65486677646 0.509318565833
0.933333333333 5.8643062867 0.442380993395
0.933333333333 6.07374579694 0.296241847726

