-1 0 0.904374696215
-1 0.209439510239 0.904374696215
-1 0.418879020479 0.904374696215
-1 0.628318530718 0.904374696216
-1 0.837758040957 0.904374696216
-1 1.0471975512 0.904374696216
-1 1.25663706144 0.904374696216
-1 1.46607657168 0.904374696215
-1 1.67551608191 0.904374696215
-1 1.88495559215 0.904374696215
-1 2.09439510239 0.904374696215
-1 2.30383461263 0.904374696216
-1 2.51327412287 0.904374696216
-1 2.72271363311 0.904374696216
-1 2.93215314335 0.904374696215
-1 3.14159265359 0.904374696215
-1 3.35103216383 0.904374696215
-1 3.56047167407 0.904374696215
-1 3.76991118431 0.904374696216
-1 3.97935069455 0.904374696216
-1 4.18879020479 0.904374696216
-1 4.39822971503 0.904374696216
-1 4.60766922527 0.904374696215
-1 4.8171087355 0.904374696215
-1 5.02654824574 0.904374696215
-1 5.23598775598 0.904374696215
-1 5.44542726622 0.904374696216
-1 5.65486677646 0.904374696216
-1 5.8643062867 0.904374696216
-1 6.07374579694 0.904374696215

-0.933333333333 0 6.71106977094
-0.933333333333 0.209439510239 8.03983154532
-0.933333333333 0.418879020479 9.84793390567
-0.933333333333 0.628318530718 10.9065186076
-0.933333333333 0.837758040957 10.7195393223
-0.933333333333 1.0471975512 9.30345281958
-0.933333333333 1.25663706144 6.90506990562
-0.933333333333 1.46607657168 4.06723705426
-0.933333333333 1.67551608191 1.72231358033
-0.933333333333 1.88495559215 0.897540858409
-0.933333333333 2.09439510239 1.13474005705
-0.933333333333 2.30383461263 0.741819542756
-0.933333333333 2.51327412287 0.283149330326
-0.933333333333 2.72271363311 0.78831740274
-0.933333333333 2.93215314335 1.00298411397
-0.933333333333 3.14159265359 0.570177375183
-0.933333333333 3.35103216383 0.361991083839
-0.933333333333 3.56047167407 0.538053645446
-0.933333333333 3.76991118431 0.801525716589
-0.933333333333 3.97935069455 1.02714091032
-0.933333333333 4.18879020479 1.19628382434
-0.933333333333 4.39822971503 1.20980838712
-0.933333333333 4.60766922527 0.948658485845
-0.933333333333 4.8171087355 0.715528139056
-0.933333333333 5.02654824574 1.27038483612
-0.933333333333 5.23598775598 2.32469647998
-0.933333333333 5.44542726622 2.67351323041
-0.933333333333 5.65486677646 3.29503617703
-0.933333333333 5.8643062867 5.12505680949
-0.933333333333 6.07374579694 6.26937402907

-0.866666666667 0 8.08595764409
-0.866666666667 0.209439510239 10.3924232757
-0.866666666667 0.418879020479 11.6343696451
-0.866666666667 0.628318530718 12.4643642103
-0.866666666667 0.837758040957 13.5623220772
-0.866666666667 1.0471975512 13.6742235022
-0.866666666667 1.25663706144 11.1435550808
-0.866666666667 1.46607657168 6.91666472224
-0.866666666667 1.67551608191 3.50230320416
-0.866666666667 1.88495559215 1.02868467329
-0.866666666667 2.09439510239 0.708692670631
-0.866666666667 2.30383461263 0.915158710073
-0.866666666667 2.51327412287 0.331915403876
-0.866666666667 2.72271363311 0.960065867988
-0.866666666667 2.93215314335 0.477015786026
-0.866666666667 3.14159265359 0.164977937644
-0.866666666667 3.35103216383 0.384230465476
-0.866666666667 3.56047167407 0.323326979918
-0.866666666667 3.76991118431 0.189577569672
-0.866666666667 3.97935069455 0.201294149531
-0.866666666667 4.18879020479 0.41067927179
-0.866666666667 4.39822971503 0.925581451713
-0.866666666667 4.60766922527 1.67453805016
-0.866666666667 4.8171087355 1.87568430737
-0.866666666667 5.02654824574 1.42243865208
-0.866666666667 5.23598775598 2.46544717524
-0.866666666667 5.44542726622 3.83555728266
-0.866666666667 5.65486677646 3.80116935914
-0.866666666667 5.8643062867 5.46989013486
-0.866666666667 6.07374579694 6.62930796842

-0.8 0 6.23178195975
-0.8 0.209439510239 6.56889881649
-0.8 0.418879020479 6.52033964839
-0.8 0.628318530718 8.08033559855
-0.8 0.837758040957 11.8687161662
-0.8 1.0471975512 16.5704118764
-0.8 1.25663706144 17.4377106311
-0.8 1.46607657168 10.5316276321
-0.8 1.67551608191 3.44762978275
-0.8 1.88495559215 1.39029408048
-0.8 2.09439510239 0.436128956762
-0.8 2.30383461263 1.08288567688
-0.8 2.51327412287 0.342145162306
-0.8 2.72271363311 0.864475274545
-0.8 2.93215314335 0.126047222962
-0.8 3.14159265359 0.20402679337
-0.8 3.35103216383 0.129322124699
-0.8 3.56047167407 0.0205220112725
-0.8 3.76991118431 0.145125390066
-0.8 3.97935069455 0.306220787422
-0.8 4.18879020479 0.490613474066
-0.8 4.39822971503 0.714410529569
-0.8 4.60766922527 1.1360562379
-0.8 4.8171087355 1.92047384886
-0.8 5.02654824574 2.33720205301
-0.8 5.23598775598 2.60064185451
-0.8 5.44542726622 4.2969707059
-0.8 5.65486677646 4.04029503419
-0.8 5.8643062867 4.80714508559
-0.8 6.07374579694 5.65259361563

-0.733333333333 0 3.71778533651
-0.733333333333 0.209439510239 2.89708563569
-0.733333333333 0.418879020479 2.64319525242
-0.733333333333 0.628318530718 3.57984169396
-0.733333333333 0.837758040957 6.55994012266
-0.733333333333 1.0471975512 13.2113234766
-0.733333333333 1.25663706144 20.9591428611
-0.733333333333 1.46607657168 17.7960694802
-0.733333333333 1.67551608191 4.70728221014
-0.733333333333 1.88495559215 1.14043738021
-0.733333333333 2.09439510239 0.331832407929
-0.733333333333 2.30383461263 1.20577084288
-0.733333333333 2.51327412287 0.317564309039
-0.733333333333 2.72271363311 0.714176674162
-0.733333333333 2.93215314335 0.040530303622
-0.733333333333 3.14159265359 0.175381595806
-0.733333333333 3.35103216383 0.0215549386669
-0.733333333333 3.56047167407 0.196503284344
-0.733333333333 3.76991118431 0.315897343833
-0.733333333333 3.97935069455 0.370266920276
-0.733333333333 4.18879020479 0.654918808573
-0.733333333333 4.39822971503 1.17445867045
-0.733333333333 4.60766922527 1.50817166481
-0.733333333333 4.8171087355 1.65319996508
-0.733333333333 5.02654824574 2.5747504206
-0.733333333333 5.23598775598 3.17183911664
-0.733333333333 5.44542726622 4.38264601434
-0.733333333333 5.65486677646 4.34192780212
-0.733333333333 5.8643062867 4.1488655378
-0.733333333333 6.07374579694 4.48105322405

-0.666666666667 0 2.22451473726
-0.666666666667 0.209439510239 1.53676576322
-0.666666666667 0.418879020479 1.56052314426
-0.666666666667 0.628318530718 1.39137258877
-0.666666666667 0.837758040957 2.06041434472
-0.666666666667 1.0471975512 6.51469453296
-0.666666666667 1.25663706144 17.5405267426
-0.666666666667 1.46607657168 23.2351991476
-0.666666666667 1.67551608191 8.39162666127
-0.666666666667 1.88495559215 0.627707617264
-0.666666666667 2.09439510239 0.346489953484
-0.666666666667 2.30383461263 1.27830679783
-0.666666666667 2.51327412287 0.277247693869
-0.666666666667 2.72271363311 0.583638090966
-0.666666666667 2.93215314335 0.0671316511933
-0.666666666667 3.14159265359 0.0967224514827
-0.666666666667 3.35103216383 0.0948637731975
-0.666666666667 3.56047167407 0.29281494273
-0.666666666667 3.76991118431 0.213532567124
-0.666666666667 3.97935069455 0.144125357934
-0.666666666667 4.18879020479 0.429977137854
-0.666666666667 4.39822971503 1.23523965902
-0.666666666667 4.60766922527 1.91203838988
-0.666666666667 4.8171087355 1.85481196415
-0.666666666667 5.02654824574 2.341192712
-0.666666666667 5.23598775598 3.8120899591
-0.666666666667 5.44542726622 4.37413761369
-0.666666666667 5.65486677646 4.57522005153
-0.666666666667 5.8643062867 3.64475183312
-0.666666666667 6.07374579694 3.67242194439

-0.6 0 1.71914661436
-0.6 0.209439510239 1.72384207938
-0.6 0.418879020479 1.89421841776
-0.6 0.628318530718 1.11674292184
-0.6 0.837758040957 0.522689933948
-0.6 1.0471975512 1.99104984923
-0.6 1.25663706144 11.2906999134
-0.6 1.46607657168 24.2622317541
-0.6 1.67551608191 13.0798431428
-0.6 1.88495559215 0.300678109507
-0.6 2.09439510239 0.435804597786
-0.6 2.30383461263 1.30699877333
-0.6 2.51327412287 0.234554309864
-0.6 2.72271363311 0.486153664463
-0.6 2.93215314335 0.114417433912
-0.6 3.14159265359 0.0367851628857
-0.6 3.35103216383 0.193027219853
-0.6 3.56047167407 0.27331201692
-0.6 3.76991118431 0.132541978251
-0.6 3.97935069455 0.0718654337028
-0.6 4.18879020479 0.322310945533
-0.6 4.39822971503 1.22432655356
-0.6 4.60766922527 2.01581591538
-0.6 4.8171087355 2.18883571724
-0.6 5.02654824574 2.09375216815
-0.6 5.23598775598 4.28964670516
-0.6 5.44542726622 4.35988415261
-0.6 5.65486677646 4.66202365167
-0.6 5.8643062867 3.24818883859
-0.6 6.07374579694 3.28608695534

-0.533333333333 0 1.70069722488
-0.533333333333 0.209439510239 2.26201172043
-0.533333333333 0.418879020479 2.18089209087
-0.533333333333 0.628318530718 1.25676044454
-0.533333333333 0.837758040957 0.559408836616
-0.533333333333 1.0471975512 0.401093472115
-0.533333333333 1.25663706144 6.15297905192
-0.533333333333 1.46607657168 22.0117254483
-0.533333333333 1.67551608191 17.2686604706
-0.533333333333 1.88495559215 0.34954541754
-0.533333333333 2.09439510239 0.5662010708
-0.533333333333 2.30383461263 1.30184522267
-0.533333333333 2.51327412287 0.196642090429
-0.533333333333 2.72271363311 0.416382912203
-0.533333333333 2.93215314335 0.150435846692
-0.533333333333 3.14159265359 0.012869090319
-0.533333333333 3.35103216383 0.252981433212
-0.533333333333 3.56047167407 0.230158687928
-0.533333333333 3.76991118431 0.12553550092
-0.533333333333 3.97935069455 0.11667167008
-0.533333333333 4.18879020479 0.341218117104
-0.533333333333 4.39822971503 1.27851977467
-0.533333333333 4.60766922527 2.01791212075
-0.533333333333 4.8171087355 2.425739142
-0.533333333333 5.02654824574 1.96546665642
-0.533333333333 5.23598775598 4.57971534297
-0.533333333333 5.44542726622 4.35266094396
-0.533333333333 5.65486677646 4.62820153653
-0.533333333333 5.8643062867 2.94184588747
-0.533333333333 6.07374579694 3.18917379599

-0.466666666667 0 1.80643895441
-0.466666666667 0.209439510239 2.57103297852
-0.466666666667 0.418879020479 2.09642780709
-0.466666666667 0.628318530718 1.25165502664
-0.466666666667 0.837758040957 0.821030253242
-0.466666666667 1.0471975512 0.31807656883
-0.466666666667 1.25663706144 3.1683172247
-0.466666666667 1.46607657168 18.5010737091
-0.466666666667 1.67551608191 20.2735481106
-0.466666666667 1.88495559215 0.750378826551
-0.466666666667 2.09439510239 0.712822730608
-0.466666666667 2.30383461263 1.27271502131
-0.466666666667 2.51327412287 0.166452914866
-0.466666666667 2.72271363311 0.366326862558
-0.466666666667 2.93215314335 0.170467950114
-0.466666666667 3.14159265359 0.01577940862
-0.466666666667 3.35103216383 0.27279318465
-0.466666666667 3.56047167407 0.1940512191
-0.466666666667 3.76991118431 0.132007234231
-0.466666666667 3.97935069455 0.169311398115
-0.466666666667 4.18879020479 0.38498613126
-0.466666666667 4.39822971503 1.31919943634
-0.466666666667 4.60766922527 2.00914744988
-0.466666666667 4.8171087355 2.5572666042
-0.466666666667 5.02654824574 1.92935658586
-0.466666666667 5.23598775598 4.73001952435
-0.466666666667 5.44542726622 4.35081352276
-0.466666666667 5.65486677646 4.52714547843
-0.466666666667 5.8643062867 2.71952100917
-0.466666666667 6.07374579694 3.23665785163

-0.4 0 1.88253736428
-0.4 0.209439510239 2.61093406847
-0.4 0.418879020479 1.91725439219
-0.4 0.628318530718 1.21040944511
-0.4 0.837758040957 0.915606071777
-0.4 1.0471975512 0.602113952359
-0.4 1.25663706144 1.8267243627
-0.4 1.46607657168 15.0938756006
-0.4 1.67551608191 22.07030703
-0.4 1.88495559215 1.38572386872
-0.4 2.09439510239 0.857681680747
-0.4 2.30383461263 1.22797077942
-0.4 2.51327412287 0.144500873186
-0.4 2.72271363311 0.329774935709
-0.4 2.93215314335 0.178463840303
-0.4 3.14159265359 0.0320150591151
-0.4 3.35103216383 0.266567478762
-0.4 3.56047167407 0.166379997632
-0.4 3.76991118431 0.128530305087
-0.4 3.97935069455 0.207226654171
-0.4 4.18879020479 0.433348290816
-0.4 4.39822971503 1.32552634477
-0.4 4.60766922527 1.98955165172
-0.4 4.8171087355 2.62145034632
-0.4 5.02654824574 1.93928162399
-0.4 5.23598775598 4.7919429106
-0.4 5.44542726622 4.3526666691
-0.4 5.65486677646 4.40223548828
-0.4 5.8643062867 2.56808206618
-0.4 6.07374579694 3.32917600311

-0.333333333333 0 1.89898952316
-0.333333333333 0.209439510239 2.5229964306
-0.333333333333 0.418879020479 1.86123578607
-0.333333333333 0.628318530718 1.25617021541
-0.333333333333 0.837758040957 0.895904975823
-0.333333333333 1.0471975512 0.810420710551
-0.333333333333 1.25663706144 1.38222370339
-0.333333333333 1.46607657168 12.3479473727
-0.333333333333 1.67551608191 22.9356946498
-0.333333333333 1.88495559215 2.12867430274
-0.333333333333 2.09439510239 0.98836148224
-0.333333333333 2.30383461263 1.17413724503
-0.333333333333 2.51327412287 0.130106689265
-0.333333333333 2.72271363311 0.30274805074
-0.333333333333 2.93215314335 0.179545712108
-0.333333333333 3.14159265359 0.0515695424073
-0.333333333333 3.35103216383 0.247924352297
-0.333333333333 3.56047167407 0.146754605941
-0.333333333333 3.76991118431 0.121916502335
-0.333333333333 3.97935069455 0.240643506842
-0.333333333333 4.18879020479 0.486537212119
-0.333333333333 4.39822971503 1.32227859477
-0.333333333333 4.60766922527 1.96164308429
-0.333333333333 4.8171087355 2.64235284768
-0.333333333333 5.02654824574 1.96677755828
-0.333333333333 5.23598775598 4.80241162339
-0.333333333333 5.44542726622 4.35802073507
-0.333333333333 5.65486677646 4.28059273453
-0.333333333333 5.8643062867 2.46957677533
-0.333333333333 6.07374579694 3.4157712376

-0.266666666667 0 1.87292045974
-0.266666666667 0.209439510239 2.42501798014
-0.266666666667 0.418879020479 1.94321672767
-0.266666666667 0.628318530718 1.37389787007
-0.266666666667 0.837758040957 0.858006104152
-0.266666666667 1.0471975512 0.885647987851
-0.266666666667 1.25663706144 1.32099452513
-0.266666666667 1.46607657168 10.3371337696
-0.266666666667 1.67551608191 23.2002977494
-0.266666666667 1.88495559215 2.87953786496
-0.266666666667 2.09439510239 1.09695675638
-0.266666666667 2.30383461263 1.11602496403
-0.266666666667 2.51327412287 0.122164962211
-0.266666666667 2.72271363311 0.282932918526
-0.266666666667 2.93215314335 0.177752557881
-0.266666666667 3.14159265359 0.0689000532209
-0.266666666667 3.35103216383 0.226220733634
-0.266666666667 3.56047167407 0.135353672904
-0.266666666667 3.76991118431 0.121220484418
-0.266666666667 3.97935069455 0.274862122083
-0.266666666667 4.18879020479 0.532788186895
-0.266666666667 4.39822971503 1.32354982322
-0.266666666667 4.60766922527 1.93755029919
-0.266666666667 4.8171087355 2.63347042882
-0.266666666667 5.02654824574 1.99853805196
-0.266666666667 5.23598775598 4.78406132342
-0.266666666667 5.44542726622 4.36755456612
-0.266666666667 5.65486677646 4.17685842898
-0.266666666667 5.8643062867 2.40679783618
-0.266666666667 6.07374579694 3.4788109855

-0.2 0 1.82929488877
-0.2 0.209439510239 2.36767865813
-0.2 0.418879020479 2.09012558512
-0.2 0.628318530718 1.49990225804
-0.2 0.837758040957 0.840620532449
-0.2 1.0471975512 0.884633996969
-0.2 1.25663706144 1.37955201809
-0.2 1.46607657168 8.94354993958
-0.2 1.67551608191 23.1371096327
-0.2 1.88495559215 3.572705208
-0.2 2.09439510239 1.17912894556
-0.2 2.30383461263 1.05701450795
-0.2 2.51327412287 0.119590090559
-0.2 2.72271363311 0.269094025864
-0.2 2.93215314335 0.175752255996
-0.2 3.14159265359 0.0817483338798
-0.2 3.35103216383 0.206642612575
-0.2 3.56047167407 0.130825198056
-0.2 3.76991118431 0.128850515462
-0.2 3.97935069455 0.307369453122
-0.2 4.18879020479 0.559103709136
-0.2 4.39822971503 1.32858511748
-0.2 4.60766922527 1.92401834728
-0.2 4.8171087355 2.60603350673
-0.2 5.02654824574 2.02863552901
-0.2 5.23598775598 4.74948998863
-0.2 5.44542726622 4.38224709403
-0.2 5.65486677646 4.09805159393
-0.2 5.8643062867 2.36628404073
-0.2 6.07374579694 3.51810120931

-0.133333333333 0 1.78717473059
-0.133333333333 0.209439510239 2.3569914178
-0.133333333333 0.418879020479 2.23968068909
-0.133333333333 0.628318530718 1.59367151933
-0.133333333333 0.837758040957 0.844120953178
-0.133333333333 1.0471975512 0.864853926942
-0.133333333333 1.25663706144 1.44866912762
-0.133333333333 1.46607657168 8.01598259131
-0.133333333333 1.67551608191 22.9340197847
-0.133333333333 1.88495559215 4.17071330149
-0.133333333333 2.09439510239 1.23329517894
-0.133333333333 2.30383461263 0.999364401172
-0.133333333333 2.51327412287 0.121563257255
-0.133333333333 2.72271363311 0.260686554736
-0.133333333333 2.93215314335 0.175112162931
-0.133333333333 3.14159265359 0.0896804989683
-0.133333333333 3.35103216383 0.191387932005
-0.133333333333 3.56047167407 0.130279219289
-0.133333333333 3.76991118431 0.142222226554
-0.133333333333 3.97935069455 0.333091105468
-0.133333333333 4.18879020479 0.561414397189
-0.133333333333 4.39822971503 1.33532698428
-0.133333333333 4.60766922527 1.9185369993
-0.133333333333 4.8171087355 2.5708446035
-0.133333333333 5.02654824574 2.05378909436
-0.133333333333 5.23598775598 4.70517582505
-0.133333333333 5.44542726622 4.40301352835
-0.133333333333 5.65486677646 4.04720678897
-0.133333333333 5.8643062867 2.33893211848
-0.133333333333 6.07374579694 3.53984409668

-0.0666666666667 0 1.75778890492
-0.0666666666667 0.209439510239 2.38226455549
-0.0666666666667 0.418879020479 2.36758471527
-0.0666666666667 0.628318530718 1.65069041007
-0.0666666666667 0.837758040957 0.860768015029
-0.0666666666667 1.0471975512 0.860674922339
-0.0666666666667 1.25663706144 1.49074482795
-0.0666666666667 1.46607657168 7.43263964642
-0.0666666666667 1.67551608191 22.702310783
-0.0666666666667 1.88495559215 4.65547139137
-0.0666666666667 2.09439510239 1.25999426527
-0.0666666666667 2.30383461263 0.944481151797
-0.0666666666667 2.51327412287 0.127666676927
-0.0666666666667 2.72271363311 0.257649750305
-0.0666666666667 2.93215314335 0.176608367811
-0.0666666666667 3.14159265359 0.0929603962266
-0.0666666666667 3.35103216383 0.181070748819
-0.0666666666667 3.56047167407 0.130303128128
-0.0666666666667 3.76991118431 0.156709240308
-0.0666666666667 3.97935069455 0.347100189563
-0.0666666666667 4.18879020479 0.543876777338
-0.0666666666667 4.39822971503 1.346656778
-0.0666666666667 4.60766922527 1.91329768236
-0.0666666666667 4.8171087355 2.53722323892
-0.0666666666667 5.02654824574 2.07153912281
-0.0666666666667 5.23598775598 4.65417266042
-0.0666666666667 5.44542726622 4.43047726686
-0.0666666666667 5.65486677646 4.02567323926
-0.0666666666667 5.8643062867 2.31950088585
-0.0666666666667 6.07374579694 3.55056177416

6.12323399574e-17 0 1.74646937623
6.12323399574e-17 0.209439510239 2.43149071812
6.12323399574e-17 0.418879020479 2.47893314472
6.12323399574e-17 0.628318530718 1.68964557387
6.12323399574e-17 0.837758040957 0.890541372473
6.12323399574e-17 1.0471975512 0.888839390057
6.12323399574e-17 1.25663706144 1.49197908461
6.12323399574e-17 1.46607657168 7.11784232159
6.12323399574e-17 1.67551608191 22.4932512981
6.12323399574e-17 1.88495559215 5.02098966021
6.12323399574e-17 2.09439510239 1.26145123788
6.12323399574e-17 2.30383461263 0.893130174727
6.12323399574e-17 2.51327412287 0.137962174212
6.12323399574e-17 2.72271363311 0.26030785168
6.12323399574e-17 2.93215314335 0.180409443207
6.12323399574e-17 3.14159265359 0.0918549272979
6.12323399574e-17 3.35103216383 0.175954798769
6.12323399574e-17 3.56047167407 0.127821968089
6.12323399574e-17 3.76991118431 0.167218442148
6.12323399574e-17 3.97935069455 0.345280420419
6.12323399574e-17 4.18879020479 0.514912758334
6.12323399574e-17 4.39822971503 1.36912322752
6.12323399574e-17 4.60766922527 1.89944732721
6.12323399574e-17 4.8171087355 2.51204116119
6.12323399574e-17 5.02654824574 2.07988992218
6.12323399574e-17 5.23598775598 4.59773839241
6.12323399574e-17 5.44542726622 4.46480390748
6.12323399574e-17 5.65486677646 4.03442839474
6.12323399574e-17 5.8643062867 2.30591137983
6.12323399574e-17 6.07374579694 3.55442757192

0.0666666666667 0 1.75497379296
0.0666666666667 0.209439510239 2.49550258876
0.0666666666667 0.418879020479 2.59402213573
0.0666666666667 0.628318530718 1.739934642
0.0666666666667 0.837758040957 0.946005924211
0.0666666666667 1.0471975512 0.955435275211
0.0666666666667 1.25663706144 1.44038087027
0.0666666666667 1.46607657168 7.04238268595
0.0666666666667 1.67551608191 22.3107776048
0.0666666666667 1.88495559215 5.26884694708
0.0666666666667 2.09439510239 1.24132685384
0.0666666666667 2.30383461263 0.845585556955
0.0666666666667 2.51327412287 0.153048044677
0.0666666666667 2.72271363311 0.269306736903
0.0666666666667 2.93215314335 0.1860879259
0.0666666666667 3.14159265359 0.0863104452364
0.0666666666667 3.35103216383 0.176811995414
0.0666666666667 3.56047167407 0.120782820352
0.0666666666667 3.76991118431 0.1689551025
0.0666666666667 3.97935069455 0.325240591348
0.0666666666667 4.18879020479 0.485480700412
0.0666666666667 4.39822971503 1.40930654804
0.0666666666667 4.60766922527 1.8693237799
0.0666666666667 4.8171087355 2.49948460732
0.0666666666667 5.02654824574 2.07743172558
0.0666666666667 5.23598775598 4.53624581814
0.0666666666667 5.44542726622 4.50554827146
0.0666666666667 5.65486677646 4.07474195902
0.0666666666667 5.8643062867 2.29877491609
0.0666666666667 6.07374579694 3.55256016481

0.133333333333 0 1.78307140919
0.133333333333 0.209439510239 2.56582849266
0.133333333333 0.418879020479 2.73788864266
0.133333333333 0.628318530718 1.83602413215
0.133333333333 0.837758040957 1.05093446246
0.133333333333 1.0471975512 1.05477314213
0.133333333333 1.25663706144 1.32107786373
0.133333333333 1.46607657168 7.21912195493
0.133333333333 1.67551608191 22.1175407882
0.133333333333 1.88495559215 5.40623905076
0.133333333333 2.09439510239 1.20461350294
0.133333333333 2.30383461263 0.801724291969
0.133333333333 2.51327412287 0.17411432713
0.133333333333 2.72271363311 0.285521252427
0.133333333333 2.93215314335 0.192451763455
0.133333333333 3.14159265359 0.0759788033933
0.133333333333 3.35103216383 0.185213462794
0.133333333333 3.56047167407 0.109173369071
0.133333333333 3.76991118431 0.158642520634
0.133333333333 3.97935069455 0.288611413086
0.133333333333 4.18879020479 0.46967917787
0.133333333333 4.39822971503 1.47008009963
0.133333333333 4.60766922527 1.81757039695
0.133333333333 4.8171087355 2.5011381959
0.133333333333 5.02654824574 2.06348054896
0.133333333333 5.23598775598 4.46967352436
0.133333333333 5.44542726622 4.55148428423
0.133333333333 5.65486677646 4.1484022902
0.133333333333 5.8643062867 2.30129242328
0.133333333333 6.07374579694 3.5434711322

0.2 0 1.82928455604
0.2 0.209439510239 2.62985561591
0.2 0.418879020479 2.93135709505
0.2 0.628318530718 2.01372144532
0.2 0.837758040957 1.23138608222
0.2 1.0471975512 1.15817844522
0.2 1.25663706144 1.12919979214
0.2 1.46607657168 7.69236757348
0.2 1.67551608191 21.8370522063
0.2 1.88495559215 5.44579146942
0.2 2.09439510239 1.15761937378
0.2 2.30383461263 0.76107664556
0.2 2.51327412287 0.203005144317
0.2 2.72271363311 0.309863380473
0.2 2.93215314335 0.197219957325
0.2 3.14159265359 0.060721521699
0.2 3.35103216383 0.202841492141
0.2 3.56047167407 0.0967442662546
0.2 3.76991118431 0.137064827445
0.2 3.97935069455 0.244436609579
0.2 4.18879020479 0.48514605336
0.2 4.39822971503 1.54681737673
0.2 4.60766922527 1.74258002261
0.2 4.8171087355 2.51591356763
0.2 5.02654824574 2.03805776991
0.2 5.23598775598 4.39787479809
0.2 5.44542726622 4.6003938965
0.2 5.65486677646 4.25760451134
0.2 5.8643062867 2.31952289431
0.2 6.07374579694 3.52448844171

0.266666666667 0 1.89106462001
0.266666666667 0.209439510239 2.66611480137
0.266666666667 0.418879020479 3.17813064184
0.266666666667 0.628318530718 2.29891319354
0.266666666667 0.837758040957 1.49387108031
0.266666666667 1.0471975512 1.19981030625
0.266666666667 1.25663706144 0.908741156449
0.266666666667 1.46607657168 8.5085247432
0.266666666667 1.67551608191 21.3597258636
0.266666666667 1.88495559215 5.40568913757
0.266666666667 2.09439510239 1.107977141
0.266666666667 2.30383461263 0.722848660217
0.266666666667 2.51327412287 0.242291213562
0.266666666667 2.72271363311 0.342906711377
0.266666666667 2.93215314335 0.196672253913
0.266666666667 3.14159265359 0.0418878541369
0.266666666667 3.35103216383 0.229131961393
0.266666666667 3.56047167407 0.0928543591822
0.266666666667 3.76991118431 0.112531150274
0.266666666667 3.97935069455 0.211695009742
0.266666666667 4.18879020479 0.55001298893
0.266666666667 4.39822971503 1.62384106553
0.266666666667 4.60766922527 1.64901565514
0.266666666667 4.8171087355 2.53966568504
0.266666666667 5.02654824574 2.00162630631
0.266666666667 5.23598775598 4.3207280381
0.266666666667 5.44542726622 4.64879386668
0.266666666667 5.65486677646 4.40450109528
0.266666666667 5.8643062867 2.3629181097
0.266666666667 6.07374579694 3.49446350629

0.333333333333 0 1.96499190436
0.333333333333 0.209439510239 2.64364175738
0.333333333333 0.418879020479 3.44565411842
0.333333333333 0.628318530718 2.68090690462
0.333333333333 0.837758040957 1.79138576882
0.333333333333 1.0471975512 1.08792728445
0.333333333333 1.25663706144 0.822411763714
0.333333333333 1.46607657168 9.64744566912
0.333333333333 1.67551608191 20.5669236989
0.333333333333 1.88495559215 5.30760894916
0.333333333333 2.09439510239 1.06462953319
0.333333333333 2.30383461263 0.685940618673
0.333333333333 2.51327412287 0.295356111067
0.333333333333 2.72271363311 0.384226064384
0.333333333333 2.93215314335 0.185682402088
0.333333333333 3.14159265359 0.0245963051474
0.333333333333 3.35103216383 0.257033451691
0.333333333333 3.56047167407 0.111784228194
0.333333333333 3.76991118431 0.102644544899
0.333333333333 3.97935069455 0.217098367935
0.333333333333 4.18879020479 0.673857501279
0.333333333333 4.39822971503 1.67357864429
0.333333333333 4.60766922527 1.55078538268
0.333333333333 4.8171087355 2.56481952105
0.333333333333 5.02654824574 1.95451209718
0.333333333333 5.23598775598 4.23819246642
0.333333333333 5.44542726622 4.69158458744
0.333333333333 5.65486677646 4.59033111235
0.333333333333 5.8643062867 2.44491203989
0.333333333333 6.07374579694 3.45828914963

0.4 0 2.04845804522
0.4 0.209439510239 2.53132170903
0.4 0.418879020479 3.6497166749
0.4 0.628318530718 3.0779652367
0.4 0.837758040957 2.00700457828
0.4 1.0471975512 0.799039235536
0.4 1.25663706144 1.21976323895
0.4 1.46607657168 10.9037356001
0.4 1.67551608191 19.3912341005
0.4 1.88495559215 5.16836410526
0.4 2.09439510239 1.03780031984
0.4 2.30383461263 0.649001922735
0.4 2.51327412287 0.366510250165
0.4 2.72271363311 0.431354013529
0.4 2.93215314335 0.159171254951
0.4 3.14159265359 0.0202198967744
0.4 3.35103216383 0.269726637213
0.4 3.56047167407 0.164729988908
0.4 3.76991118431 0.129901374865
0.4 3.97935069455 0.284241244405
0.4 4.18879020479 0.844002979858
0.4 4.39822971503 1.66346851382
0.4 4.60766922527 1.47186853766
0.4 4.8171087355 2.58088976539
0.4 5.02654824574 1.89597211565
0.4 5.23598775598 4.15020545307
0.4 5.44542726622 4.72160220537
0.4 5.65486677646 4.81396485488
0.4 5.8643062867 2.5831611181
0.4 6.07374579694 3.43341354588

0.466666666667 0 2.14661240335
0.466666666667 0.209439510239 2.32166155528
0.466666666667 0.418879020479 3.67463456199
0.466666666667 0.628318530718 3.34352588795
0.466666666667 0.837758040957 2.03714823454
0.466666666667 1.0471975512 0.597229585068
0.466666666667 1.25663706144 2.58005384414
0.466666666667 1.46607657168 11.7725308997
0.466666666667 1.67551608191 17.9171926981
0.466666666667 1.88495559215 4.98012640038
0.466666666667 2.09439510239 1.03907375748
0.466666666667 2.30383461263 0.610583234656
0.466666666667 2.51327412287 0.461177579573
0.466666666667 2.72271363311 0.478336722312
0.466666666667 2.93215314335 0.117137090802
0.466666666667 3.14159265359 0.0449673005802
0.466666666667 3.35103216383 0.247913332136
0.466666666667 3.56047167407 0.243462721438
0.466666666667 3.76991118431 0.208697916549
0.466666666667 3.97935069455 0.41611471806
0.466666666667 4.18879020479 1.01757563571
0.466666666667 4.39822971503 1.57464054293
0.466666666667 4.60766922527 1.44071908886
0.466666666667 4.8171087355 2.57705988075
0.466666666667 5.02654824574 1.82307901801
0.466666666667 5.23598775598 4.05625646309
0.466666666667 5.44542726622 4.72906148714
0.466666666667 5.65486677646 5.06962296856
0.466666666667 5.8643062867 2.79872258565
0.466666666667 6.07374579694 3.45691679036

0.533333333333 0 2.29259047617
0.533333333333 0.209439510239 2.06218432034
0.533333333333 0.418879020479 3.46889653456
0.533333333333 0.628318530718 3.40565786327
0.533333333333 0.837758040957 2.06257191266
0.533333333333 1.0471975512 1.25129170711
0.533333333333 1.25663706144 5.12651257154
0.533333333333 1.46607657168 11.5479479306
0.533333333333 1.67551608191 16.4599971962
0.533333333333 1.88495559215 4.67803277689
0.533333333333 2.09439510239 1.08183405755
0.533333333333 2.30383461263 0.569469738372
0.533333333333 2.51327412287 0.586226761562
0.533333333333 2.72271363311 0.514203729754
0.533333333333 2.93215314335 0.0765222931555
0.533333333333 3.14159265359 0.105186184122
0.533333333333 3.35103216383 0.199616073767
0.533333333333 3.56047167407 0.314292061479
0.533333333333 3.76991118431 0.331387658178
0.533333333333 3.97935069455 0.586027901098
0.533333333333 4.18879020479 1.13778268472
0.533333333333 4.39822971503 1.4250845336
0.533333333333 4.60766922527 1.47608742741
0.533333333333 4.8171087355 2.54690341337
0.533333333333 5.02654824574 1.73017567721
0.533333333333 5.23598775598 3.95433083758
0.533333333333 5.44542726622 4.70087761066
0.533333333333 5.65486677646 5.34344607683
0.533333333333 5.8643062867 3.11300619041
0.533333333333 6.07374579694 3.58765014756

0.6 0 2.5905885887
0.6 0.209439510239 1.87020762935
0.6 0.418879020479 3.18004366328
0.6 0.628318530718 3.5424071501
0.6 0.837758040957 2.85188755459
0.6 1.0471975512 3.75240113871
0.6 1.25663706144 8.09654244411
0.6 1.46607657168 9.94111666375
0.6 1.67551608191 15.4205370587
0.6 1.88495559215 4.11513192432
0.6 2.09439510239 1.18206513188
0.6 2.30383461263 0.525256335939
0.6 2.51327412287 0.750315621872
0.6 2.72271363311 0.522923927535
0.6 2.93215314335 0.0902731311063
0.6 3.14159265359 0.165420626946
0.6 3.35103216383 0.19268002756
0.6 3.56047167407 0.359626787493
0.6 3.76991118431 0.475689196664
0.6 3.97935069455 0.756516301253
0.6 4.18879020479 1.17530349255
0.6 4.39822971503 1.26967155721
0.6 4.60766922527 1.57375108978
0.6 4.8171087355 2.49084574805
0.6 5.02654824574 1.61086211014
0.6 5.23598775598 3.83873502355
0.6 5.44542726622 4.6198497683
0.6 5.65486677646 5.60853349579
0.6 5.8643062867 3.54076682146
0.6 6.07374579694 3.8906558002

0.666666666667 0 3.26658947918
0.666666666667 0.209439510239 1.92909435681
0.666666666667 0.418879020479 3.09619290348
0.666666666667 0.628318530718 4.34145845725
0.666666666667 0.837758040957 5.27913163067
0.666666666667 1.0471975512 7.82556682789
0.666666666667 1.25663706144 9.45578803547
0.666666666667 1.46607657168 7.94796380355
0.666666666667 1.67551608191 14.6532799755
0.666666666667 1.88495559215 3.12180925763
0.666666666667 2.09439510239 1.35716493306
0.666666666667 2.30383461263 0.478997387951
0.666666666667 2.51327412287 0.9624784972
0.666666666667 2.72271363311 0.491006376987
0.666666666667 2.93215314335 0.252128443215
0.666666666667 3.14159265359 0.149720544583
0.666666666667 3.35103216383 0.289684275187
0.666666666667 3.56047167407 0.431596359047
0.666666666667 3.76991118431 0.630826741584
0.666666666667 3.97935069455 0.899270252478
0.666666666667 4.18879020479 1.13543016017
0.666666666667 4.39822971503 1.15670305409
0.666666666667 4.60766922527 1.72145797983
0.666666666667 4.8171087355 2.40340843724
0.666666666667 5.02654824574 1.46621202693
0.666666666667 5.23598775598 3.69614517391
0.666666666667 5.44542726622 4.46367908281
0.666666666667 5.65486677646 5.81804026702
0.666666666667 5.8643062867 4.07684192193
0.666666666667 6.07374579694 4.38428892613

0.733333333333 0 4.59671077095
0.733333333333 0.209439510239 2.59235216886
0.733333333333 0.418879020479 3.23563492765
0.733333333333 0.628318530718 5.49763622707
0.733333333333 0.837758040957 8.05107050138
0.733333333333 1.0471975512 10.0306547772
0.733333333333 1.25663706144 7.64083103442
0.733333333333 1.46607657168 7.2441199819
0.733333333333 1.67551608191 12.6869893855
0.733333333333 1.88495559215 1.78703326119
0.733333333333 2.09439510239 1.6105462519
0.733333333333 2.30383461263 0.432983932436
0.733333333333 2.51327412287 1.21962601563
0.733333333333 2.72271363311 0.441902510858
0.733333333333 2.93215314335 0.605799494287
0.733333333333 3.14159265359 0.112441080262
0.733333333333 3.35103216383 0.356068540192
0.733333333333 3.56047167407 0.530903794472
0.733333333333 3.76991118431 0.731337427985
0.733333333333 3.97935069455 0.919281822573
0.733333333333 4.18879020479 0.99077744378
0.733333333333 4.39822971503 1.12375605625
0.733333333333 4.60766922527 1.94664346067
0.733333333333 4.8171087355 2.23084023868
0.733333333333 5.02654824574 1.3233644955
0.733333333333 5.23598775598 3.49920194034
0.733333333333 5.44542726622 4.20371120009
0.733333333333 5.65486677646 5.89593087456
0.733333333333 5.8643062867 4.67400764728
0.733333333333 6.07374579694 4.9429268035

0.8 0 6.35041868413
0.8 0.209439510239 4.59176078248
0.8 0.418879020479 3.69098355801
0.8 0.628318530718 5.12620248126
0.8 0.837758040957 7.03173743902
0.8 1.0471975512 6.87471950643
0.8 1.25663706144 4.6077047868
0.8 1.46607657168 7.36619138389
0.8 1.67551608191 7.90229207334
0.8 1.88495559215 0.863723117391
0.8 2.09439510239 1.86825507166
0.8 2.30383461263 0.387602777038
0.8 2.51327412287 1.4543100902
0.8 2.72271363311 0.520882831576
0.8 2.93215314335 0.909008106307
0.8 3.14159265359 0.435516554281
0.8 3.35103216383 0.302279812214
0.8 3.56047167407 0.462332013782
0.8 3.76991118431 0.59928825668
0.8 3.97935069455 0.70387846103
0.8 4.18879020479 0.847616392954
0.8 4.39822971503 1.38126061165
0.8 4.60766922527 2.23822020261
0.8 4.8171087355 1.83641463068
0.8 5.02654824574 1.25957307287
0.8 5.23598775598 3.19758140903
0.8 5.44542726622 3.80299061697
0.8 5.65486677646 5.72484125282
0.8 5.8643062867 5.20883538465
0.8 6.07374579694 5.22486679587

0.866666666667 0 6.7278606968
0.866666666667 0.209439510239 7.43573331592
0.866666666667 0.418879020479 6.23655705742
0.866666666667 0.628318530718 5.18632795229
0.866666666667 0.837758040957 4.64827132018
0.866666666667 1.0471975512 4.1189722547
0.866666666667 1.25663706144 4.49658767635
0.866666666667 1.46607657168 5.3520121036
0.866666666667 1.67551608191 2.61004278173
0.866666666667 1.88495559215 1.24720687144
0.866666666667 2.09439510239 1.87496961867
0.866666666667 2.30383461263 0.337597625084
0.866666666667 2.51327412287 1.43562895339
0.866666666667 2.72271363311 0.975271739463
0.866666666667 2.93215314335 0.825792370835
0.866666666667 3.14159265359 1.03618766856
0.866666666667 3.35103216383 0.818027839733
0.866666666667 3.56047167407 0.709186718884
0.866666666667 3.76991118431 0.762403743831
0.866666666667 3.97935069455 0.977622766093
0.866666666667 4.18879020479 1.44434817208
0.866666666667 4.39822971503 2.06157708106
0.866666666667 4.60766922527 2.08721149473
0.866666666667 4.8171087355 1.1883344643
0.866666666667 5.02654824574 1.3809766416
0.866666666667 5.23598775598 2.70893565863
0.866666666667 5.44542726622 3.21182907583
0.866666666667 5.65486677646 5.12869215912
0.866666666667 5.8643062867 5.42521628226
0.866666666667 6.07374579694 4.87369064822

0.933333333333 0 4.0857625093
0.933333333333 0.209439510239 5.13806082996
0.933333333333 0.418879020479 6.1286566901
0.933333333333 0.628318530718 6.2585649063
0.933333333333 0.837758040957 5.6476266503
0.933333333333 1.0471975512 4.58183361354
0.933333333333 1.25663706144 3.1543321755
0.933333333333 1.46607657168 1.67493957811
0.933333333333 1.67551608191 1.28738213697
0.933333333333 1.88495559215 1.96706213114
0.933333333333 2.09439510239 1.36940755137
0.933333333333 2.30383461263 0.292459072744
0.933333333333 2.51327412287 0.882690528915
0.933333333333 2.72271363311 1.40145730654
0.933333333333 2.93215314335 1.09491228264
0.933333333333 3.14159265359 0.967622339957
0.933333333333 3.35103216383 1.14628073051
0.933333333333 3.56047167407 1.36619682297
0.933333333333 3.76991118431 1.5573067754
0.933333333333 3.97935069455 1.70207424261
0.933333333333 4.18879020479 1.70710107487
0.933333333333 4.39822971503 1.43860617338
0.933333333333 4.60766922527 1.01226508005
0.933333333333 4.8171087355 0.991986154294
0.933333333333 5.02654824574 1.55801164489
0.933333333333 5.23598775598 1.9205386551
0.933333333333 5.44542726622 2.35020539668
0.933333333333 5.65486677646 3.83153262699
0.933333333333 5.8643062867 4.77617868246
0.933333333333 6.07374579694 4.21311633482

