-1 0 0.382362312724
-1 0.209439510239 0.382362312724
-1 0.418879020479 0.382362312724
-1 0.628318530718 0.382362312724
-1 0.837758040957 0.382362312725
-1 1.0471975512 0.382362312724
-1 1.25663706144 0.382362312724
-1 1.46607657168 0.382362312724
-1 1.67551608191 0.382362312724
-1 1.88495559215 0.382362312724
-1 2.09439510239 0.382362312724
-1 2.30383461263 0.382362312724
-1 2.51327412287 0.382362312725
-1 2.72271363311 0.382362312724
-1 2.93215314335 0.382362312724
-1 3.14159265359 0.382362312724
-1 3.35103216383 0.382362312724
-1 3.56047167407 0.382362312724
-1 3.76991118431 0.382362312724
-1 3.97935069455 0.382362312725
-1 4.18879020479 0.382362312724
-1 4.39822971503 0.382362312724
-1 4.60766922527 0.382362312724
-1 4.8171087355 0.382362312724
-1 5.02654824574 0.382362312724
-1 5.23598775598 0.382362312724
-1 5.44542726622 0.382362312724
-1 5.65486677646 0.382362312725
-1 5.8643062867 0.382362312724
-1 6.07374579694 0.382362312724

-0.933333333333 0 0.317233567822
-0.933333333333 0.209439510239 0.227947768939
-0.933333333333 0.418879020479 0.19618869422
-0.933333333333 0.628318530718 0.177800411525
-0.933333333333 0.837758040957 0.174181065469
-0.933333333333 1.0471975512 0.220905751984
-0.933333333333 1.25663706144 0.364280240836
-0.933333333333 1.46607657168 0.591137876611
-0.933333333333 1.67551608191 0.725712862589
-0.933333333333 1.88495559215 0.565734394655
-0.933333333333 2.09439510239 0.272053258029
-0.933333333333 2.30383461263 0.153520357515
-0.933333333333 2.51327412287 0.154723217815
-0.933333333333 2.72271363311 0.199686774824
-0.933333333333 2.93215314335 0.329231585356
-0.933333333333 3.14159265359 0.449180823691
-0.933333333333 3.35103216383 0.474187695628
-0.933333333333 3.56047167407 0.421867866381
-0.933333333333 3.76991118431 0.349127009546
-0.933333333333 3.97935069455 0.306381477432
-0.933333333333 4.18879020479 0.312895568557
-0.933333333333 4.39822971503 0.351209991531
-0.933333333333 4.60766922527 0.365025271735
-0.933333333333 4.8171087355 0.285220584915
-0.933333333333 5.02654824574 0.240549545604
-0.933333333333 5.23598775598 0.527985330179
-0.933333333333 5.44542726622 0.871598497045
-0.933333333333 5.65486677646 0.83108505529
-0.933333333333 5.8643062867 0.642106550859
-0.933333333333 6.07374579694 0.475845212027

-0.866666666667 0 0.235858353278
-0.866666666667 0.209439510239 0.235266514848
-0.866666666667 0.418879020479 0.199815144513
-0.866666666667 0.628318530718 0.178165751151
-0.866666666667 0.837758040957 0.174408062558
-0.866666666667 1.0471975512 0.144356668513
-0.866666666667 1.25663706144 0.0909288265644
-0.866666666667 1.46607657168 0.145459315517
-0.866666666667 1.67551608191 0.458628260676
-0.866666666667 1.88495559215 0.641094951066
-0.866666666667 2.09439510239 0.318404154526
-0.866666666667 2.30383461263 0.20792107415
-0.866666666667 2.51327412287 0.22903143813
-0.866666666667 2.72271363311 0.17872688777
-0.866666666667 2.93215314335 0.283233721326
-0.866666666667 3.14159265359 0.410116853557
-0.866666666667 3.35103216383 0.402213686502
-0.866666666667 3.56047167407 0.237618417507
-0.866666666667 3.76991118431 0.0894974677959
-0.866666666667 3.97935069455 0.0305308095462
-0.866666666667 4.18879020479 0.0388953928148
-0.866666666667 4.39822971503 0.0905550273742
-0.866666666667 4.60766922527 0.170196690889
-0.866666666667 4.8171087355 0.30406710401
-0.866666666667 5.02654824574 0.190532920168
-0.866666666667 5.23598775598 0.332070484075
-0.866666666667 5.44542726622 0.828695850945
-0.866666666667 5.65486677646 0.711787574782
-0.866666666667 5.8643062867 0.679544871092
-0.866666666667 6.07374579694 0.42366110379

-0.8 0 0.199885036538
-0.8 0.209439510239 0.142455018508
-0.8 0.418879020479 0.102947035884
-0.8 0.628318530718 0.152037124728
-0.8 0.837758040957 0.199295253029
-0.8 1.0471975512 0.232001379666
-0.8 1.25663706144 0.224931527864
-0.8 1.46607657168 0.151514443558
-0.8 1.67551608191 0.205439940513
-0.8 1.88495559215 0.51594120715
-0.8 2.09439510239 0.347283285521
-0.8 2.30383461263 0.263204478027
-0.8 2.51327412287 0.248691664151
-0.8 2.72271363311 0.123483357295
-0.8 2.93215314335 0.329473522278
-0.8 3.14159265359 0.577760641403
-0.8 3.35103216383 0.443391579897
-0.8 3.56047167407 0.266503417562
-0.8 3.76991118431 0.327939809169
-0.8 3.97935069455 0.360776416229
-0.8 4.18879020479 0.221844951649
-0.8 4.39822971503 0.0857168173157
-0.8 4.60766922527 0.064512325037
-0.8 4.8171087355 0.260095232901
-0.8 5.02654824574 0.32401070042
-0.8 5.23598775598 0.169083192437
-0.8 5.44542726622 0.690819802025
-0.8 5.65486677646 0.662346828444
-0.8 5.8643062867 0.78170758821
-0.8 6.07374579694 0.321519124543

-0.733333333333 0 0.139504970786
-0.733333333333 0.209439510239 0.0490020098655
-0.733333333333 0.418879020479 0.0736474621376
-0.733333333333 0.628318530718 0.104191201872
-0.733333333333 0.837758040957 0.109345193842
-0.733333333333 1.0471975512 0.148714940082
-0.733333333333 1.25663706144 0.208524366447
-0.733333333333 1.46607657168 0.248176820945
-0.733333333333 1.67551608191 0.189965095512
-0.733333333333 1.88495559215 0.352943319812
-0.733333333333 2.09439510239 0.346149522379
-0.733333333333 2.30383461263 0.301954232085
-0.733333333333 2.51327412287 0.240422523205
-0.733333333333 2.72271363311 0.120631745558
-0.733333333333 2.93215314335 0.470473259989
-0.733333333333 3.14159265359 0.689893834309
-0.733333333333 3.35103216383 0.407992392336
-0.733333333333 3.56047167407 0.4909753164
-0.733333333333 3.76991118431 0.796263297815
-0.733333333333 3.97935069455 0.870922950576
-0.733333333333 4.18879020479 0.619206562332
-0.733333333333 4.39822971503 0.210131781883
-0.733333333333 4.60766922527 0.0190945374073
-0.733333333333 4.8171087355 0.169039411007
-0.733333333333 5.02654824574 0.410325453335
-0.733333333333 5.23598775598 0.0921526650631
-0.733333333333 5.44542726622 0.571156337972
-0.733333333333 5.65486677646 0.648593701199
-0.733333333333 5.8643062867 0.731526694926
-0.733333333333 6.07374579694 0.211342404051

-0.666666666667 0 0.11734573445
-0.666666666667 0.209439510239 0.0363400301015
-0.666666666667 0.418879020479 0.0959107489785
-0.666666666667 0.628318530718 0.0851915278783
-0.666666666667 0.837758040957 0.0842261156081
-0.666666666667 1.0471975512 0.115684648637
-0.666666666667 1.25663706144 0.140596406823
-0.666666666667 1.46607657168 0.22811701601
-0.666666666667 1.67551608191 0.270928401164
-0.666666666667 1.88495559215 0.245719928431
-0.666666666667 2.09439510239 0.3227468628
-0.666666666667 2.30383461263 0.32467447527
-0.666666666667 2.51327412287 0.226715906429
-0.666666666667 2.72271363311 0.164166728037
-0.666666666667 2.93215314335 0.609262078039
-0.666666666667 3.14159265359 0.673531905959
-0.666666666667 3.35103216383 0.391236596147
-0.666666666667 3.56047167407 0.670959429993
-0.666666666667 3.76991118431 0.892993545726
-0.666666666667 3.97935069455 0.889046249361
-0.666666666667 4.18879020479 0.725349165177
-0.666666666667 4.39822971503 0.35130000222
-0.666666666667 4.60766922527 0.0666778696438
-0.666666666667 4.8171087355 0.186533199228
-0.666666666667 5.02654824574 0.436761581656
-0.666666666667 5.23598775598 0.0621054786276
-0.666666666667 5.44542726622 0.490775117945
-0.666666666667 5.65486677646 0.622897423121
-0.666666666667 5.8643062867 0.612525528143
-0.666666666667 6.07374579694 0.164769538385

-0.6 0 0.122793290761
-0.6 0.209439510239 0.0574950615074
-0.6 0.418879020479 0.13146594204
-0.6 0.628318530718 0.116783378486
-0.6 0.837758040957 0.154959222423
-0.6 1.0471975512 0.194992442744
-0.6 1.25663706144 0.162891827415
-0.6 1.46607657168 0.158667488722
-0.6 1.67551608191 0.327337918283
-0.6 1.88495559215 0.208126525163
-0.6 2.09439510239 0.288089202651
-0.6 2.30383461263 0.33528608395
-0.6 2.51327412287 0.217672987371
-0.6 2.72271363311 0.229107824256
-0.6 2.93215314335 0.703095678676
-0.6 3.14159265359 0.588602377127
-0.6 3.35103216383 0.395397736706
-0.6 3.56047167407 0.657797238969
-0.6 3.76991118431 0.654267076322
-0.6 3.97935069455 0.567452112662
-0.6 4.18879020479 0.523325941157
-0.6 4.39822971503 0.366226357497
-0.6 4.60766922527 0.16092308705
-0.6 4.8171087355 0.298742175929
-0.6 5.02654824574 0.485442492076
-0.6 5.23598775598 0.0506593603552
-0.6 5.44542726622 0.441401515062
-0.6 5.65486677646 0.580558756208
-0.6 5.8643062867 0.509466280103
-0.6 6.07374579694 0.165096486591

-0.533333333333 0 0.124077633567
-0.533333333333 0.209439510239 0.08770994897
-0.533333333333 0.418879020479 0.147311348653
-0.533333333333 0.628318530718 0.152037610877
-0.533333333333 0.837758040957 0.221395455101
-0.533333333333 1.0471975512 0.286535057064
-0.533333333333 1.25663706144 0.256317212396
-0.533333333333 1.46607657168 0.122031350121
-0.533333333333 1.67551608191 0.329552353889
-0.533333333333 1.88495559215 0.219150654424
-0.533333333333 2.09439510239 0.250859848633
-0.533333333333 2.30383461263 0.337744559604
-0.533333333333 2.51327412287 0.2159669453
-0.533333333333 2.72271363311 0.296926152799
-0.533333333333 2.93215314335 0.749553606912
-0.533333333333 3.14159265359 0.489595282988
-0.533333333333 3.35103216383 0.390572246431
-0.533333333333 3.56047167407 0.530769325492
-0.533333333333 3.76991118431 0.391185600697
-0.533333333333 3.97935069455 0.288637628931
-0.533333333333 4.18879020479 0.303351496659
-0.533333333333 4.39822971503 0.274976832891
-0.533333333333 4.60766922527 0.23082939683
-0.533333333333 4.8171087355 0.40875045309
-0.533333333333 5.02654824574 0.580860779027
-0.533333333333 5.23598775598 0.0481152881889
-0.533333333333 5.44542726622 0.412543789395
-0.533333333333 5.65486677646 0.531116101977
-0.533333333333 5.8643062867 0.44313594027
-0.533333333333 6.07374579694 0.18537429196

-0.466666666667 0 0.113224200873
-0.466666666667 0.209439510239 0.111100218594
-0.466666666667 0.418879020479 0.133617292893
-0.466666666667 0.628318530718 0.169035781921
-0.466666666667 0.837758040957 0.228222438408
-0.466666666667 1.0471975512 0.31439467043
-0.466666666667 1.25663706144 0.349900655637
-0.466666666667 1.46607657168 0.136906094377
-0.466666666667 1.67551608191 0.294489114646
-0.466666666667 1.88495559215 0.253286052619
-0.466666666667 2.09439510239 0.216397866169
-0.466666666667 2.30383461263 0.335210781999
-0.466666666667 2.51327412287 0.220941260584
-0.466666666667 2.72271363311 0.358229639482
-0.466666666667 2.93215314335 0.760112591318
-0.466666666667 3.14159265359 0.401879305848
-0.466666666667 3.35103216383 0.36878274972
-0.466666666667 3.56047167407 0.40371336541
-0.466666666667 3.76991118431 0.249921853417
-0.466666666667 3.97935069455 0.169972659393
-0.466666666667 4.18879020479 0.211118970452
-0.466666666667 4.39822971503 0.174337191949
-0.466666666667 4.60766922527 0.249755723354
-0.466666666667 4.8171087355 0.465045205135
-0.466666666667 5.02654824574 0.700914372973
-0.466666666667 5.23598775598 0.0516511098478
-0.466666666667 5.44542726622 0.396530982637
-0.466666666667 5.65486677646 0.48309604415
-0.466666666667 5.8643062867 0.405677616857
-0.466666666667 6.07374579694 0.210063644318

-0.4 0 0.0973108897246
-0.4 0.209439510239 0.116658644714
-0.4 0.418879020479 0.113219030888
-0.4 0.628318530718 0.179587152266
-0.4 0.837758040957 0.190551936036
-0.4 1.0471975512 0.277735277639
-0.4 1.25663706144 0.402377226263
-0.4 1.46607657168 0.18432042777
-0.4 1.67551608191 0.246291796867
-0.4 1.88495559215 0.292140465717
-0.4 2.09439510239 0.187308202747
-0.4 2.30383461263 0.329967725201
-0.4 2.51327412287 0.230871565196
-0.4 2.72271363311 0.409720915635
-0.4 2.93215314335 0.747228475368
-0.4 3.14159265359 0.332783701728
-0.4 3.35103216383 0.33872249263
-0.4 3.56047167407 0.329411439309
-0.4 3.76991118431 0.216999945928
-0.4 3.97935069455 0.151403778906
-0.4 4.18879020479 0.216815308529
-0.4 4.39822971503 0.119558552964
-0.4 4.60766922527 0.230191687016
-0.4 4.8171087355 0.468988218937
-0.4 5.02654824574 0.817082876051
-0.4 5.23598775598 0.0597461307567
-0.4 5.44542726622 0.388211907845
-0.4 5.65486677646 0.441265128922
-0.4 5.8643062867 0.385205644475
-0.4 6.07374579694 0.231860233569

-0.333333333333 0 0.0834288393775
-0.333333333333 0.209439510239 0.105474197163
-0.333333333333 0.418879020479 0.107717487211
-0.333333333333 0.628318530718 0.192434382099
-0.333333333333 0.837758040957 0.141502758242
-0.333333333333 1.0471975512 0.211100750961
-0.333333333333 1.25663706144 0.410421882561
-0.333333333333 1.46607657168 0.240308401354
-0.333333333333 1.67551608191 0.201098846421
-0.333333333333 1.88495559215 0.325730866378
-0.333333333333 2.09439510239 0.164402361394
-0.333333333333 2.30383461263 0.323551678235
-0.333333333333 2.51327412287 0.243994800892
-0.333333333333 2.72271363311 0.451213846111
-0.333333333333 2.93215314335 0.720566577821
-0.333333333333 3.14159265359 0.28184802393
-0.333333333333 3.35103216383 0.311838063168
-0.333333333333 3.56047167407 0.309308512218
-0.333333333333 3.76991118431 0.234470871343
-0.333333333333 3.97935069455 0.158483415615
-0.333333333333 4.18879020479 0.250404452864
-0.333333333333 4.39822971503 0.110473036924
-0.333333333333 4.60766922527 0.19526950634
-0.333333333333 4.8171087355 0.442158110655
-0.333333333333 5.02654824574 0.911985959636
-0.333333333333 5.23598775598 0.0709399376792
-0.333333333333 5.44542726622 0.384115978533
-0.333333333333 5.65486677646 0.407513804944
-0.333333333333 5.8643062867 0.373260739965
-0.333333333333 6.07374579694 0.247916748841

-0.266666666667 0 0.0743381738637
-0.266666666667 0.209439510239 0.0861315200576
-0.266666666667 0.418879020479 0.119465389101
-0.266666666667 0.628318530718 0.203803206485
-0.266666666667 0.837758040957 0.101101938909
-0.266666666667 1.0471975512 0.14522369063
-0.266666666667 1.25663706144 0.389520296726
-0.266666666667 1.46607657168 0.289421347561
-0.266666666667 1.67551608191 0.165848601379
-0.266666666667 1.88495559215 0.350185790128
-0.266666666667 2.09439510239 0.1475021187
-0.266666666667 2.30383461263 0.316921261302
-0.266666666667 2.51327412287 0.258875413045
-0.266666666667 2.72271363311 0.483815093512
-0.266666666667 2.93215314335 0.686803815151
-0.266666666667 3.14159265359 0.246117767472
-0.266666666667 3.35103216383 0.295699649718
-0.266666666667 3.56047167407 0.32373892526
-0.266666666667 3.76991118431 0.258116452485
-0.266666666667 3.97935069455 0.156571302989
-0.266666666667 4.18879020479 0.27347768071
-0.266666666667 4.39822971503 0.125829979983
-0.266666666667 4.60766922527 0.161926497917
-0.266666666667 4.8171087355 0.404971618101
-0.266666666667 5.02654824574 0.980104249984
-0.266666666667 5.23598775598 0.0838785486657
-0.266666666667 5.44542726622 0.381846759549
-0.266666666667 5.65486677646 0.382102338913
-0.266666666667 5.8643062867 0.365151968412
-0.266666666667 6.07374579694 0.257805256615

-0.2 0 0.0699288795116
-0.2 0.209439510239 0.0667630293679
-0.2 0.418879020479 0.139254295415
-0.2 0.628318530718 0.207315814746
-0.2 0.837758040957 0.0745379129839
-0.2 1.0471975512 0.0950219650123
-0.2 1.25663706144 0.357253590528
-0.2 1.46607657168 0.325370036118
-0.2 1.67551608191 0.141575134822
-0.2 1.88495559215 0.365104401529
-0.2 2.09439510239 0.136001863521
-0.2 2.30383461263 0.31060621555
-0.2 2.51327412287 0.2744607959
-0.2 2.72271363311 0.509037277997
-0.2 2.93215314335 0.650259413621
-0.2 3.14159265359 0.22240412406
-0.2 3.35103216383 0.29311456764
-0.2 3.56047167407 0.351338987531
-0.2 3.76991118431 0.266984721435
-0.2 3.97935069455 0.142172474531
-0.2 4.18879020479 0.281065524581
-0.2 4.39822971503 0.147662024982
-0.2 4.60766922527 0.137969081916
-0.2 4.8171087355 0.370343949084
-0.2 5.02654824574 1.02318011525
-0.2 5.23598775598 0.0974971065884
-0.2 5.44542726622 0.379707760783
-0.2 5.65486677646 0.364549252694
-0.2 5.8643062867 0.358632425989
-0.2 6.07374579694 0.262326946399

-0.133333333333 0 0.0692858806911
-0.133333333333 0.209439510239 0.05161031156
-0.133333333333 0.418879020479 0.158114213097
-0.133333333333 0.628318530718 0.201480915863
-0.133333333333 0.837758040957 0.0595269002446
-0.133333333333 1.0471975512 0.0632426617
-0.133333333333 1.25663706144 0.32612269254
-0.133333333333 1.46607657168 0.347528316322
-0.133333333333 1.67551608191 0.126691610146
-0.133333333333 1.88495559215 0.37162512651
-0.133333333333 2.09439510239 0.129216673598
-0.133333333333 2.30383461263 0.304821618035
-0.133333333333 2.51327412287 0.290012161723
-0.133333333333 2.72271363311 0.528445922989
-0.133333333333 2.93215314335 0.613482367683
-0.133333333333 3.14159265359 0.208073890385
-0.133333333333 3.35103216383 0.30365375389
-0.133333333333 3.56047167407 0.377207800939
-0.133333333333 3.76991118431 0.256156970251
-0.133333333333 3.97935069455 0.123725216268
-0.133333333333 4.18879020479 0.281991894998
-0.133333333333 4.39822971503 0.167001657814
-0.133333333333 4.60766922527 0.124995344845
-0.133333333333 4.8171087355 0.344577580108
-0.133333333333 5.02654824574 1.045882726
-0.133333333333 5.23598775598 0.111091403237
-0.133333333333 5.44542726622 0.37647796638
-0.133333333333 5.65486677646 0.354150776629
-0.133333333333 5.8643062867 0.35270163706
-0.133333333333 6.07374579694 0.262739400013

-0.0666666666667 0 0.0717844594832
-0.0666666666667 0.209439510239 0.041458206405
-0.0666666666667 0.418879020479 0.172196372229
-0.0666666666667 0.628318530718 0.189789607344
-0.0666666666667 0.837758040957 0.0521267075009
-0.0666666666667 1.0471975512 0.047119696408
-0.0666666666667 1.25663706144 0.302818063106
-0.0666666666667 1.46607657168 0.357581378613
-0.0666666666667 1.67551608191 0.119051323437
-0.0666666666667 1.88495559215 0.37129900906
-0.0666666666667 2.09439510239 0.12657421922
-0.0666666666667 2.30383461263 0.299548174811
-0.0666666666667 2.51327412287 0.304998480657
-0.0666666666667 2.72271363311 0.543562014767
-0.0666666666667 2.93215314335 0.577672947581
-0.0666666666667 3.14159265359 0.201197728669
-0.0666666666667 3.35103216383 0.325602301466
-0.0666666666667 3.56047167407 0.395006778263
-0.0666666666667 3.76991118431 0.228945303483
-0.0666666666667 3.97935069455 0.11008441301
-0.0666666666667 4.18879020479 0.284668968763
-0.0666666666667 4.39822971503 0.181101417615
-0.0666666666667 4.60766922527 0.121735701696
-0.0666666666667 4.8171087355 0.329978685391
-0.0666666666667 5.02654824574 1.05311784622
-0.0666666666667 5.23598775598 0.124291406274
-0.0666666666667 5.44542726622 0.371277543281
-0.0666666666667 5.65486677646 0.350248687315
-0.0666666666667 5.8643062867 0.346872608333
-0.0666666666667 6.07374579694 0.260267604161

6.12323399574e-17 0 0.077363271177
6.12323399574e-17 0.209439510239 0.0352225128038
6.12323399574e-17 0.418879020479 0.181943331549
6.12323399574e-17 0.628318530718 0.177787079663
6.12323399574e-17 0.837758040957 0.049604283109
6.12323399574e-17 1.0471975512 0.0430775777313
6.12323399574e-17 1.25663706144 0.28977356637
6.12323399574e-17 1.46607657168 0.357477520235
6.12323399574e-17 1.67551608191 0.116902601478
6.12323399574e-17 1.88495559215 0.36558345109
6.12323399574e-17 2.09439510239 0.127699737292
6.12323399574e-17 2.30383461263 0.294583875503
6.12323399574e-17 2.51327412287 0.31898730764
6.12323399574e-17 2.72271363311 0.555865208318
6.12323399574e-17 2.93215314335 0.543018900389
6.12323399574e-17 3.14159265359 0.200453138515
6.12323399574e-17 3.35103216383 0.357274972499
6.12323399574e-17 3.56047167407 0.406908863948
6.12323399574e-17 3.76991118431 0.192887618252
6.12323399574e-17 3.97935069455 0.106912607315
6.12323399574e-17 4.18879020479 0.292471696573
6.12323399574e-17 4.39822971503 0.189936879094
6.12323399574e-17 4.60766922527 0.126148802859
6.12323399574e-17 4.8171087355 0.327052531779
6.12323399574e-17 5.02654824574 1.04873591092
6.12323399574e-17 5.23598775598 0.136988786078
6.12323399574e-17 5.44542726622 0.363491274867
6.12323399574e-17 5.65486677646 0.352349583612
6.12323399574e-17 5.8643062867 0.340818494119
6.12323399574e-17 6.07374579694 0.255827266048

0.0666666666667 0 0.086395266322
0.0666666666667 0.209439510239 0.0312534280165
0.0666666666667 0.418879020479 0.189447790924
0.0666666666667 0.628318530718 0.170944550582
0.0666666666667 0.837758040957 0.051639346773
0.0666666666667 1.0471975512 0.0489266976551
0.0666666666667 1.25663706144 0.286679065142
0.0666666666667 1.46607657168 0.348610761607
0.0666666666667 1.67551608191 0.119114823582
0.0666666666667 1.88495559215 0.355768106585
0.0666666666667 2.09439510239 0.132423542296
0.0666666666667 2.30383461263 0.289574692505
0.0666666666667 2.51327412287 0.331544045566
0.0666666666667 2.72271363311 0.566812575949
0.0666666666667 2.93215314335 0.509058279299
0.0666666666667 3.14159265359 0.204950200498
0.0666666666667 3.35103216383 0.397078366422
0.0666666666667 3.56047167407 0.423181050498
0.0666666666667 3.76991118431 0.159225469005
0.0666666666667 3.97935069455 0.117127692106
0.0666666666667 4.18879020479 0.304414060576
0.0666666666667 4.39822971503 0.19443041974
0.0666666666667 4.60766922527 0.13636613981
0.0666666666667 4.8171087355 0.335884478384
0.0666666666667 5.02654824574 1.03507008215
0.0666666666667 5.23598775598 0.149253951889
0.0666666666667 5.44542726622 0.352733413199
0.0666666666667 5.65486677646 0.360163822662
0.0666666666667 5.8643062867 0.334250793514
0.0666666666667 6.07374579694 0.24989876397

0.133333333333 0 0.0993958717333
0.133333333333 0.209439510239 0.0281530531055
0.133333333333 0.418879020479 0.196134969199
0.133333333333 0.628318530718 0.173980049198
0.133333333333 0.837758040957 0.0607079044672
0.133333333333 1.0471975512 0.0641562651394
0.133333333333 1.25663706144 0.2912440587
0.133333333333 1.46607657168 0.331953006908
0.133333333333 1.67551608191 0.124936057561
0.133333333333 1.88495559215 0.343221721808
0.133333333333 2.09439510239 0.140718868809
0.133333333333 2.30383461263 0.284031573107
0.133333333333 2.51327412287 0.342142580671
0.133333333333 2.72271363311 0.57780789148
0.133333333333 2.93215314335 0.475203215285
0.133333333333 3.14159265359 0.214034536548
0.133333333333 3.35103216383 0.441946880638
0.133333333333 3.56047167407 0.461018930016
0.133333333333 3.76991118431 0.144156280731
0.133333333333 3.97935069455 0.14247301095
0.133333333333 4.18879020479 0.317182500766
0.133333333333 4.39822971503 0.196239795654
0.133333333333 4.60766922527 0.150945388021
0.133333333333 4.8171087355 0.356884563285
0.133333333333 5.02654824574 1.01284836428
0.133333333333 5.23598775598 0.1612573109
0.133333333333 5.44542726622 0.338848490952
0.133333333333 5.65486677646 0.373604770843
0.133333333333 5.8643062867 0.326915059986
0.133333333333 6.07374579694 0.242507772171

0.2 0 0.116613189489
0.2 0.209439510239 0.0254012921594
0.2 0.418879020479 0.201165423667
0.2 0.628318530718 0.190370067335
0.2 0.837758040957 0.0814667401251
0.2 1.0471975512 0.0888038239085
0.2 1.25663706144 0.299519002913
0.2 1.46607657168 0.308952023039
0.2 1.67551608191 0.133383977672
0.2 1.88495559215 0.32991129435
0.2 2.09439510239 0.152556261069
0.2 2.30383461263 0.277343172012
0.2 2.51327412287 0.350092994811
0.2 2.72271363311 0.590038373143
0.2 2.93215314335 0.441594402731
0.2 3.14159265359 0.227081201655
0.2 3.35103216383 0.484213530932
0.2 3.56047167407 0.539949526776
0.2 3.76991118431 0.169182456046
0.2 3.97935069455 0.1846547948
0.2 4.18879020479 0.327017634365
0.2 4.39822971503 0.198434668326
0.2 4.60766922527 0.168778499403
0.2 4.8171087355 0.391116584909
0.2 5.02654824574 0.98121466728
0.2 5.23598775598 0.173192935328
0.2 5.44542726622 0.321948260954
0.2 5.65486677646 0.39276940386
0.2 5.8643062867 0.31863548459
0.2 6.07374579694 0.233294180172

0.266666666667 0 0.137446416971
0.266666666667 0.209439510239 0.0240869368601
0.266666666667 0.418879020479 0.200511025615
0.266666666667 0.628318530718 0.220471459752
0.266666666667 0.837758040957 0.118273872809
0.266666666667 1.0471975512 0.12140334625
0.266666666667 1.25663706144 0.306902482257
0.266666666667 1.46607657168 0.282910301678
0.266666666667 1.67551608191 0.142352976398
0.266666666667 1.88495559215 0.319143580711
0.266666666667 2.09439510239 0.16764624303
0.266666666667 2.30383461263 0.268797066968
0.266666666667 2.51327412287 0.354504123441
0.266666666667 2.72271363311 0.604052128585
0.266666666667 2.93215314335 0.410464145864
0.266666666667 3.14159265359 0.243287680971
0.266666666667 3.35103216383 0.508291410127
0.266666666667 3.56047167407 0.669394702702
0.266666666667 3.76991118431 0.256319291569
0.266666666667 3.97935069455 0.245164863849
0.266666666667 4.18879020479 0.331636046761
0.266666666667 4.39822971503 0.206412998675
0.266666666667 4.60766922527 0.188850304448
0.266666666667 4.8171087355 0.440281771316
0.266666666667 5.02654824574 0.937772802903
0.266666666667 5.23598775598 0.185189088994
0.266666666667 5.44542726622 0.302488622896
0.266666666667 5.65486677646 0.417911915608
0.266666666667 5.8643062867 0.309367255152
0.266666666667 6.07374579694 0.221681056725

0.333333333333 0 0.159665241988
0.333333333333 0.209439510239 0.0277138314415
0.333333333333 0.418879020479 0.187305084052
0.333333333333 0.628318530718 0.257637675809
0.333333333333 0.837758040957 0.170323653232
0.333333333333 1.0471975512 0.157571877988
0.333333333333 1.25663706144 0.311485506168
0.333333333333 1.46607657168 0.259747801663
0.333333333333 1.67551608191 0.147849826621
0.333333333333 1.88495559215 0.316323818069
0.333333333333 2.09439510239 0.185041711067
0.333333333333 2.30383461263 0.257631696638
0.333333333333 2.51327412287 0.354318640832
0.333333333333 2.72271363311 0.618902992157
0.333333333333 2.93215314335 0.388028095502
0.333333333333 3.14159265359 0.261471649331
0.333333333333 3.35103216383 0.491486117397
0.333333333333 3.56047167407 0.82633966178
0.333333333333 3.76991118431 0.413103595188
0.333333333333 3.97935069455 0.323036862234
0.333333333333 4.18879020479 0.33286629921
0.333333333333 4.39822971503 0.228154409497
0.333333333333 4.60766922527 0.210019521746
0.333333333333 4.8171087355 0.506179852895
0.333333333333 5.02654824574 0.878745622878
0.333333333333 5.23598775598 0.197176318046
0.333333333333 5.44542726622 0.281393349552
0.333333333333 5.65486677646 0.449414760504
0.333333333333 5.8643062867 0.299235845768
0.333333333333 6.07374579694 0.207173929806

0.4 0 0.178614748423
0.4 0.209439510239 0.0423492304935
0.4 0.418879020479 0.155128170602
0.4 0.628318530718 0.284469981108
0.4 0.837758040957 0.22626340411
0.4 1.0471975512 0.192390201977
0.4 1.25663706144 0.319730701539
0.4 1.46607657168 0.245298842913
0.4 1.67551608191 0.144751346633
0.4 1.88495559215 0.329076336649
0.4 2.09439510239 0.20261693822
0.4 2.30383461263 0.243157586576
0.4 2.51327412287 0.348487446448
0.4 2.72271363311 0.630713366188
0.4 2.93215314335 0.386288292804
0.4 3.14159265359 0.279911612697
0.4 3.35103216383 0.416985309084
0.4 3.56047167407 0.934471819333
0.4 3.76991118431 0.607496371586
0.4 3.97935069455 0.410475894655
0.4 4.18879020479 0.339871542271
0.4 4.39822971503 0.272163440115
0.4 4.60766922527 0.231157926425
0.4 4.8171087355 0.589124054388
0.4 5.02654824574 0.799569352291
0.4 5.23598775598 0.208669859512
0.4 5.44542726622 0.260230313757
0.4 5.65486677646 0.48775758792
0.4 5.8643062867 0.288553910332
0.4 6.07374579694 0.189803870043

0.466666666667 0 0.187082312264
0.466666666667 0.209439510239 0.074407279484
0.466666666667 0.418879020479 0.105727880852
0.466666666667 0.628318530718 0.275848005316
0.466666666667 0.837758040957 0.264442969933
0.466666666667 1.0471975512 0.227745191676
0.466666666667 1.25663706144 0.347025060501
0.466666666667 1.46607657168 0.235556857726
0.466666666667 1.67551608191 0.132083650562
0.466666666667 1.88495559215 0.365152806237
0.466666666667 2.09439510239 0.216603607618
0.466666666667 2.30383461263 0.225016920377
0.466666666667 2.51327412287 0.336377455295
0.466666666667 2.72271363311 0.63079492781
0.466666666667 2.93215314335 0.422447168346
0.466666666667 3.14159265359 0.296542401089
0.466666666667 3.35103216383 0.305064800956
0.466666666667 3.56047167407 0.882587480873
0.466666666667 3.76991118431 0.751772223375
0.466666666667 3.97935069455 0.489860269787
0.466666666667 4.18879020479 0.37032856033
0.466666666667 4.39822971503 0.340832133103
0.466666666667 4.60766922527 0.25229356909
0.466666666667 4.8171087355 0.684416736263
0.466666666667 5.02654824574 0.696516777772
0.466666666667 5.23598775598 0.218416756027
0.466666666667 5.44542726622 0.241440832289
0.466666666667 5.65486677646 0.533483002369
0.466666666667 5.8643062867 0.277834468792
0.466666666667 6.07374579694 0.170627532757

0.533333333333 0 0.177219489545
0.533333333333 0.209439510239 0.124175060994
0.533333333333 0.418879020479 0.0581047286775
0.533333333333 0.628318530718 0.2167459651
0.533333333333 0.837758040957 0.265592026112
0.533333333333 1.0471975512 0.273842675097
0.533333333333 1.25663706144 0.394813055168
0.533333333333 1.46607657168 0.204387631853
0.533333333333 1.67551608191 0.125800451489
0.533333333333 1.88495559215 0.425284731059
0.533333333333 2.09439510239 0.221799496662
0.533333333333 2.30383461263 0.203701389015
0.533333333333 2.51327412287 0.318484862573
0.533333333333 2.72271363311 0.604470958771
0.533333333333 2.93215314335 0.510425746129
0.533333333333 3.14159265359 0.310628043345
0.533333333333 3.35103216383 0.244972437805
0.533333333333 3.56047167407 0.629499246627
0.533333333333 3.76991118431 0.741817737565
0.533333333333 3.97935069455 0.541929581044
0.533333333333 4.18879020479 0.442628745578
0.533333333333 4.39822971503 0.418724266765
0.533333333333 4.60766922527 0.277314270947
0.533333333333 4.8171087355 0.776156491152
0.533333333333 5.02654824574 0.570117703453
0.533333333333 5.23598775598 0.22388269667
0.533333333333 5.44542726622 0.228607589016
0.533333333333 5.65486677646 0.587145483224
0.533333333333 5.8643062867 0.267896510469
0.533333333333 6.07374579694 0.151946854195

0.6 0 0.14606433117
0.6 0.209439510239 0.176534835398
0.6 0.418879020479 0.0458072293767
0.6 0.628318530718 0.128478943014
0.6 0.837758040957 0.2299501264
0.6 1.0471975512 0.320769266164
0.6 1.25663706144 0.402437775317
0.6 1.46607657168 0.119411115979
0.6 1.67551608191 0.1715844477
0.6 1.88495559215 0.48839514218
0.6 2.09439510239 0.214027422418
0.6 2.30383461263 0.181492891317
0.6 2.51327412287 0.297315995732
0.6 2.72271363311 0.534168061089
0.6 2.93215314335 0.636326093303
0.6 3.14159265359 0.326928822085
0.6 3.35103216383 0.357632547441
0.6 3.56047167407 0.354754301046
0.6 3.76991118431 0.58250664291
0.6 3.97935069455 0.570611339653
0.6 4.18879020479 0.549774412939
0.6 4.39822971503 0.463755778745
0.6 4.60766922527 0.316514355698
0.6 4.8171087355 0.830132183125
0.6 5.02654824574 0.430697312298
0.6 5.23598775598 0.220684674951
0.6 5.44542726622 0.226706057235
0.6 5.65486677646 0.649202550937
0.6 5.8643062867 0.260345131128
0.6 6.07374579694 0.136498808482

0.666666666667 0 0.103438914982
0.666666666667 0.209439510239 0.199868868408
0.666666666667 0.418879020479 0.0871246411915
0.666666666667 0.628318530718 0.0667917267604
0.666666666667 0.837758040957 0.169270728496
0.666666666667 1.0471975512 0.293436623305
0.666666666667 1.25663706144 0.265487194887
0.666666666667 1.46607657168 0.0273738113444
0.666666666667 1.67551608191 0.316653143975
0.666666666667 1.88495559215 0.496187342886
0.666666666667 2.09439510239 0.197854294702
0.666666666667 2.30383461263 0.163836780902
0.666666666667 2.51327412287 0.277576747856
0.666666666667 2.72271363311 0.41397323539
0.666666666667 2.93215314335 0.720566173753
0.666666666667 3.14159265359 0.354771396621
0.666666666667 3.35103216383 0.62158189879
0.666666666667 3.56047167407 0.395275431388
0.666666666667 3.76991118431 0.484678518662
0.666666666667 3.97935069455 0.61010110379
0.666666666667 4.18879020479 0.620228662673
0.666666666667 4.39822971503 0.42457919603
0.666666666667 4.60766922527 0.380149433401
0.666666666667 4.8171087355 0.795702386359
0.666666666667 5.02654824574 0.304017031822
0.666666666667 5.23598775598 0.202472403966
0.666666666667 5.44542726622 0.242191959589
0.666666666667 5.65486677646 0.719719055069
0.666666666667 5.8643062867 0.259083538324
0.666666666667 6.07374579694 0.12465149513

0.733333333333 0 0.0727061265698
0.733333333333 0.209439510239 0.171770970989
0.733333333333 0.418879020479 0.148728418615
0.733333333333 0.628318530718 0.0699078305965
0.733333333333 0.837758040957 0.0915081701173
0.733333333333 1.0471975512 0.134911582399
0.733333333333 1.25663706144 0.0603054634744
0.733333333333 1.46607657168 0.103994021908
0.733333333333 1.67551608191 0.482487052547
0.733333333333 1.88495559215 0.379979404196
0.733333333333 2.09439510239 0.201222202185
0.733333333333 2.30383461263 0.159821204068
0.733333333333 2.51327412287 0.263338342728
0.733333333333 2.72271363311 0.28029141964
0.733333333333 2.93215314335 0.624596358224
0.733333333333 3.14159265359 0.373691912427
0.733333333333 3.35103216383 0.742382457983
0.733333333333 3.56047167407 0.720303466183
0.733333333333 3.76991118431 0.610858367419
0.733333333333 3.97935069455 0.628189945974
0.733333333333 4.18879020479 0.524217121948
0.733333333333 4.39822971503 0.304293042647
0.733333333333 4.60766922527 0.448167808937
0.733333333333 4.8171087355 0.639959130016
0.733333333333 5.02654824574 0.228719244589
0.733333333333 5.23598775598 0.162756337578
0.733333333333 5.44542726622 0.282554931766
0.733333333333 5.65486677646 0.797491322509
0.733333333333 5.8643062867 0.274028177708
0.733333333333 6.07374579694 0.110303720067

0.8 0 0.0671451737481
0.8 0.209439510239 0.117334873891
0.8 0.418879020479 0.17283601987
0.8 0.628318530718 0.132945656467
0.8 0.837758040957 0.0866098630217
0.8 1.0471975512 0.0721645212712
0.8 1.25663706144 0.121144688816
0.8 1.46607657168 0.3197607692
0.8 1.67551608191 0.394425121233
0.8 1.88495559215 0.208672533026
0.8 2.09439510239 0.277403929382
0.8 2.30383461263 0.175253876956
0.8 2.51327412287 0.24963942729
0.8 2.72271363311 0.22646575487
0.8 2.93215314335 0.331227354871
0.8 3.14159265359 0.285583565819
0.8 3.35103216383 0.477763365377
0.8 3.56047167407 0.679734284654
0.8 3.76991118431 0.58507031999
0.8 3.97935069455 0.423573614867
0.8 4.18879020479 0.24269285038
0.8 4.39822971503 0.208411346118
0.8 4.60766922527 0.443981837487
0.8 4.8171087355 0.429417470682
0.8 5.02654824574 0.226953963588
0.8 5.23598775598 0.10234138341
0.8 5.44542726622 0.354390055364
0.8 5.65486677646 0.877399300503
0.8 5.8643062867 0.328039376828
0.8 6.07374579694 0.0846095136518

0.866666666667 0 0.0559628765553
0.866666666667 0.209439510239 0.0739218822775
0.866666666667 0.418879020479 0.126103262267
0.866666666667 0.628318530718 0.170522903069
0.866666666667 0.837758040957 0.185339006206
0.866666666667 1.0471975512 0.198138257929
0.866666666667 1.25663706144 0.213818795166
0.866666666667 1.46607657168 0.180462598622
0.866666666667 1.67551608191 0.141012099109
0.866666666667 1.88495559215 0.297260752042
0.866666666667 2.09439510239 0.41470118877
0.866666666667 2.30383461263 0.188454713298
0.866666666667 2.51327412287 0.215223075669
0.866666666667 2.72271363311 0.294796143224
0.866666666667 2.93215314335 0.182764435163
0.866666666667 3.14159265359 0.12253767419
0.866666666667 3.35103216383 0.129831838918
0.866666666667 3.56047167407 0.19551405166
0.866666666667 3.76991118431 0.17375476836
0.866666666667 3.97935069455 0.0959360657154
0.866666666667 4.18879020479 0.0948802519574
0.866666666667 4.39822971503 0.237869942361
0.866666666667 4.60766922527 0.379444999334
0.866666666667 4.8171087355 0.357005800915
0.866666666667 5.02654824574 0.235236126738
0.866666666667 5.23598775598 0.049817755289
0.866666666667 5.44542726622 0.457241519767
0.866666666667 5.65486677646 0.942029683793
0.866666666667 5.8643062867 0.462634790819
0.866666666667 6.07374579694 0.0794213958578

0.933333333333 0 0.109534616823
0.933333333333 0.209439510239 0.0818253533671
0.933333333333 0.418879020479 0.0753431416156
0.933333333333 0.628318530718 0.0680453523965
0.933333333333 0.837758040957 0.0646069600601
0.933333333333 1.0471975512 0.0734360577615
0.933333333333 1.25663706144 0.125011854444
0.933333333333 1.46607657168 0.265257054388
0.933333333333 1.67551608191 0.470524668554
0.933333333333 1.88495559215 0.562620340694
0.933333333333 2.09439510239 0.395472322717
0.933333333333 2.30383461263 0.158270745929
0.933333333333 2.51327412287 0.142332215083
0.933333333333 2.72271363311 0.285958898134
0.933333333333 2.93215314335 0.355126918335
0.933333333333 3.14159265359 0.330551479717
0.933333333333 3.35103216383 0.29741918145
0.933333333333 3.56047167407 0.287419434001
0.933333333333 3.76991118431 0.300147920242
0.933333333333 3.97935069455 0.340951656768
0.933333333333 4.18879020479 0.411707606979
0.933333333333 4.39822971503 0.479404482712
0.933333333333 4.60766922527 0.477114362914
0.933333333333 4.8171087355 0.341070267575
0.933333333333 5.02654824574 0.110428435442
0.933333333333 5.23598775598 0.103951905638
0.933333333333 5.44542726622 0.562345900969
0.933333333333 5.65486677646 0.930758306438
0.933333333333 5.8643062867 0.701469780441
0.933333333333 6.07374579694 0.289929553777

