-1 0 0.665326379873
-1 0.209439510239 0.665326379873
-1 0.418879020479 0.665326379873
-1 0.628318530718 0.665326379873
-1 0.837758040957 0.665326379873
-1 1.0471975512 0.665326379874
-1 1.25663706144 0.665326379874
-1 1.46607657168 0.665326379873
-1 1.67551608191 0.665326379873
-1 1.88495559215 0.665326379873
-1 2.09439510239 0.665326379873
-1 2.30383461263 0.665326379873
-1 2.51327412287 0.665326379873
-1 2.72271363311 0.665326379874
-1 2.93215314335 0.665326379873
-1 3.14159265359 0.665326379873
-1 3.35103216383 0.665326379873
-1 3.56047167407 0.665326379873
-1 3.76991118431 0.665326379873
-1 3.97935069455 0.665326379873
-1 4.18879020479 0.665326379874
-1 4.39822971503 0.665326379874
-1 4.60766922527 0.665326379873
-1 4.8171087355 0.665326379873
-1 5.02654824574 0.665326379873
-1 5.23598775598 0.665326379873
-1 5.44542726622 0.665326379873
-1 5.65486677646 0.665326379873
-1 5.8643062867 0.665326379874
-1 6.07374579694 0.665326379873

-0.933333333333 0 1.33509338839
-0.933333333333 0.209439510239 1.29161013161
-0.933333333333 0.418879020479 1.26420192155
-0.933333333333 0.628318530718 1.33832711983
-0.933333333333 0.837758040957 1.52331392189
-0.933333333333 1.0471975512 1.73597924627
-0.933333333333 1.25663706144 1.77802598126
-0.933333333333 1.46607657168 1.45147990652
-0.933333333333 1.67551608191 0.911885707861
-0.933333333333 1.88495559215 0.633765260565
-0.933333333333 2.09439510239 0.677270462807
-0.933333333333 2.30383461263 0.610110889147
-0.933333333333 2.51327412287 0.359036310255
-0.933333333333 2.72271363311 0.158136118337
-0.933333333333 2.93215314335 0.0589055054065
-0.933333333333 3.14159265359 0.0381162396069
-0.933333333333 3.35103216383 0.0879449765462
-0.933333333333 3.56047167407 0.14772875864
-0.933333333333 3.76991118431 0.169138942806
-0.933333333333 3.97935069455 0.151878131384
-0.933333333333 4.18879020479 0.117207974067
-0.933333333333 4.39822971503 0.112480738722
-0.933333333333 4.60766922527 0.225169253041
-0.933333333333 4.8171087355 0.49928037912
-0.933333333333 5.02654824574 0.776412150643
-0.933333333333 5.23598775598 0.777596334615
-0.933333333333 5.44542726622 0.666387458765
-0.933333333333 5.65486677646 0.865773185831
-0.933333333333 5.8643062867 1.19214313124
-0.933333333333 6.07374579694 1.32611858889

-0.866666666667 0 0.786930957623
-0.866666666667 0.209439510239 0.436970523938
-0.866666666667 0.418879020479 0.528191110793
-0.866666666667 0.628318530718 0.613683797113
-0.866666666667 0.837758040957 0.595997870442
-0.866666666667 1.0471975512 0.746265515679
-0.866666666667 1.25663706144 1.37239580812
-0.866666666667 1.46607657168 2.20996940805
-0.866666666667 1.67551608191 2.09367836568
-0.866666666667 1.88495559215 0.967563948608
-0.866666666667 2.09439510239 0.519417748837
-0.866666666667 2.30383461263 0.52588217743
-0.866666666667 2.51327412287 0.179197847452
-0.866666666667 2.72271363311 0.0391885868794
-0.866666666667 2.93215314335 0.0943526500822
-0.866666666667 3.14159265359 0.233712714206
-0.866666666667 3.35103216383 0.326433854428
-0.866666666667 3.56047167407 0.289304767275
-0.866666666667 3.76991118431 0.240960774696
-0.866666666667 3.97935069455 0.236777243765
-0.866666666667 4.18879020479 0.249528421143
-0.866666666667 4.39822971503 0.243955123167
-0.866666666667 4.60766922527 0.288516855158
-0.866666666667 4.8171087355 0.513863283745
-0.866666666667 5.02654824574 0.700496984892
-0.866666666667 5.23598775598 0.593036405547
-0.866666666667 5.44542726622 0.58847790196
-0.866666666667 5.65486677646 1.06319830219
-0.866666666667 5.8643062867 1.33764006076
-0.866666666667 6.07374579694 1.25677306412

-0.8 0 0.406238572837
-0.8 0.209439510239 1.28477978231
-0.8 0.418879020479 1.64380563251
-0.8 0.628318530718 1.29353121867
-0.8 0.837758040957 0.878767230146
-0.8 1.0471975512 0.49449096309
-0.8 1.25663706144 0.388831438097
-0.8 1.46607657168 1.27247111949
-0.8 1.67551608191 2.48838120721
-0.8 1.88495559215 1.71888462878
-0.8 2.09439510239 0.502559405084
-0.8 2.30383461263 0.444972382554
-0.8 2.51327412287 0.0822735601246
-0.8 2.72271363311 0.0822320769217
-0.8 2.93215314335 0.185886771988
-0.8 3.14159265359 0.3461744926
-0.8 3.35103216383 0.297458874583
-0.8 3.56047167407 0.191542723792
-0.8 3.76991118431 0.189406211558
-0.8 3.97935069455 0.244929491295
-0.8 4.18879020479 0.331695282582
-0.8 4.39822971503 0.416659873434
-0.8 4.60766922527 0.449979545498
-0.8 4.8171087355 0.614381399748
-0.8 5.02654824574 0.732557170724
-0.8 5.23598775598 0.482431200553
-0.8 5.44542726622 0.610400958275
-0.8 5.65486677646 1.21265372888
-0.8 5.8643062867 1.26609237681
-0.8 6.07374579694 0.728850407914

-0.733333333333 0 1.39311632185
-0.733333333333 0.209439510239 2.3555807684
-0.733333333333 0.418879020479 1.51529526049
-0.733333333333 0.628318530718 1.02847610945
-0.733333333333 0.837758040957 0.798603631413
-0.733333333333 1.0471975512 0.576275682533
-0.733333333333 1.25663706144 0.272484722831
-0.733333333333 1.46607657168 0.437680783904
-0.733333333333 1.67551608191 2.00925815229
-0.733333333333 1.88495559215 2.31000820721
-0.733333333333 2.09439510239 0.616013111029
-0.733333333333 2.30383461263 0.382233573045
-0.733333333333 2.51327412287 0.035787331082
-0.733333333333 2.72271363311 0.149745742579
-0.733333333333 2.93215314335 0.24256964218
-0.733333333333 3.14159265359 0.369313413389
-0.733333333333 3.35103216383 0.195867073972
-0.733333333333 3.56047167407 0.125586510275
-0.733333333333 3.76991118431 0.153483620616
-0.733333333333 3.97935069455 0.218662379645
-0.733333333333 4.18879020479 0.323391386686
-0.733333333333 4.39822971503 0.475658299063
-0.733333333333 4.60766922527 0.664449380763
-0.733333333333 4.8171087355 0.775029453917
-0.733333333333 5.02654824574 0.730094824848
-0.733333333333 5.23598775598 0.467977303645
-0.733333333333 5.44542726622 0.676278673324
-0.733333333333 5.65486677646 1.21551333336
-0.733333333333 5.8643062867 0.95873134126
-0.733333333333 6.07374579694 0.333037668942

-0.666666666667 0 2.36475047845
-0.666666666667 0.209439510239 1.700516659
-0.666666666667 0.418879020479 1.0268733801
-0.666666666667 0.628318530718 1.18761370388
-0.666666666667 0.837758040957 0.877914748792
-0.666666666667 1.0471975512 0.546590656188
-0.666666666667 1.25663706144 0.351011761767
-0.666666666667 1.46607657168 0.165265728691
-0.666666666667 1.67551608191 1.354847967
-0.666666666667 1.88495559215 2.55752498404
-0.666666666667 2.09439510239 0.796036915591
-0.666666666667 2.30383461263 0.339624426622
-0.666666666667 2.51327412287 0.016899149246
-0.666666666667 2.72271363311 0.201496092826
-0.666666666667 2.93215314335 0.288315566631
-0.666666666667 3.14159265359 0.321552989364
-0.666666666667 3.35103216383 0.0996349302401
-0.666666666667 3.56047167407 0.0727325105241
-0.666666666667 3.76991118431 0.099669732481
-0.666666666667 3.97935069455 0.19071543756
-0.666666666667 4.18879020479 0.3520995982
-0.666666666667 4.39822971503 0.466650089816
-0.666666666667 4.60766922527 0.690961749378
-0.666666666667 4.8171087355 0.965894093759
-0.666666666667 5.02654824574 0.736391529696
-0.666666666667 5.23598775598 0.479788311
-0.666666666667 5.44542726622 0.718568770922
-0.666666666667 5.65486677646 1.1238233632
-0.666666666667 5.8643062867 0.62269499747
-0.666666666667 6.07374579694 0.533921389793

-0.6 0 2.25992890251
-0.6 0.209439510239 0.834679194336
-0.6 0.418879020479 1.77216506637
-0.6 0.628318530718 2.02206844333
-0.6 0.837758040957 1.25202748788
-0.6 1.0471975512 0.601983942156
-0.6 1.25663706144 0.355520629292
-0.6 1.46607657168 0.172427429903
-0.6 1.67551608191 0.865420899202
-0.6 1.88495559215 2.53871522997
-0.6 2.09439510239 0.991068818347
-0.6 2.30383461263 0.314032040975
-0.6 2.51327412287 0.0121359777868
-0.6 2.72271363311 0.234298175297
-0.6 2.93215314335 0.323534027557
-0.6 3.14159265359 0.233391947057
-0.6 3.35103216383 0.0404752596862
-0.6 3.56047167407 0.0380542947329
-0.6 3.76991118431 0.081985019252
-0.6 3.97935069455 0.198092081489
-0.6 4.18879020479 0.442174968434
-0.6 4.39822971503 0.605005173073
-0.6 4.60766922527 0.600447949374
-0.6 4.8171087355 1.05893824539
-0.6 5.02654824574 0.7823096718
-0.6 5.23598775598 0.490201120577
-0.6 5.44542726622 0.730247777537
-0.6 5.65486677646 1.0201800255
-0.6 5.8643062867 0.419223127494
-0.6 6.07374579694 1.03424778893

-0.533333333333 0 1.52023950701
-0.533333333333 0.209439510239 0.939457546313
-0.533333333333 0.418879020479 2.92468060626
-0.533333333333 0.628318530718 2.45651454672
-0.533333333333 0.837758040957 1.44129393667
-0.533333333333 1.0471975512 0.701791610013
-0.533333333333 1.25663706144 0.329725515583
-0.533333333333 1.46607657168 0.222476061865
-0.533333333333 1.67551608191 0.585596894437
-0.533333333333 1.88495559215 2.38562022877
-0.533333333333 2.09439510239 1.17136454599
-0.533333333333 2.30383461263 0.300870751989
-0.533333333333 2.51327412287 0.0140545989347
-0.533333333333 2.72271363311 0.254033612218
-0.533333333333 2.93215314335 0.340474815291
-0.533333333333 3.14159265359 0.145386133527
-0.533333333333 3.35103216383 0.0159600266708
-0.533333333333 3.56047167407 0.0340291602168
-0.533333333333 3.76991118431 0.118588977429
-0.533333333333 3.97935069455 0.226594543206
-0.533333333333 4.18879020479 0.484076960308
-0.533333333333 4.39822971503 0.821929961083
-0.533333333333 4.60766922527 0.565588868825
-0.533333333333 4.8171087355 1.03051152961
-0.533333333333 5.02654824574 0.850917321347
-0.533333333333 5.23598775598 0.498618970258
-0.533333333333 5.44542726622 0.72497609575
-0.533333333333 5.65486677646 0.943319610244
-0.533333333333 5.8643062867 0.357894487295
-0.533333333333 6.07374579694 1.43420662028

-0.466666666667 0 0.839598472851
-0.466666666667 0.209439510239 1.68941777728
-0.466666666667 0.418879020479 3.34044547501
-0.466666666667 0.628318530718 2.21136233163
-0.466666666667 0.837758040957 1.39013005062
-0.466666666667 1.0471975512 0.769993323215
-0.466666666667 1.25663706144 0.317628645083
-0.466666666667 1.46607657168 0.244305491853
-0.466666666667 1.67551608191 0.451726424407
-0.466666666667 1.88495559215 2.1947284879
-0.466666666667 2.09439510239 1.32438471386
-0.466666666667 2.30383461263 0.295649522349
-0.466666666667 2.51327412287 0.0186333033384
-0.466666666667 2.72271363311 0.266528043705
-0.466666666667 2.93215314335 0.337897794746
-0.466666666667 3.14159265359 0.0811324894225
-0.466666666667 3.35103216383 0.0108411028453
-0.466666666667 3.56047167407 0.0550818776085
-0.466666666667 3.76991118431 0.180782991304
-0.466666666667 3.97935069455 0.259616178271
-0.466666666667 4.18879020479 0.4420847649
-0.466666666667 4.39822971503 0.954286794918
-0.466666666667 4.60766922527 0.628802366733
-0.466666666667 4.8171087355 0.934780480137
-0.466666666667 5.02654824574 0.916320854583
-0.466666666667 5.23598775598 0.509222814335
-0.466666666667 5.44542726622 0.714341699032
-0.466666666667 5.65486677646 0.898340180763
-0.466666666667 5.8643062867 0.386644804115
-0.466666666667 6.07374579694 1.58991271175

-0.4 0 0.497643144598
-0.4 0.209439510239 2.36466819257
-0.4 0.418879020479 2.92634954599
-0.4 0.628318530718 1.77773683422
-0.4 0.837758040957 1.33607020824
-0.4 1.0471975512 0.81686988898
-0.4 1.25663706144 0.325414334616
-0.4 1.46607657168 0.241215734151
-0.4 1.67551608191 0.394256343607
-0.4 1.88495559215 2.01648733056
-0.4 2.09439510239 1.4482916434
-0.4 2.30383461263 0.294560365872
-0.4 2.51327412287 0.0236917155124
-0.4 2.72271363311 0.275728386954
-0.4 2.93215314335 0.321018001174
-0.4 3.14159265359 0.0438643981277
-0.4 3.35103216383 0.0129167278239
-0.4 3.56047167407 0.083669461435
-0.4 3.76991118431 0.234569842496
-0.4 3.97935069455 0.289715614794
-0.4 4.18879020479 0.359135940967
-0.4 4.39822971503 0.949744797561
-0.4 4.60766922527 0.735324842832
-0.4 4.8171087355 0.826401298874
-0.4 5.02654824574 0.962537866234
-0.4 5.23598775598 0.524084555123
-0.4 5.44542726622 0.704365533697
-0.4 5.65486677646 0.877422042678
-0.4 5.8643062867 0.456213175138
-0.4 6.07374579694 1.54896342485

-0.333333333333 0 0.453000566624
-0.333333333333 0.209439510239 2.63592425356
-0.333333333333 0.418879020479 2.17533813612
-0.333333333333 0.628318530718 1.54191242214
-0.333333333333 0.837758040957 1.40977297994
-0.333333333333 1.0471975512 0.872535915842
-0.333333333333 1.25663706144 0.346385763772
-0.333333333333 1.46607657168 0.228778532519
-0.333333333333 1.67551608191 0.36889756704
-0.333333333333 1.88495559215 1.86968783418
-0.333333333333 2.09439510239 1.54677361163
-0.333333333333 2.30383461263 0.294609547597
-0.333333333333 2.51327412287 0.0280323925312
-0.333333333333 2.72271363311 0.284017412495
-0.333333333333 2.93215314335 0.297127497753
-0.333333333333 3.14159265359 0.0266893107671
-0.333333333333 3.35103216383 0.0158972787025
-0.333333333333 3.56047167407 0.105324783588
-0.333333333333 3.76991118431 0.264291539696
-0.333333333333 3.97935069455 0.311484168278
-0.333333333333 4.18879020479 0.284465942945
-0.333333333333 4.39822971503 0.851998245853
-0.333333333333 4.60766922527 0.825321179885
-0.333333333333 4.8171087355 0.73522997012
-0.333333333333 5.02654824574 0.984835913738
-0.333333333333 5.23598775598 0.542902760145
-0.333333333333 5.44542726622 0.697156385305
-0.333333333333 5.65486677646 0.870958235089
-0.333333333333 5.8643062867 0.535703060703
-0.333333333333 6.07374579694 1.40953158529

-0.266666666667 0 0.56265223736
-0.266666666667 0.209439510239 2.54756284757
-0.266666666667 0.418879020479 1.48891546692
-0.266666666667 0.628318530718 1.53595275133
-0.266666666667 0.837758040957 1.58090824111
-0.266666666667 1.0471975512 0.942872897202
-0.266666666667 1.25663706144 0.37272654254
-0.266666666667 1.46607657168 0.216586236424
-0.266666666667 1.67551608191 0.354369689816
-0.266666666667 1.88495559215 1.75638630897
-0.266666666667 2.09439510239 1.62563900925
-0.266666666667 2.30383461263 0.293552826119
-0.266666666667 2.51327412287 0.0310064269097
-0.266666666667 2.72271363311 0.292828455666
-0.266666666667 2.93215314335 0.272373123334
-0.266666666667 3.14159265359 0.0213260916575
-0.266666666667 3.35103216383 0.0175544032678
-0.266666666667 3.56047167407 0.11472424522
-0.266666666667 3.76991118431 0.269771537381
-0.266666666667 3.97935069455 0.318772390312
-0.266666666667 4.18879020479 0.238013916516
-0.266666666667 4.39822971503 0.72448027106
-0.266666666667 4.60766922527 0.87215652075
-0.266666666667 4.8171087355 0.670713621685
-0.266666666667 5.02654824574 0.985576254017
-0.266666666667 5.23598775598 0.564099258996
-0.266666666667 5.44542726622 0.692749433974
-0.266666666667 5.65486677646 0.871456787323
-0.266666666667 5.8643062867 0.609154002715
-0.266666666667 6.07374579694 1.247708287

-0.2 0 0.706311457232
-0.2 0.209439510239 2.26678487374
-0.2 0.418879020479 1.00374712047
-0.2 0.628318530718 1.61649436203
-0.2 0.837758040957 1.76138598138
-0.2 1.0471975512 1.01450316544
-0.2 1.25663706144 0.398168708138
-0.2 1.46607657168 0.20794567334
-0.2 1.67551608191 0.34273733632
-0.2 1.88495559215 1.67176537957
-0.2 2.09439510239 1.69084277207
-0.2 2.30383461263 0.289765554025
-0.2 2.51327412287 0.0323077339679
-0.2 2.72271363311 0.303080568027
-0.2 2.93215314335 0.250606417503
-0.2 3.14159265359 0.0218147930285
-0.2 3.35103216383 0.0177251877131
-0.2 3.56047167407 0.113198376049
-0.2 3.76991118431 0.256399712831
-0.2 3.97935069455 0.307502106272
-0.2 4.18879020479 0.216212625589
-0.2 4.39822971503 0.610112058178
-0.2 4.60766922527 0.876139476587
-0.2 4.8171087355 0.631325921548
-0.2 5.02654824574 0.970146753544
-0.2 5.23598775598 0.585746296407
-0.2 5.44542726622 0.69029252932
-0.2 5.65486677646 0.874162601538
-0.2 5.8643062867 0.669415429616
-0.2 6.07374579694 1.10409175147

-0.133333333333 0 0.818883653999
-0.133333333333 0.209439510239 1.93549301799
-0.133333333333 0.418879020479 0.695885949866
-0.133333333333 0.628318530718 1.64903617814
-0.133333333333 0.837758040957 1.88077312194
-0.133333333333 1.0471975512 1.07066828503
-0.133333333333 1.25663706144 0.418340644659
-0.133333333333 1.46607657168 0.202958394089
-0.133333333333 1.67551608191 0.332019246028
-0.133333333333 1.88495559215 1.60949684602
-0.133333333333 2.09439510239 1.74747283256
-0.133333333333 2.30383461263 0.282109936031
-0.133333333333 2.51327412287 0.0318852444282
-0.133333333333 2.72271363311 0.315398605662
-0.133333333333 2.93215314335 0.233562531935
-0.133333333333 3.14159265359 0.0250032913582
-0.133333333333 3.35103216383 0.0171137122878
-0.133333333333 3.56047167407 0.104468137206
-0.133333333333 3.76991118431 0.228901768674
-0.133333333333 3.97935069455 0.277950831618
-0.133333333333 4.18879020479 0.209087917771
-0.133333333333 4.39822971503 0.5264433421
-0.133333333333 4.60766922527 0.848732741486
-0.133333333333 4.8171087355 0.611454169807
-0.133333333333 5.02654824574 0.944420873365
-0.133333333333 5.23598775598 0.606112474833
-0.133333333333 5.44542726622 0.688699576091
-0.133333333333 5.65486677646 0.876569486025
-0.133333333333 5.8643062867 0.713742834795
-0.133333333333 6.07374579694 0.993309420027

-0.0666666666667 0 0.879341475261
-0.0666666666667 0.209439510239 1.63404593233
-0.0666666666667 0.418879020479 0.500853964939
-0.0666666666667 0.628318530718 1.57358266992
-0.0666666666667 0.837758040957 1.90456615125
-0.0666666666667 1.0471975512 1.09888945831
-0.0666666666667 1.25663706144 0.430700373415
-0.0666666666667 1.46607657168 0.200704425024
-0.0666666666667 1.67551608191 0.322205318159
-0.0666666666667 1.88495559215 1.56425561694
-0.0666666666667 2.09439510239 1.79929125953
-0.0666666666667 2.30383461263 0.269828906455
-0.0666666666667 2.51327412287 0.0299154724343
-0.0666666666667 2.72271363311 0.33017690067
-0.0666666666667 2.93215314335 0.221521243612
-0.0666666666667 3.14159265359 0.0298677806015
-0.0666666666667 3.35103216383 0.0167281969811
-0.0666666666667 3.56047167407 0.0923762751681
-0.0666666666667 3.76991118431 0.190716681744
-0.0666666666667 3.97935069455 0.235733442186
-0.0666666666667 4.18879020479 0.210595687406
-0.0666666666667 4.39822971503 0.474561228731
-0.0666666666667 4.60766922527 0.80244356516
-0.0666666666667 4.8171087355 0.605053804842
-0.0666666666667 5.02654824574 0.913573452026
-0.0666666666667 5.23598775598 0.623922226378
-0.0666666666667 5.44542726622 0.686979202289
-0.0666666666667 5.65486677646 0.877732758719
-0.0666666666667 5.8643062867 0.741311097779
-0.0666666666667 6.07374579694 0.916105381934

6.12323399574e-17 0 0.890854073047
6.12323399574e-17 0.209439510239 1.39316738982
6.12323399574e-17 0.418879020479 0.371078793844
6.12323399574e-17 0.628318530718 1.39223254833
6.12323399574e-17 0.837758040957 1.82499856161
6.12323399574e-17 1.0471975512 1.09107210365
6.12323399574e-17 1.25663706144 0.434542888885
6.12323399574e-17 1.46607657168 0.200220188827
6.12323399574e-17 1.67551608191 0.313488666821
6.12323399574e-17 1.88495559215 1.53274547192
6.12323399574e-17 2.09439510239 1.84853777285
6.12323399574e-17 2.30383461263 0.252479571674
6.12323399574e-17 2.51327412287 0.0268080261581
6.12323399574e-17 2.72271363311 0.347534530635
6.12323399574e-17 2.93215314335 0.213967307533
6.12323399574e-17 3.14159265359 0.0367620843412
6.12323399574e-17 3.35103216383 0.0177010927532
6.12323399574e-17 3.56047167407 0.0810313212188
6.12323399574e-17 3.76991118431 0.147258818758
6.12323399574e-17 3.97935069455 0.1923265228
6.12323399574e-17 4.18879020479 0.220711649393
6.12323399574e-17 4.39822971503 0.448173896925
6.12323399574e-17 4.60766922527 0.747097190737
6.12323399574e-17 4.8171087355 0.606975923582
6.12323399574e-17 5.02654824574 0.881733892808
6.12323399574e-17 5.23598775598 0.638446323086
6.12323399574e-17 5.44542726622 0.684383958837
6.12323399574e-17 5.65486677646 0.877689621518
6.12323399574e-17 5.8643062867 0.751988129231
6.12323399574e-17 6.07374579694 0.86774755563

0.0666666666667 0 0.866189139678
0.0666666666667 0.209439510239 1.21438199364
0.0666666666667 0.418879020479 0.285982674537
0.0666666666667 0.628318530718 1.1378546866
0.0666666666667 0.837758040957 1.64911170734
0.0666666666667 1.0471975512 1.04217656288
0.0666666666667 1.25663706144 0.431224909309
0.0666666666667 1.46607657168 0.200775907252
0.0666666666667 1.67551608191 0.305539723331
0.0666666666667 1.88495559215 1.51410477661
0.0666666666667 2.09439510239 1.89581304237
0.0666666666667 2.30383461263 0.229913576507
0.0666666666667 2.51327412287 0.0232327702655
0.0666666666667 2.72271363311 0.367180508203
0.0666666666667 2.93215314335 0.210102854018
0.0666666666667 3.14159265359 0.0469354720712
0.0666666666667 3.35103216383 0.0212903146978
0.0666666666667 3.56047167407 0.0763088323825
0.0666666666667 3.76991118431 0.110294069788
0.0666666666667 3.97935069455 0.164702056275
0.0666666666667 4.18879020479 0.24335373873
0.0666666666667 4.39822971503 0.438634003196
0.0666666666667 4.60766922527 0.689777296074
0.0666666666667 4.8171087355 0.612948324966
0.0666666666667 5.02654824574 0.85204120325
0.0666666666667 5.23598775598 0.649500151779
0.0666666666667 5.44542726622 0.680464837626
0.0666666666667 5.65486677646 0.877050237841
0.0666666666667 5.8643062867 0.745814199062
0.0666666666667 6.07374579694 0.842473487715

0.133333333333 0 0.8202550856
0.133333333333 0.209439510239 1.0852527574
0.133333333333 0.418879020479 0.243301863616
0.133333333333 0.628318530718 0.852793918272
0.133333333333 0.837758040957 1.39354598459
0.133333333333 1.0471975512 0.951753891245
0.133333333333 1.25663706144 0.424492076809
0.133333333333 1.46607657168 0.201872463198
0.133333333333 1.67551608191 0.297133898317
0.133333333333 1.88495559215 1.51012210415
0.133333333333 2.09439510239 1.93994881797
0.133333333333 2.30383461263 0.202311140239
0.133333333333 2.51327412287 0.0201648064453
0.133333333333 2.72271363311 0.388184597251
0.133333333333 2.93215314335 0.209258528619
0.133333333333 3.14159265359 0.0622685752657
0.133333333333 3.35103216383 0.0288722159501
0.133333333333 3.56047167407 0.0871258625976
0.133333333333 3.76991118431 0.100341300203
0.133333333333 3.97935069455 0.172876334112
0.133333333333 4.18879020479 0.282839682483
0.133333333333 4.39822971503 0.436489871138
0.133333333333 4.60766922527 0.636345003027
0.133333333333 4.8171087355 0.618924534296
0.133333333333 5.02654824574 0.826823201592
0.133333333333 5.23598775598 0.657393914567
0.133333333333 5.44542726622 0.675077767911
0.133333333333 5.65486677646 0.876735791806
0.133333333333 5.8643062867 0.722874576231
0.133333333333 6.07374579694 0.835160670967

0.2 0 0.767516546804
0.2 0.209439510239 0.988359629334
0.2 0.418879020479 0.247013493084
0.2 0.628318530718 0.581718111428
0.2 0.837758040957 1.08720352543
0.2 1.0471975512 0.829726689214
0.2 1.25663706144 0.420178656916
0.2 1.46607657168 0.203214289528
0.2 1.67551608191 0.285904281262
0.2 1.88495559215 1.52529868819
0.2 2.09439510239 1.97786468473
0.2 2.30383461263 0.170279079201
0.2 2.51327412287 0.0189473417138
0.2 2.72271363311 0.408637989906
0.2 2.93215314335 0.211340686565
0.2 3.14159265359 0.0849956996321
0.2 3.35103216383 0.0417686606115
0.2 3.56047167407 0.124382565559
0.2 3.76991118431 0.143365330924
0.2 3.97935069455 0.233942744563
0.2 4.18879020479 0.339356010516
0.2 4.39822971503 0.431589223009
0.2 4.60766922527 0.593352625304
0.2 4.8171087355 0.620287777723
0.2 5.02654824574 0.807731582622
0.2 5.23598775598 0.662852190407
0.2 5.44542726622 0.668366100705
0.2 5.65486677646 0.877817219675
0.2 5.8643062867 0.683445122442
0.2 6.07374579694 0.841300777043

0.266666666667 0 0.721567617689
0.266666666667 0.209439510239 0.907143992574
0.266666666667 0.418879020479 0.296088278599
0.266666666667 0.628318530718 0.370963271916
0.266666666667 0.837758040957 0.778277037257
0.266666666667 1.0471975512 0.703656304445
0.266666666667 1.25663706144 0.423718428181
0.266666666667 1.46607657168 0.20480251434
0.266666666667 1.67551608191 0.268464140365
0.266666666667 1.88495559215 1.56635248085
0.266666666667 2.09439510239 2.00451919413
0.266666666667 2.30383461263 0.135028924786
0.266666666667 2.51327412287 0.0213727227496
0.266666666667 2.72271363311 0.42519701078
0.266666666667 2.93215314335 0.217472108398
0.266666666667 3.14159265359 0.117080920347
0.266666666667 3.35103216383 0.0609134782006
0.266666666667 3.56047167407 0.195117055647
0.266666666667 3.76991118431 0.25797560539
0.266666666667 3.97935069455 0.351398364211
0.266666666667 4.18879020479 0.403387339949
0.266666666667 4.39822971503 0.41402581742
0.266666666667 4.60766922527 0.569406629809
0.266666666667 4.8171087355 0.611336477183
0.266666666667 5.02654824574 0.795725133557
0.266666666667 5.23598775598 0.666908331741
0.266666666667 5.44542726622 0.660729305192
0.266666666667 5.65486677646 0.881405789399
0.266666666667 5.8643062867 0.628414369821
0.266666666667 6.07374579694 0.855957520941

0.333333333333 0 0.694602248097
0.333333333333 0.209439510239 0.832109088201
0.333333333333 0.418879020479 0.375553405907
0.333333333333 0.628318530718 0.262227092185
0.333333333333 0.837758040957 0.535489984195
0.333333333333 1.0471975512 0.616988627917
0.333333333333 1.25663706144 0.434403803818
0.333333333333 1.46607657168 0.207110919672
0.333333333333 1.67551608191 0.241759292782
0.333333333333 1.88495559215 1.64016818517
0.333333333333 2.09439510239 2.01323397548
0.333333333333 2.30383461263 0.0986598359767
0.333333333333 2.51327412287 0.0297784452431
0.333333333333 2.72271363311 0.43255243139
0.333333333333 2.93215314335 0.230907148523
0.333333333333 3.14159265359 0.158907381595
0.333333333333 3.35103216383 0.0867708148671
0.333333333333 3.56047167407 0.291155726692
0.333333333333 3.76991118431 0.433091746702
0.333333333333 3.97935069455 0.500922606254
0.333333333333 4.18879020479 0.451153940033
0.333333333333 4.39822971503 0.378281512454
0.333333333333 4.60766922527 0.574531635358
0.333333333333 4.8171087355 0.58560868178
0.333333333333 5.02654824574 0.790819769142
0.333333333333 5.23598775598 0.670774354094
0.333333333333 5.44542726622 0.652780195232
0.333333333333 5.65486677646 0.888549489182
0.333333333333 5.8643062867 0.560059543096
0.333333333333 6.07374579694 0.872122296112

0.4 0 0.694984496069
0.4 0.209439510239 0.768887409665
0.4 0.418879020479 0.45537700602
0.4 0.628318530718 0.270826709517
0.4 0.837758040957 0.424913111299
0.4 1.0471975512 0.601970215612
0.4 1.25663706144 0.440119795877
0.4 1.46607657168 0.210829549408
0.4 1.67551608191 0.207163651606
0.4 1.88495559215 1.74855847312
0.4 2.09439510239 1.99692020607
0.4 2.30383461263 0.0645813934471
0.4 2.51327412287 0.0471412501962
0.4 2.72271363311 0.423013448605
0.4 2.93215314335 0.257946074507
0.4 3.14159265359 0.207277170819
0.4 3.35103216383 0.120430354501
0.4 3.56047167407 0.378427176713
0.4 3.76991118431 0.607104675058
0.4 3.97935069455 0.620813893799
0.4 4.18879020479 0.447944732784
0.4 4.39822971503 0.332005860578
0.4 4.60766922527 0.615280292576
0.4 4.8171087355 0.537821954886
0.4 5.02654824574 0.791563617485
0.4 5.23598775598 0.675692658886
0.4 5.44542726622 0.645287290012
0.4 5.65486677646 0.900086226396
0.4 5.8643062867 0.483278705464
0.4 6.07374579694 0.87892257415

0.466666666667 0 0.721791723792
0.466666666667 0.209439510239 0.743900389704
0.466666666667 0.418879020479 0.508003703144
0.466666666667 0.628318530718 0.358179048859
0.466666666667 0.837758040957 0.452852579895
0.466666666667 1.0471975512 0.632917300341
0.466666666667 1.25663706144 0.423912872659
0.466666666667 1.46607657168 0.214832931987
0.466666666667 1.67551608191 0.178573121691
0.466666666667 1.88495559215 1.87813355096
0.466666666667 2.09439510239 1.95104336995
0.466666666667 2.30383461263 0.0381182094302
0.466666666667 2.51327412287 0.07711231004
0.466666666667 2.72271363311 0.386771653088
0.466666666667 2.93215314335 0.307563139793
0.466666666667 3.14159265359 0.253939007559
0.466666666667 3.35103216383 0.166338571092
0.466666666667 3.56047167407 0.404686504735
0.466666666667 3.76991118431 0.675776195237
0.466666666667 3.97935069455 0.626739238039
0.466666666667 4.18879020479 0.370277297098
0.466666666667 4.39822971503 0.306473895793
0.466666666667 4.60766922527 0.683889712224
0.466666666667 4.8171087355 0.468191925655
0.466666666667 5.02654824574 0.794301387598
0.466666666667 5.23598775598 0.682788156653
0.466666666667 5.44542726622 0.639093709056
0.466666666667 5.65486677646 0.916397151463
0.466666666667 5.8643062867 0.407314865958
0.466666666667 6.07374579694 0.860581080451

0.533333333333 0 0.756964360529
0.533333333333 0.209439510239 0.79268140112
0.533333333333 0.418879020479 0.54866385435
0.533333333333 0.628318530718 0.446545663288
0.533333333333 0.837758040957 0.528366459031
0.533333333333 1.0471975512 0.629355547637
0.533333333333 1.25663706144 0.388116545471
0.533333333333 1.46607657168 0.211170736829
0.533333333333 1.67551608191 0.191685425489
0.533333333333 1.88495559215 1.98590466018
0.533333333333 2.09439510239 1.8792194398
0.533333333333 2.30383461263 0.0273197838871
0.533333333333 2.51327412287 0.123826628053
0.533333333333 2.72271363311 0.31427744421
0.533333333333 2.93215314335 0.38648434926
0.533333333333 3.14159265359 0.288429103351
0.533333333333 3.35103216383 0.233109133659
0.533333333333 3.56047167407 0.345526292958
0.533333333333 3.76991118431 0.561206147942
0.533333333333 3.97935069455 0.474324087666
0.533333333333 4.18879020479 0.249560646248
0.533333333333 4.39822971503 0.354571497086
0.533333333333 4.60766922527 0.745136757886
0.533333333333 4.8171087355 0.388835862493
0.533333333333 5.02654824574 0.792552697412
0.533333333333 5.23598775598 0.692952253894
0.533333333333 5.44542726622 0.635001739371
0.533333333333 5.65486677646 0.936987372437
0.533333333333 5.8643062867 0.347745101538
0.533333333333 6.07374579694 0.797942071521

0.6 0 0.760491561741
0.6 0.209439510239 0.911422002125
0.6 0.418879020479 0.662223190209
0.6 0.628318530718 0.520828599407
0.6 0.837758040957 0.562858334168
0.6 1.0471975512 0.571758947337
0.6 1.25663706144 0.368332384217
0.6 1.46607657168 0.184683183445
0.6 1.67551608191 0.299052419841
0.6 1.88495559215 1.98952112476
0.6 2.09439510239 1.80104618687
0.6 2.30383461263 0.0438524841881
0.6 2.51327412287 0.191052022697
0.6 2.72271363311 0.20380839808
0.6 2.93215314335 0.484900354612
0.6 3.14159265359 0.311211938333
0.6 3.35103216383 0.321770038163
0.6 3.56047167407 0.267238349477
0.6 3.76991118431 0.330956190304
0.6 3.97935069455 0.25614214534
0.6 4.18879020479 0.202487534199
0.6 4.39822971503 0.508701575243
0.6 4.60766922527 0.73677522194
0.6 4.8171087355 0.328353846722
0.6 5.02654824574 0.777344064967
0.6 5.23598775598 0.706777834399
0.6 5.44542726622 0.633610505093
0.6 5.65486677646 0.959804411093
0.6 5.8643062867 0.32782044736
0.6 6.07374579694 0.675672887711

0.666666666667 0 0.683693294446
0.666666666667 0.209439510239 0.987713250274
0.666666666667 0.418879020479 0.910638716759
0.666666666667 0.628318530718 0.70114920709
0.666666666667 0.837758040957 0.637910597092
0.666666666667 1.0471975512 0.566897106614
0.666666666667 1.25663706144 0.377082527925
0.666666666667 1.46607657168 0.155524465029
0.666666666667 1.67551608191 0.519777802603
0.666666666667 1.88495559215 1.78927359897
0.666666666667 2.09439510239 1.75590203255
0.666666666667 2.30383461263 0.103178630683
0.666666666667 2.51327412287 0.279728648084
0.666666666667 2.72271363311 0.0786863653261
0.666666666667 2.93215314335 0.553880758516
0.666666666667 3.14159265359 0.353579477499
0.666666666667 3.35103216383 0.401235750318
0.666666666667 3.56047167407 0.296766702483
0.666666666667 3.76991118431 0.224062581586
0.666666666667 3.97935069455 0.206471643138
0.666666666667 4.18879020479 0.354807420174
0.666666666667 4.39822971503 0.693908605774
0.666666666667 4.60766922527 0.609873981108
0.666666666667 4.8171087355 0.323968141089
0.666666666667 5.02654824574 0.740120777718
0.666666666667 5.23598775598 0.724475160743
0.666666666667 5.44542726622 0.63510037165
0.666666666667 5.65486677646 0.980202589235
0.666666666667 5.8643062867 0.37680449924
0.666666666667 6.07374579694 0.499247883096

0.733333333333 0 0.517670032237
0.733333333333 0.209439510239 0.830881833036
0.733333333333 0.418879020479 1.07098764686
0.733333333333 0.628318530718 0.981566879866
0.733333333333 0.837758040957 0.821832918057
0.733333333333 1.0471975512 0.611605121524
0.733333333333 1.25663706144 0.318867337344
0.733333333333 1.46607657168 0.285664364722
0.733333333333 1.67551608191 0.744051309793
0.733333333333 1.88495559215 1.36771781898
0.733333333333 2.09439510239 1.78025900074
0.733333333333 2.30383461263 0.220705366215
0.733333333333 2.51327412287 0.382758378405
0.733333333333 2.72271363311 0.0109877819725
0.733333333333 2.93215314335 0.501938174998
0.733333333333 3.14159265359 0.458953269576
0.733333333333 3.35103216383 0.429360897485
0.733333333333 3.56047167407 0.42936528243
0.733333333333 3.76991118431 0.380373842406
0.733333333333 3.97935069455 0.430056164357
0.733333333333 4.18879020479 0.613886458698
0.733333333333 4.39822971503 0.710270475362
0.733333333333 4.60766922527 0.413210996226
0.733333333333 4.8171087355 0.388266513919
0.733333333333 5.02654824574 0.680517065287
0.733333333333 5.23598775598 0.745441938639
0.733333333333 5.44542726622 0.638978052205
0.733333333333 5.65486677646 0.989520220142
0.733333333333 5.8643062867 0.520459256753
0.733333333333 6.07374579694 0.323407750928

0.8 0 0.351222330923
0.8 0.209439510239 0.479239865142
0.8 0.418879020479 0.722702023115
0.8 0.628318530718 0.823071550813
0.8 0.837758040957 0.688967352211
0.8 1.0471975512 0.433179871718
0.8 1.25663706144 0.373473144687
0.8 1.46607657168 0.776150088238
0.8 1.67551608191 0.721472162663
0.8 1.88495559215 0.941672988935
0.8 2.09439510239 1.81885684392
0.8 2.30383461263 0.394355788763
0.8 2.51327412287 0.48024758673
0.8 2.72271363311 0.107915668374
0.8 2.93215314335 0.282155676934
0.8 3.14159265359 0.570518325967
0.8 3.35103216383 0.465914609293
0.8 3.56047167407 0.479994508101
0.8 3.76991118431 0.529703218809
0.8 3.97935069455 0.593858704791
0.8 4.18879020479 0.624112837483
0.8 4.39822971503 0.49114503177
0.8 4.60766922527 0.319611767024
0.8 4.8171087355 0.462879595296
0.8 5.02654824574 0.619806995565
0.8 5.23598775598 0.766655965983
0.8 5.44542726622 0.643855770941
0.8 5.65486677646 0.973524051052
0.8 5.8643062867 0.755616661888
0.8 6.07374579694 0.276590433965

0.866666666667 0 0.359992992353
0.866666666667 0.209439510239 0.410637326715
0.866666666667 0.418879020479 0.4401022344
0.866666666667 0.628318530718 0.475122108309
0.866666666667 0.837758040957 0.528945451008
0.866666666667 1.0471975512 0.720680540758
0.866666666667 1.25663706144 1.11653196562
0.866666666667 1.46607657168 1.13868105975
0.866666666667 1.67551608191 0.370554345491
0.866666666667 1.88495559215 0.826728088763
0.866666666667 2.09439510239 1.62531013843
0.866666666667 2.30383461263 0.568306047762
0.866666666667 2.51327412287 0.554915555444
0.866666666667 2.72271363311 0.379234971697
0.866666666667 2.93215314335 0.0890351587425
0.866666666667 3.14159265359 0.445293795434
0.866666666667 3.35103216383 0.570056819814
0.866666666667 3.56047167407 0.517271908106
0.866666666667 3.76991118431 0.492137359107
0.866666666667 3.97935069455 0.479903441788
0.866666666667 4.18879020479 0.435482724602
0.866666666667 4.39822971503 0.373843147066
0.866666666667 4.60766922527 0.379613357989
0.866666666667 4.8171087355 0.450085802619
0.866666666667 5.02654824574 0.611194418464
0.866666666667 5.23598775598 0.778493034496
0.866666666667 5.44542726622 0.647488055674
0.866666666667 5.65486677646 0.912036661383
0.866666666667 5.8643062867 1.00008443031
0.866666666667 6.07374579694 0.511780752771

0.933333333333 0 0.682353977709
0.933333333333 0.209439510239 0.624494356054
0.933333333333 0.418879020479 0.74594707336
0.933333333333 0.628318530718 0.924444305146
0.933333333333 0.837758040957 1.08199128155
0.933333333333 1.0471975512 1.11354286128
0.933333333333 1.25663706144 0.857384613395
0.933333333333 1.46607657168 0.389762975749
0.933333333333 1.67551608191 0.315109868395
0.933333333333 1.88495559215 0.871036227572
0.933333333333 2.09439510239 1.05004612629
0.933333333333 2.30383461263 0.648706086093
0.933333333333 2.51327412287 0.628461963607
0.933333333333 2.72271363311 0.637418149456
0.933333333333 2.93215314335 0.301900605836
0.933333333333 3.14159265359 0.145558633286
0.933333333333 3.35103216383 0.254869286702
0.933333333333 3.56047167407 0.37974112362
0.933333333333 3.76991118431 0.421546280039
0.933333333333 3.97935069455 0.404256404988
0.933333333333 4.18879020479 0.360378374156
0.933333333333 4.39822971503 0.319525756322
0.933333333333 4.60766922527 0.334112848659
0.933333333333 4.8171087355 0.476809311868
0.933333333333 5.02654824574 0.704359275566
0.933333333333 5.23598775598 0.757471439351
0.933333333333 5.44542726622 0.647691227442
0.933333333333 5.65486677646 0.785494178164
0.933333333333 5.8643062867 1.02914769528
0.933333333333 6.07374579694 0.929084551452

