-1 0 0.0671273679757
-1 0.209439510239 0.0671273679759
-1 0.418879020479 0.0671273679761
-1 0.628318530718 0.067127367976
-1 0.837758040957 0.0671273679758
-1 1.0471975512 0.0671273679756
-1 1.25663706144 0.0671273679755
-1 1.46607657168 0.0671273679756
-1 1.67551608191 0.0671273679758
-1 1.88495559215 0.067127367976
-1 2.09439510239 0.067127367976
-1 2.30383461263 0.0671273679759
-1 2.51327412287 0.0671273679757
-1 2.72271363311 0.0671273679755
-1 2.93215314335 0.0671273679755
-1 3.14159265359 0.0671273679757
-1 3.35103216383 0.0671273679759
-1 3.56047167407 0.0671273679761
-1 3.76991118431 0.067127367976
-1 3.97935069455 0.0671273679758
-1 4.18879020479 0.0671273679756
-1 4.39822971503 0.0671273679755
-1 4.60766922527 0.0671273679756
-1 4.8171087355 0.0671273679758
-1 5.02654824574 0.067127367976
-1 5.23598775598 0.067127367976
-1 5.44542726622 0.0671273679759
-1 5.65486677646 0.0671273679757
-1 5.8643062867 0.0671273679755
-1 6.07374579694 0.0671273679755

-0.933333333333 0 0.0295594849628
-0.933333333333 0.209439510239 0.0457680230851
-0.933333333333 0.418879020479 0.127908543808
-0.933333333333 0.628318530718 0.17472151425
-0.933333333333 0.837758040957 0.17121104662
-0.933333333333 1.0471975512 0.126676926675
-0.933333333333 1.25663706144 0.0552903692335
-0.933333333333 1.46607657168 0.00939775126287
-0.933333333333 1.67551608191 0.0662299355094
-0.933333333333 1.88495559215 0.209420821631
-0.933333333333 2.09439510239 0.267418719714
-0.933333333333 2.30383461263 0.136261022144
-0.933333333333 2.51327412287 0.0758744526967
-0.933333333333 2.72271363311 0.125795502249
-0.933333333333 2.93215314335 0.150257925371
-0.933333333333 3.14159265359 0.0479470741879
-0.933333333333 3.35103216383 0.118644644078
-0.933333333333 3.56047167407 0.210317402104
-0.933333333333 3.76991118431 0.266533533792
-0.933333333333 3.97935069455 0.299771659753
-0.933333333333 4.18879020479 0.313251471686
-0.933333333333 4.39822971503 0.309301558552
-0.933333333333 4.60766922527 0.303600318308
-0.933333333333 4.8171087355 0.147005837801
-0.933333333333 5.02654824574 0.259786391675
-0.933333333333 5.23598775598 0.226338185389
-0.933333333333 5.44542726622 0.122685101031
-0.933333333333 5.65486677646 0.131585257863
-0.933333333333 5.8643062867 0.218514771692
-0.933333333333 6.07374579694 0.137726073933

-0.866666666667 0 0.234794339837
-0.866666666667 0.209439510239 0.380894221682
-0.866666666667 0.418879020479 0.333484604636
-0.866666666667 0.628318530718 0.291961866774
-0.866666666667 0.837758040957 0.298014927755
-0.866666666667 1.0471975512 0.316558001779
-0.866666666667 1.25663706144 0.298254874024
-0.866666666667 1.46607657168 0.190463976733
-0.866666666667 1.67551608191 0.0359800944284
-0.866666666667 1.88495559215 0.0499449417649
-0.866666666667 2.09439510239 0.204571486993
-0.866666666667 2.30383461263 0.15245583614
-0.866666666667 2.51327412287 0.130027484317
-0.866666666667 2.72271363311 0.173859239579
-0.866666666667 2.93215314335 0.0452273448714
-0.866666666667 3.14159265359 0.138369807153
-0.866666666667 3.35103216383 0.215736718956
-0.866666666667 3.56047167407 0.194810843157
-0.866666666667 3.76991118431 0.24759811361
-0.866666666667 3.97935069455 0.344321380226
-0.866666666667 4.18879020479 0.386003728671
-0.866666666667 4.39822971503 0.612498683267
-0.866666666667 4.60766922527 0.378176142262
-0.866666666667 4.8171087355 0.471435101543
-0.866666666667 5.02654824574 0.227736539506
-0.866666666667 5.23598775598 0.200627421251
-0.866666666667 5.44542726622 0.189803438735
-0.866666666667 5.65486677646 0.0969184986416
-0.866666666667 5.8643062867 0.131581198963
-0.866666666667 6.07374579694 0.0337350572631

-0.8 0 0.414840341278
-0.8 0.209439510239 0.293601422739
-0.8 0.418879020479 0.188791946871
-0.8 0.628318530718 0.199932764625
-0.8 0.837758040957 0.234028198081
-0.8 1.0471975512 0.284414701605
-0.8 1.25663706144 0.338848085856
-0.8 1.46607657168 0.307099878535
-0.8 1.67551608191 0.133463975685
-0.8 1.88495559215 0.015070341424
-0.8 2.09439510239 0.132645867363
-0.8 2.30383461263 0.146514659363
-0.8 2.51327412287 0.175510445067
-0.8 2.72271363311 0.136803826181
-0.8 2.93215314335 0.0829648751623
-0.8 3.14159265359 0.172252147809
-0.8 3.35103216383 0.11876616681
-0.8 3.56047167407 0.292466809564
-0.8 3.76991118431 0.397311881772
-0.8 3.97935069455 0.453306662581
-0.8 4.18879020479 0.512051764764
-0.8 4.39822971503 0.610132344783
-0.8 4.60766922527 0.336016598664
-0.8 4.8171087355 0.216931566947
-0.8 5.02654824574 0.370120791866
-0.8 5.23598775598 0.0203754606618
-0.8 5.44542726622 0.128144699204
-0.8 5.65486677646 0.072702083867
-0.8 5.8643062867 0.0999896909676
-0.8 6.07374579694 0.14659659267

-0.733333333333 0 0.350344443831
-0.733333333333 0.209439510239 0.193231669714
-0.733333333333 0.418879020479 0.183174487711
-0.733333333333 0.628318530718 0.148617620686
-0.733333333333 0.837758040957 0.134746912037
-0.733333333333 1.0471975512 0.176340010399
-0.733333333333 1.25663706144 0.28571557137
-0.733333333333 1.46607657168 0.363760181198
-0.733333333333 1.67551608191 0.208050183661
-0.733333333333 1.88495559215 0.0250014396466
-0.733333333333 2.09439510239 0.0873014948937
-0.733333333333 2.30383461263 0.131950017325
-0.733333333333 2.51327412287 0.20439830547
-0.733333333333 2.72271363311 0.101096473609
-0.733333333333 2.93215314335 0.128680344033
-0.733333333333 3.14159265359 0.10549011827
-0.733333333333 3.35103216383 0.213129433408
-0.733333333333 3.56047167407 0.346059685823
-0.733333333333 3.76991118431 0.423076404898
-0.733333333333 3.97935069455 0.551733391397
-0.733333333333 4.18879020479 0.530561822936
-0.733333333333 4.39822971503 0.45047894538
-0.733333333333 4.60766922527 0.595172751359
-0.733333333333 4.8171087355 0.221798314227
-0.733333333333 5.02654824574 0.134837916276
-0.733333333333 5.23598775598 0.0665175555857
-0.733333333333 5.44542726622 0.0391042233693
-0.733333333333 5.65486677646 0.0872959345473
-0.733333333333 5.8643062867 0.107942999259
-0.733333333333 6.07374579694 0.251006042059

-0.666666666667 0 0.249554050032
-0.666666666667 0.209439510239 0.283784114983
-0.666666666667 0.418879020479 0.193218036952
-0.666666666667 0.628318530718 0.0887332389124
-0.666666666667 0.837758040957 0.0593471528748
-0.666666666667 1.0471975512 0.084772799717
-0.666666666667 1.25663706144 0.188342986168
-0.666666666667 1.46607657168 0.360892541957
-0.666666666667 1.67551608191 0.279187948686
-0.666666666667 1.88495559215 0.0372436742845
-0.666666666667 2.09439510239 0.0639739763906
-0.666666666667 2.30383461263 0.116370944093
-0.666666666667 2.51327412287 0.218454413224
-0.666666666667 2.72271363311 0.0868012399634
-0.666666666667 2.93215314335 0.150251624136
-0.666666666667 3.14159265359 0.0872100417415
-0.666666666667 3.35103216383 0.260249007576
-0.666666666667 3.56047167407 0.306501290949
-0.666666666667 3.76991118431 0.398114134605
-0.666666666667 3.97935069455 0.496343824955
-0.666666666667 4.18879020479 0.429441266978
-0.666666666667 4.39822971503 0.479393723893
-0.666666666667 4.60766922527 0.300046274538
-0.666666666667 4.8171087355 0.230464463446
-0.666666666667 5.02654824574 0.0775734871317
-0.666666666667 5.23598775598 0.0801693446061
-0.666666666667 5.44542726622 0.0271734718075
-0.666666666667 5.65486677646 0.117095645925
-0.666666666667 5.8643062867 0.119730084527
-0.666666666667 6.07374579694 0.278835064961

-0.6 0 0.258206087145
-0.6 0.209439510239 0.379189066278
-0.6 0.418879020479 0.163027525583
-0.6 0.628318530718 0.0761508671565
-0.6 0.837758040957 0.0478168999126
-0.6 1.0471975512 0.0593161737106
-0.6 1.25663706144 0.128627278114
-0.6 1.46607657168 0.315775641145
-0.6 1.67551608191 0.346198823614
-0.6 1.88495559215 0.0482566499933
-0.6 2.09439510239 0.054112589957
-0.6 2.30383461263 0.103147875793
-0.6 2.51327412287 0.22208717375
-0.6 2.72271363311 0.0874430216357
-0.6 2.93215314335 0.146184593692
-0.6 3.14159265359 0.121338118517
-0.6 3.35103216383 0.256581091467
-0.6 3.56047167407 0.306556445469
-0.6 3.76991118431 0.475070605278
-0.6 3.97935069455 0.587770106829
-0.6 4.18879020479 0.620754503662
-0.6 4.39822971503 0.330792314779
-0.6 4.60766922527 0.276553414168
-0.6 4.8171087355 0.238420866907
-0.6 5.02654824574 0.116973486686
-0.6 5.23598775598 0.0737319829346
-0.6 5.44542726622 0.0478536766007
-0.6 5.65486677646 0.145034338856
-0.6 5.8643062867 0.119291192575
-0.6 6.07374579694 0.259929629005

-0.533333333333 0 0.324635243772
-0.533333333333 0.209439510239 0.388543313349
-0.533333333333 0.418879020479 0.128698462776
-0.533333333333 0.628318530718 0.091524773529
-0.533333333333 0.837758040957 0.0541695823378
-0.533333333333 1.0471975512 0.0544330319775
-0.533333333333 1.25663706144 0.109526494198
-0.533333333333 1.46607657168 0.266540005078
-0.533333333333 1.67551608191 0.394540665334
-0.533333333333 1.88495559215 0.0630294036502
-0.533333333333 2.09439510239 0.0511554182698
-0.533333333333 2.30383461263 0.0932391733278
-0.533333333333 2.51327412287 0.219373070032
-0.533333333333 2.72271363311 0.0951208487241
-0.533333333333 2.93215314335 0.129858996119
-0.533333333333 3.14159265359 0.152976571539
-0.533333333333 3.35103216383 0.22619616895
-0.533333333333 3.56047167407 0.356112562646
-0.533333333333 3.76991118431 0.485131088409
-0.533333333333 3.97935069455 0.547327970563
-0.533333333333 4.18879020479 0.820205500933
-0.533333333333 4.39822971503 0.478913295316
-0.533333333333 4.60766922527 0.30752326793
-0.533333333333 4.8171087355 0.189413495759
-0.533333333333 5.02654824574 0.144189466237
-0.533333333333 5.23598775598 0.0625997893355
-0.533333333333 5.44542726622 0.0741325075468
-0.533333333333 5.65486677646 0.165368535854
-0.533333333333 5.8643062867 0.109674374193
-0.533333333333 6.07374579694 0.225690474668

-0.466666666667 0 0.378690504187
-0.466666666667 0.209439510239 0.332847905369
-0.466666666667 0.418879020479 0.102947438271
-0.466666666667 0.628318530718 0.0907089374249
-0.466666666667 0.837758040957 0.0495327382962
-0.466666666667 1.0471975512 0.0417329028904
-0.466666666667 1.25663706144 0.0993115394733
-0.466666666667 1.46607657168 0.230946528354
-0.466666666667 1.67551608191 0.419082542303
-0.466666666667 1.88495559215 0.0835093591006
-0.466666666667 2.09439510239 0.0510356261105
-0.466666666667 2.30383461263 0.0864679014394
-0.466666666667 2.51327412287 0.21330640443
-0.466666666667 2.72271363311 0.104729463192
-0.466666666667 2.93215314335 0.112970053084
-0.466666666667 3.14159265359 0.170877221545
-0.466666666667 3.35103216383 0.210238425186
-0.466666666667 3.56047167407 0.378410613406
-0.466666666667 3.76991118431 0.50176320468
-0.466666666667 3.97935069455 0.574173358111
-0.466666666667 4.18879020479 0.509425620409
-0.466666666667 4.39822971503 0.547943606414
-0.466666666667 4.60766922527 0.283295796882
-0.466666666667 4.8171087355 0.139186372978
-0.466666666667 5.02654824574 0.158605832962
-0.466666666667 5.23598775598 0.0539118067239
-0.466666666667 5.44542726622 0.0976022007633
-0.466666666667 5.65486677646 0.177912179594
-0.466666666667 5.8643062867 0.0964497293787
-0.466666666667 6.07374579694 0.197656762441

-0.4 0 0.4024990365
-0.4 0.209439510239 0.26202396247
-0.4 0.418879020479 0.0805683592958
-0.4 0.628318530718 0.0725532574837
-0.4 0.837758040957 0.0401328035212
-0.4 1.0471975512 0.0254444331633
-0.4 1.25663706144 0.0826472237157
-0.4 1.46607657168 0.208182897005
-0.4 1.67551608191 0.424877962382
-0.4 1.88495559215 0.108259579434
-0.4 2.09439510239 0.0516311822963
-0.4 2.30383461263 0.0822361617312
-0.4 2.51327412287 0.205868227215
-0.4 2.72271363311 0.11355364557
-0.4 2.93215314335 0.100845584296
-0.4 3.14159265359 0.178118991306
-0.4 3.35103216383 0.215605166954
-0.4 3.56047167407 0.392008876708
-0.4 3.76991118431 0.525851881577
-0.4 3.97935069455 0.667584045904
-0.4 4.18879020479 0.571268031063
-0.4 4.39822971503 0.25891653731
-0.4 4.60766922527 0.285316500303
-0.4 4.8171087355 0.139339287791
-0.4 5.02654824574 0.165716432027
-0.4 5.23598775598 0.0495446760966
-0.4 5.44542726622 0.116265221728
-0.4 5.65486677646 0.184372130417
-0.4 5.8643062867 0.082913100925
-0.4 6.07374579694 0.181603679462

-0.333333333333 0 0.403122163187
-0.333333333333 0.209439510239 0.20832247615
-0.333333333333 0.418879020479 0.0603568401995
-0.333333333333 0.628318530718 0.053984654141
-0.333333333333 0.837758040957 0.0349963509996
-0.333333333333 1.0471975512 0.0144647214799
-0.333333333333 1.25663706144 0.0622452438462
-0.333333333333 1.46607657168 0.192254821499
-0.333333333333 1.67551608191 0.419633239724
-0.333333333333 1.88495559215 0.134311712391
-0.333333333333 2.09439510239 0.052058804572
-0.333333333333 2.30383461263 0.0798735218998
-0.333333333333 2.51327412287 0.198282273772
-0.333333333333 2.72271363311 0.120428762269
-0.333333333333 2.93215314335 0.0941826119029
-0.333333333333 3.14159265359 0.17946897471
-0.333333333333 3.35103216383 0.226146224154
-0.333333333333 3.56047167407 0.409671320099
-0.333333333333 3.76991118431 0.495627403204
-0.333333333333 3.97935069455 0.526818925951
-0.333333333333 4.18879020479 0.615972503415
-0.333333333333 4.39822971503 0.326398710063
-0.333333333333 4.60766922527 0.293081505992
-0.333333333333 4.8171087355 0.161508869674
-0.333333333333 5.02654824574 0.167921990582
-0.333333333333 5.23598775598 0.0489120967036
-0.333333333333 5.44542726622 0.130236734518
-0.333333333333 5.65486677646 0.186725234454
-0.333333333333 5.8643062867 0.0705570244628
-0.333333333333 6.07374579694 0.174456850472

-0.266666666667 0 0.391814792674
-0.266666666667 0.209439510239 0.178690533924
-0.266666666667 0.418879020479 0.0455549548663
-0.266666666667 0.628318530718 0.0450024236121
-0.266666666667 0.837758040957 0.0353974879183
-0.266666666667 1.0471975512 0.0109907024425
-0.266666666667 1.25663706144 0.0444149890918
-0.266666666667 1.46607657168 0.179389181602
-0.266666666667 1.67551608191 0.409499720972
-0.266666666667 1.88495559215 0.158684644188
-0.266666666667 2.09439510239 0.0520960896501
-0.266666666667 2.30383461263 0.0787859338001
-0.266666666667 2.51327412287 0.191255112402
-0.266666666667 2.72271363311 0.125074197275
-0.266666666667 2.93215314335 0.0916293841161
-0.266666666667 3.14159265359 0.178170229399
-0.266666666667 3.35103216383 0.232808731081
-0.266666666667 3.56047167407 0.420148919476
-0.266666666667 3.76991118431 0.472377732766
-0.266666666667 3.97935069455 0.536406035461
-0.266666666667 4.18879020479 0.50568280239
-0.266666666667 4.39822971503 0.403016995232
-0.266666666667 4.60766922527 0.284862332095
-0.266666666667 4.8171087355 0.183417389024
-0.266666666667 5.02654824574 0.16669987371
-0.266666666667 5.23598775598 0.0507454999312
-0.266666666667 5.44542726622 0.140287957672
-0.266666666667 5.65486677646 0.186651151686
-0.266666666667 5.8643062867 0.0599461063777
-0.266666666667 6.07374579694 0.172095567554

-0.2 0 0.376712748645
-0.2 0.209439510239 0.16795373468
-0.2 0.418879020479 0.0383237964058
-0.2 0.628318530718 0.0465410603956
-0.2 0.837758040957 0.0390637746144
-0.2 1.0471975512 0.0128221090411
-0.2 1.25663706144 0.0321418352059
-0.2 1.46607657168 0.168929065164
-0.2 1.67551608191 0.398350758658
-0.2 1.88495559215 0.179168422917
-0.2 2.09439510239 0.0518099290337
-0.2 2.30383461263 0.0785056497422
-0.2 2.51327412287 0.185155430366
-0.2 2.72271363311 0.127634054601
-0.2 2.93215314335 0.0915874819807
-0.2 3.14159265359 0.176178674158
-0.2 3.35103216383 0.234781296334
-0.2 3.56047167407 0.418512486075
-0.2 3.76991118431 0.507701049458
-0.2 3.97935069455 0.581646580052
-0.2 4.18879020479 0.434768760595
-0.2 4.39822971503 0.438857277475
-0.2 4.60766922527 0.264066374744
-0.2 4.8171087355 0.200064996975
-0.2 5.02654824574 0.163529268683
-0.2 5.23598775598 0.0538887240024
-0.2 5.44542726622 0.14729808785
-0.2 5.65486677646 0.185416095679
-0.2 5.8643062867 0.0512162393454
-0.2 6.07374579694 0.171985098099

-0.133333333333 0 0.361631149914
-0.133333333333 0.209439510239 0.169281424555
-0.133333333333 0.418879020479 0.0381644898477
-0.133333333333 0.628318530718 0.0549318657874
-0.133333333333 0.837758040957 0.0440259744805
-0.133333333333 1.0471975512 0.0170921107999
-0.133333333333 1.25663706144 0.0251923424541
-0.133333333333 1.46607657168 0.161713319179
-0.133333333333 1.67551608191 0.388305309878
-0.133333333333 1.88495559215 0.194494335473
-0.133333333333 2.09439510239 0.0513625574624
-0.133333333333 2.30383461263 0.078696267707
-0.133333333333 2.51327412287 0.180134946658
-0.133333333333 2.72271363311 0.128404377301
-0.133333333333 2.93215314335 0.0929380586935
-0.133333333333 3.14159265359 0.174587267716
-0.133333333333 3.35103216383 0.233754308555
-0.133333333333 3.56047167407 0.411398306341
-0.133333333333 3.76991118431 0.537384086839
-0.133333333333 3.97935069455 0.605797918636
-0.133333333333 4.18879020479 0.466131933395
-0.133333333333 4.39822971503 0.453697734368
-0.133333333333 4.60766922527 0.242985392334
-0.133333333333 4.8171087355 0.211751128183
-0.133333333333 5.02654824574 0.159829824895
-0.133333333333 5.23598775598 0.0575117868093
-0.133333333333 5.44542726622 0.152046833735
-0.133333333333 5.65486677646 0.183914718446
-0.133333333333 5.8643062867 0.0443149981442
-0.133333333333 6.07374579694 0.173029692692

-0.0666666666667 0 0.347200262336
-0.0666666666667 0.209439510239 0.177777927004
-0.0666666666667 0.418879020479 0.0430873626629
-0.0666666666667 0.628318530718 0.0659688848201
-0.0666666666667 0.837758040957 0.0497539118158
-0.0666666666667 1.0471975512 0.0218416745948
-0.0666666666667 1.25663706144 0.0220510654382
-0.0666666666667 1.46607657168 0.158704548195
-0.0666666666667 1.67551608191 0.380364062537
-0.0666666666667 1.88495559215 0.204152773201
-0.0666666666667 2.09439510239 0.050932999398
-0.0666666666667 2.30383461263 0.0791394222315
-0.0666666666667 2.51327412287 0.176204643269
-0.0666666666667 2.72271363311 0.127708108518
-0.0666666666667 2.93215314335 0.0951511710626
-0.0666666666667 3.14159265359 0.173745812934
-0.0666666666667 3.35103216383 0.23068192055
-0.0666666666667 3.56047167407 0.405297542123
-0.0666666666667 3.76991118431 0.555561887582
-0.0666666666667 3.97935069455 0.618463198022
-0.0666666666667 4.18879020479 0.485724310416
-0.0666666666667 4.39822971503 0.45862936781
-0.0666666666667 4.60766922527 0.228932940282
-0.0666666666667 4.8171087355 0.219481517203
-0.0666666666667 5.02654824574 0.15674463997
-0.0666666666667 5.23598775598 0.0610868602437
-0.0666666666667 5.44542726622 0.155153361654
-0.0666666666667 5.65486677646 0.182746870011
-0.0666666666667 5.8643062867 0.0391235101012
-0.0666666666667 6.07374579694 0.174896562258

6.12323399574e-17 0 0.332420331879
6.12323399574e-17 0.209439510239 0.190474837289
6.12323399574e-17 0.418879020479 0.0511016556814
6.12323399574e-17 0.628318530718 0.0769192805616
6.12323399574e-17 0.837758040957 0.0568313349382
6.12323399574e-17 1.0471975512 0.0260401526249
6.12323399574e-17 1.25663706144 0.0213652584717
6.12323399574e-17 1.46607657168 0.160481790088
6.12323399574e-17 1.67551608191 0.374847499718
6.12323399574e-17 1.88495559215 0.208096818627
6.12323399574e-17 2.09439510239 0.0506998668046
6.12323399574e-17 2.30383461263 0.079715851801
6.12323399574e-17 2.51327412287 0.173279075173
6.12323399574e-17 2.72271363311 0.125868749543
6.12323399574e-17 2.93215314335 0.0981723451868
6.12323399574e-17 3.14159265359 0.173416024087
6.12323399574e-17 3.35103216383 0.225337703056
6.12323399574e-17 3.56047167407 0.402332096398
6.12323399574e-17 3.76991118431 0.565053126254
6.12323399574e-17 3.97935069455 0.621650377565
6.12323399574e-17 4.18879020479 0.49113043034
6.12323399574e-17 4.39822971503 0.459378000208
6.12323399574e-17 4.60766922527 0.221783624991
6.12323399574e-17 4.8171087355 0.224009856331
6.12323399574e-17 5.02654824574 0.155066173266
6.12323399574e-17 5.23598775598 0.0643056478403
6.12323399574e-17 5.44542726622 0.157079991931
6.12323399574e-17 5.65486677646 0.182283474877
6.12323399574e-17 5.8643062867 0.0355277277811
6.12323399574e-17 6.07374579694 0.177504299995

0.0666666666667 0 0.315936298006
0.0666666666667 0.209439510239 0.205259447191
0.0666666666667 0.418879020479 0.0609857442158
0.0666666666667 0.628318530718 0.0866602537669
0.0666666666667 0.837758040957 0.066086148198
0.0666666666667 1.0471975512 0.029080906882
0.0666666666667 1.25663706144 0.0226278493234
0.0666666666667 1.46607657168 0.167257291113
0.0666666666667 1.67551608191 0.371615359364
0.0666666666667 1.88495559215 0.206473348559
0.0666666666667 2.09439510239 0.050851750429
0.0666666666667 2.30383461263 0.0803855740283
0.0666666666667 2.51327412287 0.171199938171
0.0666666666667 2.72271363311 0.123241045794
0.0666666666667 2.93215314335 0.10224693817
0.0666666666667 3.14159265359 0.172959118465
0.0666666666667 3.35103216383 0.21759909159
0.0666666666667 3.56047167407 0.403848725424
0.0666666666667 3.76991118431 0.566226051529
0.0666666666667 3.97935069455 0.616216181415
0.0666666666667 4.18879020479 0.487936091666
0.0666666666667 4.39822971503 0.457252889833
0.0666666666667 4.60766922527 0.218730143744
0.0666666666667 4.8171087355 0.225684018307
0.0666666666667 5.02654824574 0.155296442217
0.0666666666667 5.23598775598 0.067008087031
0.0666666666667 5.44542726622 0.158160619859
0.0666666666667 5.65486677646 0.182710040398
0.0666666666667 5.8643062867 0.03346551873
0.0666666666667 6.07374579694 0.18069848382

0.133333333333 0 0.297050242848
0.133333333333 0.209439510239 0.219733972085
0.133333333333 0.418879020479 0.0722990221578
0.133333333333 0.628318530718 0.0948378723614
0.133333333333 0.837758040957 0.0775061560503
0.133333333333 1.0471975512 0.0303150836628
0.133333333333 1.25663706144 0.0264089526471
0.133333333333 1.46607657168 0.17903403438
0.133333333333 1.67551608191 0.370113111064
0.133333333333 1.88495559215 0.199434566306
0.133333333333 2.09439510239 0.0516093022316
0.133333333333 2.30383461263 0.0811682856062
0.133333333333 2.51327412287 0.169748348203
0.133333333333 2.72271363311 0.120268188746
0.133333333333 2.93215314335 0.107689370928
0.133333333333 3.14159265359 0.171570781704
0.133333333333 3.35103216383 0.210126687415
0.133333333333 3.56047167407 0.413877187523
0.133333333333 3.76991118431 0.556498920635
0.133333333333 3.97935069455 0.603025155201
0.133333333333 4.18879020479 0.483435934745
0.133333333333 4.39822971503 0.450317371679
0.133333333333 4.60766922527 0.217756859002
0.133333333333 4.8171087355 0.224389338633
0.133333333333 5.02654824574 0.15774346424
0.133333333333 5.23598775598 0.0691426690047
0.133333333333 5.44542726622 0.158634081605
0.133333333333 5.65486677646 0.184046379324
0.133333333333 5.8643062867 0.032958215616
0.133333333333 6.07374579694 0.184004590605

0.2 0 0.276662786786
0.2 0.209439510239 0.230338312073
0.2 0.418879020479 0.0848602449467
0.2 0.628318530718 0.100833696486
0.2 0.837758040957 0.0891286315312
0.2 1.0471975512 0.0289620497031
0.2 1.25663706144 0.0343586909749
0.2 1.46607657168 0.195718851649
0.2 1.67551608191 0.369285252539
0.2 1.88495559215 0.187034010336
0.2 2.09439510239 0.0532546525624
0.2 2.30383461263 0.0821226211777
0.2 2.51327412287 0.168655205325
0.2 2.72271363311 0.117537671498
0.2 2.93215314335 0.114533853047
0.2 3.14159265359 0.168671430994
0.2 3.35103216383 0.213232117557
0.2 3.56047167407 0.433696116099
0.2 3.76991118431 0.526272104113
0.2 3.97935069455 0.581951995546
0.2 4.18879020479 0.493536810612
0.2 4.39822971503 0.43506383314
0.2 4.60766922527 0.218711677203
0.2 4.8171087355 0.219546431228
0.2 5.02654824574 0.162565194919
0.2 5.23598775598 0.0707614647546
0.2 5.44542726622 0.158673269478
0.2 5.65486677646 0.186146708527
0.2 5.8643062867 0.0341285115819
0.2 6.07374579694 0.186385686119

0.266666666667 0 0.258134334494
0.266666666667 0.209439510239 0.232133773457
0.266666666667 0.418879020479 0.0978144004359
0.266666666667 0.628318530718 0.10311474476
0.266666666667 0.837758040957 0.0965200172076
0.266666666667 1.0471975512 0.0248323034341
0.266666666667 1.25663706144 0.0489504465497
0.266666666667 1.46607657168 0.217115709017
0.266666666667 1.67551608191 0.367383385121
0.266666666667 1.88495559215 0.169207126328
0.266666666667 2.09439510239 0.056171012291
0.266666666667 2.30383461263 0.0833206297635
0.266666666667 2.51327412287 0.167620804941
0.266666666667 2.72271363311 0.115798135427
0.266666666667 2.93215314335 0.122037439807
0.266666666667 3.14159265359 0.164426735201
0.266666666667 3.35103216383 0.244005375556
0.266666666667 3.56047167407 0.449282844376
0.266666666667 3.76991118431 0.422358840833
0.266666666667 3.97935069455 0.553923760737
0.266666666667 4.18879020479 0.533057062598
0.266666666667 4.39822971503 0.40959125674
0.266666666667 4.60766922527 0.223706749518
0.266666666667 4.8171087355 0.210271695452
0.266666666667 5.02654824574 0.169699620624
0.266666666667 5.23598775598 0.0720510689368
0.266666666667 5.44542726622 0.158404702381
0.266666666667 5.65486677646 0.188685127534
0.266666666667 5.8643062867 0.0371991104275
0.266666666667 6.07374579694 0.186030452236

0.333333333333 0 0.247601704845
0.333333333333 0.209439510239 0.220167671038
0.333333333333 0.418879020479 0.108385540419
0.333333333333 0.628318530718 0.0995620565899
0.333333333333 0.837758040957 0.0942751807359
0.333333333333 1.0471975512 0.02022707902
0.333333333333 1.25663706144 0.0728158681608
0.333333333333 1.46607657168 0.242668308885
0.333333333333 1.67551608191 0.361715249389
0.333333333333 1.88495559215 0.145871353305
0.333333333333 2.09439510239 0.0608977893194
0.333333333333 2.30383461263 0.0848124919205
0.333333333333 2.51327412287 0.166356881942
0.333333333333 2.72271363311 0.115884322292
0.333333333333 2.93215314335 0.128249023576
0.333333333333 3.14159265359 0.15979474701
0.333333333333 3.35103216383 0.294139296444
0.333333333333 3.56047167407 0.440245784257
0.333333333333 3.76991118431 0.584175067467
0.333333333333 3.97935069455 0.62364394324
0.333333333333 4.18879020479 0.555498982753
0.333333333333 4.39822971503 0.378119393921
0.333333333333 4.60766922527 0.237184046997
0.333333333333 4.8171087355 0.195779915969
0.333333333333 5.02654824574 0.178645435844
0.333333333333 5.23598775598 0.0734019152329
0.333333333333 5.44542726622 0.15791524836
0.333333333333 5.65486677646 0.191134384245
0.333333333333 5.8643062867 0.0424563196227
0.333333333333 6.07374579694 0.180350003697

0.4 0 0.252697855502
0.4 0.209439510239 0.193785565504
0.4 0.418879020479 0.110970586538
0.4 0.628318530718 0.088998741473
0.4 0.837758040957 0.0808062054973
0.4 1.0471975512 0.0220336927418
0.4 1.25663706144 0.107742638525
0.4 1.46607657168 0.270731466214
0.4 1.67551608191 0.348474128955
0.4 1.88495559215 0.117251567551
0.4 2.09439510239 0.0681986703534
0.4 2.30383461263 0.0865736059035
0.4 2.51327412287 0.16465861536
0.4 2.72271363311 0.118508065056
0.4 2.93215314335 0.130332262468
0.4 3.14159265359 0.154815944671
0.4 3.35103216383 0.316838737067
0.4 3.56047167407 0.387457995879
0.4 3.76991118431 0.584431139528
0.4 3.97935069455 0.63384980851
0.4 4.18879020479 0.527639155283
0.4 4.39822971503 0.349068125772
0.4 4.60766922527 0.263175809506
0.4 4.8171087355 0.175932294363
0.4 5.02654824574 0.188101232334
0.4 5.23598775598 0.0755202063493
0.4 5.44542726622 0.157242235807
0.4 5.65486677646 0.192750705566
0.4 5.8643062867 0.0501472006815
0.4 6.07374579694 0.166539055437

0.466666666667 0 0.278187399772
0.466666666667 0.209439510239 0.163914748065
0.466666666667 0.418879020479 0.0991106621365
0.466666666667 0.628318530718 0.072691855547
0.466666666667 0.837758040957 0.0637238547311
0.466666666667 1.0471975512 0.0402332089173
0.466666666667 1.25663706144 0.153196112616
0.466666666667 1.46607657168 0.29754986066
0.466666666667 1.67551608191 0.323029766131
0.466666666667 1.88495559215 0.0845742225861
0.466666666667 2.09439510239 0.0790915741829
0.466666666667 2.30383461263 0.088426574173
0.466666666667 2.51327412287 0.16248552543
0.466666666667 2.72271363311 0.124006017165
0.466666666667 2.93215314335 0.126493704345
0.466666666667 3.14159265359 0.147264292249
0.466666666667 3.35103216383 0.287569992174
0.466666666667 3.56047167407 0.535787943439
0.466666666667 3.76991118431 0.551164720184
0.466666666667 3.97935069455 0.567256763478
0.466666666667 4.18879020479 0.4817970528
0.466666666667 4.39822971503 0.322568464605
0.466666666667 4.60766922527 0.296040210319
0.466666666667 4.8171087355 0.152031944911
0.466666666667 5.02654824574 0.195561310723
0.466666666667 5.23598775598 0.0795818137953
0.466666666667 5.44542726622 0.156341499296
0.466666666667 5.65486677646 0.19258558803
0.466666666667 5.8643062867 0.0602658196158
0.466666666667 6.07374579694 0.143063362859

0.533333333333 0 0.317562703445
0.533333333333 0.209439510239 0.157528679612
0.533333333333 0.418879020479 0.0753376390584
0.533333333333 0.628318530718 0.0546698503538
0.533333333333 0.837758040957 0.057396774436
0.533333333333 1.0471975512 0.0794543508752
0.533333333333 1.25663706144 0.201769797367
0.533333333333 1.46607657168 0.316755180447
0.533333333333 1.67551608191 0.281386412055
0.533333333333 1.88495559215 0.0510601699512
0.533333333333 2.09439510239 0.0946130355597
0.533333333333 2.30383461263 0.0899425502298
0.533333333333 2.51327412287 0.159936659575
0.533333333333 2.72271363311 0.13253740481
0.533333333333 2.93215314335 0.119244527888
0.533333333333 3.14159265359 0.152137999439
0.533333333333 3.35103216383 0.237503175939
0.533333333333 3.56047167407 0.593732701336
0.533333333333 3.76991118431 0.660965734746
0.533333333333 3.97935069455 0.53998445222
0.533333333333 4.18879020479 0.453826530322
0.533333333333 4.39822971503 0.29837873286
0.533333333333 4.60766922527 0.312183714565
0.533333333333 4.8171087355 0.12943736143
0.533333333333 5.02654824574 0.197095935913
0.533333333333 5.23598775598 0.0874026041915
0.533333333333 5.44542726622 0.155027893785
0.533333333333 5.65486677646 0.189563107328
0.533333333333 5.8643062867 0.0722116796685
0.533333333333 6.07374579694 0.111894699122

0.6 0 0.344156189091
0.6 0.209439510239 0.205737992147
0.6 0.418879020479 0.0677116320509
0.6 0.628318530718 0.0453166294627
0.6 0.837758040957 0.0705307289995
0.6 1.0471975512 0.127670618312
0.6 1.25663706144 0.232223465407
0.6 1.46607657168 0.317786906715
0.6 1.67551608191 0.223026083731
0.6 1.88495559215 0.0225145675533
0.6 2.09439510239 0.114613378523
0.6 2.30383461263 0.0904008952691
0.6 2.51327412287 0.156793377969
0.6 2.72271363311 0.145734072588
0.6 2.93215314335 0.116937137479
0.6 3.14159265359 0.245452268022
0.6 3.35103216383 0.295788567288
0.6 3.56047167407 0.453621086216
0.6 3.76991118431 0.648316875224
0.6 3.97935069455 0.551511280632
0.6 4.18879020479 0.424943872919
0.6 4.39822971503 0.318862329707
0.6 4.60766922527 0.291298847048
0.6 4.8171087355 0.124084251012
0.6 5.02654824574 0.187780280243
0.6 5.23598775598 0.101510506961
0.6 5.44542726622 0.15288735625
0.6 5.65486677646 0.182690365229
0.6 5.8643062867 0.084472498359
0.6 6.07374579694 0.0801386878954

0.666666666667 0 0.319201218388
0.666666666667 0.209439510239 0.305004516979
0.666666666667 0.418879020479 0.124764403726
0.666666666667 0.628318530718 0.0683984487272
0.666666666667 0.837758040957 0.0971029804757
0.666666666667 1.0471975512 0.153389970465
0.666666666667 1.25663706144 0.224819930878
0.666666666667 1.46607657168 0.286065329287
0.666666666667 1.67551608191 0.153577449941
0.666666666667 1.88495559215 0.00680000095572
0.666666666667 2.09439510239 0.13445245324
0.666666666667 2.30383461263 0.0892231584756
0.666666666667 2.51327412287 0.151168451317
0.666666666667 2.72271363311 0.169279600788
0.666666666667 2.93215314335 0.125555014635
0.666666666667 3.14159265359 0.28970836149
0.666666666667 3.35103216383 0.332098223549
0.666666666667 3.56047167407 0.37911524601
0.666666666667 3.76991118431 0.507238622484
0.666666666667 3.97935069455 0.490364136491
0.666666666667 4.18879020479 0.385001918132
0.666666666667 4.39822971503 0.374067998224
0.666666666667 4.60766922527 0.240485914213
0.666666666667 4.8171087355 0.160796410593
0.666666666667 5.02654824574 0.163732470775
0.666666666667 5.23598775598 0.124722452073
0.666666666667 5.44542726622 0.14917719465
0.666666666667 5.65486677646 0.171518053222
0.666666666667 5.8643062867 0.0949257641991
0.666666666667 6.07374579694 0.0587641075322

0.733333333333 0 0.237501620706
0.733333333333 0.209439510239 0.371051689638
0.733333333333 0.418879020479 0.251570532627
0.733333333333 0.628318530718 0.145002442348
0.733333333333 0.837758040957 0.124828934207
0.733333333333 1.0471975512 0.140975757186
0.733333333333 1.25663706144 0.200126949203
0.733333333333 1.46607657168 0.237327889543
0.733333333333 1.67551608191 0.0892498642967
0.733333333333 1.88495559215 0.0136740714061
0.733333333333 2.09439510239 0.142165717067
0.733333333333 2.30383461263 0.0884320245704
0.733333333333 2.51327412287 0.14080262048
0.733333333333 2.72271363311 0.208993061547
0.733333333333 2.93215314335 0.159236805558
0.733333333333 3.14159265359 0.211867946336
0.733333333333 3.35103216383 1.01648906301
0.733333333333 3.56047167407 0.472408271473
0.733333333333 3.76991118431 0.534917691567
0.733333333333 3.97935069455 0.512494179563
0.733333333333 4.18879020479 0.429718969008
0.733333333333 4.39822971503 0.340104741852
0.733333333333 4.60766922527 0.165526335673
0.733333333333 4.8171087355 0.219101938359
0.733333333333 5.02654824574 0.12619767396
0.733333333333 5.23598775598 0.158058677393
0.733333333333 5.44542726622 0.142765500592
0.733333333333 5.65486677646 0.157008552283
0.733333333333 5.8643062867 0.102844981447
0.733333333333 6.07374579694 0.0558312866648

0.8 0 0.153967983315
0.8 0.209439510239 0.31263991613
0.8 0.418879020479 0.329621666008
0.8 0.628318530718 0.244518035122
0.8 0.837758040957 0.174985484416
0.8 1.0471975512 0.167275182692
0.8 1.25663706144 0.231885654616
0.8 1.46607657168 0.219532248727
0.8 1.67551608191 0.0494067416781
0.8 1.88495559215 0.0522324250722
0.8 2.09439510239 0.131306262647
0.8 2.30383461263 0.0989597242634
0.8 2.51327412287 0.169284485433
0.8 2.72271363311 0.2463378263
0.8 2.93215314335 0.577090884135
0.8 3.14159265359 0.242091866105
0.8 3.35103216383 0.414519881279
0.8 3.56047167407 0.630967136689
0.8 3.76991118431 0.502491151863
0.8 3.97935069455 0.447063330326
0.8 4.18879020479 0.378177638137
0.8 4.39822971503 0.24229740575
0.8 4.60766922527 0.185683679287
0.8 4.8171087355 0.217290091365
0.8 5.02654824574 0.0896056995543
0.8 5.23598775598 0.194278022733
0.8 5.44542726622 0.132203905864
0.8 5.65486677646 0.142783706892
0.8 5.8643062867 0.113111349711
0.8 6.07374579694 0.0621330500245

0.866666666667 0 0.0924157202836
0.866666666667 0.209439510239 0.211569336005
0.866666666667 0.418879020479 0.295362801011
0.866666666667 0.628318530718 0.307545367119
0.866666666667 0.837758040957 0.297200799623
0.866666666667 1.0471975512 0.308040716602
0.866666666667 1.25663706144 0.300998236024
0.866666666667 1.46607657168 0.1722252474
0.866666666667 1.67551608191 0.0186423049906
0.866666666667 1.88495559215 0.113470657267
0.866666666667 2.09439510239 0.126944833084
0.866666666667 2.30383461263 0.130047650855
0.866666666667 2.51327412287 0.282279959871
0.866666666667 2.72271363311 0.113670352798
0.866666666667 2.93215314335 0.700185310334
0.866666666667 3.14159265359 0.472617883974
0.866666666667 3.35103216383 0.383013522376
0.866666666667 3.56047167407 0.43051825148
0.866666666667 3.76991118431 0.374742742046
0.866666666667 3.97935069455 0.333566009603
0.866666666667 4.18879020479 0.241764019899
0.866666666667 4.39822971503 0.260119257708
0.866666666667 4.60766922527 0.249236884993
0.866666666667 4.8171087355 0.136147627371
0.866666666667 5.02654824574 0.110770044675
0.866666666667 5.23598775598 0.205271063627
0.866666666667 5.44542726622 0.115999137337
0.866666666667 5.65486677646 0.135231196628
0.866666666667 5.8643062867 0.140561708468
0.866666666667 6.07374579694 0.0594280731645

0.933333333333 0 0.04875186527
0.933333333333 0.209439510239 0.0406117122849
0.933333333333 0.418879020479 0.0950533484464
0.933333333333 0.628318530718 0.153069741776
0.933333333333 0.837758040957 0.172805338282
0.933333333333 1.0471975512 0.136215269975
0.933333333333 1.25663706144 0.0563529732954
0.933333333333 1.46607657168 0.0217335659793
0.933333333333 1.67551608191 0.111304382291
0.933333333333 1.88495559215 0.215328923198
0.933333333333 2.09439510239 0.159492448729
0.933333333333 2.30383461263 0.131503315675
0.933333333333 2.51327412287 0.216942839939
0.933333333333 2.72271363311 0.250488112885
0.933333333333 2.93215314335 0.0686079033835
0.933333333333 3.14159265359 0.619686284805
0.933333333333 3.35103216383 0.385704824765
0.933333333333 3.56047167407 0.332353973955
0.933333333333 3.76991118431 0.321646791143
0.933333333333 3.97935069455 0.303944402983
0.933333333333 4.18879020479 0.265795016215
0.933333333333 4.39822971503 0.197573664088
0.933333333333 4.60766922527 0.0991349160402
0.933333333333 4.8171087355 0.11436266538
0.933333333333 5.02654824574 0.198050964727
0.933333333333 5.23598775598 0.149372621578
0.933333333333 5.44542726622 0.0929099750614
0.933333333333 5.65486677646 0.134349217907
0.933333333333 5.8643062867 0.201148379438
0.933333333333 6.07374579694 0.134153217368

