-1 0 0.161382943722
-1 0.209439510239 0.161382943722
-1 0.418879020479 0.161382943722
-1 0.628318530718 0.161382943722
-1 0.837758040957 0.161382943722
-1 1.0471975512 0.161382943722
-1 1.25663706144 0.161382943722
-1 1.46607657168 0.161382943722
-1 1.67551608191 0.161382943722
-1 1.88495559215 0.161382943722
-1 2.09439510239 0.161382943722
-1 2.30383461263 0.161382943722
-1 2.51327412287 0.161382943722
-1 2.72271363311 0.161382943722
-1 2.93215314335 0.161382943722
-1 3.14159265359 0.161382943722
-1 3.35103216383 0.161382943722
-1 3.56047167407 0.161382943722
-1 3.76991118431 0.161382943722
-1 3.97935069455 0.161382943722
-1 4.18879020479 0.161382943722
-1 4.39822971503 0.161382943722
-1 4.60766922527 0.161382943722
-1 4.8171087355 0.161382943722
-1 5.02654824574 0.161382943722
-1 5.23598775598 0.161382943722
-1 5.44542726622 0.161382943722
-1 5.65486677646 0.161382943722
-1 5.8643062867 0.161382943722
-1 6.07374579694 0.161382943722

-0.933333333333 0 0.105750567095
-0.933333333333 0.209439510239 0.260802409607
-0.933333333333 0.418879020479 0.430676447252
-0.933333333333 0.628318530718 0.491264814846
-0.933333333333 0.837758040957 0.447904769338
-0.933333333333 1.0471975512 0.308856373662
-0.933333333333 1.25663706144 0.134675606614
-0.933333333333 1.46607657168 0.0834145572909
-0.933333333333 1.67551608191 0.260546372662
-0.933333333333 1.88495559215 0.450836311232
-0.933333333333 2.09439510239 0.327329321909
-0.933333333333 2.30383461263 0.0939903752828
-0.933333333333 2.51327412287 0.193104131127
-0.933333333333 2.72271363311 0.363313784734
-0.933333333333 2.93215314335 0.698922849532
-0.933333333333 3.14159265359 2.4723951597
-0.933333333333 3.35103216383 5.55049768905
-0.933333333333 3.56047167407 7.91490316495
-0.933333333333 3.76991118431 8.40850091086
-0.933333333333 3.97935069455 7.51803481932
-0.933333333333 4.18879020479 6.19692739678
-0.933333333333 4.39822971503 5.18043374671
-0.933333333333 4.60766922527 4.90154974912
-0.933333333333 4.8171087355 5.06225993236
-0.933333333333 5.02654824574 4.33694321868
-0.933333333333 5.23598775598 2.3943052191
-0.933333333333 5.44542726622 1.34123682071
-0.933333333333 5.65486677646 1.65898478197
-0.933333333333 5.8643062867 1.33447139367
-0.933333333333 6.07374579694 0.426745694804

-0.866666666667 0 0.731188741477
-0.866666666667 0.209439510239 0.783924713702
-0.866666666667 0.418879020479 0.701268328477
-0.866666666667 0.628318530718 0.687161257549
-0.866666666667 0.837758040957 0.747177981353
-0.866666666667 1.0471975512 0.809048492565
-0.866666666667 1.25663706144 0.683102553145
-0.866666666667 1.46607657168 0.30701293604
-0.866666666667 1.67551608191 0.137578081771
-0.866666666667 1.88495559215 0.396222536293
-0.866666666667 2.09439510239 0.328232664182
-0.866666666667 2.30383461263 0.0983176270369
-0.866666666667 2.51327412287 0.207550422639
-0.866666666667 2.72271363311 0.273876331151
-0.866666666667 2.93215314335 3.2562285348
-0.866666666667 3.14159265359 10.5835627484
-0.866666666667 3.35103216383 14.5241500798
-0.866666666667 3.56047167407 11.9916962249
-0.866666666667 3.76991118431 7.95107181334
-0.866666666667 3.97935069455 5.37990316856
-0.866666666667 4.18879020479 4.00539829816
-0.866666666667 4.39822971503 3.26291147715
-0.866666666667 4.60766922527 2.92810881245
-0.866666666667 4.8171087355 2.94136610066
-0.866666666667 5.02654824574 3.42755464035
-0.866666666667 5.23598775598 2.72492810941
-0.866666666667 5.44542726622 1.64322535873
-0.866666666667 5.65486677646 1.92478463804
-0.866666666667 5.8643062867 1.00302735558
-0.866666666667 6.07374579694 0.41024081084

-0.8 0 0.737922760327
-0.8 0.209439510239 0.437760935232
-0.8 0.418879020479 0.257253424169
-0.8 0.628318530718 0.159661150228
-0.8 0.837758040957 0.188495652921
-0.8 1.0471975512 0.400377497251
-0.8 1.25663706144 0.667732936687
-0.8 1.46607657168 0.545256523296
-0.8 1.67551608191 0.135511475872
-0.8 1.88495559215 0.359151265145
-0.8 2.09439510239 0.333995644248
-0.8 2.30383461263 0.126220155941
-0.8 2.51327412287 0.276607346726
-0.8 2.72271363311 1.20320612228
-0.8 2.93215314335 8.34653262781
-0.8 3.14159265359 16.0951623906
-0.8 3.35103216383 12.1588471706
-0.8 3.56047167407 5.27528525296
-0.8 3.76991118431 3.30499249174
-0.8 3.97935069455 3.73950171393
-0.8 4.18879020479 3.56356019148
-0.8 4.39822971503 2.49149387334
-0.8 4.60766922527 2.300753679
-0.8 4.8171087355 2.41042958949
-0.8 5.02654824574 2.09985329023
-0.8 5.23598775598 2.2642761719
-0.8 5.44542726622 1.58840170885
-0.8 5.65486677646 1.6418925929
-0.8 5.8643062867 0.972832830253
-0.8 6.07374579694 0.776538760597

-0.733333333333 0 0.505346300267
-0.733333333333 0.209439510239 0.321894590107
-0.733333333333 0.418879020479 0.178779011591
-0.733333333333 0.628318530718 0.0385481386726
-0.733333333333 0.837758040957 0.0107418216077
-0.733333333333 1.0471975512 0.116346512684
-0.733333333333 1.25663706144 0.409566928698
-0.733333333333 1.46607657168 0.590152435402
-0.733333333333 1.67551608191 0.178160008656
-0.733333333333 1.88495559215 0.293679470664
-0.733333333333 2.09439510239 0.351508932538
-0.733333333333 2.30383461263 0.182664032835
-0.733333333333 2.51327412287 0.435856018296
-0.733333333333 2.72271363311 2.88025600663
-0.733333333333 2.93215314335 12.6573979707
-0.733333333333 3.14159265359 15.4290971357
-0.733333333333 3.35103216383 5.84882902243
-0.733333333333 3.56047167407 2.09803334776
-0.733333333333 3.76991118431 3.90233107908
-0.733333333333 3.97935069455 5.58302787563
-0.733333333333 4.18879020479 5.82715126997
-0.733333333333 4.39822971503 4.02130871756
-0.733333333333 4.60766922527 2.52101205448
-0.733333333333 4.8171087355 2.92822495615
-0.733333333333 5.02654824574 1.94348157758
-0.733333333333 5.23598775598 1.96519255714
-0.733333333333 5.44542726622 1.59151330833
-0.733333333333 5.65486677646 1.32471058143
-0.733333333333 5.8643062867 1.10670464811
-0.733333333333 6.07374579694 0.84703112763

-0.666666666667 0 0.448940448997
-0.666666666667 0.209439510239 0.491119677805
-0.666666666667 0.418879020479 0.253771028819
-0.666666666667 0.628318530718 0.0933982892252
-0.666666666667 0.837758040957 0.090659935371
-0.666666666667 1.0471975512 0.150495479785
-0.666666666667 1.25663706144 0.302948277576
-0.666666666667 1.46607657168 0.547345467946
-0.666666666667 1.67551608191 0.233702766136
-0.666666666667 1.88495559215 0.216624868318
-0.666666666667 2.09439510239 0.37374833035
-0.666666666667 2.30383461263 0.258410926869
-0.666666666667 2.51327412287 0.667144717389
-0.666666666667 2.72271363311 4.79249512561
-0.666666666667 2.93215314335 15.0055735466
-0.666666666667 3.14159265359 11.7598914305
-0.666666666667 3.35103216383 1.94522606932
-0.666666666667 3.56047167407 2.19884936737
-0.666666666667 3.76991118431 3.94420725662
-0.666666666667 3.97935069455 4.58964311372
-0.666666666667 4.18879020479 5.32771024613
-0.666666666667 4.39822971503 4.5474078298
-0.666666666667 4.60766922527 2.65602072629
-0.666666666667 4.8171087355 3.17062902012
-0.666666666667 5.02654824574 2.18435067932
-0.666666666667 5.23598775598 1.85778644503
-0.666666666667 5.44542726622 1.6954744764
-0.666666666667 5.65486677646 1.13276313215
-0.666666666667 5.8643062867 1.20512026861
-0.666666666667 6.07374579694 0.760912058566

-0.6 0 0.563597452709
-0.6 0.209439510239 0.635529369473
-0.6 0.418879020479 0.226650520315
-0.6 0.628318530718 0.0959704748614
-0.6 0.837758040957 0.11896831023
-0.6 1.0471975512 0.217010438813
-0.6 1.25663706144 0.330047840367
-0.6 1.46607657168 0.513961837286
-0.6 1.67551608191 0.285183283162
-0.6 1.88495559215 0.148399139975
-0.6 2.09439510239 0.396103464427
-0.6 2.30383461263 0.342567614762
-0.6 2.51327412287 0.939231345182
-0.6 2.72271363311 6.58370393679
-0.6 2.93215314335 15.6521436209
-0.6 3.14159265359 7.88074975324
-0.6 3.35103216383 0.647649409802
-0.6 3.56047167407 2.39938669771
-0.6 3.76991118431 2.41327343224
-0.6 3.97935069455 2.38661106444
-0.6 4.18879020479 3.75804242696
-0.6 4.39822971503 4.1112319085
-0.6 4.60766922527 2.63219488036
-0.6 4.8171087355 3.16128916687
-0.6 5.02654824574 2.34981263516
-0.6 5.23598775598 1.78766638895
-0.6 5.44542726622 1.82531730176
-0.6 5.65486677646 1.04697076046
-0.6 5.8643062867 1.23965403529
-0.6 6.07374579694 0.663952994096

-0.533333333333 0 0.73373813997
-0.533333333333 0.209439510239 0.621371877837
-0.533333333333 0.418879020479 0.158793565986
-0.533333333333 0.628318530718 0.112792287867
-0.533333333333 0.837758040957 0.103849088373
-0.533333333333 1.0471975512 0.203741407313
-0.533333333333 1.25663706144 0.380402261316
-0.533333333333 1.46607657168 0.509166494163
-0.533333333333 1.67551608191 0.329202761732
-0.533333333333 1.88495559215 0.0973032940615
-0.533333333333 2.09439510239 0.416396237823
-0.533333333333 2.30383461263 0.426128039529
-0.533333333333 2.51327412287 1.22267387248
-0.533333333333 2.72271363311 8.08379619976
-0.533333333333 2.93215314335 15.2499254464
-0.533333333333 3.14159265359 4.89137542405
-0.533333333333 3.35103216383 0.603051453727
-0.533333333333 3.56047167407 2.01596763601
-0.533333333333 3.76991118431 0.982265182537
-0.533333333333 3.97935069455 1.37848905274
-0.533333333333 4.18879020479 3.48146529521
-0.533333333333 4.39822971503 4.12348942052
-0.533333333333 4.60766922527 2.71756519142
-0.533333333333 4.8171087355 3.18169430127
-0.533333333333 5.02654824574 2.42775326625
-0.533333333333 5.23598775598 1.69494488691
-0.533333333333 5.44542726622 1.93352577055
-0.533333333333 5.65486677646 1.02167500691
-0.533333333333 5.8643062867 1.24244389508
-0.533333333333 6.07374579694 0.592616713939

-0.466666666667 0 0.873408951664
-0.466666666667 0.209439510239 0.504159353469
-0.466666666667 0.418879020479 0.149834054701
-0.466666666667 0.628318530718 0.193687646823
-0.466666666667 0.837758040957 0.119238079757
-0.466666666667 1.0471975512 0.146814264043
-0.466666666667 1.25663706144 0.402793373758
-0.466666666667 1.46607657168 0.522675085803
-0.466666666667 1.67551608191 0.366057118885
-0.466666666667 1.88495559215 0.0630801967148
-0.466666666667 2.09439510239 0.4338001552
-0.466666666667 2.30383461263 0.502504233826
-0.466666666667 2.51327412287 1.49434864678
-0.466666666667 2.72271363311 9.24975982009
-0.466666666667 2.93215314335 14.3644860784
-0.466666666667 3.14159265359 2.90256557564
-0.466666666667 3.35103216383 0.903196032911
-0.466666666667 3.56047167407 1.43919044119
-0.466666666667 3.76991118431 0.369035550717
-0.466666666667 3.97935069455 1.64989925846
-0.466666666667 4.18879020479 4.48414232198
-0.466666666667 4.39822971503 4.90008755466
-0.466666666667 4.60766922527 2.9768863975
-0.466666666667 4.8171087355 3.29960338652
-0.466666666667 5.02654824574 2.50069737053
-0.466666666667 5.23598775598 1.58315281189
-0.466666666667 5.44542726622 2.00684541031
-0.466666666667 5.65486677646 1.02491497063
-0.466666666667 5.8643062867 1.24018585028
-0.466666666667 6.07374579694 0.544698265755

-0.4 0 0.950773814604
-0.4 0.209439510239 0.37444646611
-0.4 0.418879020479 0.203997792859
-0.4 0.628318530718 0.301424744156
-0.4 0.837758040957 0.176228270006
-0.4 1.0471975512 0.0961750253964
-0.4 1.25663706144 0.394046346128
-0.4 1.46607657168 0.544555220087
-0.4 1.67551608191 0.395754919444
-0.4 1.88495559215 0.0420848773032
-0.4 2.09439510239 0.448144200677
-0.4 2.30383461263 0.56718797394
-0.4 2.51327412287 1.73787246943
-0.4 2.72271363311 10.1059770123
-0.4 2.93215314335 13.3652581116
-0.4 3.14159265359 1.68929271024
-0.4 3.35103216383 1.19443370581
-0.4 3.56047167407 0.977981982554
-0.4 3.76991118431 0.361573694301
-0.4 3.97935069455 2.38748788382
-0.4 4.18879020479 5.82305259654
-0.4 4.39822971503 5.98223316811
-0.4 4.60766922527 3.30843980142
-0.4 4.8171087355 3.4559001979
-0.4 5.02654824574 2.60924145225
-0.4 5.23598775598 1.47042025925
-0.4 5.44542726622 2.04873819848
-0.4 5.65486677646 1.03920431898
-0.4 5.8643062867 1.24308979677
-0.4 6.07374579694 0.514473360254

-0.333333333333 0 0.970762584388
-0.333333333333 0.209439510239 0.279593316264
-0.333333333333 0.418879020479 0.277839773724
-0.333333333333 0.628318530718 0.386231740846
-0.333333333333 0.837758040957 0.248168565097
-0.333333333333 1.0471975512 0.0724970994619
-0.333333333333 1.25663706144 0.366604814345
-0.333333333333 1.46607657168 0.56989279611
-0.333333333333 1.67551608191 0.418187317114
-0.333333333333 1.88495559215 0.0302466203292
-0.333333333333 2.09439510239 0.459540891283
-0.333333333333 2.30383461263 0.61726919472
-0.333333333333 2.51327412287 1.94257872491
-0.333333333333 2.72271363311 10.7035215084
-0.333333333333 2.93215314335 12.4567067606
-0.333333333333 3.14159265359 0.993415253426
-0.333333333333 3.35103216383 1.40171764834
-0.333333333333 3.56047167407 0.701127307881
-0.333333333333 3.76991118431 0.587686189824
-0.333333333333 3.97935069455 3.0551221684
-0.333333333333 4.18879020479 6.89964152984
-0.333333333333 4.39822971503 6.94346618382
-0.333333333333 4.60766922527 3.61299652419
-0.333333333333 4.8171087355 3.58808699536
-0.333333333333 5.02654824574 2.75203016504
-0.333333333333 5.23598775598 1.37013290494
-0.333333333333 5.44542726622 2.06799444907
-0.333333333333 5.65486677646 1.05610700853
-0.333333333333 5.8643062867 1.25094806308
-0.333333333333 6.07374579694 0.498254349267

-0.266666666667 0 0.95251006057
-0.266666666667 0.209439510239 0.225723585703
-0.266666666667 0.418879020479 0.337643805316
-0.266666666667 0.628318530718 0.428978280862
-0.266666666667 0.837758040957 0.310018828952
-0.266666666667 1.0471975512 0.0742188565919
-0.266666666667 1.25663706144 0.333133938251
-0.266666666667 1.46607657168 0.596353408517
-0.266666666667 1.67551608191 0.433704017018
-0.266666666667 1.88495559215 0.0242050313717
-0.266666666667 2.09439510239 0.468204340547
-0.266666666667 2.30383461263 0.65103309939
-0.266666666667 2.51327412287 2.10217102002
-0.266666666667 2.72271363311 11.0970221683
-0.266666666667 2.93215314335 11.7366023975
-0.266666666667 3.14159265359 0.615750741228
-0.266666666667 3.35103216383 1.54265351749
-0.266666666667 3.56047167407 0.568766620125
-0.266666666667 3.76991118431 0.837428743264
-0.266666666667 3.97935069455 3.53768894474
-0.266666666667 4.18879020479 7.61455215186
-0.266666666667 4.39822971503 7.63472816176
-0.266666666667 4.60766922527 3.85111158424
-0.266666666667 4.8171087355 3.66977155654
-0.266666666667 5.02654824574 2.9107416078
-0.266666666667 5.23598775598 1.28794218451
-0.266666666667 5.44542726622 2.07369318814
-0.266666666667 5.65486677646 1.07198505684
-0.266666666667 5.8643062867 1.25965106074
-0.266666666667 6.07374579694 0.493225521321

-0.2 0 0.915111549859
-0.2 0.209439510239 0.201093233233
-0.2 0.418879020479 0.372907854802
-0.2 0.628318530718 0.436703785034
-0.2 0.837758040957 0.351316316227
-0.2 1.0471975512 0.0915174313277
-0.2 1.25663706144 0.3025810769
-0.2 1.46607657168 0.62226814401
-0.2 1.67551608191 0.443095013938
-0.2 1.88495559215 0.0215187581517
-0.2 2.09439510239 0.474378487697
-0.2 2.30383461263 0.667679000845
-0.2 2.51327412287 2.21350398673
-0.2 2.72271363311 11.3333891162
-0.2 2.93215314335 11.2433397912
-0.2 3.14159265359 0.424641488523
-0.2 3.35103216383 1.65180466345
-0.2 3.56047167407 0.530681310295
-0.2 3.76991118431 1.05370777621
-0.2 3.97935069455 3.91049278013
-0.2 4.18879020479 8.08555268955
-0.2 4.39822971503 8.08300813859
-0.2 4.60766922527 4.02491980505
-0.2 4.8171087355 3.70352582506
-0.2 5.02654824574 3.06645006653
-0.2 5.23598775598 1.22396324425
-0.2 5.44542726622 2.07345487702
-0.2 5.65486677646 1.08546716936
-0.2 5.8643062867 1.26480958804
-0.2 6.07374579694 0.496786893984

-0.133333333333 0 0.872139064985
-0.133333333333 0.209439510239 0.192128083675
-0.133333333333 0.418879020479 0.386844057776
-0.133333333333 0.628318530718 0.425062237515
-0.133333333333 0.837758040957 0.372708755476
-0.133333333333 1.0471975512 0.11436731822
-0.133333333333 1.25663706144 0.280281205668
-0.133333333333 1.46607657168 0.645941906209
-0.133333333333 1.67551608191 0.447269943082
-0.133333333333 1.88495559215 0.0205334967311
-0.133333333333 2.09439510239 0.478329653749
-0.133333333333 2.30383461263 0.667147545151
-0.133333333333 2.51327412287 2.27564760415
-0.133333333333 2.72271363311 11.447420753
-0.133333333333 2.93215314335 10.9859212086
-0.133333333333 3.14159265359 0.342142967509
-0.133333333333 3.35103216383 1.75863149062
-0.133333333333 3.56047167407 0.559826619516
-0.133333333333 3.76991118431 1.24968074508
-0.133333333333 3.97935069455 4.26329167354
-0.133333333333 4.18879020479 8.43615026304
-0.133333333333 4.39822971503 8.36091694696
-0.133333333333 4.60766922527 4.15032527302
-0.133333333333 4.8171087355 3.70476270088
-0.133333333333 5.02654824574 3.20568441826
-0.133333333333 5.23598775598 1.17553477506
-0.133333333333 5.44542726622 2.07309630912
-0.133333333333 5.65486677646 1.09608268662
-0.133333333333 5.8643062867 1.26315606821
-0.133333333333 6.07374579694 0.506760350138

-0.0666666666667 0 0.831185615519
-0.0666666666667 0.209439510239 0.189370177885
-0.0666666666667 0.418879020479 0.38587730384
-0.0666666666667 0.628318530718 0.40670428169
-0.0666666666667 0.837758040957 0.378772953561
-0.0666666666667 1.0471975512 0.134980568013
-0.0666666666667 1.25663706144 0.26899595813
-0.0666666666667 1.46607657168 0.665368264052
-0.0666666666667 1.67551608191 0.446990495898
-0.0666666666667 1.88495559215 0.0201821149198
-0.0666666666667 2.09439510239 0.480376299079
-0.0666666666667 2.30383461263 0.650028502148
-0.0666666666667 2.51327412287 2.28926505912
-0.0666666666667 2.72271363311 11.4609959765
-0.0666666666667 2.93215314335 10.9597832595
-0.0666666666667 3.14159265359 0.330184556209
-0.0666666666667 3.35103216383 1.88281269534
-0.0666666666667 3.56047167407 0.655863914228
-0.0666666666667 3.76991118431 1.45596168657
-0.0666666666667 3.97935069455 4.64438003581
-0.0666666666667 4.18879020479 8.73498928708
-0.0666666666667 4.39822971503 8.5257778827
-0.0666666666667 4.60766922527 4.24230843299
-0.0666666666667 4.8171087355 3.6905954086
-0.0666666666667 5.02654824574 3.32077058325
-0.0666666666667 5.23598775598 1.13924787057
-0.0666666666667 5.44542726622 2.07679633197
-0.0666666666667 5.65486677646 1.10356710972
-0.0666666666667 5.8643062867 1.25284588996
-0.0666666666667 6.07374579694 0.521730080336

6.12323399574e-17 0 0.795265952272
6.12323399574e-17 0.209439510239 0.187975371586
6.12323399574e-17 0.418879020479 0.374563950816
6.12323399574e-17 0.628318530718 0.387483247327
6.12323399574e-17 0.837758040957 0.372621642407
6.12323399574e-17 1.0471975512 0.147514240361
6.12323399574e-17 1.25663706144 0.269864614193
6.12323399574e-17 1.46607657168 0.677900247822
6.12323399574e-17 1.67551608191 0.442792874782
6.12323399574e-17 1.88495559215 0.0198107682706
6.12323399574e-17 2.09439510239 0.480940507544
6.12323399574e-17 2.30383461263 0.61752380266
6.12323399574e-17 2.51327412287 2.25628640269
6.12323399574e-17 2.72271363311 11.3840125921
6.12323399574e-17 2.93215314335 11.1526552576
6.12323399574e-17 3.14159265359 0.383115092181
6.12323399574e-17 3.35103216383 2.03194633723
6.12323399574e-17 3.56047167407 0.842651127984
6.12323399574e-17 3.76991118431 1.70422107094
6.12323399574e-17 3.97935069455 5.06792742227
6.12323399574e-17 4.18879020479 9.00771285127
6.12323399574e-17 4.39822971503 8.60915322792
6.12323399574e-17 4.60766922527 4.31151915137
6.12323399574e-17 4.8171087355 3.67483310556
6.12323399574e-17 5.02654824574 3.40808230137
6.12323399574e-17 5.23598775598 1.11216992899
6.12323399574e-17 5.44542726622 2.08738156035
6.12323399574e-17 5.65486677646 1.10753811329
6.12323399574e-17 5.8643062867 1.23340249421
6.12323399574e-17 6.07374579694 0.541122884413

0.0666666666667 0 0.764475261548
0.0666666666667 0.209439510239 0.186524265497
0.0666666666667 0.418879020479 0.354695066125
0.0666666666667 0.628318530718 0.366990237607
0.0666666666667 0.837758040957 0.353416971876
0.0666666666667 1.0471975512 0.147474330517
0.0666666666667 1.25663706144 0.282839339849
0.0666666666667 1.46607657168 0.679939993138
0.0666666666667 1.67551608191 0.435080242478
0.0666666666667 1.88495559215 0.0190472343779
0.0666666666667 2.09439510239 0.480610564934
0.0666666666667 2.30383461263 0.571441127928
0.0666666666667 2.51327412287 2.17984377317
0.0666666666667 2.72271363311 11.2162711901
0.0666666666667 2.93215314335 11.5432961251
0.0666666666667 3.14159265359 0.527814216774
0.0666666666667 3.35103216383 2.19650667386
0.0666666666667 3.56047167407 1.16637926287
0.0666666666667 3.76991118431 2.03068717398
0.0666666666667 3.97935069455 5.53489092559
0.0666666666667 4.18879020479 9.25832226706
0.0666666666667 4.39822971503 8.62447793837
0.0666666666667 4.60766922527 4.36592036061
0.0666666666667 4.8171087355 3.66666439484
0.0666666666667 5.02654824574 3.46607735566
0.0666666666667 5.23598775598 1.09251205807
0.0666666666667 5.44542726622 2.10657478035
0.0666666666667 5.65486677646 1.10738488424
0.0666666666667 5.8643062867 1.20566912932
0.0666666666667 6.07374579694 0.564929141574

0.133333333333 0 0.737446779768
0.133333333333 0.209439510239 0.185778823287
0.133333333333 0.418879020479 0.326479406823
0.133333333333 0.628318530718 0.340815879655
0.133333333333 0.837758040957 0.316863520861
0.133333333333 1.0471975512 0.132540799015
0.133333333333 1.25663706144 0.306217653747
0.133333333333 1.46607657168 0.667086615672
0.133333333333 1.67551608191 0.42429443866
0.133333333333 1.88495559215 0.017704653576
0.133333333333 2.09439510239 0.480206786589
0.133333333333 2.30383461263 0.51419565182
0.133333333333 2.51327412287 2.06442283358
0.133333333333 2.72271363311 10.9502028026
0.133333333333 2.93215314335 12.0946392907
0.133333333333 3.14159265359 0.830734195659
0.133333333333 3.35103216383 2.34155215846
0.133333333333 3.56047167407 1.68989267907
0.133333333333 3.76991118431 2.48562456861
0.133333333333 3.97935069455 6.04674599879
0.133333333333 4.18879020479 9.4803590727
0.133333333333 4.39822971503 8.57724850733
0.133333333333 4.60766922527 4.41338076538
0.133333333333 4.8171087355 3.67068484789
0.133333333333 5.02654824574 3.49386157918
0.133333333333 5.23598775598 1.07999491758
0.133333333333 5.44542726622 2.13514297701
0.133333333333 5.65486677646 1.10230249996
0.133333333333 5.8643062867 1.17187574092
0.133333333333 6.07374579694 0.59305818995

0.2 0 0.712708396277
0.2 0.209439510239 0.187674003944
0.2 0.418879020479 0.290660430183
0.2 0.628318530718 0.304111289814
0.2 0.837758040957 0.25927684299
0.2 1.0471975512 0.105759865575
0.2 1.25663706144 0.334790810689
0.2 1.46607657168 0.635557728706
0.2 1.67551608191 0.411017064374
0.2 1.88495559215 0.0157194905884
0.2 2.09439510239 0.480835441764
0.2 2.30383461263 0.448795273598
0.2 2.51327412287 1.91616304029
0.2 2.72271363311 10.5747853737
0.2 2.93215314335 12.7426096488
0.2 3.14159265359 1.40876335501
0.2 3.35103216383 2.40041045718
0.2 3.56047167407 2.47092709549
0.2 3.76991118431 3.13761768154
0.2 3.97935069455 6.60919597324
0.2 4.18879020479 9.66101699738
0.2 4.39822971503 8.47471792537
0.2 4.60766922527 4.46314011167
0.2 4.8171087355 3.68682009217
0.2 5.02654824574 3.49052271204
0.2 5.23598775598 1.07609076317
0.2 5.44542726622 2.1729183383
0.2 5.65486677646 1.09145888305
0.2 5.8643062867 1.13576443777
0.2 6.07374579694 0.624346078957

0.266666666667 0 0.690151810163
0.266666666667 0.209439510239 0.194327720446
0.266666666667 0.418879020479 0.250825577343
0.266666666667 0.628318530718 0.257067032431
0.266666666667 0.837758040957 0.185805828364
0.266666666667 1.0471975512 0.0799911577115
0.266666666667 1.25663706144 0.35648942777
0.266666666667 1.46607657168 0.585991417722
0.266666666667 1.67551608191 0.395775328074
0.266666666667 1.88495559215 0.0131513915542
0.266666666667 2.09439510239 0.483896763623
0.266666666667 2.30383461263 0.378776461574
0.266666666667 2.51327412287 1.74318679109
0.266666666667 2.72271363311 10.0812229894
0.266666666667 2.93215314335 13.3835556648
0.266666666667 3.14159265359 2.43437221098
0.266666666667 3.35103216383 2.28728795844
0.266666666667 3.56047167407 3.50862441484
0.266666666667 3.76991118431 4.05887374381
0.266666666667 3.97935069455 7.22955036952
0.266666666667 4.18879020479 9.78702489572
0.266666666667 4.39822971503 8.33574773711
0.266666666667 4.60766922527 4.52465650819
0.266666666667 4.8171087355 3.70950727326
0.266666666667 5.02654824574 3.45535402237
0.266666666667 5.23598775598 1.08422972032
0.266666666667 5.44542726622 2.21867552532
0.266666666667 5.65486677646 1.07431877282
0.266666666667 5.8643062867 1.10256476232
0.266666666667 6.07374579694 0.655341923979

0.333333333333 0 0.672503803455
0.333333333333 0.209439510239 0.20700143279
0.333333333333 0.418879020479 0.214418945846
0.333333333333 0.628318530718 0.211291760188
0.333333333333 0.837758040957 0.120068675732
0.333333333333 1.0471975512 0.0779282482882
0.333333333333 1.25663706144 0.34963063123
0.333333333333 1.46607657168 0.530245911447
0.333333333333 1.67551608191 0.378289318714
0.333333333333 1.88495559215 0.0103311293465
0.333333333333 2.09439510239 0.49097069167
0.333333333333 2.30383461263 0.308048293806
0.333333333333 2.51327412287 1.55572230883
0.333333333333 2.72271363311 9.47075637524
0.333333333333 2.93215314335 13.8682265544
0.333333333333 3.14159265359 4.11208142847
0.333333333333 3.35103216383 1.9638054746
0.333333333333 3.56047167407 4.65771172084
0.333333333333 3.76991118431 5.27546912767
0.333333333333 3.97935069455 7.91149938711
0.333333333333 4.18879020479 9.85914918349
0.333333333333 4.39822971503 8.19887178236
0.333333333333 4.60766922527 4.60203895514
0.333333333333 4.8171087355 3.72623722372
0.333333333333 5.02654824574 3.38914789582
0.333333333333 5.23598775598 1.10995714238
0.333333333333 5.44542726622 2.26984988774
0.333333333333 5.65486677646 1.05116841997
0.333333333333 5.8643062867 1.07844347809
0.333333333333 6.07374579694 0.679334363465

0.4 0 0.665791641096
0.4 0.209439510239 0.225791273805
0.4 0.418879020479 0.189739898824
0.4 0.628318530718 0.190730802213
0.4 0.837758040957 0.103963117413
0.4 1.0471975512 0.117494730741
0.4 1.25663706144 0.288615427137
0.4 1.46607657168 0.498674950717
0.4 1.67551608191 0.356121658598
0.4 1.88495559215 0.00833821642266
0.4 2.09439510239 0.503413966505
0.4 2.30383461263 0.240589502002
0.4 2.51327412287 1.36557735269
0.4 2.72271363311 8.76383423704
0.4 2.93215314335 14.0198011622
0.4 3.14159265359 6.58413868779
0.4 3.35103216383 1.59977638357
0.4 3.56047167407 5.57055592585
0.4 3.76991118431 6.68097788272
0.4 3.97935069455 8.64743396524
0.4 4.18879020479 9.91338666361
0.4 4.39822971503 8.11948024485
0.4 4.60766922527 4.68245056998
0.4 4.8171087355 3.71658210926
0.4 5.02654824574 3.29681723467
0.4 5.23598775598 1.16090348567
0.4 5.44542726622 2.32207042254
0.4 5.65486677646 1.02388440183
0.4 5.8643062867 1.06886587563
0.4 6.07374579694 0.686735450008

0.466666666667 0 0.676434923264
0.466666666667 0.209439510239 0.25212738443
0.466666666667 0.418879020479 0.177391447682
0.466666666667 0.628318530718 0.214921994673
0.466666666667 0.837758040957 0.168655193975
0.466666666667 1.0471975512 0.180114544988
0.466666666667 1.25663706144 0.172119509778
0.466666666667 1.46607657168 0.537141320596
0.466666666667 1.67551608191 0.323702322843
0.466666666667 1.88495559215 0.010072938083
0.466666666667 2.09439510239 0.521335610361
0.466666666667 2.30383461263 0.179942069579
0.466666666667 2.51327412287 1.18418976754
0.466666666667 2.72271363311 8.00669987102
0.466666666667 2.93215314335 13.7054252736
0.466666666667 3.14159265359 9.71915658674
0.466666666667 3.35103216383 1.79355738129
0.466666666667 3.56047167407 5.83904412287
0.466666666667 3.76991118431 7.9683599293
0.466666666667 3.97935069455 9.40404514447
0.466666666667 4.18879020479 10.027588264
0.466666666667 4.39822971503 8.13880980573
0.466666666667 4.60766922527 4.71998562009
0.466666666667 4.8171087355 3.65442946903
0.466666666667 5.02654824574 3.19150842182
0.466666666667 5.23598775598 1.24622957545
0.466666666667 5.44542726622 2.36848305395
0.466666666667 5.65486677646 0.996944196124
0.466666666667 5.8643062867 1.07523050369
0.466666666667 6.07374579694 0.668751471742

0.533333333333 0 0.702280728762
0.533333333333 0.209439510239 0.295688823168
0.533333333333 0.418879020479 0.163586279843
0.533333333333 0.628318530718 0.260995552204
0.533333333333 0.837758040957 0.274823932285
0.533333333333 1.0471975512 0.195421623118
0.533333333333 1.25663706144 0.074800893506
0.533333333333 1.46607657168 0.67271255834
0.533333333333 1.67551608191 0.27512805739
0.533333333333 1.88495559215 0.0219795029177
0.533333333333 2.09439510239 0.541351787035
0.533333333333 2.30383461263 0.12849043981
0.533333333333 2.51327412287 1.01815413372
0.533333333333 2.72271363311 7.26458690269
0.533333333333 2.93215314335 12.9884394432
0.533333333333 3.14159265359 12.8219143546
0.533333333333 3.35103216383 3.56222266325
0.533333333333 3.56047167407 5.52877036071
0.533333333333 3.76991118431 8.73942817644
0.533333333333 3.97935069455 10.1046348169
0.533333333333 4.18879020479 10.2708241407
0.533333333333 4.39822971503 8.21025298057
0.533333333333 4.60766922527 4.62613085972
0.533333333333 4.8171087355 3.51816345216
0.533333333333 5.02654824574 3.09975776837
0.533333333333 5.23598775598 1.37490244408
0.533333333333 5.44542726622 2.39884329692
0.533333333333 5.65486677646 0.978531828163
0.533333333333 5.8643062867 1.08952197018
0.533333333333 6.07374579694 0.62623677631

0.6 0 0.720236106805
0.6 0.209439510239 0.379176511993
0.6 0.418879020479 0.138622927898
0.6 0.628318530718 0.247024166596
0.6 0.837758040957 0.291891358131
0.6 1.0471975512 0.116425311491
0.6 1.25663706144 0.157421279947
0.6 1.46607657168 0.840009873149
0.6 1.67551608191 0.217170622358
0.6 1.88495559215 0.0550232333281
0.6 2.09439510239 0.552329341403
0.6 2.30383461263 0.0867070505099
0.6 2.51327412287 0.861562391697
0.6 2.72271363311 6.57993658313
0.6 2.93215314335 12.317212329
0.6 3.14159265359 14.6118698128
0.6 3.35103216383 7.51492581306
0.6 3.56047167407 5.80667288995
0.6 3.76991118431 8.97480612123
0.6 3.97935069455 10.6545074136
0.6 4.18879020479 10.5688931533
0.6 4.39822971503 8.10825291951
0.6 4.60766922527 4.29464868222
0.6 4.8171087355 3.31430049984
0.6 5.02654824574 3.06552497301
0.6 5.23598775598 1.5516800991
0.6 5.44542726622 2.39838468843
0.6 5.65486677646 0.981236350338
0.6 5.8643062867 1.08838430226
0.6 6.07374579694 0.581987514461

0.666666666667 0 0.690394537418
0.666666666667 0.209439510239 0.51656050299
0.666666666667 0.418879020479 0.152601403304
0.666666666667 0.628318530718 0.135035438027
0.666666666667 0.837758040957 0.153791096722
0.666666666667 1.0471975512 0.073528650926
0.666666666667 1.25663706144 0.495406597591
0.666666666667 1.46607657168 0.847879027862
0.666666666667 1.67551608191 0.194158399758
0.666666666667 1.88495559215 0.118793424472
0.666666666667 2.09439510239 0.529405897373
0.666666666667 2.30383461263 0.0530941598486
0.666666666667 2.51327412287 0.688574638387
0.666666666667 2.72271363311 5.87096411588
0.666666666667 2.93215314335 12.460259079
0.666666666667 3.14159265359 14.2533460298
0.666666666667 3.35103216383 12.2366197803
0.666666666667 3.56047167407 8.26991244936
0.666666666667 3.76991118431 9.51836375237
0.666666666667 3.97935069455 11.0363340437
0.666666666667 4.18879020479 10.5532483518
0.666666666667 4.39822971503 7.44818853026
0.666666666667 4.60766922527 3.69681164084
0.666666666667 4.8171087355 3.1150105058
0.666666666667 5.02654824574 3.14707108827
0.666666666667 5.23598775598 1.76905417287
0.666666666667 5.44542726622 2.34655322013
0.666666666667 5.65486677646 1.02104586333
0.666666666667 5.8643062867 1.0323605963
0.666666666667 6.07374579694 0.582961812638

0.733333333333 0 0.613314633135
0.733333333333 0.209439510239 0.652223018081
0.733333333333 0.418879020479 0.314813152916
0.733333333333 0.628318530718 0.115100102081
0.733333333333 0.837758040957 0.103878401985
0.733333333333 1.0471975512 0.290579592368
0.733333333333 1.25663706144 0.79106846974
0.733333333333 1.46607657168 0.582869066719
0.733333333333 1.67551608191 0.287250024251
0.733333333333 1.88495559215 0.195543554535
0.733333333333 2.09439510239 0.433853999683
0.733333333333 2.30383461263 0.0266470467215
0.733333333333 2.51327412287 0.464373335972
0.733333333333 2.72271363311 4.80939334942
0.733333333333 2.93215314335 13.5160664059
0.733333333333 3.14159265359 13.3505856864
0.733333333333 3.35103216383 14.5046572442
0.733333333333 3.56047167407 12.1572122479
0.733333333333 3.76991118431 11.1385979866
0.733333333333 3.97935069455 11.1735517557
0.733333333333 4.18879020479 9.64261374245
0.733333333333 4.39822971503 6.04040699782
0.733333333333 4.60766922527 3.03390947642
0.733333333333 4.8171087355 3.08996208408
0.733333333333 5.02654824574 3.39304743707
0.733333333333 5.23598775598 1.99283132707
0.733333333333 5.44542726622 2.21589930831
0.733333333333 5.65486677646 1.11164853948
0.733333333333 5.8643062867 0.884391915483
0.733333333333 6.07374579694 0.659490377059

0.8 0 0.600464005336
0.8 0.209439510239 0.686436521186
0.8 0.418879020479 0.58074651738
0.8 0.628318530718 0.397819245744
0.8 0.837758040957 0.385484983279
0.8 1.0471975512 0.571648182359
0.8 1.25663706144 0.64515775734
0.8 1.46607657168 0.384054186238
0.8 1.67551608191 0.474429119634
0.8 1.88495559215 0.202301470788
0.8 2.09439510239 0.249650874955
0.8 2.30383461263 0.0140491185327
0.8 2.51327412287 0.216158771589
0.8 2.72271363311 2.9845762425
0.8 2.93215314335 13.0100009189
0.8 3.14159265359 14.529415058
0.8 3.35103216383 14.1843669487
0.8 3.56047167407 13.8566430494
0.8 3.76991118431 12.3321281276
0.8 3.97935069455 10.505552463
0.8 4.18879020479 7.76406861108
0.8 4.39822971503 4.47813117728
0.8 4.60766922527 2.78655034456
0.8 4.8171087355 3.46800797547
0.8 5.02654824574 3.7706792235
0.8 5.23598775598 2.13944551584
0.8 5.44542726622 1.97190740249
0.8 5.65486677646 1.24755806001
0.8 5.8643062867 0.670202713904
0.8 6.07374579694 0.716553522685

0.866666666667 0 0.627186020241
0.866666666667 0.209439510239 0.703441748614
0.866666666667 0.418879020479 0.734482926516
0.866666666667 0.628318530718 0.692874613584
0.866666666667 0.837758040957 0.648174784068
0.866666666667 1.0471975512 0.611179923453
0.866666666667 1.25663706144 0.550274982007
0.866666666667 1.46607657168 0.558181897516
0.866666666667 1.67551608191 0.406297271804
0.866666666667 1.88495559215 0.0869919407572
0.866666666667 2.09439510239 0.0905291416543
0.866666666667 2.30383461263 0.0363710142573
0.866666666667 2.51327412287 0.134395461602
0.866666666667 2.72271363311 0.908494989727
0.866666666667 2.93215314335 7.45590574493
0.866666666667 3.14159265359 13.1305911241
0.866666666667 3.35103216383 13.695055577
0.866666666667 3.56047167407 12.7985620687
0.866666666667 3.76991118431 11.1586745746
0.866666666667 3.97935069455 8.73882117782
0.866666666667 4.18879020479 5.97975253939
0.866666666667 4.39822971503 3.83416255161
0.866666666667 4.60766922527 3.3937220386
0.866666666667 4.8171087355 4.29125146591
0.866666666667 5.02654824574 3.99976953213
0.866666666667 5.23598775598 2.04770135835
0.866666666667 5.44542726622 1.57579791862
0.866666666667 5.65486677646 1.36243935112
0.866666666667 5.8643062867 0.580644035279
0.866666666667 6.07374579694 0.511372804121

0.933333333333 0 0.202925830133
0.933333333333 0.209439510239 0.316610055823
0.933333333333 0.418879020479 0.474745316237
0.933333333333 0.628318530718 0.564844862733
0.933333333333 0.837758040957 0.568419494794
0.933333333333 1.0471975512 0.495139092397
0.933333333333 1.25663706144 0.352073905917
0.933333333333 1.46607657168 0.169318590127
0.933333333333 1.67551608191 0.0873100860274
0.933333333333 1.88495559215 0.190612093202
0.933333333333 2.09439510239 0.174321838149
0.933333333333 2.30383461263 0.108391435851
0.933333333333 2.51327412287 0.332590801952
0.933333333333 2.72271363311 0.506582742047
0.933333333333 2.93215314335 1.49189832086
0.933333333333 3.14159265359 3.83701323066
0.933333333333 3.35103216383 5.9504141343
0.933333333333 3.56047167407 6.71264181696
0.933333333333 3.76991118431 6.29355398671
0.933333333333 3.97935069455 5.28159050701
0.933333333333 4.18879020479 4.35386265727
0.933333333333 4.39822971503 4.10190025989
0.933333333333 4.60766922527 4.52306758744
0.933333333333 4.8171087355 4.59070881857
0.933333333333 5.02654824574 3.25258558319
0.933333333333 5.23598775598 1.46856466609
0.933333333333 5.44542726622 0.995975593801
0.933333333333 5.65486677646 1.23411939931
0.933333333333 5.8643062867 0.906730893661
0.933333333333 6.07374579694 0.371503026791

