-1 0 0.327482954282
-1 0.209439510239 0.327482954282
-1 0.418879020479 0.327482954282
-1 0.628318530718 0.327482954282
-1 0.837758040957 0.327482954283
-1 1.0471975512 0.327482954283
-1 1.25663706144 0.327482954282
-1 1.46607657168 0.327482954282
-1 1.67551608191 0.327482954282
-1 1.88495559215 0.327482954282
-1 2.09439510239 0.327482954282
-1 2.30383461263 0.327482954283
-1 2.51327412287 0.327482954283
-1 2.72271363311 0.327482954283
-1 2.93215314335 0.327482954282
-1 3.14159265359 0.327482954282
-1 3.35103216383 0.327482954282
-1 3.56047167407 0.327482954282
-1 3.76991118431 0.327482954282
-1 3.97935069455 0.327482954283
-1 4.18879020479 0.327482954283
-1 4.39822971503 0.327482954282
-1 4.60766922527 0.327482954282
-1 4.8171087355 0.327482954282
-1 5.02654824574 0.327482954282
-1 5.23598775598 0.327482954282
-1 5.44542726622 0.327482954283
-1 5.65486677646 0.327482954283
-1 5.8643062867 0.327482954283
-1 6.07374579694 0.327482954282

-0.933333333333 0 0.250213433773
-0.933333333333 0.209439510239 0.487881402515
-0.933333333333 0.418879020479 0.646653316173
-0.933333333333 0.628318530718 0.680182098923
-0.933333333333 0.837758040957 0.600178791232
-0.933333333333 1.0471975512 0.428194650226
-0.933333333333 1.25663706144 0.205273853147
-0.933333333333 1.46607657168 0.046079587505
-0.933333333333 1.67551608191 0.107684033871
-0.933333333333 1.88495559215 0.341393867003
-0.933333333333 2.09439510239 0.403568151272
-0.933333333333 2.30383461263 0.19873925657
-0.933333333333 2.51327412287 0.0649113481256
-0.933333333333 2.72271363311 0.128812556201
-0.933333333333 2.93215314335 0.22348832534
-0.933333333333 3.14159265359 0.23273730372
-0.933333333333 3.35103216383 0.168638303327
-0.933333333333 3.56047167407 0.10809619796
-0.933333333333 3.76991118431 0.0877578104533
-0.933333333333 3.97935069455 0.0905330726726
-0.933333333333 4.18879020479 0.104510816747
-0.933333333333 4.39822971503 0.15637255994
-0.933333333333 4.60766922527 0.270846799718
-0.933333333333 4.8171087355 0.345530258458
-0.933333333333 5.02654824574 0.236090255475
-0.933333333333 5.23598775598 0.190245065199
-0.933333333333 5.44542726622 0.442852247947
-0.933333333333 5.65486677646 0.510242141119
-0.933333333333 5.8643062867 0.230693166784
-0.933333333333 6.07374579694 0.0950431123641

-0.866666666667 0 0.925997951645
-0.866666666667 0.209439510239 1.10687344787
-0.866666666667 0.418879020479 1.03190388122
-0.866666666667 0.628318530718 0.922013843544
-0.866666666667 0.837758040957 0.857772662479
-0.866666666667 1.0471975512 0.800884183651
-0.866666666667 1.25663706144 0.661799605127
-0.866666666667 1.46607657168 0.353612843283
-0.866666666667 1.67551608191 0.0606092923288
-0.866666666667 1.88495559215 0.193864360158
-0.866666666667 2.09439510239 0.394589566703
-0.866666666667 2.30383461263 0.187421343295
-0.866666666667 2.51327412287 0.123915488897
-0.866666666667 2.72271363311 0.178947190152
-0.866666666667 2.93215314335 0.227353806103
-0.866666666667 3.14159265359 0.228178114379
-0.866666666667 3.35103216383 0.251930995085
-0.866666666667 3.56047167407 0.374650815325
-0.866666666667 3.76991118431 0.496123470067
-0.866666666667 3.97935069455 0.558254828655
-0.866666666667 4.18879020479 0.564317112054
-0.866666666667 4.39822971503 0.496590222428
-0.866666666667 4.60766922527 0.316778499237
-0.866666666667 4.8171087355 0.290571386099
-0.866666666667 5.02654824574 0.470835832114
-0.866666666667 5.23598775598 0.216714380733
-0.866666666667 5.44542726622 0.285375470183
-0.866666666667 5.65486677646 0.516511702778
-0.866666666667 5.8643062867 0.262918464398
-0.866666666667 6.07374579694 0.458770790296

-0.8 0 1.01019859127
-0.8 0.209439510239 0.795124835164
-0.8 0.418879020479 0.614954323484
-0.8 0.628318530718 0.623967160105
-0.8 0.837758040957 0.64310748211
-0.8 1.0471975512 0.629954700582
-0.8 1.25663706144 0.639023669153
-0.8 1.46607657168 0.546263866486
-0.8 1.67551608191 0.180985696944
-0.8 1.88495559215 0.116138402147
-0.8 2.09439510239 0.366175462536
-0.8 2.30383461263 0.19052705412
-0.8 2.51327412287 0.189495694698
-0.8 2.72271363311 0.178713510843
-0.8 2.93215314335 0.320431703213
-0.8 3.14159265359 0.309993119262
-0.8 3.35103216383 0.357205966026
-0.8 3.56047167407 0.461855896628
-0.8 3.76991118431 0.523408428982
-0.8 3.97935069455 0.560946561059
-0.8 4.18879020479 0.574542878155
-0.8 4.39822971503 0.632212253845
-0.8 4.60766922527 0.731417131384
-0.8 4.8171087355 0.435031724383
-0.8 5.02654824574 0.497253981257
-0.8 5.23598775598 0.406444702292
-0.8 5.44542726622 0.120601705831
-0.8 5.65486677646 0.618172553775
-0.8 5.8643062867 0.442481441321
-0.8 6.07374579694 0.716199318126

-0.733333333333 0 0.70321277976
-0.733333333333 0.209439510239 0.42617787866
-0.733333333333 0.418879020479 0.61450879066
-0.733333333333 0.628318530718 0.874745255856
-0.733333333333 0.837758040957 0.875681742982
-0.733333333333 1.0471975512 0.672328514479
-0.733333333333 1.25663706144 0.50492076811
-0.733333333333 1.46607657168 0.529985983595
-0.733333333333 1.67551608191 0.305295047175
-0.733333333333 1.88495559215 0.0854443148666
-0.733333333333 2.09439510239 0.339739095462
-0.733333333333 2.30383461263 0.202786531036
-0.733333333333 2.51327412287 0.233346330729
-0.733333333333 2.72271363311 0.21041966525
-0.733333333333 2.93215314335 0.403810015468
-0.733333333333 3.14159265359 0.272786408113
-0.733333333333 3.35103216383 0.316286887901
-0.733333333333 3.56047167407 0.403626997706
-0.733333333333 3.76991118431 0.481808306187
-0.733333333333 3.97935069455 0.56647976423
-0.733333333333 4.18879020479 0.611466661142
-0.733333333333 4.39822971503 0.503716833976
-0.733333333333 4.60766922527 0.677198174299
-0.733333333333 4.8171087355 0.729027653529
-0.733333333333 5.02654824574 0.469887728722
-0.733333333333 5.23598775598 0.548613288836
-0.733333333333 5.44542726622 0.0384102310282
-0.733333333333 5.65486677646 0.767737034403
-0.733333333333 5.8643062867 0.55743487725
-0.733333333333 6.07374579694 0.743456066135

-0.666666666667 0 0.387078874687
-0.666666666667 0.209439510239 0.40761763541
-0.666666666667 0.418879020479 1.00805200301
-0.666666666667 0.628318530718 1.36856659276
-0.666666666667 0.837758040957 1.34758468552
-0.666666666667 1.0471975512 1.00788172649
-0.666666666667 1.25663706144 0.529849298815
-0.666666666667 1.46607657168 0.40851515804
-0.666666666667 1.67551608191 0.374730445926
-0.666666666667 1.88495559215 0.0782198432338
-0.666666666667 2.09439510239 0.319051174843
-0.666666666667 2.30383461263 0.221895230324
-0.666666666667 2.51327412287 0.256250242409
-0.666666666667 2.72271363311 0.27623469583
-0.666666666667 2.93215314335 0.398056722829
-0.666666666667 3.14159265359 0.198300271167
-0.666666666667 3.35103216383 0.281673099106
-0.666666666667 3.56047167407 0.395709896504
-0.666666666667 3.76991118431 0.455790385097
-0.666666666667 3.97935069455 0.513575685364
-0.666666666667 4.18879020479 0.641785043162
-0.666666666667 4.39822971503 0.584559613674
-0.666666666667 4.60766922527 0.428293759619
-0.666666666667 4.8171087355 0.832855304323
-0.666666666667 5.02654824574 0.500762548038
-0.666666666667 5.23598775598 0.586585190498
-0.666666666667 5.44542726622 0.028047160746
-0.666666666667 5.65486677646 0.907565572174
-0.666666666667 5.8643062867 0.576239828971
-0.666666666667 6.07374579694 0.640581729239

-0.6 0 0.226226672628
-0.6 0.209439510239 0.593087434486
-0.6 0.418879020479 1.3394655427
-0.6 0.628318530718 1.64390978046
-0.6 0.837758040957 1.67877545032
-0.6 1.0471975512 1.39440188092
-0.6 1.25663706144 0.72999709645
-0.6 1.46607657168 0.312105262894
-0.6 1.67551608191 0.37758789522
-0.6 1.88495559215 0.081701993316
-0.6 2.09439510239 0.303067119167
-0.6 2.30383461263 0.245471894509
-0.6 2.51327412287 0.264658707121
-0.6 2.72271363311 0.350932645186
-0.6 2.93215314335 0.328299645849
-0.6 3.14159265359 0.154198157928
-0.6 3.35103216383 0.282718844036
-0.6 3.56047167407 0.396908082458
-0.6 3.76991118431 0.375795823179
-0.6 3.97935069455 0.35204805513
-0.6 4.18879020479 0.451549108927
-0.6 4.39822971503 0.596520275576
-0.6 4.60766922527 0.284886479925
-0.6 4.8171087355 0.753070459695
-0.6 5.02654824574 0.557935142961
-0.6 5.23598775598 0.560259152149
-0.6 5.44542726622 0.0560000890496
-0.6 5.65486677646 1.01150182283
-0.6 5.8643062867 0.53823289412
-0.6 6.07374579694 0.50440549986

-0.533333333333 0 0.200708965528
-0.533333333333 0.209439510239 0.785878039637
-0.533333333333 0.418879020479 1.42908711843
-0.533333333333 0.628318530718 1.61245314852
-0.533333333333 0.837758040957 1.75216199552
-0.533333333333 1.0471975512 1.65659618318
-0.533333333333 1.25663706144 0.985634016735
-0.533333333333 1.46607657168 0.297603571041
-0.533333333333 1.67551608191 0.334674802492
-0.533333333333 1.88495559215 0.0888357962216
-0.533333333333 2.09439510239 0.290150814214
-0.533333333333 2.30383461263 0.27110592839
-0.533333333333 2.51327412287 0.264767005132
-0.533333333333 2.72271363311 0.413985793651
-0.533333333333 2.93215314335 0.243591883392
-0.533333333333 3.14159265359 0.139986288315
-0.533333333333 3.35103216383 0.300893057217
-0.533333333333 3.56047167407 0.376398355116
-0.533333333333 3.76991118431 0.30090825617
-0.533333333333 3.97935069455 0.253839495354
-0.533333333333 4.18879020479 0.268614968122
-0.533333333333 4.39822971503 0.451636263639
-0.533333333333 4.60766922527 0.23126753263
-0.533333333333 4.8171087355 0.614585847751
-0.533333333333 5.02654824574 0.601603173595
-0.533333333333 5.23598775598 0.512168481609
-0.533333333333 5.44542726622 0.0984793578921
-0.533333333333 5.65486677646 1.0772744838
-0.533333333333 5.8643062867 0.48235283761
-0.533333333333 6.07374579694 0.388826989961

-0.466666666667 0 0.248341557706
-0.466666666667 0.209439510239 0.921889984823
-0.466666666667 0.418879020479 1.34498210291
-0.466666666667 0.628318530718 1.39601169965
-0.466666666667 0.837758040957 1.63523308091
-0.466666666667 1.0471975512 1.77319432149
-0.466666666667 1.25663706144 1.20899747413
-0.466666666667 1.46607657168 0.348340020222
-0.466666666667 1.67551608191 0.276017786332
-0.466666666667 1.88495559215 0.0957375054051
-0.466666666667 2.09439510239 0.279124436633
-0.466666666667 2.30383461263 0.296640020697
-0.466666666667 2.51327412287 0.261183613952
-0.466666666667 2.72271363311 0.456570197986
-0.466666666667 2.93215314335 0.174579478005
-0.466666666667 3.14159265359 0.137537667448
-0.466666666667 3.35103216383 0.322057769252
-0.466666666667 3.56047167407 0.342671307809
-0.466666666667 3.76991118431 0.28531883667
-0.466666666667 3.97935069455 0.278953121531
-0.466666666667 4.18879020479 0.253930369367
-0.466666666667 4.39822971503 0.314626950112
-0.466666666667 4.60766922527 0.208325254809
-0.466666666667 4.8171087355 0.491361915908
-0.466666666667 5.02654824574 0.622736132548
-0.466666666667 5.23598775598 0.465600646527
-0.466666666667 5.44542726622 0.142680932916
-0.466666666667 5.65486677646 1.11220595644
-0.466666666667 5.8643062867 0.429598805841
-0.466666666667 6.07374579694 0.310507765708

-0.4 0 0.325859841206
-0.4 0.209439510239 1.00838946407
-0.4 0.418879020479 1.19677676599
-0.4 0.628318530718 1.1266316229
-0.4 0.837758040957 1.4301429245
-0.4 1.0471975512 1.79081976668
-0.4 1.25663706144 1.38122408935
-0.4 1.46607657168 0.425656515188
-0.4 1.67551608191 0.223618729486
-0.4 1.88495559215 0.100652273493
-0.4 2.09439510239 0.269344413803
-0.4 2.30383461263 0.320326162594
-0.4 2.51327412287 0.256951931986
-0.4 2.72271363311 0.478708052544
-0.4 2.93215314335 0.130406771446
-0.4 3.14159265359 0.136184652807
-0.4 3.35103216383 0.339942404814
-0.4 3.56047167407 0.312649266556
-0.4 3.76991118431 0.335163315926
-0.4 3.97935069455 0.381029474604
-0.4 4.18879020479 0.353532390277
-0.4 4.39822971503 0.282894210109
-0.4 4.60766922527 0.20488615569
-0.4 4.8171087355 0.403323939021
-0.4 5.02654824574 0.629400610849
-0.4 5.23598775598 0.42922252213
-0.4 5.44542726622 0.182592745119
-0.4 5.65486677646 1.12506517146
-0.4 5.8643062867 0.387687655954
-0.4 6.07374579694 0.266478114502

-0.333333333333 0 0.410396645555
-0.333333333333 0.209439510239 1.06105150044
-0.333333333333 0.418879020479 1.04908663938
-0.333333333333 0.628318530718 0.881645958312
-0.333333333333 0.837758040957 1.20960365436
-0.333333333333 1.0471975512 1.75474987527
-0.333333333333 1.25663706144 1.51600309718
-0.333333333333 1.46607657168 0.502149736302
-0.333333333333 1.67551608191 0.187117364245
-0.333333333333 1.88495559215 0.103210716039
-0.333333333333 2.09439510239 0.26055519418
-0.333333333333 2.30383461263 0.340857622053
-0.333333333333 2.51327412287 0.253906920036
-0.333333333333 2.72271363311 0.484843699534
-0.333333333333 2.93215314335 0.108119700056
-0.333333333333 3.14159265359 0.133405749874
-0.333333333333 3.35103216383 0.352727565554
-0.333333333333 3.56047167407 0.296151865291
-0.333333333333 3.76991118431 0.431522817209
-0.333333333333 3.97935069455 0.507671423016
-0.333333333333 4.18879020479 0.4630295521
-0.333333333333 4.39822971503 0.328670461454
-0.333333333333 4.60766922527 0.223854311171
-0.333333333333 4.8171087355 0.347331459697
-0.333333333333 5.02654824574 0.632083648936
-0.333333333333 5.23598775598 0.403998340937
-0.333333333333 5.44542726622 0.215839122685
-0.333333333333 5.65486677646 1.12305280983
-0.333333333333 5.8643062867 0.357972519121
-0.333333333333 6.07374579694 0.247121160624

-0.266666666667 0 0.489909454315
-0.266666666667 0.209439510239 1.08919039702
-0.266666666667 0.418879020479 0.925697205849
-0.266666666667 0.628318530718 0.690185447031
-0.266666666667 0.837758040957 1.01073794106
-0.266666666667 1.0471975512 1.69152889813
-0.266666666667 1.25663706144 1.62779963074
-0.266666666667 1.46607657168 0.56699451716
-0.266666666667 1.67551608191 0.16712974944
-0.266666666667 1.88495559215 0.103783261885
-0.266666666667 2.09439510239 0.252741228277
-0.266666666667 2.30383461263 0.357327903088
-0.266666666667 2.51327412287 0.253038019228
-0.266666666667 2.72271363311 0.480624861969
-0.266666666667 2.93215314335 0.100997704834
-0.266666666667 3.14159265359 0.129830585218
-0.266666666667 3.35103216383 0.361089187862
-0.266666666667 3.56047167407 0.294268866294
-0.266666666667 3.76991118431 0.550688540902
-0.266666666667 3.97935069455 0.630690194829
-0.266666666667 4.18879020479 0.531198684466
-0.266666666667 4.39822971503 0.390775532975
-0.266666666667 4.60766922527 0.259839632684
-0.266666666667 4.8171087355 0.315101530145
-0.266666666667 5.02654824574 0.637570492555
-0.266666666667 5.23598775598 0.387691323465
-0.266666666667 5.44542726622 0.24187901482
-0.266666666667 5.65486677646 1.11123037382
-0.266666666667 5.8643062867 0.33963457336
-0.266666666667 6.07374579694 0.242571680309

-0.2 0 0.557620545889
-0.2 0.209439510239 1.09917371061
-0.2 0.418879020479 0.8315987242
-0.2 0.628318530718 0.554339461444
-0.2 0.837758040957 0.846604177407
-0.2 1.0471975512 1.61467171786
-0.2 1.25663706144 1.72258526458
-0.2 1.46607657168 0.619106628456
-0.2 1.67551608191 0.160112019193
-0.2 1.88495559215 0.102998338357
-0.2 2.09439510239 0.246024783796
-0.2 2.30383461263 0.369159089562
-0.2 2.51327412287 0.25476659255
-0.2 2.72271363311 0.471199321925
-0.2 2.93215314335 0.102892867534
-0.2 3.14159265359 0.12608467929
-0.2 3.35103216383 0.366864119701
-0.2 3.56047167407 0.30278797557
-0.2 3.76991118431 0.672937459565
-0.2 3.97935069455 0.735733121667
-0.2 4.18879020479 0.554718692583
-0.2 4.39822971503 0.432962935871
-0.2 4.60766922527 0.301662584884
-0.2 4.8171087355 0.299055396957
-0.2 5.02654824574 0.648317357331
-0.2 5.23598775598 0.37721915475
-0.2 5.44542726622 0.261048100017
-0.2 5.65486677646 1.09280521664
-0.2 5.8643062867 0.331556093577
-0.2 6.07374579694 0.245023792938

-0.133333333333 0 0.609826325656
-0.133333333333 0.209439510239 1.09713632743
-0.133333333333 0.418879020479 0.766063779124
-0.133333333333 0.628318530718 0.465568833476
-0.133333333333 0.837758040957 0.718010591065
-0.133333333333 1.0471975512 1.53233846086
-0.133333333333 1.25663706144 1.80056760858
-0.133333333333 1.46607657168 0.660056891683
-0.133333333333 1.67551608191 0.1618287305
-0.133333333333 1.88495559215 0.101451610368
-0.133333333333 2.09439510239 0.24060778669
-0.133333333333 2.30383461263 0.376026613105
-0.133333333333 2.51327412287 0.259126268551
-0.133333333333 2.72271363311 0.460592204539
-0.133333333333 2.93215314335 0.109598541673
-0.133333333333 3.14159265359 0.121930383781
-0.133333333333 3.35103216383 0.372093918579
-0.133333333333 3.56047167407 0.315712797786
-0.133333333333 3.76991118431 0.784345475035
-0.133333333333 3.97935069455 0.811787264175
-0.133333333333 4.18879020479 0.544403588501
-0.133333333333 4.39822971503 0.4470651781
-0.133333333333 4.60766922527 0.339460469819
-0.133333333333 4.8171087355 0.29319506901
-0.133333333333 5.02654824574 0.66388312753
-0.133333333333 5.23598775598 0.36969709028
-0.133333333333 5.44542726622 0.274064667267
-0.133333333333 5.65486677646 1.06959014774
-0.133333333333 5.8643062867 0.332977009658
-0.133333333333 6.07374579694 0.249104494233

-0.0666666666667 0 0.644835402885
-0.0666666666667 0.209439510239 1.08873406833
-0.0666666666667 0.418879020479 0.72716507394
-0.0666666666667 0.628318530718 0.413898659985
-0.0666666666667 0.837758040957 0.621428192171
-0.0666666666667 1.0471975512 1.45140658668
-0.0666666666667 1.25663706144 1.86049227713
-0.0666666666667 1.46607657168 0.690347747674
-0.0666666666667 1.67551608191 0.169022900044
-0.0666666666667 1.88495559215 0.0995737595417
-0.0666666666667 2.09439510239 0.236746865973
-0.0666666666667 2.30383461263 0.377794107048
-0.0666666666667 2.51327412287 0.265858659331
-0.0666666666667 2.72271363311 0.451675758597
-0.0666666666667 2.93215314335 0.118749079337
-0.0666666666667 3.14159265359 0.116516694867
-0.0666666666667 3.35103216383 0.378559442099
-0.0666666666667 3.56047167407 0.327143617297
-0.0666666666667 3.76991118431 0.874444293788
-0.0666666666667 3.97935069455 0.848864598565
-0.0666666666667 4.18879020479 0.507936003427
-0.0666666666667 4.39822971503 0.438276447473
-0.0666666666667 4.60766922527 0.367570150729
-0.0666666666667 4.8171087355 0.292782640661
-0.0666666666667 5.02654824574 0.682589322451
-0.0666666666667 5.23598775598 0.362782401764
-0.0666666666667 5.44542726622 0.281783196317
-0.0666666666667 5.65486677646 1.04240423761
-0.0666666666667 5.8643062867 0.343644791579
-0.0666666666667 6.07374579694 0.251518148511

6.12323399574e-17 0 0.662132378784
6.12323399574e-17 0.209439510239 1.07803829836
6.12323399574e-17 0.418879020479 0.712621045993
6.12323399574e-17 0.628318530718 0.391834044482
6.12323399574e-17 0.837758040957 0.553325651792
6.12323399574e-17 1.0471975512 1.37877965505
6.12323399574e-17 1.25663706144 1.90148719851
6.12323399574e-17 1.46607657168 0.708435344439
6.12323399574e-17 1.67551608191 0.179852355842
6.12323399574e-17 1.88495559215 0.0976061921418
6.12323399574e-17 2.09439510239 0.234750883766
6.12323399574e-17 2.30383461263 0.374465925172
6.12323399574e-17 2.51327412287 0.274441552387
6.12323399574e-17 2.72271363311 0.446379479055
6.12323399574e-17 2.93215314335 0.129224060484
6.12323399574e-17 3.14159265359 0.108923314249
6.12323399574e-17 3.35103216383 0.387664706769
6.12323399574e-17 3.56047167407 0.331836955973
6.12323399574e-17 3.76991118431 0.931815750126
6.12323399574e-17 3.97935069455 0.838818105692
6.12323399574e-17 4.18879020479 0.449452885623
6.12323399574e-17 4.39822971503 0.414806377686
6.12323399574e-17 4.60766922527 0.383862203286
6.12323399574e-17 4.8171087355 0.294032140303
6.12323399574e-17 5.02654824574 0.702735770897
6.12323399574e-17 5.23598775598 0.35468975534
6.12323399574e-17 5.44542726622 0.285082542096
6.12323399574e-17 5.65486677646 1.0113637216
6.12323399574e-17 5.8643062867 0.363785290936
6.12323399574e-17 6.07374579694 0.250540961794

0.0666666666667 0 0.661677237297
0.0666666666667 0.209439510239 1.06683606478
0.0666666666667 0.418879020479 0.719564062634
0.0666666666667 0.628318530718 0.395195489361
0.0666666666667 0.837758040957 0.512089538627
0.0666666666667 1.0471975512 1.32125116432
0.0666666666667 1.25663706144 1.92209719422
0.0666666666667 1.46607657168 0.711144236727
0.0666666666667 1.67551608191 0.193699858745
0.0666666666667 1.88495559215 0.0956494749802
0.0666666666667 2.09439510239 0.234990720646
0.0666666666667 2.30383461263 0.366158351196
0.0666666666667 2.51327412287 0.284067483783
0.0666666666667 2.72271363311 0.445927148035
0.0666666666667 2.93215314335 0.140499764282
0.0666666666667 3.14159265359 0.0987606859779
0.0666666666667 3.35103216383 0.400325911374
0.0666666666667 3.56047167407 0.325736639615
0.0666666666667 3.76991118431 0.940368792567
0.0666666666667 3.97935069455 0.776047096895
0.0666666666667 4.18879020479 0.374507139821
0.0666666666667 4.39822971503 0.384546505091
0.0666666666667 4.60766922527 0.3879649131
0.0666666666667 4.8171087355 0.294023211577
0.0666666666667 5.02654824574 0.723256851886
0.0666666666667 5.23598775598 0.344084948732
0.0666666666667 5.44542726622 0.284827830331
0.0666666666667 5.65486677646 0.976072107238
0.0666666666667 5.8643062867 0.39401055648
0.0666666666667 6.07374579694 0.245615201019

0.133333333333 0 0.643454616221
0.133333333333 0.209439510239 1.05449318119
0.133333333333 0.418879020479 0.743966319298
0.133333333333 0.628318530718 0.422263693888
0.133333333333 0.837758040957 0.498260874035
0.133333333333 1.0471975512 1.28398524486
0.133333333333 1.25663706144 1.9170822551
0.133333333333 1.46607657168 0.694826505724
0.133333333333 1.67551608191 0.210692101619
0.133333333333 1.88495559215 0.0937773518681
0.133333333333 2.09439510239 0.237910059881
0.133333333333 2.30383461263 0.353088891217
0.133333333333 2.51327412287 0.293591405
0.133333333333 2.72271363311 0.450974419344
0.133333333333 2.93215314335 0.152089148567
0.133333333333 3.14159265359 0.086899978065
0.133333333333 3.35103216383 0.416428973645
0.133333333333 3.56047167407 0.308019582392
0.133333333333 3.76991118431 0.880360268408
0.133333333333 3.97935069455 0.659401757281
0.133333333333 4.18879020479 0.293894765354
0.133333333333 4.39822971503 0.354809440584
0.133333333333 4.60766922527 0.37975731757
0.133333333333 4.8171087355 0.290831624106
0.133333333333 5.02654824574 0.743881297647
0.133333333333 5.23598775598 0.329967176672
0.133333333333 5.44542726622 0.281875040296
0.133333333333 5.65486677646 0.935735915008
0.133333333333 5.8643062867 0.435179858879
0.133333333333 6.07374579694 0.23713379999

0.2 0 0.607375976494
0.2 0.209439510239 1.03812997117
0.2 0.418879020479 0.779880039307
0.2 0.628318530718 0.471753634575
0.2 0.837758040957 0.513048175713
0.2 1.0471975512 1.26660449777
0.2 1.25663706144 1.87286765683
0.2 1.46607657168 0.657556102715
0.2 1.67551608191 0.230973621549
0.2 1.88495559215 0.092242213265
0.2 2.09439510239 0.244017790118
0.2 2.30383461263 0.335580005555
0.2 2.51327412287 0.301476497435
0.2 2.72271363311 0.461553911408
0.2 2.93215314335 0.163120570492
0.2 3.14159265359 0.0764397161068
0.2 3.35103216383 0.43340285412
0.2 3.56047167407 0.285589026781
0.2 3.76991118431 0.739077444329
0.2 3.97935069455 0.498218096123
0.2 4.18879020479 0.224827009321
0.2 4.39822971503 0.331694999355
0.2 4.60766922527 0.358551123287
0.2 4.8171087355 0.283913452547
0.2 5.02654824574 0.764854971851
0.2 5.23598775598 0.311601099576
0.2 5.44542726622 0.277099791191
0.2 5.65486677646 0.889233226765
0.2 5.8643062867 0.48818479223
0.2 6.07374579694 0.22644082428

0.266666666667 0 0.553617580835
0.266666666667 0.209439510239 1.01285936831
0.266666666667 0.418879020479 0.818707604062
0.266666666667 0.628318530718 0.539615800388
0.266666666667 0.837758040957 0.554451595927
0.266666666667 1.0471975512 1.25612539741
0.266666666667 1.25663706144 1.76434508038
0.266666666667 1.46607657168 0.603167029626
0.266666666667 1.67551608191 0.253597022646
0.266666666667 1.88495559215 0.0918240186135
0.266666666667 2.09439510239 0.253829408888
0.266666666667 2.30383461263 0.314070735209
0.266666666667 2.51327412287 0.305785281151
0.266666666667 2.72271363311 0.476736715162
0.266666666667 2.93215314335 0.172179439008
0.266666666667 3.14159265359 0.0737310741723
0.266666666667 3.35103216383 0.443800208357
0.266666666667 3.56047167407 0.278116295847
0.266666666667 3.76991118431 0.532736754508
0.266666666667 3.97935069455 0.32244753751
0.266666666667 4.18879020479 0.188442498411
0.266666666667 4.39822971503 0.317593605153
0.266666666667 4.60766922527 0.32309662863
0.266666666667 4.8171087355 0.274845038547
0.266666666667 5.02654824574 0.786216698922
0.266666666667 5.23598775598 0.288535969454
0.266666666667 5.44542726622 0.271439882186
0.266666666667 5.65486677646 0.835162781182
0.266666666667 5.8643062867 0.553597392009
0.266666666667 6.07374579694 0.216052190453

0.333333333333 0 0.483490021148
0.333333333333 0.209439510239 0.971974920091
0.333333333333 0.418879020479 0.848946590987
0.333333333333 0.628318530718 0.614808815418
0.333333333333 0.837758040957 0.610565375577
0.333333333333 1.0471975512 1.21924720235
0.333333333333 1.25663706144 1.56028670293
0.333333333333 1.46607657168 0.547077054441
0.333333333333 1.67551608191 0.274964455404
0.333333333333 1.88495559215 0.0943748646469
0.333333333333 2.09439510239 0.267694353991
0.333333333333 2.30383461263 0.289123348458
0.333333333333 2.51327412287 0.304298279173
0.333333333333 2.72271363311 0.493918901154
0.333333333333 2.93215314335 0.177729399288
0.333333333333 3.14159265359 0.0885100255951
0.333333333333 3.35103216383 0.43328313781
0.333333333333 3.56047167407 0.31522552567
0.333333333333 3.76991118431 0.327884035261
0.333333333333 3.97935069455 0.188286582091
0.333333333333 4.18879020479 0.200770590911
0.333333333333 4.39822971503 0.307492374764
0.333333333333 4.60766922527 0.272649697858
0.333333333333 4.8171087355 0.26847494249
0.333333333333 5.02654824574 0.806572410532
0.333333333333 5.23598775598 0.260744891488
0.333333333333 5.44542726622 0.265943006603
0.333333333333 5.65486677646 0.771910231455
0.333333333333 5.8643062867 0.631084278734
0.333333333333 6.07374579694 0.210097623642

0.4 0 0.400936218357
0.4 0.209439510239 0.907287736221
0.4 0.418879020479 0.857093585843
0.4 0.628318530718 0.675581540042
0.4 0.837758040957 0.652247980037
0.4 1.0471975512 1.10428910114
0.4 1.25663706144 1.24928382477
0.4 1.46607657168 0.519790542773
0.4 1.67551608191 0.28744480418
0.4 1.88495559215 0.103523894571
0.4 2.09439510239 0.285401747165
0.4 2.30383461263 0.261402574122
0.4 2.51327412287 0.294890721195
0.4 2.72271363311 0.507723472834
0.4 2.93215314335 0.179618808763
0.4 3.14159265359 0.130877264659
0.4 3.35103216383 0.383878799175
0.4 3.56047167407 0.411594957841
0.4 3.76991118431 0.228660020759
0.4 3.97935069455 0.159339329387
0.4 4.18879020479 0.254950770036
0.4 4.39822971503 0.287701319551
0.4 4.60766922527 0.209391933366
0.4 4.8171087355 0.274215865541
0.4 5.02654824574 0.821376414144
0.4 5.23598775598 0.228915226235
0.4 5.44542726622 0.261809958098
0.4 5.65486677646 0.697782260506
0.4 5.8643062867 0.71843769807
0.4 6.07374579694 0.214961853526

0.466666666667 0 0.314663738911
0.466666666667 0.209439510239 0.810497762108
0.466666666667 0.418879020479 0.830577500646
0.466666666667 0.628318530718 0.69125549669
0.466666666667 0.837758040957 0.634621123118
0.466666666667 1.0471975512 0.871892826255
0.466666666667 1.25663706144 0.889483563896
0.466666666667 1.46607657168 0.556044721134
0.466666666667 1.67551608191 0.280641166622
0.466666666667 1.88495559215 0.125196337416
0.466666666667 2.09439510239 0.30539018227
0.466666666667 2.30383461263 0.231587452785
0.466666666667 2.51327412287 0.276352000227
0.466666666667 2.72271363311 0.508837614068
0.466666666667 2.93215314335 0.181912140108
0.466666666667 3.14159265359 0.202173970575
0.466666666667 3.35103216383 0.290555175126
0.466666666667 3.56047167407 0.520166373542
0.466666666667 3.76991118431 0.293449373315
0.466666666667 3.97935069455 0.246466184654
0.466666666667 4.18879020479 0.303599028307
0.466666666667 4.39822971503 0.243670247164
0.466666666667 4.60766922527 0.142053709619
0.466666666667 4.8171087355 0.306316701053
0.466666666667 5.02654824574 0.82103394782
0.466666666667 5.23598775598 0.194910280194
0.466666666667 5.44542726622 0.26042056682
0.466666666667 5.65486677646 0.611297045074
0.466666666667 5.8643062867 0.810013346802
0.466666666667 6.07374579694 0.239983107031

0.533333333333 0 0.240676612385
0.533333333333 0.209439510239 0.677521736335
0.533333333333 0.418879020479 0.763391454185
0.533333333333 0.628318530718 0.639013403552
0.533333333333 0.837758040957 0.52701925225
0.533333333333 1.0471975512 0.56497066503
0.533333333333 1.25663706144 0.641059018494
0.533333333333 1.46607657168 0.654223195311
0.533333333333 1.67551608191 0.25048627956
0.533333333333 1.88495559215 0.166804040032
0.533333333333 2.09439510239 0.323344085844
0.533333333333 2.30383461263 0.20016033632
0.533333333333 2.51327412287 0.249833502172
0.533333333333 2.72271363311 0.484003244157
0.533333333333 2.93215314335 0.195444473021
0.533333333333 3.14159265359 0.281166740323
0.533333333333 3.35103216383 0.19053775856
0.533333333333 3.56047167407 0.521059954595
0.533333333333 3.76991118431 0.419348623067
0.533333333333 3.97935069455 0.342172898657
0.533333333333 4.18879020479 0.27467767812
0.533333333333 4.39822971503 0.181271532369
0.533333333333 4.60766922527 0.0893365807295
0.533333333333 4.8171087355 0.380303027562
0.533333333333 5.02654824574 0.789853242444
0.533333333333 5.23598775598 0.162377176673
0.533333333333 5.44542726622 0.263319563225
0.533333333333 5.65486677646 0.511778115317
0.533333333333 5.8643062867 0.894351470214
0.533333333333 6.07374579694 0.297645246009

0.6 0 0.204598610666
0.6 0.209439510239 0.517890960159
0.6 0.418879020479 0.663222608433
0.6 0.628318530718 0.540300039582
0.6 0.837758040957 0.381533307059
0.6 1.0471975512 0.367346266964
0.6 1.25663706144 0.676246300755
0.6 1.46607657168 0.721110051486
0.6 1.67551608191 0.220090451709
0.6 1.88495559215 0.232434939386
0.6 2.09439510239 0.33013862284
0.6 2.30383461263 0.167047200422
0.6 2.51327412287 0.220875279663
0.6 2.72271363311 0.420136886969
0.6 2.93215314335 0.233683419367
0.6 3.14159265359 0.323218323567
0.6 3.35103216383 0.167825808334
0.6 3.56047167407 0.350135112731
0.6 3.76991118431 0.384610118379
0.6 3.97935069455 0.2836128709
0.6 4.18879020479 0.161353838578
0.6 4.39822971503 0.147739135462
0.6 4.60766922527 0.0797987748572
0.6 4.8171087355 0.50099496908
0.6 5.02654824574 0.708101580059
0.6 5.23598775598 0.137350251005
0.6 5.44542726622 0.272125825285
0.6 5.65486677646 0.400495012064
0.6 5.8643062867 0.950980166331
0.6 6.07374579694 0.401481477916

0.666666666667 0 0.242333822985
0.666666666667 0.209439510239 0.368240092415
0.666666666667 0.418879020479 0.553608509276
0.666666666667 0.628318530718 0.482572824735
0.666666666667 0.837758040957 0.368764706961
0.666666666667 1.0471975512 0.495728129459
0.666666666667 1.25663706144 0.920281593766
0.666666666667 1.46607657168 0.605166295524
0.666666666667 1.67551608191 0.256413027641
0.666666666667 1.88495559215 0.310014426656
0.666666666667 2.09439510239 0.310322589701
0.666666666667 2.30383461263 0.131351142609
0.666666666667 2.51327412287 0.20094616285
0.666666666667 2.72271363311 0.317280210608
0.666666666667 2.93215314335 0.290815630438
0.666666666667 3.14159265359 0.306538605893
0.666666666667 3.35103216383 0.267342961857
0.666666666667 3.56047167407 0.201762242596
0.666666666667 3.76991118431 0.200991192626
0.666666666667 3.97935069455 0.134525421211
0.666666666667 4.18879020479 0.127943279056
0.666666666667 4.39822971503 0.206387797497
0.666666666667 4.60766922527 0.142457441371
0.666666666667 4.8171087355 0.639245330809
0.666666666667 5.02654824574 0.560810594622
0.666666666667 5.23598775598 0.128421500377
0.666666666667 5.44542726622 0.288301505331
0.666666666667 5.65486677646 0.282725131074
0.666666666667 5.8643062867 0.947410778306
0.666666666667 6.07374579694 0.55706767679

0.733333333333 0 0.392477862349
0.733333333333 0.209439510239 0.30301164642
0.733333333333 0.418879020479 0.462225576447
0.733333333333 0.628318530718 0.531781860751
0.733333333333 0.837758040957 0.587300873963
0.733333333333 1.0471975512 0.827251257601
0.733333333333 1.25663706144 0.933870612444
0.733333333333 1.46607657168 0.3365881538
0.733333333333 1.67551608191 0.418694077093
0.733333333333 1.88495559215 0.352333817495
0.733333333333 2.09439510239 0.247068397674
0.733333333333 2.30383461263 0.0925251563473
0.733333333333 2.51327412287 0.204259690274
0.733333333333 2.72271363311 0.210612584355
0.733333333333 2.93215314335 0.30839905605
0.733333333333 3.14159265359 0.298059227978
0.733333333333 3.35103216383 0.387191073671
0.733333333333 3.56047167407 0.355330902319
0.733333333333 3.76991118431 0.295345148595
0.733333333333 3.97935069455 0.28655580227
0.733333333333 4.18879020479 0.361313319297
0.733333333333 4.39822971503 0.335563878035
0.733333333333 4.60766922527 0.278453723632
0.733333333333 4.8171087355 0.709236147792
0.733333333333 5.02654824574 0.356729257136
0.733333333333 5.23598775598 0.145511102548
0.733333333333 5.44542726622 0.312670979447
0.733333333333 5.65486677646 0.171230992372
0.733333333333 5.8643062867 0.84049419562
0.733333333333 6.07374579694 0.737081314794

0.8 0 0.649227493347
0.8 0.209439510239 0.424801341758
0.8 0.418879020479 0.430020995003
0.8 0.628318530718 0.56292954158
0.8 0.837758040957 0.709850695332
0.8 1.0471975512 0.781718711141
0.8 1.25663706144 0.523279005479
0.8 1.46607657168 0.280235746998
0.8 1.67551608191 0.586283731686
0.8 1.88495559215 0.288453731347
0.8 2.09439510239 0.149775362073
0.8 2.30383461263 0.0567863894445
0.8 2.51327412287 0.229072619085
0.8 2.72271363311 0.174863602284
0.8 2.93215314335 0.211434964319
0.8 3.14159265359 0.336826848503
0.8 3.35103216383 0.40542415205
0.8 3.56047167407 0.565905552535
0.8 3.76991118431 0.659776624632
0.8 3.97935069455 0.675166265584
0.8 4.18879020479 0.588762200943
0.8 4.39822971503 0.379127151331
0.8 4.60766922527 0.407121144392
0.8 4.8171087355 0.595173434992
0.8 5.02654824574 0.153636627676
0.8 5.23598775598 0.195389137754
0.8 5.44542726622 0.34447737234
0.8 5.65486677646 0.0915051639651
0.8 5.8643062867 0.594499154922
0.8 6.07374579694 0.833668280917

0.866666666667 0 0.795785292857
0.866666666667 0.209439510239 0.718225347094
0.866666666667 0.418879020479 0.594627367648
0.866666666667 0.628318530718 0.549259620786
0.866666666667 0.837758040957 0.534021608645
0.866666666667 1.0471975512 0.460551639731
0.866666666667 1.25663706144 0.38365539016
0.866666666667 1.46607657168 0.479540187788
0.866666666667 1.67551608191 0.436438058432
0.866666666667 1.88495559215 0.150575255586
0.866666666667 2.09439510239 0.105941289545
0.866666666667 2.30383461263 0.0497969833178
0.866666666667 2.51327412287 0.21991972665
0.866666666667 2.72271363311 0.237533921972
0.866666666667 2.93215314335 0.104719718101
0.866666666667 3.14159265359 0.221851992112
0.866666666667 3.35103216383 0.29234436622
0.866666666667 3.56047167407 0.36000270594
0.866666666667 3.76991118431 0.444848771793
0.866666666667 3.97935069455 0.434716563935
0.866666666667 4.18879020479 0.317923630381
0.866666666667 4.39822971503 0.255862478313
0.866666666667 4.60766922527 0.360340462492
0.866666666667 4.8171087355 0.301258507089
0.866666666667 5.02654824574 0.0613734622542
0.866666666667 5.23598775598 0.271101377028
0.866666666667 5.44542726622 0.379451021349
0.866666666667 5.65486677646 0.0875812194467
0.866666666667 5.8643062867 0.245214537851
0.866666666667 6.07374579694 0.633959505917

0.933333333333 0 0.305535915279
0.933333333333 0.209439510239 0.482746303388
0.933333333333 0.418879020479 0.564487532448
0.933333333333 0.628318530718 0.558035739982
0.933333333333 0.837758040957 0.499015192072
0.933333333333 1.0471975512 0.412972156311
0.933333333333 1.25663706144 0.308554204183
0.933333333333 1.46607657168 0.191317552952
0.933333333333 1.67551608191 0.132533507359
0.933333333333 1.88495559215 0.202196555861
0.933333333333 2.09439510239 0.224201469007
0.933333333333 2.30383461263 0.110835435971
0.933333333333 2.51327412287 0.110607625158
0.933333333333 2.72271363311 0.204397799989
0.933333333333 2.93215314335 0.195421693413
0.933333333333 3.14159265359 0.144025651817
0.933333333333 3.35103216383 0.116321155474
0.933333333333 3.56047167407 0.0877009579609
0.933333333333 3.76991118431 0.0613729410089
0.933333333333 3.97935069455 0.0597523088479
0.933333333333 4.18879020479 0.0989672641762
0.933333333333 4.39822971503 0.163148253201
0.933333333333 4.60766922527 0.178965462003
0.933333333333 4.8171087355 0.121986105312
0.933333333333 5.02654824574 0.148180479492
0.933333333333 5.23598775598 0.333527098402
0.933333333333 5.44542726622 0.404666882864
0.933333333333 5.65486677646 0.217433765961
0.933333333333 5.8643062867 0.0516135359007
0.933333333333 6.07374579694 0.110053127041

