-1 0 0.0255108443017
-1 0.209439510239 0.0255108443018
-1 0.418879020479 0.0255108443019
-1 0.628318530718 0.0255108443019
-1 0.837758040957 0.0255108443019
-1 1.0471975512 0.0255108443018
-1 1.25663706144 0.0255108443017
-1 1.46607657168 0.0255108443017
-1 1.67551608191 0.0255108443018
-1 1.88495559215 0.0255108443019
-1 2.09439510239 0.0255108443019
-1 2.30383461263 0.0255108443019
-1 2.51327412287 0.0255108443018
-1 2.72271363311 0.0255108443017
-1 2.93215314335 0.0255108443017
-1 3.14159265359 0.0255108443017
-1 3.35103216383 0.0255108443018
-1 3.56047167407 0.0255108443019
-1 3.76991118431 0.0255108443019
-1 3.97935069455 0.0255108443019
-1 4.18879020479 0.0255108443018
-1 4.39822971503 0.0255108443017
-1 4.60766922527 0.0255108443017
-1 4.8171087355 0.0255108443018
-1 5.02654824574 0.0255108443019
-1 5.23598775598 0.0255108443019
-1 5.44542726622 0.0255108443019
-1 5.65486677646 0.0255108443018
-1 5.8643062867 0.0255108443017
-1 6.07374579694 0.0255108443017

-0.933333333333 0 0.203276530971
-0.933333333333 0.209439510239 0.158455880682
-0.933333333333 0.418879020479 0.121420364069
-0.933333333333 0.628318530718 0.0888712283277
-0.933333333333 0.837758040957 0.05557070975
-0.933333333333 1.0471975512 0.0362229575456
-0.933333333333 1.25663706144 0.0557290875805
-0.933333333333 1.46607657168 0.120888953604
-0.933333333333 1.67551608191 0.204515769527
-0.933333333333 1.88495559215 0.263547156158
-0.933333333333 2.09439510239 0.244843207676
-0.933333333333 2.30383461263 0.139088124463
-0.933333333333 2.51327412287 0.0947822113175
-0.933333333333 2.72271363311 0.143246191327
-0.933333333333 2.93215314335 0.0932724130997
-0.933333333333 3.14159265359 0.00733863189199
-0.933333333333 3.35103216383 0.0514697217044
-0.933333333333 3.56047167407 0.159061212177
-0.933333333333 3.76991118431 0.205122368466
-0.933333333333 3.97935069455 0.176614012676
-0.933333333333 4.18879020479 0.138929646867
-0.933333333333 4.39822971503 0.161872830425
-0.933333333333 4.60766922527 0.239858490978
-0.933333333333 4.8171087355 0.254935851556
-0.933333333333 5.02654824574 0.154622206801
-0.933333333333 5.23598775598 0.109545470284
-0.933333333333 5.44542726622 0.15473515748
-0.933333333333 5.65486677646 0.140149012545
-0.933333333333 5.8643062867 0.155714596355
-0.933333333333 6.07374579694 0.21185210196

-0.866666666667 0 0.315996124862
-0.866666666667 0.209439510239 0.483552029062
-0.866666666667 0.418879020479 0.520051329216
-0.866666666667 0.628318530718 0.507930687157
-0.866666666667 0.837758040957 0.427423427535
-0.866666666667 1.0471975512 0.274525387399
-0.866666666667 1.25663706144 0.119100727513
-0.866666666667 1.46607657168 0.0257256829737
-0.866666666667 1.67551608191 0.0369778630356
-0.866666666667 1.88495559215 0.168160846505
-0.866666666667 2.09439510239 0.295492120085
-0.866666666667 2.30383461263 0.170526234094
-0.866666666667 2.51327412287 0.124668311243
-0.866666666667 2.72271363311 0.193110470582
-0.866666666667 2.93215314335 0.035742772474
-0.866666666667 3.14159265359 0.269534659686
-0.866666666667 3.35103216383 0.625454470655
-0.866666666667 3.56047167407 0.651124710622
-0.866666666667 3.76991118431 0.494673198705
-0.866666666667 3.97935069455 0.324016033323
-0.866666666667 4.18879020479 0.159780801289
-0.866666666667 4.39822971503 0.0445622716635
-0.866666666667 4.60766922527 0.0347440303002
-0.866666666667 4.8171087355 0.0975279654045
-0.866666666667 5.02654824574 0.14531293489
-0.866666666667 5.23598775598 0.101061812572
-0.866666666667 5.44542726622 0.170695052004
-0.866666666667 5.65486677646 0.249010051477
-0.866666666667 5.8643062867 0.212361877842
-0.866666666667 6.07374579694 0.135560006196

-0.8 0 0.629573893937
-0.8 0.209439510239 0.549770828995
-0.8 0.418879020479 0.577997134104
-0.8 0.628318530718 0.703963943617
-0.8 0.837758040957 0.725640426409
-0.8 1.0471975512 0.546586964022
-0.8 1.25663706144 0.276868329012
-0.8 1.46607657168 0.115724476805
-0.8 1.67551608191 0.0217707517918
-0.8 1.88495559215 0.0812932738323
-0.8 2.09439510239 0.281314111911
-0.8 2.30383461263 0.174610525338
-0.8 2.51327412287 0.165580595129
-0.8 2.72271363311 0.21877916908
-0.8 2.93215314335 0.149994891843
-0.8 3.14159265359 0.632206948598
-0.8 3.35103216383 0.645005291263
-0.8 3.56047167407 0.370579327255
-0.8 3.76991118431 0.245069518494
-0.8 3.97935069455 0.24733455353
-0.8 4.18879020479 0.211348755469
-0.8 4.39822971503 0.106812612474
-0.8 4.60766922527 0.191225467294
-0.8 4.8171087355 0.127231219348
-0.8 5.02654824574 0.0420897374953
-0.8 5.23598775598 0.107274279419
-0.8 5.44542726622 0.145488720702
-0.8 5.65486677646 0.324448911431
-0.8 5.8643062867 0.138131938398
-0.8 6.07374579694 0.269172924266

-0.733333333333 0 0.504981417446
-0.733333333333 0.209439510239 0.379901379839
-0.733333333333 0.418879020479 0.552567983448
-0.733333333333 0.628318530718 0.741209508933
-0.733333333333 0.837758040957 0.898719838448
-0.733333333333 1.0471975512 0.853193481527
-0.733333333333 1.25663706144 0.473444804127
-0.733333333333 1.46607657168 0.18241308218
-0.733333333333 1.67551608191 0.0644515013163
-0.733333333333 1.88495559215 0.0459287950399
-0.733333333333 2.09439510239 0.251359782257
-0.733333333333 2.30383461263 0.167395436906
-0.733333333333 2.51327412287 0.214056374275
-0.733333333333 2.72271363311 0.227244134254
-0.733333333333 2.93215314335 0.301534378851
-0.733333333333 3.14159265359 0.635555991814
-0.733333333333 3.35103216383 0.330564219875
-0.733333333333 3.56047167407 0.131443617855
-0.733333333333 3.76991118431 0.120219903161
-0.733333333333 3.97935069455 0.235381448918
-0.733333333333 4.18879020479 0.34943538235
-0.733333333333 4.39822971503 0.179667530736
-0.733333333333 4.60766922527 0.225067555608
-0.733333333333 4.8171087355 0.384014942222
-0.733333333333 5.02654824574 0.0385983548107
-0.733333333333 5.23598775598 0.127784475831
-0.733333333333 5.44542726622 0.153070890773
-0.733333333333 5.65486677646 0.337982439772
-0.733333333333 5.8643062867 0.0568877350406
-0.733333333333 6.07374579694 0.509585790656

-0.666666666667 0 0.287892208862
-0.666666666667 0.209439510239 0.421446253649
-0.666666666667 0.418879020479 0.463875461313
-0.666666666667 0.628318530718 0.525198155469
-0.666666666667 0.837758040957 0.742904355355
-0.666666666667 1.0471975512 0.978817110696
-0.666666666667 1.25663706144 0.734886374422
-0.666666666667 1.46607657168 0.261857358882
-0.666666666667 1.67551608191 0.113527074374
-0.666666666667 1.88495559215 0.0392992632379
-0.666666666667 2.09439510239 0.224621879857
-0.666666666667 2.30383461263 0.15611990309
-0.666666666667 2.51327412287 0.262234686337
-0.666666666667 2.72271363311 0.222584216008
-0.666666666667 2.93215314335 0.389656267704
-0.666666666667 3.14159265359 0.467277144127
-0.666666666667 3.35103216383 0.182585556742
-0.666666666667 3.56047167407 0.0929909229613
-0.666666666667 3.76991118431 0.0766505177196
-0.666666666667 3.97935069455 0.178648124548
-0.666666666667 4.18879020479 0.392321124488
-0.666666666667 4.39822971503 0.335566242688
-0.666666666667 4.60766922527 0.122458500401
-0.666666666667 4.8171087355 0.500791059586
-0.666666666667 5.02654824574 0.11681997617
-0.666666666667 5.23598775598 0.143083280169
-0.666666666667 5.44542726622 0.191382913605
-0.666666666667 5.65486677646 0.308428461512
-0.666666666667 5.8643062867 0.048257868647
-0.666666666667 6.07374579694 0.589289480996

-0.6 0 0.27419044466
-0.6 0.209439510239 0.490217942025
-0.6 0.418879020479 0.292276531108
-0.6 0.628318530718 0.267542305622
-0.6 0.837758040957 0.422287139534
-0.6 1.0471975512 0.829347405258
-0.6 1.25663706144 0.916650574728
-0.6 1.46607657168 0.375461432338
-0.6 1.67551608191 0.160670835331
-0.6 1.88495559215 0.0441319455823
-0.6 2.09439510239 0.206190667402
-0.6 2.30383461263 0.144201659699
-0.6 2.51327412287 0.304815207105
-0.6 2.72271363311 0.209696296361
-0.6 2.93215314335 0.410414886372
-0.6 3.14159265359 0.331351578421
-0.6 3.35103216383 0.185054321757
-0.6 3.56047167407 0.104524062441
-0.6 3.76991118431 0.112999160652
-0.6 3.97935069455 0.169390203296
-0.6 4.18879020479 0.294827591088
-0.6 4.39822971503 0.437799086432
-0.6 4.60766922527 0.114991466838
-0.6 4.8171087355 0.462299908414
-0.6 5.02654824574 0.194768827326
-0.6 5.23598775598 0.148860332794
-0.6 5.44542726622 0.240543788204
-0.6 5.65486677646 0.265340053605
-0.6 5.8643062867 0.0956553046053
-0.6 6.07374579694 0.512535497714

-0.533333333333 0 0.391955991993
-0.533333333333 0.209439510239 0.451462552368
-0.533333333333 0.418879020479 0.191104924668
-0.533333333333 0.628318530718 0.191732479463
-0.533333333333 0.837758040957 0.209570056831
-0.533333333333 1.0471975512 0.568425193876
-0.533333333333 1.25663706144 0.950756767826
-0.533333333333 1.46607657168 0.500536841982
-0.533333333333 1.67551608191 0.204527317613
-0.533333333333 1.88495559215 0.0530408082469
-0.533333333333 2.09439510239 0.195724465116
-0.533333333333 2.30383461263 0.133201428377
-0.533333333333 2.51327412287 0.339485115955
-0.533333333333 2.72271363311 0.193264053479
-0.533333333333 2.93215314335 0.394931320654
-0.533333333333 3.14159265359 0.275250635383
-0.533333333333 3.35103216383 0.217359944638
-0.533333333333 3.56047167407 0.128662285359
-0.533333333333 3.76991118431 0.238719562216
-0.533333333333 3.97935069455 0.264640830206
-0.533333333333 4.18879020479 0.17886801447
-0.533333333333 4.39822971503 0.386002489066
-0.533333333333 4.60766922527 0.195392459822
-0.533333333333 4.8171087355 0.398095537429
-0.533333333333 5.02654824574 0.24154477643
-0.533333333333 5.23598775598 0.14853649721
-0.533333333333 5.44542726622 0.288336255651
-0.533333333333 5.65486677646 0.224812908661
-0.533333333333 5.8643062867 0.160150316216
-0.533333333333 6.07374579694 0.386874948161

-0.466666666667 0 0.508490335966
-0.466666666667 0.209439510239 0.357105341598
-0.466666666667 0.418879020479 0.204381754083
-0.466666666667 0.628318530718 0.270439912381
-0.466666666667 0.837758040957 0.175002472773
-0.466666666667 1.0471975512 0.363919271377
-0.466666666667 1.25663706144 0.8778051726
-0.466666666667 1.46607657168 0.609432260212
-0.466666666667 1.67551608191 0.244136378285
-0.466666666667 1.88495559215 0.0633719501252
-0.466666666667 2.09439510239 0.191262821295
-0.466666666667 2.30383461263 0.123740396622
-0.466666666667 2.51327412287 0.36597846121
-0.466666666667 2.72271363311 0.176764248148
-0.466666666667 2.93215314335 0.370415900438
-0.466666666667 3.14159265359 0.270179798
-0.466666666667 3.35103216383 0.229990708172
-0.466666666667 3.56047167407 0.167858179386
-0.466666666667 3.76991118431 0.38756732814
-0.466666666667 3.97935069455 0.395917424171
-0.466666666667 4.18879020479 0.129856405238
-0.466666666667 4.39822971503 0.247733786518
-0.466666666667 4.60766922527 0.264614461871
-0.466666666667 4.8171087355 0.370314282511
-0.466666666667 5.02654824574 0.262683303529
-0.466666666667 5.23598775598 0.14584370317
-0.466666666667 5.44542726622 0.329730486211
-0.466666666667 5.65486677646 0.191909302571
-0.466666666667 5.8643062867 0.217849950644
-0.466666666667 6.07374579694 0.279137597777

-0.4 0 0.575311232842
-0.4 0.209439510239 0.275171820303
-0.4 0.418879020479 0.262524841292
-0.4 0.628318530718 0.373941246876
-0.4 0.837758040957 0.241733804614
-0.4 1.0471975512 0.272895357697
-0.4 1.25663706144 0.76925214171
-0.4 1.46607657168 0.68934568168
-0.4 1.67551608191 0.27944146233
-0.4 1.88495559215 0.0740342682919
-0.4 2.09439510239 0.190720646316
-0.4 2.30383461263 0.115961769664
-0.4 2.51327412287 0.385124493891
-0.4 2.72271363311 0.162258887183
-0.4 2.93215314335 0.350737528226
-0.4 3.14159265359 0.282124692487
-0.4 3.35103216383 0.224066302377
-0.4 3.56047167407 0.215635740079
-0.4 3.76991118431 0.497796834016
-0.4 3.97935069455 0.490851405486
-0.4 4.18879020479 0.150118116756
-0.4 4.39822971503 0.127085558174
-0.4 4.60766922527 0.282481993527
-0.4 4.8171087355 0.376712139265
-0.4 5.02654824574 0.271319596709
-0.4 5.23598775598 0.142931378366
-0.4 5.44542726622 0.363304570678
-0.4 5.65486677646 0.166719547567
-0.4 5.8643062867 0.260604201472
-0.4 6.07374579694 0.206470813477

-0.333333333333 0 0.600966912919
-0.333333333333 0.209439510239 0.226418767241
-0.333333333333 0.418879020479 0.303831123151
-0.333333333333 0.628318530718 0.427972185048
-0.333333333333 0.837758040957 0.323452527526
-0.333333333333 1.0471975512 0.273951960286
-0.333333333333 1.25663706144 0.675988906972
-0.333333333333 1.46607657168 0.741324543295
-0.333333333333 1.67551608191 0.310899660901
-0.333333333333 1.88495559215 0.0844216062174
-0.333333333333 2.09439510239 0.192357166286
-0.333333333333 2.30383461263 0.109771075231
-0.333333333333 2.51327412287 0.398181892685
-0.333333333333 2.72271363311 0.150669559901
-0.333333333333 2.93215314335 0.339746815605
-0.333333333333 3.14159265359 0.292780095492
-0.333333333333 3.35103216383 0.212381776572
-0.333333333333 3.56047167407 0.262202432876
-0.333333333333 3.76991118431 0.552331308812
-0.333333333333 3.97935069455 0.528684335193
-0.333333333333 4.18879020479 0.207013455746
-0.333333333333 4.39822971503 0.0683543929895
-0.333333333333 4.60766922527 0.263046720734
-0.333333333333 4.8171087355 0.397985915192
-0.333333333333 5.02654824574 0.276605783901
-0.333333333333 5.23598775598 0.140616451993
-0.333333333333 5.44542726622 0.389151563877
-0.333333333333 5.65486677646 0.147768620528
-0.333333333333 5.8643062867 0.288566336486
-0.333333333333 6.07374579694 0.163095252325

-0.266666666667 0 0.606334502689
-0.266666666667 0.209439510239 0.204003243548
-0.266666666667 0.418879020479 0.315941113542
-0.266666666667 0.628318530718 0.432205001492
-0.266666666667 0.837758040957 0.380721254141
-0.266666666667 1.0471975512 0.325638725154
-0.266666666667 1.25663706144 0.619366017455
-0.266666666667 1.46607657168 0.772955247498
-0.266666666667 1.67551608191 0.338728782158
-0.266666666667 1.88495559215 0.0942274762245
-0.266666666667 2.09439510239 0.194846421267
-0.266666666667 2.30383461263 0.104962995402
-0.266666666667 2.51327412287 0.406447621306
-0.266666666667 2.72271363311 0.142190894658
-0.266666666667 2.93215314335 0.336537129503
-0.266666666667 3.14159265359 0.296725349568
-0.266666666667 3.35103216383 0.203417014401
-0.266666666667 3.56047167407 0.302034640823
-0.266666666667 3.76991118431 0.564605289458
-0.266666666667 3.97935069455 0.524595921846
-0.266666666667 4.18879020479 0.270174131847
-0.266666666667 4.39822971503 0.0634331531562
-0.266666666667 4.60766922527 0.230841156391
-0.266666666667 4.8171087355 0.420491699965
-0.266666666667 5.02654824574 0.282661683478
-0.266666666667 5.23598775598 0.138973565313
-0.266666666667 5.44542726622 0.407926925674
-0.266666666667 5.65486677646 0.133394580579
-0.266666666667 5.8643062867 0.304803844509
-0.266666666667 6.07374579694 0.138554593011

-0.2 0 0.606085417093
-0.2 0.209439510239 0.197233711058
-0.2 0.418879020479 0.312889190392
-0.2 0.628318530718 0.417600875491
-0.2 0.837758040957 0.413782854237
-0.2 1.0471975512 0.397550004338
-0.2 1.25663706144 0.601190230781
-0.2 1.46607657168 0.792711249315
-0.2 1.67551608191 0.362546798167
-0.2 1.88495559215 0.103468959506
-0.2 2.09439510239 0.197225175442
-0.2 2.30383461263 0.101288746926
-0.2 2.51327412287 0.411062779463
-0.2 2.72271363311 0.136661134013
-0.2 2.93215314335 0.33894541365
-0.2 3.14159265359 0.294461955496
-0.2 3.35103216383 0.199701037294
-0.2 3.56047167407 0.333527753878
-0.2 3.76991118431 0.555427049588
-0.2 3.97935069455 0.502407034054
-0.2 4.18879020479 0.323589897123
-0.2 4.39822971503 0.0875579394558
-0.2 4.60766922527 0.200924078631
-0.2 4.8171087355 0.439305351659
-0.2 5.02654824574 0.290437050398
-0.2 5.23598775598 0.137773262242
-0.2 5.44542726622 0.420449931309
-0.2 5.65486677646 0.122189044027
-0.2 5.8643062867 0.312702774661
-0.2 6.07374579694 0.124556551937

-0.133333333333 0 0.606650581501
-0.133333333333 0.209439510239 0.199690182532
-0.133333333333 0.418879020479 0.309727175471
-0.133333333333 0.628318530718 0.412256966594
-0.133333333333 0.837758040957 0.439840630266
-0.133333333333 1.0471975512 0.47624763398
-0.133333333333 1.25663706144 0.61502965214
-0.133333333333 1.46607657168 0.807297077616
-0.133333333333 1.67551608191 0.381362110761
-0.133333333333 1.88495559215 0.112492095805
-0.133333333333 2.09439510239 0.198828245815
-0.133333333333 2.30383461263 0.0984920262958
-0.133333333333 2.51327412287 0.412940093151
-0.133333333333 2.72271363311 0.133835007024
-0.133333333333 2.93215314335 0.345097151458
-0.133333333333 3.14159265359 0.287850162397
-0.133333333333 3.35103216383 0.200100130074
-0.133333333333 3.56047167407 0.356279007736
-0.133333333333 3.76991118431 0.540324859569
-0.133333333333 3.97935069455 0.479982292204
-0.133333333333 4.18879020479 0.363721175531
-0.133333333333 4.39822971503 0.120535087207
-0.133333333333 4.60766922527 0.178482311601
-0.133333333333 4.8171087355 0.45495441338
-0.133333333333 5.02654824574 0.299406060978
-0.133333333333 5.23598775598 0.136724881019
-0.133333333333 5.44542726622 0.427550355272
-0.133333333333 5.65486677646 0.113081762011
-0.133333333333 5.8643062867 0.315029667632
-0.133333333333 6.07374579694 0.116048424188

-0.0666666666667 0 0.608938446002
-0.0666666666667 0.209439510239 0.20886412372
-0.0666666666667 0.418879020479 0.313347648576
-0.0666666666667 0.628318530718 0.429998608393
-0.0666666666667 0.837758040957 0.476976024849
-0.0666666666667 1.0471975512 0.560221441022
-0.0666666666667 1.25663706144 0.652912649238
-0.0666666666667 1.46607657168 0.820948306257
-0.0666666666667 1.67551608191 0.393690683641
-0.0666666666667 1.88495559215 0.121925767297
-0.0666666666667 2.09439510239 0.199248054429
-0.0666666666667 2.30383461263 0.0963295472039
-0.0666666666667 2.51327412287 0.412758967726
-0.0666666666667 2.72271363311 0.13356583818
-0.0666666666667 2.93215314335 0.353738168067
-0.0666666666667 3.14159265359 0.278329278345
-0.0666666666667 3.35103216383 0.201860842246
-0.0666666666667 3.56047167407 0.369232022149
-0.0666666666667 3.76991118431 0.526820418427
-0.0666666666667 3.97935069455 0.466907320116
-0.0666666666667 4.18879020479 0.393761917162
-0.0666666666667 4.39822971503 0.151513460056
-0.0666666666667 4.60766922527 0.163571518407
-0.0666666666667 4.8171087355 0.470175713575
-0.0666666666667 5.02654824574 0.308502255265
-0.0666666666667 5.23598775598 0.135580087506
-0.0666666666667 5.44542726622 0.430021874139
-0.0666666666667 5.65486677646 0.105312403461
-0.0666666666667 5.8643062867 0.313748035517
-0.0666666666667 6.07374579694 0.110510030996

6.12323399574e-17 0 0.610893780884
6.12323399574e-17 0.209439510239 0.22424370515
6.12323399574e-17 0.418879020479 0.323286322451
6.12323399574e-17 0.628318530718 0.472140518672
6.12323399574e-17 0.837758040957 0.537058015806
6.12323399574e-17 1.0471975512 0.652806505213
6.12323399574e-17 1.25663706144 0.707627242796
6.12323399574e-17 1.46607657168 0.835547562532
6.12323399574e-17 1.67551608191 0.397690658133
6.12323399574e-17 1.88495559215 0.13259213395
6.12323399574e-17 2.09439510239 0.198327503496
6.12323399574e-17 2.30383461263 0.094584870754
6.12323399574e-17 2.51327412287 0.410993338133
6.12323399574e-17 2.72271363311 0.135924580322
6.12323399574e-17 2.93215314335 0.364001233574
6.12323399574e-17 3.14159265359 0.266811636512
6.12323399574e-17 3.35103216383 0.201727843444
6.12323399574e-17 3.56047167407 0.369928556197
6.12323399574e-17 3.76991118431 0.516153077761
6.12323399574e-17 3.97935069455 0.467259432786
6.12323399574e-17 4.18879020479 0.418914895517
6.12323399574e-17 4.39822971503 0.17638653544
6.12323399574e-17 4.60766922527 0.154796931046
6.12323399574e-17 4.8171087355 0.48806945959
6.12323399574e-17 5.02654824574 0.316477608392
6.12323399574e-17 5.23598775598 0.134156027703
6.12323399574e-17 5.44542726622 0.428621883346
6.12323399574e-17 5.65486677646 0.0983799131523
6.12323399574e-17 5.8643062867 0.310112440512
6.12323399574e-17 6.07374579694 0.107118348669

0.0666666666667 0 0.608971862102
0.0666666666667 0.209439510239 0.246044662716
0.0666666666667 0.418879020479 0.334933880337
0.0666666666667 0.628318530718 0.531960978967
0.0666666666667 0.837758040957 0.623299192101
0.0666666666667 1.0471975512 0.75586613527
0.0666666666667 1.25663706144 0.772390174096
0.0666666666667 1.46607657168 0.850865325582
0.0666666666667 1.67551608191 0.391339638104
0.0666666666667 1.88495559215 0.145366038133
0.0666666666667 2.09439510239 0.19618337891
0.0666666666667 2.30383461263 0.0930827315358
0.0666666666667 2.51327412287 0.407950514205
0.0666666666667 2.72271363311 0.141282148577
0.0666666666667 2.93215314335 0.374965013578
0.0666666666667 3.14159265359 0.254344878758
0.0666666666667 3.35103216383 0.196495959095
0.0666666666667 3.56047167407 0.354474767057
0.0666666666667 3.76991118431 0.50553311166
0.0666666666667 3.97935069455 0.482055070202
0.0666666666667 4.18879020479 0.443350608513
0.0666666666667 4.39822971503 0.193982477682
0.0666666666667 4.60766922527 0.151281065729
0.0666666666667 4.8171087355 0.511233066225
0.0666666666667 5.02654824574 0.32196118431
0.0666666666667 5.23598775598 0.132317283777
0.0666666666667 5.44542726622 0.424090341731
0.0666666666667 5.65486677646 0.091999552105
0.0666666666667 5.8643062867 0.30482767994
0.0666666666667 6.07374579694 0.106192762409

0.133333333333 0 0.598945518985
0.133333333333 0.209439510239 0.274496450247
0.133333333333 0.418879020479 0.342145239318
0.133333333333 0.628318530718 0.597160879294
0.133333333333 0.837758040957 0.728484226169
0.133333333333 1.0471975512 0.864252516992
0.133333333333 1.25663706144 0.839544192037
0.133333333333 1.46607657168 0.864615086281
0.133333333333 1.67551608191 0.372774190312
0.133333333333 1.88495559215 0.160949374629
0.133333333333 2.09439510239 0.193251185121
0.133333333333 2.30383461263 0.0917102611818
0.133333333333 2.51327412287 0.403809563652
0.133333333333 2.72271363311 0.150370525014
0.133333333333 2.93215314335 0.385160544136
0.133333333333 3.14159265359 0.243073112243
0.133333333333 3.35103216383 0.183487434897
0.133333333333 3.56047167407 0.318315568861
0.133333333333 3.76991118431 0.489430001732
0.133333333333 3.97935069455 0.509251124208
0.133333333333 4.18879020479 0.467967812644
0.133333333333 4.39822971503 0.203116802396
0.133333333333 4.60766922527 0.153809694071
0.133333333333 4.8171087355 0.541206516509
0.133333333333 5.02654824574 0.323419510037
0.133333333333 5.23598775598 0.129939638974
0.133333333333 5.44542726622 0.417174084849
0.133333333333 5.65486677646 0.0860747142939
0.133333333333 5.8643062867 0.298195679664
0.133333333333 6.07374579694 0.108861870568

0.2 0 0.576694745787
0.2 0.209439510239 0.309112510323
0.2 0.418879020479 0.339236256304
0.2 0.628318530718 0.650447119988
0.2 0.837758040957 0.832843182092
0.2 1.0471975512 0.961473908837
0.2 1.25663706144 0.899770508779
0.2 1.46607657168 0.872229002184
0.2 1.67551608191 0.340958153521
0.2 1.88495559215 0.179517749866
0.2 2.09439510239 0.190333657277
0.2 2.30383461263 0.0904539160257
0.2 2.51327412287 0.398649709726
0.2 2.72271363311 0.164322664059
0.2 2.93215314335 0.392120826965
0.2 3.14159265359 0.237203059996
0.2 3.35103216383 0.161375137774
0.2 3.56047167407 0.258503348261
0.2 3.76991118431 0.46015572987
0.2 3.97935069455 0.541485962418
0.2 4.18879020479 0.488208325388
0.2 4.39822971503 0.200897735704
0.2 4.60766922527 0.165933017753
0.2 4.8171087355 0.577739927464
0.2 5.02654824574 0.319155050782
0.2 5.23598775598 0.126868801464
0.2 5.44542726622 0.408647685186
0.2 5.65486677646 0.0806833110547
0.2 5.8643062867 0.290229881542
0.2 6.07374579694 0.11676822646

0.266666666667 0 0.539549411598
0.266666666667 0.209439510239 0.34752761781
0.266666666667 0.418879020479 0.323150860567
0.266666666667 0.628318530718 0.671043181951
0.266666666667 0.837758040957 0.904253481897
0.266666666667 1.0471975512 1.01978758856
0.266666666667 1.25663706144 0.94341119209
0.266666666667 1.46607657168 0.866425233134
0.266666666667 1.67551608191 0.296814157064
0.266666666667 1.88495559215 0.20022586234
0.266666666667 2.09439510239 0.188614538932
0.266666666667 2.30383461263 0.0894668873755
0.266666666667 2.51327412287 0.392462344325
0.266666666667 2.72271363311 0.184664897922
0.266666666667 2.93215314335 0.392151992417
0.266666666667 3.14159265359 0.243474370191
0.266666666667 3.35103216383 0.131625086587
0.266666666667 3.56047167407 0.178116552014
0.266666666667 3.76991118431 0.409268140863
0.266666666667 3.97935069455 0.563263645212
0.266666666667 4.18879020479 0.492101923161
0.266666666667 4.39822971503 0.182908614117
0.266666666667 4.60766922527 0.195180405685
0.266666666667 4.8171087355 0.617638840124
0.266666666667 5.02654824574 0.307447177055
0.266666666667 5.23598775598 0.122884577682
0.266666666667 5.44542726622 0.399321403576
0.266666666667 5.65486677646 0.0760749724288
0.266666666667 5.8643062867 0.280743190084
0.266666666667 6.07374579694 0.131609405353

0.333333333333 0 0.48853619376
0.333333333333 0.209439510239 0.38398562981
0.333333333333 0.418879020479 0.295871385607
0.333333333333 0.628318530718 0.640704740358
0.333333333333 0.837758040957 0.906607991503
0.333333333333 1.0471975512 1.01091114626
0.333333333333 1.25663706144 0.964984243791
0.333333333333 1.46607657168 0.836929856673
0.333333333333 1.67551608191 0.244716751471
0.333333333333 1.88495559215 0.22067027848
0.333333333333 2.09439510239 0.189563735018
0.333333333333 2.30383461263 0.0891937069149
0.333333333333 2.51327412287 0.385141034108
0.333333333333 2.72271363311 0.213194965607
0.333333333333 2.93215314335 0.380737333609
0.333333333333 3.14159265359 0.270027037372
0.333333333333 3.35103216383 0.10047474772
0.333333333333 3.56047167407 0.0917495426454
0.333333333333 3.76991118431 0.331893911264
0.333333333333 3.97935069455 0.550752426113
0.333333333333 4.18879020479 0.460397616686
0.333333333333 4.39822971503 0.146917790055
0.333333333333 4.60766922527 0.253515498813
0.333333333333 4.8171087355 0.653273862392
0.333333333333 5.02654824574 0.286925165955
0.333333333333 5.23598775598 0.117686802118
0.333333333333 5.44542726622 0.390023838568
0.333333333333 5.65486677646 0.0726723011983
0.333333333333 5.8643062867 0.269428332313
0.333333333333 6.07374579694 0.154339417521

0.4 0 0.431298713529
0.4 0.209439510239 0.408694154934
0.4 0.418879020479 0.265372918661
0.4 0.628318530718 0.555796165308
0.4 0.837758040957 0.821342323596
0.4 1.0471975512 0.930719762513
0.4 1.25663706144 0.968670890423
0.4 1.46607657168 0.771381844235
0.4 1.67551608191 0.193587802529
0.4 1.88495559215 0.236672669763
0.4 2.09439510239 0.194596896531
0.4 2.30383461263 0.0906013773647
0.4 2.51327412287 0.376449584948
0.4 2.72271363311 0.251607263151
0.4 2.93215314335 0.35434955548
0.4 3.14159265359 0.321839433482
0.4 3.35103216383 0.0805664821519
0.4 3.56047167407 0.0268249274382
0.4 3.76991118431 0.234148814201
0.4 3.97935069455 0.478525418597
0.4 4.18879020479 0.373165852105
0.4 4.39822971503 0.102050664684
0.4 4.60766922527 0.354531355501
0.4 4.8171087355 0.67142908803
0.4 5.02654824574 0.257216411144
0.4 5.23598775598 0.11093435246
0.4 5.44542726622 0.381541082773
0.4 5.65486677646 0.0710644605858
0.4 5.8643062867 0.255958441317
0.4 6.07374579694 0.183949991953

0.466666666667 0 0.384044536107
0.466666666667 0.209439510239 0.411191742667
0.466666666667 0.418879020479 0.241732619815
0.466666666667 0.628318530718 0.439826589481
0.466666666667 0.837758040957 0.675929249535
0.466666666667 1.0471975512 0.824105065314
0.466666666667 1.25663706144 0.965236707495
0.466666666667 1.46607657168 0.659372010601
0.466666666667 1.67551608191 0.155590233118
0.466666666667 1.88495559215 0.243203963851
0.466666666667 2.09439510239 0.204267577751
0.466666666667 2.30383461263 0.0956067913648
0.466666666667 2.51327412287 0.365986775866
0.466666666667 2.72271363311 0.300610330029
0.466666666667 2.93215314335 0.314744625016
0.466666666667 3.14159265359 0.39140353446
0.466666666667 3.35103216383 0.089906594878
0.466666666667 3.56047167407 0.0121442848665
0.466666666667 3.76991118431 0.137870312354
0.466666666667 3.97935069455 0.336547622343
0.466666666667 4.18879020479 0.228978192183
0.466666666667 4.39822971503 0.0818188237506
0.466666666667 4.60766922527 0.503347138442
0.466666666667 4.8171087355 0.654128938688
0.466666666667 5.02654824574 0.219771501045
0.466666666667 5.23598775598 0.102395686552
0.466666666667 5.44542726622 0.374483396362
0.466666666667 5.65486677646 0.0719717377048
0.466666666667 5.8643062867 0.240144255724
0.466666666667 6.07374579694 0.216014846113

0.533333333333 0 0.368240851731
0.533333333333 0.209439510239 0.392147192566
0.533333333333 0.418879020479 0.227697804024
0.533333333333 0.628318530718 0.33894414875
0.533333333333 0.837758040957 0.548242821876
0.533333333333 1.0471975512 0.768132495282
0.533333333333 1.25663706144 0.947726836092
0.533333333333 1.46607657168 0.501334639705
0.533333333333 1.67551608191 0.13934366788
0.533333333333 1.88495559215 0.237726996081
0.533333333333 2.09439510239 0.216714008625
0.533333333333 2.30383461263 0.107849292888
0.533333333333 2.51327412287 0.35321648912
0.533333333333 2.72271363311 0.35812233287
0.533333333333 2.93215314335 0.276243864398
0.533333333333 3.14159265359 0.448357696922
0.533333333333 3.35103216383 0.144134642197
0.533333333333 3.56047167407 0.0532134549332
0.533333333333 3.76991118431 0.0730472820559
0.533333333333 3.97935069455 0.155365271887
0.533333333333 4.18879020479 0.0769486373813
0.533333333333 4.39822971503 0.147626236185
0.533333333333 4.60766922527 0.67706848462
0.533333333333 4.8171087355 0.584159868974
0.533333333333 5.02654824574 0.178470816757
0.533333333333 5.23598775598 0.0923025512165
0.533333333333 5.44542726622 0.369038641367
0.533333333333 5.65486677646 0.0761417921885
0.533333333333 5.8643062867 0.222185966022
0.533333333333 6.07374579694 0.241750206454

0.6 0 0.395326843869
0.6 0.209439510239 0.38288984746
0.6 0.418879020479 0.217392488508
0.6 0.628318530718 0.283304331946
0.6 0.837758040957 0.501194152114
0.6 1.0471975512 0.779219191577
0.6 1.25663706144 0.859498034649
0.6 1.46607657168 0.319536031697
0.6 1.67551608191 0.137742639635
0.6 1.88495559215 0.226572527374
0.6 2.09439510239 0.225334486969
0.6 2.30383461263 0.133967260724
0.6 2.51327412287 0.337736463464
0.6 2.72271363311 0.41601382748
0.6 2.93215314335 0.272753505382
0.6 3.14159265359 0.444716458872
0.6 3.35103216383 0.240233298446
0.6 3.56047167407 0.119774214362
0.6 3.76991118431 0.0610321322044
0.6 3.97935069455 0.0254021298308
0.6 4.18879020479 0.0350227926818
0.6 4.39822971503 0.351742471281
0.6 4.60766922527 0.805660518199
0.6 4.8171087355 0.457728889655
0.6 5.02654824574 0.139207982301
0.6 5.23598775598 0.0820161314802
0.6 5.44542726622 0.364554019143
0.6 5.65486677646 0.0841059780822
0.6 5.8643062867 0.203029252744
0.6 6.07374579694 0.249347760291

0.666666666667 0 0.437626364193
0.666666666667 0.209439510239 0.448031858367
0.666666666667 0.418879020479 0.234291517272
0.666666666667 0.628318530718 0.25358211549
0.666666666667 0.837758040957 0.480895785842
0.666666666667 1.0471975512 0.72964243698
0.666666666667 1.25663706144 0.629167122226
0.666666666667 1.46607657168 0.158616668034
0.666666666667 1.67551608191 0.125944310344
0.666666666667 1.88495559215 0.229702062182
0.666666666667 2.09439510239 0.217249269172
0.666666666667 2.30383461263 0.185087923818
0.666666666667 2.51327412287 0.320086281765
0.666666666667 2.72271363311 0.455258364095
0.666666666667 2.93215314335 0.350233732782
0.666666666667 3.14159265359 0.363372046794
0.666666666667 3.35103216383 0.346875685494
0.666666666667 3.56047167407 0.187577504479
0.666666666667 3.76991118431 0.113687981709
0.666666666667 3.97935069455 0.0699177281754
0.666666666667 4.18879020479 0.22070051498
0.666666666667 4.39822971503 0.640648635929
0.666666666667 4.60766922527 0.786813623349
0.666666666667 4.8171087355 0.301163772251
0.666666666667 5.02654824574 0.107549880793
0.666666666667 5.23598775598 0.0750294174826
0.666666666667 5.44542726622 0.358867764235
0.666666666667 5.65486677646 0.0956713282739
0.666666666667 5.8643062867 0.184711849656
0.666666666667 6.07374579694 0.230519045259

0.733333333333 0 0.410344172443
0.733333333333 0.209439510239 0.602436479532
0.733333333333 0.418879020479 0.385143900266
0.733333333333 0.628318530718 0.274982111445
0.733333333333 0.837758040957 0.396672621727
0.733333333333 1.0471975512 0.508467980766
0.733333333333 1.25663706144 0.325605932864
0.733333333333 1.46607657168 0.0598493132671
0.733333333333 1.67551608191 0.102734894696
0.733333333333 1.88495559215 0.264907661168
0.733333333333 2.09439510239 0.179706370761
0.733333333333 2.30383461263 0.275494143108
0.733333333333 2.51327412287 0.303147062913
0.733333333333 2.72271363311 0.442277943893
0.733333333333 2.93215314335 0.515911053607
0.733333333333 3.14159265359 0.297080300795
0.733333333333 3.35103216383 0.437153873035
0.733333333333 3.56047167407 0.314365091585
0.733333333333 3.76991118431 0.263566354745
0.733333333333 3.97935069455 0.323500006119
0.733333333333 4.18879020479 0.557145515233
0.733333333333 4.39822971503 0.795408247398
0.733333333333 4.60766922527 0.576627024954
0.733333333333 4.8171087355 0.173080102609
0.733333333333 5.02654824574 0.0850066717657
0.733333333333 5.23598775598 0.0778975694677
0.733333333333 5.44542726622 0.347298402478
0.733333333333 5.65486677646 0.108942784831
0.733333333333 5.8643062867 0.170196555289
0.733333333333 6.07374579694 0.194469425855

0.8 0 0.240915150121
0.8 0.209439510239 0.628439425156
0.8 0.418879020479 0.675675682449
0.8 0.628318530718 0.512723079811
0.8 0.837758040957 0.425867087775
0.8 1.0471975512 0.353425832516
0.8 1.25663706144 0.177130583825
0.8 1.46607657168 0.0327053260742
0.8 1.67551608191 0.142446338404
0.8 1.88495559215 0.291806042999
0.8 2.09439510239 0.130941086914
0.8 2.30383461263 0.405746419059
0.8 2.51327412287 0.291911182618
0.8 2.72271363311 0.340960592913
0.8 2.93215314335 0.646590340947
0.8 3.14159265359 0.383414338911
0.8 3.35103216383 0.525633104834
0.8 3.56047167407 0.572055631252
0.8 3.76991118431 0.550820960159
0.8 3.97935069455 0.624857083876
0.8 4.18879020479 0.726968044391
0.8 4.39822971503 0.639778868959
0.8 4.60766922527 0.309092073826
0.8 4.8171087355 0.120185036812
0.8 5.02654824574 0.0693956499759
0.8 5.23598775598 0.0992657800388
0.8 5.44542726622 0.321210536453
0.8 5.65486677646 0.11858472415
0.8 5.8643062867 0.161159993692
0.8 6.07374579694 0.181384812091

0.866666666667 0 0.0886646517222
0.866666666667 0.209439510239 0.236444005966
0.866666666667 0.418879020479 0.5222415839
0.866666666667 0.628318530718 0.606885758826
0.866666666667 0.837758040957 0.51296248386
0.866666666667 1.0471975512 0.330617680187
0.866666666667 1.25663706144 0.135010130622
0.866666666667 1.46607657168 0.0928671624106
0.866666666667 1.67551608191 0.254582207813
0.866666666667 1.88495559215 0.218583181194
0.866666666667 2.09439510239 0.159672053189
0.866666666667 2.30383461263 0.510107811056
0.866666666667 2.51327412287 0.28350614322
0.866666666667 2.72271363311 0.171778892482
0.866666666667 2.93215314335 0.519187213853
0.866666666667 3.14159265359 0.462240904713
0.866666666667 3.35103216383 0.513277294302
0.866666666667 3.56047167407 0.691754223193
0.866666666667 3.76991118431 0.751148328866
0.866666666667 3.97935069455 0.712573523751
0.866666666667 4.18879020479 0.585079354302
0.866666666667 4.39822971503 0.364991445842
0.866666666667 4.60766922527 0.174363646677
0.866666666667 4.8171087355 0.107936831405
0.866666666667 5.02654824574 0.0709259763943
0.866666666667 5.23598775598 0.141078272264
0.866666666667 5.44542726622 0.266227264391
0.866666666667 5.65486677646 0.113118094221
0.866666666667 5.8643062867 0.150167234461
0.866666666667 6.07374579694 0.235569957563

0.933333333333 0 0.27632515316
0.933333333333 0.209439510239 0.146330027571
0.933333333333 0.418879020479 0.0603782479607
0.933333333333 0.628318530718 0.0525897733825
0.933333333333 0.837758040957 0.0652613376752
0.933333333333 1.0471975512 0.0875631808644
0.933333333333 1.25663706144 0.154015690516
0.933333333333 1.46607657168 0.245121943218
0.933333333333 1.67551608191 0.243601306117
0.933333333333 1.88495559215 0.171382022839
0.933333333333 2.09439510239 0.284745306882
0.933333333333 2.30383461263 0.430945185787
0.933333333333 2.51327412287 0.242700810883
0.933333333333 2.72271363311 0.0725689101781
0.933333333333 2.93215314335 0.186694382131
0.933333333333 3.14159265359 0.264442785116
0.933333333333 3.35103216383 0.234041272239
0.933333333333 3.56047167407 0.235552208376
0.933333333333 3.76991118431 0.260780970569
0.933333333333 3.97935069455 0.246070096676
0.933333333333 4.18879020479 0.187883475498
0.933333333333 4.39822971503 0.129966708036
0.933333333333 4.60766922527 0.107835640075
0.933333333333 4.8171087355 0.110372723607
0.933333333333 5.02654824574 0.124388143845
0.933333333333 5.23598775598 0.164926207757
0.933333333333 5.44542726622 0.161196824865
0.933333333333 5.65486677646 0.072707144828
0.933333333333 5.8643062867 0.103892137361
0.933333333333 6.07374579694 0.263525791299

