-1 0 0.892480214505
-1 0.209439510239 0.892480214505
-1 0.418879020479 0.892480214506
-1 0.628318530718 0.892480214506
-1 0.837758040957 0.892480214505
-1 1.0471975512 0.892480214505
-1 1.25663706144 0.892480214504
-1 1.46607657168 0.892480214505
-1 1.67551608191 0.892480214505
-1 1.88495559215 0.892480214506
-1 2.09439510239 0.892480214506
-1 2.30383461263 0.892480214505
-1 2.51327412287 0.892480214505
-1 2.72271363311 0.892480214505
-1 2.93215314335 0.892480214505
-1 3.14159265359 0.892480214505
-1 3.35103216383 0.892480214505
-1 3.56047167407 0.892480214506
-1 3.76991118431 0.892480214506
-1 3.97935069455 0.892480214505
-1 4.18879020479 0.892480214505
-1 4.39822971503 0.892480214504
-1 4.60766922527 0.892480214505
-1 4.8171087355 0.892480214505
-1 5.02654824574 0.892480214506
-1 5.23598775598 0.892480214506
-1 5.44542726622 0.892480214505
-1 5.65486677646 0.892480214505
-1 5.8643062867 0.892480214505
-1 6.07374579694 0.892480214505

-0.933333333333 0 0.197377410204
-0.933333333333 0.209439510239 0.106784148146
-0.933333333333 0.418879020479 0.0247098657619
-0.933333333333 0.628318530718 0.0121150412773
-0.933333333333 0.837758040957 0.0142648816395
-0.933333333333 1.0471975512 0.0256861342099
-0.933333333333 1.25663706144 0.128845662133
-0.933333333333 1.46607657168 0.426877062551
-0.933333333333 1.67551608191 0.946043251991
-0.933333333333 1.88495559215 1.4299708963
-0.933333333333 2.09439510239 1.3518263889
-0.933333333333 2.30383461263 0.823073199092
-0.933333333333 2.51327412287 0.645422756348
-0.933333333333 2.72271363311 0.697599309746
-0.933333333333 2.93215314335 0.472551384225
-0.933333333333 3.14159265359 0.282270347621
-0.933333333333 3.35103216383 0.379277409483
-0.933333333333 3.56047167407 0.565028076356
-0.933333333333 3.76991118431 0.673884232335
-0.933333333333 3.97935069455 0.696941623805
-0.933333333333 4.18879020479 0.662513253344
-0.933333333333 4.39822971503 0.605472339749
-0.933333333333 4.60766922527 0.609506078265
-0.933333333333 4.8171087355 0.753101527844
-0.933333333333 5.02654824574 0.909059720108
-0.933333333333 5.23598775598 0.930362590521
-0.933333333333 5.44542726622 0.977575064741
-0.933333333333 5.65486677646 0.890493679304
-0.933333333333 5.8643062867 0.488225860196
-0.933333333333 6.07374579694 0.238441258507

-0.866666666667 0 0.17590339187
-0.866666666667 0.209439510239 0.519487375048
-0.866666666667 0.418879020479 1.11493247668
-0.866666666667 0.628318530718 1.38291598221
-0.866666666667 0.837758040957 1.24134914577
-0.866666666667 1.0471975512 0.855304872135
-0.866666666667 1.25663706144 0.411300040318
-0.866666666667 1.46607657168 0.119629478692
-0.866666666667 1.67551608191 0.219556901213
-0.866666666667 1.88495559215 1.07973398097
-0.866666666667 2.09439510239 1.8749986984
-0.866666666667 2.30383461263 1.04114011788
-0.866666666667 2.51327412287 0.497403537641
-0.866666666667 2.72271363311 0.500924621735
-0.866666666667 2.93215314335 0.194687275254
-0.866666666667 3.14159265359 0.390254021829
-0.866666666667 3.35103216383 0.622170312199
-0.866666666667 3.56047167407 0.617073372732
-0.866666666667 3.76991118431 0.603999786482
-0.866666666667 3.97935069455 0.642770942845
-0.866666666667 4.18879020479 0.653086087952
-0.866666666667 4.39822971503 0.566829879824
-0.866666666667 4.60766922527 0.464847117224
-0.866666666667 4.8171087355 0.67602407802
-0.866666666667 5.02654824574 1.19541276117
-0.866666666667 5.23598775598 1.04833860289
-0.866666666667 5.44542726622 0.798435099336
-0.866666666667 5.65486677646 0.736352518525
-0.866666666667 5.8643062867 0.196191913145
-0.866666666667 6.07374579694 0.145063308972

-0.8 0 0.648128755665
-0.8 0.209439510239 1.46492713118
-0.8 0.418879020479 1.80782693222
-0.8 0.628318530718 1.74377639797
-0.8 0.837758040957 1.53138380569
-0.8 1.0471975512 1.19161720238
-0.8 1.25663706144 0.74065100359
-0.8 1.46607657168 0.352199138388
-0.8 1.67551608191 0.141289568126
-0.8 1.88495559215 0.54549221662
-0.8 2.09439510239 1.98866215977
-0.8 2.30383461263 1.25770804746
-0.8 2.51327412287 0.385645980802
-0.8 2.72271363311 0.345765477522
-0.8 2.93215314335 0.151442574478
-0.8 3.14159265359 0.491304079472
-0.8 3.35103216383 0.498576562586
-0.8 3.56047167407 0.469909248622
-0.8 3.76991118431 0.579116460766
-0.8 3.97935069455 0.74983800125
-0.8 4.18879020479 0.905337766008
-0.8 4.39822971503 0.840025990952
-0.8 4.60766922527 0.475307494396
-0.8 4.8171087355 0.37778746309
-0.8 5.02654824574 1.17967908716
-0.8 5.23598775598 1.21890338803
-0.8 5.44542726622 0.657226288656
-0.8 5.65486677646 0.558854733818
-0.8 5.8643062867 0.0697476487111
-0.8 6.07374579694 0.147627551732

-0.733333333333 0 1.3159132021
-0.733333333333 0.209439510239 1.48183682112
-0.733333333333 0.418879020479 1.48194054013
-0.733333333333 0.628318530718 1.57979418205
-0.733333333333 0.837758040957 1.60904745894
-0.733333333333 1.0471975512 1.39227962098
-0.733333333333 1.25663706144 0.869034327276
-0.733333333333 1.46607657168 0.380350447825
-0.733333333333 1.67551608191 0.23199718181
-0.733333333333 1.88495559215 0.280816858275
-0.733333333333 2.09439510239 1.87188995566
-0.733333333333 2.30383461263 1.43085054204
-0.733333333333 2.51327412287 0.303365435974
-0.733333333333 2.72271363311 0.236152970817
-0.733333333333 2.93215314335 0.190422413179
-0.733333333333 3.14159265359 0.47217681334
-0.733333333333 3.35103216383 0.381964553479
-0.733333333333 3.56047167407 0.413541717141
-0.733333333333 3.76991118431 0.495991273127
-0.733333333333 3.97935069455 0.616026210848
-0.733333333333 4.18879020479 0.897168720942
-0.733333333333 4.39822971503 1.15114569954
-0.733333333333 4.60766922527 0.81363783955
-0.733333333333 4.8171087355 0.29070489029
-0.733333333333 5.02654824574 0.965854441129
-0.733333333333 5.23598775598 1.28193722177
-0.733333333333 5.44542726622 0.580330166807
-0.733333333333 5.65486677646 0.415978722848
-0.733333333333 5.8643062867 0.0564246632164
-0.733333333333 6.07374579694 0.381646869674

-0.666666666667 0 1.55144287861
-0.666666666667 0.209439510239 1.04957019444
-0.666666666667 0.418879020479 1.35096363489
-0.666666666667 0.628318530718 1.59770485371
-0.666666666667 0.837758040957 1.83705627912
-0.666666666667 1.0471975512 1.85887885612
-0.666666666667 1.25663706144 1.26549761677
-0.666666666667 1.46607657168 0.449411137908
-0.666666666667 1.67551608191 0.228492687369
-0.666666666667 1.88495559215 0.22914365933
-0.666666666667 2.09439510239 1.67837987855
-0.666666666667 2.30383461263 1.55578573411
-0.666666666667 2.51327412287 0.244388450371
-0.666666666667 2.72271363311 0.16575661268
-0.666666666667 2.93215314335 0.241073991008
-0.666666666667 3.14159265359 0.403386626827
-0.666666666667 3.35103216383 0.315487488722
-0.666666666667 3.56047167407 0.368479133211
-0.666666666667 3.76991118431 0.359795191583
-0.666666666667 3.97935069455 0.347090474365
-0.666666666667 4.18879020479 0.570688745386
-0.666666666667 4.39822971503 1.12341619378
-0.666666666667 4.60766922527 1.13561591752
-0.666666666667 4.8171087355 0.416557918841
-0.666666666667 5.02654824574 0.743067622222
-0.666666666667 5.23598775598 1.26575530584
-0.666666666667 5.44542726622 0.536541824622
-0.666666666667 5.65486677646 0.343282086782
-0.666666666667 5.8643062867 0.147052583829
-0.666666666667 6.07374579694 0.876230948967

-0.6 0 1.30931103488
-0.6 0.209439510239 0.77012876086
-0.6 0.418879020479 1.20822183631
-0.6 0.628318530718 1.24896197218
-0.6 0.837758040957 1.65728131048
-0.6 1.0471975512 2.11663686316
-0.6 1.25663706144 1.76369669739
-0.6 1.46607657168 0.690526634634
-0.6 1.67551608191 0.174549822329
-0.6 1.88495559215 0.262224087245
-0.6 2.09439510239 1.4893944344
-0.6 2.30383461263 1.63947939865
-0.6 2.51327412287 0.203095197019
-0.6 2.72271363311 0.124342737014
-0.6 2.93215314335 0.277350171301
-0.6 3.14159265359 0.324149280149
-0.6 3.35103216383 0.302671068914
-0.6 3.56047167407 0.352419679588
-0.6 3.76991118431 0.269161273363
-0.6 3.97935069455 0.179875671702
-0.6 4.18879020479 0.259321266877
-0.6 4.39822971503 0.864220068706
-0.6 4.60766922527 1.2745753961
-0.6 4.8171087355 0.616443079567
-0.6 5.02654824574 0.579538808738
-0.6 5.23598775598 1.21947682194
-0.6 5.44542726622 0.504705096044
-0.6 5.65486677646 0.342016821148
-0.6 5.8643062867 0.300444815447
-0.6 6.07374579694 1.35552529919

-0.533333333333 0 0.904441543301
-0.533333333333 0.209439510239 0.61909092162
-0.533333333333 0.418879020479 0.796345783504
-0.533333333333 0.628318530718 0.636552236081
-0.533333333333 0.837758040957 1.15779379948
-0.533333333333 1.0471975512 2.00649461529
-0.533333333333 1.25663706144 2.12042718762
-0.533333333333 1.46607657168 1.03065767307
-0.533333333333 1.67551608191 0.146097840299
-0.533333333333 1.88495559215 0.304054436754
-0.533333333333 2.09439510239 1.33588653462
-0.533333333333 2.30383461263 1.6918076848
-0.533333333333 2.51327412287 0.174700086959
-0.533333333333 2.72271363311 0.101912028262
-0.533333333333 2.93215314335 0.292882459854
-0.533333333333 3.14159265359 0.261212937713
-0.533333333333 3.35103216383 0.334351142303
-0.533333333333 3.56047167407 0.3393143847
-0.533333333333 3.76991118431 0.213498478169
-0.533333333333 3.97935069455 0.144564217817
-0.533333333333 4.18879020479 0.131862490749
-0.533333333333 4.39822971503 0.583347675577
-0.533333333333 4.60766922527 1.26070950474
-0.533333333333 4.8171087355 0.791888719775
-0.533333333333 5.02654824574 0.480129011552
-0.533333333333 5.23598775598 1.167531447
-0.533333333333 5.44542726622 0.477549931894
-0.533333333333 5.65486677646 0.392834199951
-0.533333333333 5.8643062867 0.461440636559
-0.533333333333 6.07374579694 1.63387081997

-0.466666666667 0 0.564849429968
-0.466666666667 0.209439510239 0.461074077286
-0.466666666667 0.418879020479 0.350901052572
-0.466666666667 0.628318530718 0.195924960311
-0.466666666667 0.837758040957 0.693623547192
-0.466666666667 1.0471975512 1.68748062462
-0.466666666667 1.25663706144 2.26674383657
-0.466666666667 1.46607657168 1.37105097322
-0.466666666667 1.67551608191 0.170441587913
-0.466666666667 1.88495559215 0.327810714007
-0.466666666667 2.09439510239 1.22262580719
-0.466666666667 2.30383461263 1.72221678144
-0.466666666667 2.51327412287 0.155304264708
-0.466666666667 2.72271363311 0.0907090587376
-0.466666666667 2.93215314335 0.290447767579
-0.466666666667 3.14159265359 0.228835639674
-0.466666666667 3.35103216383 0.380903643577
-0.466666666667 3.56047167407 0.310892578786
-0.466666666667 3.76991118431 0.186949678886
-0.466666666667 3.97935069455 0.198531124815
-0.466666666667 4.18879020479 0.176682432345
-0.466666666667 4.39822971503 0.398367974708
-0.466666666667 4.60766922527 1.17915387532
-0.466666666667 4.8171087355 0.912441854676
-0.466666666667 5.02654824574 0.429350785016
-0.466666666667 5.23598775598 1.11847836013
-0.466666666667 5.44542726622 0.453432469448
-0.466666666667 5.65486677646 0.472430487032
-0.466666666667 5.8643062867 0.595403766937
-0.466666666667 6.07374579694 1.70645655238

-0.4 0 0.350288605453
-0.4 0.209439510239 0.292271718993
-0.4 0.418879020479 0.128211046247
-0.4 0.628318530718 0.0963608268668
-0.4 0.837758040957 0.436803057634
-0.4 1.0471975512 1.34101464223
-0.4 1.25663706144 2.245674212
-0.4 1.46607657168 1.65713848549
-0.4 1.67551608191 0.240126178034
-0.4 1.88495559215 0.331575356978
-0.4 2.09439510239 1.14358244431
-0.4 2.30383461263 1.73860063108
-0.4 2.51327412287 0.141826083186
-0.4 2.72271363311 0.0855961901186
-0.4 2.93215314335 0.276269472099
-0.4 3.14159265359 0.226747101177
-0.4 3.35103216383 0.417970301234
-0.4 3.56047167407 0.277543437477
-0.4 3.76991118431 0.196452094193
-0.4 3.97935069455 0.294689722823
-0.4 4.18879020479 0.305232949528
-0.4 4.39822971503 0.320204369106
-0.4 4.60766922527 1.08892136994
-0.4 4.8171087355 0.98694249774
-0.4 5.02654824574 0.409221628779
-0.4 5.23598775598 1.07470830121
-0.4 5.44542726622 0.432247425648
-0.4 5.65486677646 0.561696905902
-0.4 5.8643062867 0.691755467753
-0.4 6.07374579694 1.64799634112

-0.333333333333 0 0.237424890181
-0.333333333333 0.209439510239 0.163260322292
-0.333333333333 0.418879020479 0.15724496194
-0.333333333333 0.628318530718 0.237864622669
-0.333333333333 0.837758040957 0.370466425752
-0.333333333333 1.0471975512 1.06304087783
-0.333333333333 1.25663706144 2.12725718341
-0.333333333333 1.46607657168 1.87396970685
-0.333333333333 1.67551608191 0.336439259357
-0.333333333333 1.88495559215 0.321661451547
-0.333333333333 2.09439510239 1.08988008734
-0.333333333333 2.30383461263 1.74710136027
-0.333333333333 2.51327412287 0.131889175203
-0.333333333333 2.72271363311 0.0836059127178
-0.333333333333 2.93215314335 0.256683720227
-0.333333333333 3.14159265359 0.245727875301
-0.333333333333 3.35103216383 0.437587158335
-0.333333333333 3.56047167407 0.255142687858
-0.333333333333 3.76991118431 0.239359970144
-0.333333333333 3.97935069455 0.398923555215
-0.333333333333 4.18879020479 0.437651374017
-0.333333333333 4.39822971503 0.308259347496
-0.333333333333 4.60766922527 1.0130982876
-0.333333333333 4.8171087355 1.03370163586
-0.333333333333 5.02654824574 0.405649041669
-0.333333333333 5.23598775598 1.03667041914
-0.333333333333 5.44542726622 0.414183557034
-0.333333333333 5.65486677646 0.647586429346
-0.333333333333 5.8643062867 0.754001537523
-0.333333333333 6.07374579694 1.53306268447

-0.266666666667 0 0.188101609065
-0.266666666667 0.209439510239 0.0984866752731
-0.266666666667 0.418879020479 0.327704474274
-0.266666666667 0.628318530718 0.457854917274
-0.266666666667 0.837758040957 0.414095721048
-0.266666666667 1.0471975512 0.878030183247
-0.266666666667 1.25663706144 1.97013640369
-0.266666666667 1.46607657168 2.02764198503
-0.266666666667 1.67551608191 0.441629871463
-0.266666666667 1.88495559215 0.304996790114
-0.266666666667 2.09439510239 1.05322087628
-0.266666666667 2.30383461263 1.75226973809
-0.266666666667 2.51327412287 0.123709495863
-0.266666666667 2.72271363311 0.0832749716097
-0.266666666667 2.93215314335 0.236607256997
-0.266666666667 3.14159265359 0.274581902517
-0.266666666667 3.35103216383 0.443069383423
-0.266666666667 3.56047167407 0.249975157022
-0.266666666667 3.76991118431 0.303226534828
-0.266666666667 3.97935069455 0.493830806775
-0.266666666667 4.18879020479 0.535965384457
-0.266666666667 4.39822971503 0.320806860339
-0.266666666667 4.60766922527 0.955067213314
-0.266666666667 4.8171087355 1.06647907585
-0.266666666667 5.02654824574 0.409587145799
-0.266666666667 5.23598775598 1.00426424177
-0.266666666667 5.44542726622 0.399451430486
-0.266666666667 5.65486677646 0.722302651365
-0.266666666667 5.8643062867 0.790640002701
-0.266666666667 6.07374579694 1.41033536696

-0.2 0 0.173965072927
-0.2 0.209439510239 0.0876584457222
-0.2 0.418879020479 0.52519319341
-0.2 0.628318530718 0.651572191928
-0.2 0.837758040957 0.499836400123
-0.2 1.0471975512 0.774855172285
-0.2 1.25663706144 1.81287667146
-0.2 1.46607657168 2.13248080891
-0.2 1.67551608191 0.542344158105
-0.2 1.88495559215 0.286728738468
-0.2 2.09439510239 1.02698089339
-0.2 2.30383461263 1.75732920879
-0.2 2.51327412287 0.116002057814
-0.2 2.72271363311 0.0840592734043
-0.2 2.93215314335 0.21925170334
-0.2 3.14159265359 0.304184416081
-0.2 3.35103216383 0.441216564072
-0.2 3.56047167407 0.25914226368
-0.2 3.76991118431 0.374515719804
-0.2 3.97935069455 0.574295149294
-0.2 4.18879020479 0.595600517797
-0.2 4.39822971503 0.333983724691
-0.2 4.60766922527 0.912445587456
-0.2 4.8171087355 1.09216404247
-0.2 5.02654824574 0.416054716766
-0.2 5.23598775598 0.977240998911
-0.2 5.44542726622 0.388262702546
-0.2 5.65486677646 0.781803163899
-0.2 5.8643062867 0.810179145133
-0.2 6.07374579694 1.30426092418

-0.133333333333 0 0.178743058824
-0.133333333333 0.209439510239 0.106026288576
-0.133333333333 0.418879020479 0.686454801827
-0.133333333333 0.628318530718 0.785373146662
-0.133333333333 0.837758040957 0.590836302302
-0.133333333333 1.0471975512 0.73124780925
-0.133333333333 1.25663706144 1.67662029147
-0.133333333333 1.46607657168 2.20454898352
-0.133333333333 1.67551608191 0.62927188531
-0.133333333333 1.88495559215 0.270025688638
-0.133333333333 2.09439510239 1.00627826823
-0.133333333333 2.30383461263 1.7644355978
-0.133333333333 2.51327412287 0.107918748556
-0.133333333333 2.72271363311 0.0859205622281
-0.133333333333 2.93215314335 0.206481893235
-0.133333333333 3.14159265359 0.328469566242
-0.133333333333 3.35103216383 0.438008791124
-0.133333333333 3.56047167407 0.275820047306
-0.133333333333 3.76991118431 0.443228329191
-0.133333333333 3.97935069455 0.640084942638
-0.133333333333 4.18879020479 0.624996736973
-0.133333333333 4.39822971503 0.339349987264
-0.133333333333 4.60766922527 0.883150029157
-0.133333333333 4.8171087355 1.11287534326
-0.133333333333 5.02654824574 0.422681034236
-0.133333333333 5.23598775598 0.955343028885
-0.133333333333 5.44542726622 0.380856403328
-0.133333333333 5.65486677646 0.824412951334
-0.133333333333 5.8643062867 0.81924440068
-0.133333333333 6.07374579694 1.22370120452

-0.0666666666667 0 0.194502672672
-0.0666666666667 0.209439510239 0.130767732541
-0.0666666666667 0.418879020479 0.793825422302
-0.0666666666667 0.628318530718 0.867061182171
-0.0666666666667 0.837758040957 0.673751392055
-0.0666666666667 1.0471975512 0.725279879785
-0.0666666666667 1.25663706144 1.57082775329
-0.0666666666667 1.46607657168 2.2586336882
-0.0666666666667 1.67551608191 0.695809222362
-0.0666666666667 1.88495559215 0.256522057859
-0.0666666666667 2.09439510239 0.987688157583
-0.0666666666667 2.30383461263 1.77488697032
-0.0666666666667 2.51327412287 0.0990250992975
-0.0666666666667 2.72271363311 0.089072927659
-0.0666666666667 2.93215314335 0.199360790357
-0.0666666666667 3.14159265359 0.34374329948
-0.0666666666667 3.35103216383 0.437602982214
-0.0666666666667 3.56047167407 0.292870693274
-0.0666666666667 3.76991118431 0.50231825624
-0.0666666666667 3.97935069455 0.690253549182
-0.0666666666667 4.18879020479 0.632041366279
-0.0666666666667 4.39822971503 0.336228831684
-0.0666666666667 4.60766922527 0.866599872055
-0.0666666666667 4.8171087355 1.12836523827
-0.0666666666667 5.02654824574 0.428502023968
-0.0666666666667 5.23598775598 0.938396012128
-0.0666666666667 5.44542726622 0.377523959478
-0.0666666666667 5.65486677646 0.849769313075
-0.0666666666667 5.8643062867 0.822280943518
-0.0666666666667 6.07374579694 1.16951819382

6.12323399574e-17 0 0.218089641372
6.12323399574e-17 0.209439510239 0.147122426115
6.12323399574e-17 0.418879020479 0.85263945373
6.12323399574e-17 0.628318530718 0.916992270698
6.12323399574e-17 0.837758040957 0.746687665494
6.12323399574e-17 1.0471975512 0.738993707588
6.12323399574e-17 1.25663706144 1.49924438995
6.12323399574e-17 1.46607657168 2.30660566003
6.12323399574e-17 1.67551608191 0.736820891556
6.12323399574e-17 1.88495559215 0.246784750993
6.12323399574e-17 2.09439510239 0.968909623594
6.12323399574e-17 2.30383461263 1.78927172049
6.12323399574e-17 2.51327412287 0.0893220363155
6.12323399574e-17 2.72271363311 0.0938439379493
6.12323399574e-17 2.93215314335 0.198610189541
6.12323399574e-17 3.14159265359 0.34753177356
6.12323399574e-17 3.35103216383 0.442870594844
6.12323399574e-17 3.56047167407 0.304058349495
6.12323399574e-17 3.76991118431 0.544841224667
6.12323399574e-17 3.97935069455 0.720588775102
6.12323399574e-17 4.18879020479 0.6198577251
6.12323399574e-17 4.39822971503 0.32662030146
6.12323399574e-17 4.60766922527 0.863209753689
6.12323399574e-17 4.8171087355 1.13748802411
6.12323399574e-17 5.02654824574 0.433173211749
6.12323399574e-17 5.23598775598 0.926397781327
6.12323399574e-17 5.44542726622 0.378625627536
6.12323399574e-17 5.65486677646 0.858102817968
6.12323399574e-17 5.8643062867 0.821857872082
6.12323399574e-17 6.07374579694 1.13943795274

0.0666666666667 0 0.248952961139
0.0666666666667 0.209439510239 0.148353516631
0.0666666666667 0.418879020479 0.873693820406
0.0666666666667 0.628318530718 0.952271168019
0.0666666666667 0.837758040957 0.810259031702
0.0666666666667 1.0471975512 0.758904471641
0.0666666666667 1.25663706144 1.46526150348
0.0666666666667 1.46607657168 2.3557719555
0.0666666666667 1.67551608191 0.747880586679
0.0666666666667 1.88495559215 0.240615911982
0.0666666666667 2.09439510239 0.948498595643
0.0666666666667 2.30383461263 1.80755260842
0.0666666666667 2.51327412287 0.0793176847296
0.0666666666667 2.72271363311 0.100603725259
0.0666666666667 2.93215314335 0.204837662051
0.0666666666667 3.14159265359 0.337657535884
0.0666666666667 3.35103216383 0.456181091041
0.0666666666667 3.56047167407 0.304413007778
0.0666666666667 3.76991118431 0.561447366274
0.0666666666667 3.97935069455 0.723406805316
0.0666666666667 4.18879020479 0.587809837644
0.0666666666667 4.39822971503 0.313525826803
0.0666666666667 4.60766922527 0.873632479351
0.0666666666667 4.8171087355 1.13882650205
0.0666666666667 5.02654824574 0.43652019772
0.0666666666667 5.23598775598 0.919599838799
0.0666666666667 5.44542726622 0.384598031487
0.0666666666667 5.65486677646 0.849795369308
0.0666666666667 5.8643062867 0.819069812806
0.0666666666667 6.07374579694 1.13065381182

0.133333333333 0 0.28811233601
0.133333333333 0.209439510239 0.133857272782
0.133333333333 0.418879020479 0.864763810248
0.133333333333 0.628318530718 0.981447623291
0.133333333333 0.837758040957 0.863226133518
0.133333333333 1.0471975512 0.777000132596
0.133333333333 1.25663706144 1.47624066414
0.133333333333 1.46607657168 2.40606170688
0.133333333333 1.67551608191 0.725275972575
0.133333333333 1.88495559215 0.237166231484
0.133333333333 2.09439510239 0.92569117895
0.133333333333 2.30383461263 1.82909136187
0.133333333333 2.51327412287 0.0701519448478
0.133333333333 2.72271363311 0.109731655443
0.133333333333 2.93215314335 0.218411450922
0.133333333333 3.14159265359 0.311959608202
0.133333333333 3.35103216383 0.479645391066
0.133333333333 3.56047167407 0.291615807117
0.133333333333 3.76991118431 0.540359698143
0.133333333333 3.97935069455 0.689272112403
0.133333333333 4.18879020479 0.534341040828
0.133333333333 4.39822971503 0.301215030597
0.133333333333 4.60766922527 0.898091513567
0.133333333333 4.8171087355 1.13089869299
0.133333333333 5.02654824574 0.438287429029
0.133333333333 5.23598775598 0.918572301321
0.133333333333 5.44542726622 0.395951780105
0.133333333333 5.65486677646 0.825155412135
0.133333333333 5.8643062867 0.813826733396
0.133333333333 6.07374579694 1.14092871059

0.2 0 0.337947743501
0.2 0.209439510239 0.107514418793
0.2 0.418879020479 0.828726126706
0.2 0.628318530718 1.00489841321
0.2 0.837758040957 0.902930022179
0.2 1.0471975512 0.794835923972
0.2 1.25663706144 1.54524792911
0.2 1.46607657168 2.44511170729
0.2 1.67551608191 0.667214216321
0.2 1.88495559215 0.234884389916
0.2 2.09439510239 0.900300950309
0.2 2.30383461263 1.85261725476
0.2 2.51327412287 0.0637688802761
0.2 2.72271363311 0.121609064152
0.2 2.93215314335 0.23882975082
0.2 3.14159265359 0.269120886344
0.2 3.35103216383 0.513999593813
0.2 3.56047167407 0.269897367489
0.2 3.76991118431 0.472284483698
0.2 3.97935069455 0.611343858312
0.2 4.18879020479 0.460596616822
0.2 4.39822971503 0.295933052342
0.2 4.60766922527 0.935754584477
0.2 4.8171087355 1.11230197369
0.2 5.02654824574 0.437976445956
0.2 5.23598775598 0.924237915337
0.2 5.44542726622 0.413257044258
0.2 5.65486677646 0.78437063775
0.2 5.8643062867 0.804975686736
0.2 6.07374579694 1.16870743595

0.266666666667 0 0.402723734523
0.266666666667 0.209439510239 0.076661922763
0.266666666667 0.418879020479 0.7654433142
0.266666666667 0.628318530718 1.01827486022
0.266666666667 0.837758040957 0.930774937078
0.266666666667 1.0471975512 0.830659708384
0.266666666667 1.25663706144 1.68563358081
0.266666666667 1.46607657168 2.44159932034
0.266666666667 1.67551608191 0.576758220746
0.266666666667 1.88495559215 0.231373457081
0.266666666667 2.09439510239 0.872654570121
0.266666666667 2.30383461263 1.87614122497
0.266666666667 2.51327412287 0.0631157777811
0.266666666667 2.72271363311 0.136655286605
0.266666666667 2.93215314335 0.263398791526
0.266666666667 3.14159265359 0.211251123533
0.266666666667 3.35103216383 0.554971992539
0.266666666667 3.56047167407 0.256172377547
0.266666666667 3.76991118431 0.36218706206
0.266666666667 3.97935069455 0.493323806172
0.266666666667 4.18879020479 0.374544964095
0.266666666667 4.39822971503 0.305837296845
0.266666666667 4.60766922527 0.984154802944
0.266666666667 4.8171087355 1.08198827708
0.266666666667 5.02654824574 0.434733573075
0.266666666667 5.23598775598 0.937857927379
0.266666666667 5.44542726622 0.437113159759
0.266666666667 5.65486677646 0.727623883842
0.266666666667 5.8643062867 0.790271299161
0.266666666667 6.07374579694 1.21240830462

0.333333333333 0 0.489848367915
0.333333333333 0.209439510239 0.0514339780686
0.333333333333 0.418879020479 0.675069778728
0.333333333333 0.628318530718 1.01760278939
0.333333333333 0.837758040957 0.96066210271
0.333333333333 1.0471975512 0.922157553433
0.333333333333 1.25663706144 1.89039069276
0.333333333333 1.46607657168 2.34123417854
0.333333333333 1.67551608191 0.466535086141
0.333333333333 1.88495559215 0.223344910513
0.333333333333 2.09439510239 0.843518575011
0.333333333333 2.30383461263 1.89681379022
0.333333333333 2.51327412287 0.0723129584299
0.333333333333 2.72271363311 0.155453365063
0.333333333333 2.93215314335 0.285187037887
0.333333333333 3.14159265359 0.1486671202
0.333333333333 3.35103216383 0.586472469267
0.333333333333 3.56047167407 0.282785363844
0.333333333333 3.76991118431 0.244933927203
0.333333333333 3.97935069455 0.359386976475
0.333333333333 4.18879020479 0.293827214865
0.333333333333 4.39822971503 0.33917751087
0.333333333333 4.60766922527 1.03891964397
0.333333333333 4.8171087355 1.0396658708
0.333333333333 5.02654824574 0.427344198196
0.333333333333 5.23598775598 0.960937834766
0.333333333333 5.44542726622 0.468095855134
0.333333333333 5.65486677646 0.655383285684
0.333333333333 5.8643062867 0.766263362997
0.333333333333 6.07374579694 1.26878396935

0.4 0 0.61138080905
0.4 0.209439510239 0.0448953839541
0.4 0.418879020479 0.559975003813
0.4 0.628318530718 1.00182148062
0.4 0.837758040957 1.01994214798
0.4 1.0471975512 1.1053266911
0.4 1.25663706144 2.09205412866
0.4 1.46607657168 2.07804581612
0.4 1.67551608191 0.363214241314
0.4 1.88495559215 0.207149018856
0.4 2.09439510239 0.813968831481
0.4 2.30383461263 1.91071306787
0.4 2.51327412287 0.0966736096542
0.4 2.72271363311 0.179013543076
0.4 2.93215314335 0.290964862426
0.4 3.14159265359 0.105408653639
0.4 3.35103216383 0.574043444295
0.4 3.56047167407 0.382136357528
0.4 3.76991118431 0.189043490522
0.4 3.97935069455 0.257131680233
0.4 4.18879020479 0.242654740403
0.4 4.39822971503 0.400669484952
0.4 4.60766922527 1.0942820401
0.4 4.8171087355 0.986073990743
0.4 5.02654824574 0.414515809066
0.4 5.23598775598 0.995006311791
0.4 5.44542726622 0.506672348078
0.4 5.65486677646 0.56889717611
0.4 5.8643062867 0.728235144033
0.4 6.07374579694 1.33011524167

0.466666666667 0 0.783565737107
0.466666666667 0.209439510239 0.0765116662998
0.466666666667 0.418879020479 0.423212765195
0.466666666667 0.628318530718 0.962686667343
0.466666666667 0.837758040957 1.120481315
0.466666666667 1.0471975512 1.34827087181
0.466666666667 1.25663706144 2.12767923076
0.466666666667 1.46607657168 1.62130605041
0.466666666667 1.67551608191 0.305092935496
0.466666666667 1.88495559215 0.180886832087
0.466666666667 2.09439510239 0.785204478423
0.466666666667 2.30383461263 1.91251993148
0.466666666667 2.51327412287 0.14233637812
0.466666666667 2.72271363311 0.209084578939
0.466666666667 2.93215314335 0.261932604844
0.466666666667 3.14159265359 0.118419911473
0.466666666667 3.35103216383 0.472865790857
0.466666666667 3.56047167407 0.537764951777
0.466666666667 3.76991118431 0.258359884093
0.466666666667 3.97935069455 0.23563369833
0.466666666667 4.18879020479 0.23774289054
0.466666666667 4.39822971503 0.488743678763
0.466666666667 4.60766922527 1.14456472248
0.466666666667 4.8171087355 0.922599369509
0.466666666667 5.02654824574 0.395782922397
0.466666666667 5.23598775598 1.041196756
0.466666666667 5.44542726622 0.553072362991
0.466666666667 5.65486677646 0.47093825421
0.466666666667 5.8643062867 0.67043430829
0.466666666667 6.07374579694 1.38024279883

0.533333333333 0 1.01863963078
0.533333333333 0.209439510239 0.182783465128
0.533333333333 0.418879020479 0.270717995523
0.533333333333 0.628318530718 0.85733615467
0.533333333333 0.837758040957 1.18711209265
0.533333333333 1.0471975512 1.46858061215
0.533333333333 1.25663706144 1.79409705373
0.533333333333 1.46607657168 1.06176281279
0.533333333333 1.67551608191 0.320635097505
0.533333333333 1.88495559215 0.149688097968
0.533333333333 2.09439510239 0.758505121714
0.533333333333 2.30383461263 1.89496010948
0.533333333333 2.51327412287 0.215076767641
0.533333333333 2.72271363311 0.2478611795
0.533333333333 2.93215314335 0.184034990221
0.533333333333 3.14159265359 0.214637482114
0.533333333333 3.35103216383 0.275020200067
0.533333333333 3.56047167407 0.627978838816
0.533333333333 3.76991118431 0.418590706468
0.533333333333 3.97935069455 0.289150118983
0.533333333333 4.18879020479 0.269623729128
0.533333333333 4.39822971503 0.60003474618
0.533333333333 4.60766922527 1.1853168226
0.533333333333 4.8171087355 0.849642582076
0.533333333333 5.02654824574 0.373454686972
0.533333333333 5.23598775598 1.09954109375
0.533333333333 5.44542726622 0.607095792221
0.533333333333 5.65486677646 0.366826531333
0.533333333333 5.8643062867 0.58700965065
0.533333333333 6.07374579694 1.39047783661

0.6 0 1.29960067049
0.6 0.209439510239 0.429169836302
0.6 0.418879020479 0.145691125058
0.6 0.628318530718 0.609387602783
0.6 0.837758040957 1.01967253497
0.6 1.0471975512 1.19067110442
0.6 1.25663706144 1.09011898735
0.6 1.46607657168 0.656805441998
0.6 1.67551608191 0.382351796564
0.6 1.88495559215 0.13517997347
0.6 2.09439510239 0.7360969045
0.6 2.30383461263 1.84770086056
0.6 2.51327412287 0.317552529922
0.6 2.72271363311 0.295043084227
0.6 2.93215314335 0.0773694358438
0.6 3.14159265359 0.354763675453
0.6 3.35103216383 0.0893315972256
0.6 3.56047167407 0.48480333351
0.6 3.76991118431 0.478659035198
0.6 3.97935069455 0.318327150598
0.6 4.18879020479 0.313732458689
0.6 4.39822971503 0.744415179714
0.6 4.60766922527 1.20997249653
0.6 4.8171087355 0.763978353338
0.6 5.02654824574 0.355854746588
0.6 5.23598775598 1.16787735695
0.6 5.44542726622 0.667831041575
0.6 5.65486677646 0.265708449169
0.6 5.8643062867 0.474275146415
0.6 6.07374579694 1.31886019077

0.666666666667 0 1.53470825577
0.666666666667 0.209439510239 0.879104271027
0.666666666667 0.418879020479 0.212743480938
0.666666666667 0.628318530718 0.268436824108
0.666666666667 0.837758040957 0.52004592613
0.666666666667 1.0471975512 0.543745874373
0.666666666667 1.25663706144 0.487136962899
0.666666666667 1.46607657168 0.638302703592
0.666666666667 1.67551608191 0.379195288969
0.666666666667 1.88495559215 0.18496395831
0.666666666667 2.09439510239 0.724688387289
0.666666666667 2.30383461263 1.75512455447
0.666666666667 2.51327412287 0.443863262684
0.666666666667 2.72271363311 0.33869250026
0.666666666667 2.93215314335 0.0376743031652
0.666666666667 3.14159265359 0.397718543007
0.666666666667 3.35103216383 0.122351548328
0.666666666667 3.56047167407 0.180566886943
0.666666666667 3.76991118431 0.2931691999
0.666666666667 3.97935069455 0.253283734558
0.666666666667 4.18879020479 0.410734166337
0.666666666667 4.39822971503 0.94859159749
0.666666666667 4.60766922527 1.19734468446
0.666666666667 4.8171087355 0.658157058672
0.666666666667 5.02654824574 0.361190270803
0.666666666667 5.23598775598 1.24029755731
0.666666666667 5.44542726622 0.733249951521
0.666666666667 5.65486677646 0.181917422124
0.666666666667 5.8643062867 0.335079233437
0.666666666667 6.07374579694 1.12021465193

0.733333333333 0 1.52701049189
0.733333333333 0.209439510239 1.43015710971
0.733333333333 0.418879020479 0.728930872336
0.733333333333 0.628318530718 0.291835140963
0.733333333333 0.837758040957 0.210764496976
0.733333333333 1.0471975512 0.26622869811
0.733333333333 1.25663706144 0.579521600041
0.733333333333 1.46607657168 0.778934036135
0.733333333333 1.67551608191 0.235145858532
0.733333333333 1.88495559215 0.363329293728
0.733333333333 2.09439510239 0.742444810173
0.733333333333 2.30383461263 1.59320834747
0.733333333333 2.51327412287 0.570781712362
0.733333333333 2.72271363311 0.342306911191
0.733333333333 2.93215314335 0.208173530685
0.733333333333 3.14159265359 0.2622613105
0.733333333333 3.35103216383 0.386213650317
0.733333333333 3.56047167407 0.192119184647
0.733333333333 3.76991118431 0.200836917332
0.733333333333 3.97935069455 0.338232888871
0.733333333333 4.18879020479 0.716000096496
0.733333333333 4.39822971503 1.18732247023
0.733333333333 4.60766922527 1.09779321838
0.733333333333 4.8171087355 0.529824393697
0.733333333333 5.02654824574 0.41903033484
0.733333333333 5.23598775598 1.30518410407
0.733333333333 5.44542726622 0.799633507317
0.733333333333 5.65486677646 0.135920315742
0.733333333333 5.8643062867 0.185855005797
0.733333333333 6.07374579694 0.777598209783

0.8 0 1.0780808613
0.8 0.209439510239 1.57622291137
0.8 0.418879020479 1.46531599393
0.8 0.628318530718 1.07195636572
0.8 0.837758040957 0.838021382472
0.8 1.0471975512 0.863711927419
0.8 1.25663706144 0.925694799525
0.8 1.46607657168 0.516683270278
0.8 1.67551608191 0.183813178504
0.8 1.88495559215 0.690095955548
0.8 2.09439510239 0.813854431072
0.8 2.30383461263 1.33466847959
0.8 2.51327412287 0.652685678507
0.8 2.72271363311 0.265868353417
0.8 2.93215314335 0.525234294885
0.8 3.14159265359 0.247672276854
0.8 3.35103216383 0.532234505496
0.8 3.56047167407 0.664575877233
0.8 3.76991118431 0.703187230289
0.8 3.97935069455 0.889149554169
0.8 4.18879020479 1.18088896694
0.8 4.39822971503 1.25120308593
0.8 4.60766922527 0.860157524983
0.8 4.8171087355 0.410207527836
0.8 5.02654824574 0.562033753605
0.8 5.23598775598 1.34319754893
0.8 5.44542726622 0.860778430775
0.8 5.65486677646 0.15373136958
0.8 5.8643062867 0.0657135162865
0.8 6.07374579694 0.358203321145

0.866666666667 0 0.351909470211
0.866666666667 0.209439510239 0.803823424971
0.866666666667 0.418879020479 1.15524891987
0.866666666667 0.628318530718 1.23865059743
0.866666666667 0.837758040957 1.11195423387
0.866666666667 1.0471975512 0.845193138701
0.866666666667 1.25663706144 0.450912802904
0.866666666667 1.46607657168 0.220594184517
0.866666666667 1.67551608191 0.605505702888
0.866666666667 1.88495559215 1.02759427692
0.866666666667 2.09439510239 0.896794305222
0.866666666667 2.30383461263 1.00001176049
0.866666666667 2.51327412287 0.659124580615
0.866666666667 2.72271363311 0.194353028156
0.866666666667 2.93215314335 0.514515462903
0.866666666667 3.14159265359 0.552193892233
0.866666666667 3.35103216383 0.5685970388
0.866666666667 3.56047167407 0.822256910615
0.866666666667 3.76991118431 1.05292883799
0.866666666667 3.97935069455 1.1777913989
0.866666666667 4.18879020479 1.14672061539
0.866666666667 4.39822971503 0.897986118212
0.866666666667 4.60766922527 0.547832215676
0.866666666667 4.8171087355 0.401751082685
0.866666666667 5.02654824574 0.796129062983
0.866666666667 5.23598775598 1.32622406976
0.866666666667 5.44542726622 0.906909001556
0.866666666667 5.65486677646 0.262653952929
0.866666666667 5.8643062867 0.0437287779286
0.866666666667 6.07374579694 0.0570082401009

0.933333333333 0 0.0992652736207
0.933333333333 0.209439510239 0.128706168347
0.933333333333 0.418879020479 0.175786626681
0.933333333333 0.628318530718 0.214492220413
0.933333333333 0.837758040957 0.235631425779
0.933333333333 1.0471975512 0.287819475103
0.933333333333 1.25663706144 0.464102372603
0.933333333333 1.46607657168 0.78068892282
0.933333333333 1.67551608191 1.04369337992
0.933333333333 1.88495559215 1.01657431029
0.933333333333 2.09439510239 0.816498834437
0.933333333333 2.30383461263 0.75265683913
0.933333333333 2.51327412287 0.685012811501
0.933333333333 2.72271363311 0.416017745447
0.933333333333 2.93215314335 0.266984535596
0.933333333333 3.14159265359 0.358053205575
0.933333333333 3.35103216383 0.480589095357
0.933333333333 3.56047167407 0.564023240138
0.933333333333 3.76991118431 0.617016666321
0.933333333333 3.97935069455 0.616037439176
0.933333333333 4.18879020479 0.548740960899
0.933333333333 4.39822971503 0.458362694364
0.933333333333 4.60766922527 0.452496714429
0.933333333333 4.8171087355 0.659947534352
0.933333333333 5.02654824574 1.04227744895
0.933333333333 5.23598775598 1.21798370261
0.933333333333 5.44542726622 0.922704655399
0.933333333333 5.65486677646 0.480525432533
0.933333333333 5.8643062867 0.216788975116
0.933333333333 6.07374579694 0.114403689942

