-1 0 3.89502935581
-1 0.209439510239 3.89502935582
-1 0.418879020479 3.89502935582
-1 0.628318530718 3.89502935582
-1 0.837758040957 3.89502935582
-1 1.0471975512 3.89502935582
-1 1.25663706144 3.89502935582
-1 1.46607657168 3.89502935581
-1 1.67551608191 3.89502935582
-1 1.88495559215 3.89502935582
-1 2.09439510239 3.89502935582
-1 2.30383461263 3.89502935582
-1 2.51327412287 3.89502935582
-1 2.72271363311 3.89502935582
-1 2.93215314335 3.89502935581
-1 3.14159265359 3.89502935581
-1 3.35103216383 3.89502935582
-1 3.56047167407 3.89502935582
-1 3.76991118431 3.89502935582
-1 3.97935069455 3.89502935582
-1 4.18879020479 3.89502935582
-1 4.39822971503 3.89502935582
-1 4.60766922527 3.89502935581
-1 4.8171087355 3.89502935582
-1 5.02654824574 3.89502935582
-1 5.23598775598 3.89502935582
-1 5.44542726622 3.89502935582
-1 5.65486677646 3.89502935582
-1 5.8643062867 3.89502935582
-1 6.07374579694 3.89502935581

-0.933333333333 0 0.684873588904
-0.933333333333 0.209439510239 0.481442160548
-0.933333333333 0.418879020479 0.517360762169
-0.933333333333 0.628318530718 0.512272793532
-0.933333333333 0.837758040957 0.451834468207
-0.933333333333 1.0471975512 0.328229416578
-0.933333333333 1.25663706144 0.145104433051
-0.933333333333 1.46607657168 0.052980969953
-0.933333333333 1.67551608191 0.247872623216
-0.933333333333 1.88495559215 0.381078226893
-0.933333333333 2.09439510239 0.17866955225
-0.933333333333 2.30383461263 2.26217306849
-0.933333333333 2.51327412287 9.55341811786
-0.933333333333 2.72271363311 16.8014180476
-0.933333333333 2.93215314335 16.0650752743
-0.933333333333 3.14159265359 9.9165622777
-0.933333333333 3.35103216383 5.6077360099
-0.933333333333 3.56047167407 4.86275253543
-0.933333333333 3.76991118431 5.64592837513
-0.933333333333 3.97935069455 6.37750541856
-0.933333333333 4.18879020479 6.4798718559
-0.933333333333 4.39822971503 5.68273185945
-0.933333333333 4.60766922527 4.10601464346
-0.933333333333 4.8171087355 2.64042155528
-0.933333333333 5.02654824574 2.02459821242
-0.933333333333 5.23598775598 1.94280099261
-0.933333333333 5.44542726622 2.52722560565
-0.933333333333 5.65486677646 3.66324538893
-0.933333333333 5.8643062867 3.4140029886
-0.933333333333 6.07374579694 1.77185230499

-0.866666666667 0 1.25388748144
-0.866666666667 0.209439510239 0.821912665186
-0.866666666667 0.418879020479 0.351191195204
-0.866666666667 0.628318530718 0.170224838363
-0.866666666667 0.837758040957 0.171695594992
-0.866666666667 1.0471975512 0.301472711389
-0.866666666667 1.25663706144 0.474371483108
-0.866666666667 1.46607657168 0.38822876409
-0.866666666667 1.67551608191 0.0947045007648
-0.866666666667 1.88495559215 0.241672143398
-0.866666666667 2.09439510239 0.220220590995
-0.866666666667 2.30383461263 2.54841250794
-0.866666666667 2.51327412287 13.2229769869
-0.866666666667 2.72271363311 19.1449056506
-0.866666666667 2.93215314335 9.80392475445
-0.866666666667 3.14159265359 2.7922809965
-0.866666666667 3.35103216383 3.3763475942
-0.866666666667 3.56047167407 4.15416269897
-0.866666666667 3.76991118431 3.74475782177
-0.866666666667 3.97935069455 3.63821058375
-0.866666666667 4.18879020479 4.31175949869
-0.866666666667 4.39822971503 5.30601186113
-0.866666666667 4.60766922527 5.37978032209
-0.866666666667 4.8171087355 3.66998876925
-0.866666666667 5.02654824574 2.04361390943
-0.866666666667 5.23598775598 1.64174002863
-0.866666666667 5.44542726622 1.74140415836
-0.866666666667 5.65486677646 2.77334300695
-0.866666666667 5.8643062867 2.11295107516
-0.866666666667 6.07374579694 1.21124125696

-0.8 0 1.1439835028
-0.8 0.209439510239 0.305585752798
-0.8 0.418879020479 0.118011976792
-0.8 0.628318530718 0.179664753477
-0.8 0.837758040957 0.168033056867
-0.8 1.0471975512 0.0853930720546
-0.8 1.25663706144 0.20092355504
-0.8 1.46607657168 0.46418133765
-0.8 1.67551608191 0.230586349657
-0.8 1.88495559215 0.193738328993
-0.8 2.09439510239 0.486880499343
-0.8 2.30383461263 3.2503363875
-0.8 2.51327412287 15.3633996612
-0.8 2.72271363311 17.1658476168
-0.8 2.93215314335 4.02539915198
-0.8 3.14159265359 1.53737349434
-0.8 3.35103216383 2.3520665973
-0.8 3.56047167407 1.09988210938
-0.8 3.76991118431 0.771576471168
-0.8 3.97935069455 1.48701276491
-0.8 4.18879020479 2.51859626969
-0.8 4.39822971503 3.28936124155
-0.8 4.60766922527 3.40125409275
-0.8 4.8171087355 2.80860513248
-0.8 5.02654824574 2.03667563071
-0.8 5.23598775598 1.93532034308
-0.8 5.44542726622 1.78107028623
-0.8 5.65486677646 2.31529111526
-0.8 5.8643062867 1.80628156229
-0.8 6.07374579694 1.60910312283

-0.733333333333 0 0.930203719747
-0.733333333333 0.209439510239 0.342268229509
-0.733333333333 0.418879020479 0.419396749035
-0.733333333333 0.628318530718 0.631098096713
-0.733333333333 0.837758040957 0.660221020623
-0.733333333333 1.0471975512 0.395135332333
-0.733333333333 1.25663706144 0.121615039373
-0.733333333333 1.46607657168 0.3748021295
-0.733333333333 1.67551608191 0.352631440166
-0.733333333333 1.88495559215 0.173785103102
-0.733333333333 2.09439510239 0.728275880885
-0.733333333333 2.30383461263 4.00356101918
-0.733333333333 2.51327412287 16.433637477
-0.733333333333 2.72271363311 13.9956711966
-0.733333333333 2.93215314335 1.17145498627
-0.733333333333 3.14159265359 1.57996522053
-0.733333333333 3.35103216383 0.916221039271
-0.733333333333 3.56047167407 0.503863471507
-0.733333333333 3.76991118431 1.39805055018
-0.733333333333 3.97935069455 2.54413846664
-0.733333333333 4.18879020479 4.08487246153
-0.733333333333 4.39822971503 5.34724528099
-0.733333333333 4.60766922527 4.39147148034
-0.733333333333 4.8171087355 2.49648412966
-0.733333333333 5.02654824574 2.01727978328
-0.733333333333 5.23598775598 2.05243206917
-0.733333333333 5.44542726622 1.8892000777
-0.733333333333 5.65486677646 2.19743444354
-0.733333333333 5.8643062867 1.90406120903
-0.733333333333 6.07374579694 1.62554640985

-0.666666666667 0 0.96566494228
-0.666666666667 0.209439510239 0.483687489658
-0.666666666667 0.418879020479 0.644896649898
-0.666666666667 0.628318530718 0.883811574162
-0.666666666667 0.837758040957 0.957968887371
-0.666666666667 1.0471975512 0.758782892617
-0.666666666667 1.25663706144 0.248357627395
-0.666666666667 1.46607657168 0.24572425318
-0.666666666667 1.67551608191 0.461246824052
-0.666666666667 1.88495559215 0.143050716675
-0.666666666667 2.09439510239 0.956563205308
-0.666666666667 2.30383461263 4.67279322958
-0.666666666667 2.51327412287 16.8134328869
-0.666666666667 2.72271363311 10.9568343169
-0.666666666667 2.93215314335 0.250477962117
-0.666666666667 3.14159265359 1.38663680158
-0.666666666667 3.35103216383 0.403541480634
-0.666666666667 3.56047167407 0.965672908822
-0.666666666667 3.76991118431 1.46494359403
-0.666666666667 3.97935069455 2.15134334757
-0.666666666667 4.18879020479 3.92685123209
-0.666666666667 4.39822971503 6.41724935997
-0.666666666667 4.60766922527 6.25084827268
-0.666666666667 4.8171087355 3.21642860475
-0.666666666667 5.02654824574 2.39085194105
-0.666666666667 5.23598775598 2.22668790951
-0.666666666667 5.44542726622 1.84187768976
-0.666666666667 5.65486677646 2.19369405546
-0.666666666667 5.8643062867 1.96807188298
-0.666666666667 6.07374579694 1.51271117377

-0.6 0 1.0185716592
-0.6 0.209439510239 0.558269250258
-0.6 0.418879020479 0.728664255901
-0.6 0.628318530718 0.839820828828
-0.6 0.837758040957 0.892935530016
-0.6 1.0471975512 0.898814964026
-0.6 1.25663706144 0.444217972468
-0.6 1.46607657168 0.137356626578
-0.6 1.67551608191 0.535308665834
-0.6 1.88495559215 0.105809495223
-0.6 2.09439510239 1.18424621429
-0.6 2.30383461263 5.21589816123
-0.6 2.51327412287 16.7780802422
-0.6 2.72271363311 8.47835085211
-0.6 2.93215314335 0.216181940915
-0.6 3.14159265359 1.02201630401
-0.6 3.35103216383 0.523868665293
-0.6 3.56047167407 0.999989562584
-0.6 3.76991118431 0.879933762373
-0.6 3.97935069455 1.51862075027
-0.6 4.18879020479 3.4375219982
-0.6 4.39822971503 6.34735605432
-0.6 4.60766922527 7.12936600383
-0.6 4.8171087355 3.91243827722
-0.6 5.02654824574 2.85693289515
-0.6 5.23598775598 2.54150932366
-0.6 5.44542726622 1.70952260454
-0.6 5.65486677646 2.20735546955
-0.6 5.8643062867 1.91560906324
-0.6 6.07374579694 1.48861146296

-0.533333333333 0 1.00541310865
-0.533333333333 0.209439510239 0.588917129816
-0.533333333333 0.418879020479 0.695712527194
-0.533333333333 0.628318530718 0.624268308583
-0.533333333333 0.837758040957 0.636653030138
-0.533333333333 1.0471975512 0.831200234578
-0.533333333333 1.25663706144 0.600623278533
-0.533333333333 1.46607657168 0.0845444763299
-0.533333333333 1.67551608191 0.556415661442
-0.533333333333 1.88495559215 0.0795933887193
-0.533333333333 2.09439510239 1.40500850568
-0.533333333333 2.30383461263 5.6302072847
-0.533333333333 2.51327412287 16.5161007456
-0.533333333333 2.72271363311 6.60962642676
-0.533333333333 2.93215314335 0.4725736624
-0.533333333333 3.14159265359 0.696584524579
-0.533333333333 3.35103216383 0.756090744699
-0.533333333333 3.56047167407 0.700008101476
-0.533333333333 3.76991118431 0.556239598557
-0.533333333333 3.97935069455 1.56508143954
-0.533333333333 4.18879020479 3.77057660974
-0.533333333333 4.39822971503 6.57831931572
-0.533333333333 4.60766922527 7.43994284678
-0.533333333333 4.8171087355 4.2494250867
-0.533333333333 5.02654824574 3.15702523505
-0.533333333333 5.23598775598 2.9215818915
-0.533333333333 5.44542726622 1.57314990678
-0.533333333333 5.65486677646 2.20917666419
-0.533333333333 5.8643062867 1.79895559526
-0.533333333333 6.07374579694 1.53683265595

-0.466666666667 0 0.958811965222
-0.466666666667 0.209439510239 0.589951547215
-0.466666666667 0.418879020479 0.609167638606
-0.466666666667 0.628318530718 0.398699373928
-0.466666666667 0.837758040957 0.390316818384
-0.466666666667 1.0471975512 0.689601694476
-0.466666666667 1.25663706144 0.687530697428
-0.466666666667 1.46607657168 0.0841894515192
-0.466666666667 1.67551608191 0.530794852933
-0.466666666667 1.88495559215 0.0743878823597
-0.466666666667 2.09439510239 1.60594445743
-0.466666666667 2.30383461263 5.92833366094
-0.466666666667 2.51327412287 16.1520038019
-0.466666666667 2.72271363311 5.26574219674
-0.466666666667 2.93215314335 0.757376443722
-0.466666666667 3.14159265359 0.489555870255
-0.466666666667 3.35103216383 0.891940461864
-0.466666666667 3.56047167407 0.413752828256
-0.466666666667 3.76991118431 0.588705858804
-0.466666666667 3.97935069455 1.89553796971
-0.466666666667 4.18879020479 4.42718685129
-0.466666666667 4.39822971503 7.22253055787
-0.466666666667 4.60766922527 7.73023636402
-0.466666666667 4.8171087355 4.39515765827
-0.466666666667 5.02654824574 3.25533813801
-0.466666666667 5.23598775598 3.28347575259
-0.466666666667 5.44542726622 1.4689217817
-0.466666666667 5.65486677646 2.19383433403
-0.466666666667 5.8643062867 1.6734332392
-0.466666666667 6.07374579694 1.59283459322

-0.4 0 0.91151680083
-0.4 0.209439510239 0.575177236957
-0.4 0.418879020479 0.529578236473
-0.4 0.628318530718 0.243357792073
-0.4 0.837758040957 0.234685848021
-0.4 1.0471975512 0.567218735588
-0.4 1.25663706144 0.723974104737
-0.4 1.46607657168 0.115363297246
-0.4 1.67551608191 0.477720539442
-0.4 1.88495559215 0.0900743121598
-0.4 2.09439510239 1.77616306965
-0.4 2.30383461263 6.12703166024
-0.4 2.51327412287 15.7654530572
-0.4 2.72271363311 4.33309767681
-0.4 2.93215314335 0.983818160967
-0.4 3.14159265359 0.392041170604
-0.4 3.35103216383 0.924325572711
-0.4 3.56047167407 0.262660391015
-0.4 3.76991118431 0.729594980073
-0.4 3.97935069455 2.0821206514
-0.4 4.18879020479 4.81273539136
-0.4 4.39822971503 7.79734909009
-0.4 4.60766922527 8.06846556224
-0.4 4.8171087355 4.52054937735
-0.4 5.02654824574 3.22009875634
-0.4 5.23598775598 3.58273890935
-0.4 5.44542726622 1.40334612079
-0.4 5.65486677646 2.16427981506
-0.4 5.8643062867 1.56695098873
-0.4 6.07374579694 1.62539854106

-0.333333333333 0 0.873562087319
-0.333333333333 0.209439510239 0.561236367383
-0.333333333333 0.418879020479 0.480648900287
-0.333333333333 0.628318530718 0.163846415115
-0.333333333333 0.837758040957 0.161146380983
-0.333333333333 1.0471975512 0.49011885716
-0.333333333333 1.25663706144 0.736915118102
-0.333333333333 1.46607657168 0.158221107646
-0.333333333333 1.67551608191 0.415612389156
-0.333333333333 1.88495559215 0.120828554801
-0.333333333333 2.09439510239 1.90958380931
-0.333333333333 2.30383461263 6.2422585293
-0.333333333333 2.51327412287 15.4055344257
-0.333333333333 2.72271363311 3.70952845106
-0.333333333333 2.93215314335 1.1411524986
-0.333333333333 3.14159265359 0.365911249966
-0.333333333333 3.35103216383 0.900894377579
-0.333333333333 3.56047167407 0.220999455294
-0.333333333333 3.76991118431 0.827644340779
-0.333333333333 3.97935069455 2.07326964167
-0.333333333333 4.18879020479 4.84131521429
-0.333333333333 4.39822971503 8.04765813487
-0.333333333333 4.60766922527 8.34723283381
-0.333333333333 4.8171087355 4.68089069562
-0.333333333333 5.02654824574 3.12676658484
-0.333333333333 5.23598775598 3.80851612754
-0.333333333333 5.44542726622 1.37046748137
-0.333333333333 5.65486677646 2.12573961897
-0.333333333333 5.8643062867 1.48685256365
-0.333333333333 6.07374579694 1.63296080883

-0.266666666667 0 0.844194605004
-0.266666666667 0.209439510239 0.557431837667
-0.266666666667 0.418879020479 0.457844021912
-0.266666666667 0.628318530718 0.136885081157
-0.266666666667 0.837758040957 0.135769826551
-0.266666666667 1.0471975512 0.44913622192
-0.266666666667 1.25663706144 0.744055236326
-0.266666666667 1.46607657168 0.200229227745
-0.266666666667 1.67551608191 0.356426857257
-0.266666666667 1.88495559215 0.159465884315
-0.266666666667 2.09439510239 2.00458937605
-0.266666666667 2.30383461263 6.28723431614
-0.266666666667 2.51327412287 15.1007482414
-0.266666666667 2.72271363311 3.31608399767
-0.266666666667 2.93215314335 1.24469057487
-0.266666666667 3.14159265359 0.373231038188
-0.266666666667 3.35103216383 0.863979378352
-0.266666666667 3.56047167407 0.23628413136
-0.266666666667 3.76991118431 0.867064807365
-0.266666666667 3.97935069455 1.99528691459
-0.266666666667 4.18879020479 4.69227843274
-0.266666666667 4.39822971503 8.01234808731
-0.266666666667 4.60766922527 8.50469810428
-0.266666666667 4.8171087355 4.86436557569
-0.266666666667 5.02654824574 3.02485879573
-0.266666666667 5.23598775598 3.96845481305
-0.266666666667 5.44542726622 1.3611996438
-0.266666666667 5.65486677646 2.08321794751
-0.266666666667 5.8643062867 1.4309101312
-0.266666666667 6.07374579694 1.62474421345

-0.2 0 0.821213812256
-0.2 0.209439510239 0.564293213098
-0.2 0.418879020479 0.448645591023
-0.2 0.628318530718 0.138146420141
-0.2 0.837758040957 0.131431562273
-0.2 1.0471975512 0.428038643176
-0.2 1.25663706144 0.7537276034
-0.2 1.46607657168 0.235170705643
-0.2 1.67551608191 0.305855907606
-0.2 1.88495559215 0.199865248322
-0.2 2.09439510239 2.06263374355
-0.2 2.30383461263 6.27193173363
-0.2 2.51327412287 14.8656869639
-0.2 2.72271363311 3.09782038531
-0.2 2.93215314335 1.31399512655
-0.2 3.14159265359 0.385535775447
-0.2 3.35103216383 0.839795117051
-0.2 3.56047167407 0.27488222507
-0.2 3.76991118431 0.88621341003
-0.2 3.97935069455 1.96047506549
-0.2 4.18879020479 4.53196561858
-0.2 4.39822971503 7.82797255368
-0.2 4.60766922527 8.5491269065
-0.2 4.8171087355 5.04444220945
-0.2 5.02654824574 2.93793076067
-0.2 5.23598775598 4.0772091756
-0.2 5.44542726622 1.36725509998
-0.2 5.65486677646 2.04056728898
-0.2 5.8643062867 1.39425503117
-0.2 6.07374579694 1.60989443447

-0.133333333333 0 0.803426929312
-0.133333333333 0.209439510239 0.578320094855
-0.133333333333 0.418879020479 0.443902631214
-0.133333333333 0.628318530718 0.150389589952
-0.133333333333 0.837758040957 0.133387860322
-0.133333333333 1.0471975512 0.415474537803
-0.133333333333 1.25663706144 0.76927437868
-0.133333333333 1.46607657168 0.26046100748
-0.133333333333 1.67551608191 0.265432214129
-0.133333333333 1.88495559215 0.237784499107
-0.133333333333 2.09439510239 2.08684765466
-0.133333333333 2.30383461263 6.20321894384
-0.133333333333 2.51327412287 14.705254597
-0.133333333333 2.72271363311 3.02123894689
-0.133333333333 2.93215314335 1.36460788497
-0.133333333333 3.14159265359 0.384379690241
-0.133333333333 3.35103216383 0.842256411961
-0.133333333333 3.56047167407 0.32470688866
-0.133333333333 3.76991118431 0.923643935813
-0.133333333333 3.97935069455 2.01352005764
-0.133333333333 4.18879020479 4.4328194168
-0.133333333333 4.39822971503 7.60343778061
-0.133333333333 4.60766922527 8.51981261205
-0.133333333333 4.8171087355 5.20238420676
-0.133333333333 5.02654824574 2.87284180901
-0.133333333333 5.23598775598 4.14998171681
-0.133333333333 5.44542726622 1.38239432817
-0.133333333333 5.65486677646 2.00027866318
-0.133333333333 5.8643062867 1.37256607434
-0.133333333333 6.07374579694 1.59431020379

-0.0666666666667 0 0.790213552661
-0.0666666666667 0.209439510239 0.596208773507
-0.0666666666667 0.418879020479 0.440264120476
-0.0666666666667 0.628318530718 0.16347114951
-0.0666666666667 0.837758040957 0.135600589282
-0.0666666666667 1.0471975512 0.407203615431
-0.0666666666667 1.25663706144 0.792438067868
-0.0666666666667 1.46607657168 0.275016532637
-0.0666666666667 1.67551608191 0.234518705397
-0.0666666666667 1.88495559215 0.270794467879
-0.0666666666667 2.09439510239 2.08099652701
-0.0666666666667 2.30383461263 6.08527988789
-0.0666666666667 2.51327412287 14.6170733042
-0.0666666666667 2.72271363311 3.07148093114
-0.0666666666667 2.93215314335 1.40536091328
-0.0666666666667 3.14159265359 0.359718396025
-0.0666666666667 3.35103216383 0.877514486345
-0.0666666666667 3.56047167407 0.388077830744
-0.0666666666667 3.76991118431 1.00296111252
-0.0666666666667 3.97935069455 2.15004220472
-0.0666666666667 4.18879020479 4.40157187398
-0.0666666666667 4.39822971503 7.3946689412
-0.0666666666667 4.60766922527 8.45690220206
-0.0666666666667 4.8171087355 5.33024652254
-0.0666666666667 5.02654824574 2.8283460951
-0.0666666666667 5.23598775598 4.19961965584
-0.0666666666667 5.44542726622 1.40254977499
-0.0666666666667 5.65486677646 1.96356271385
-0.0666666666667 5.8643062867 1.36319616661
-0.0666666666667 6.07374579694 1.58088054064

6.12323399574e-17 0 0.78088818686
6.12323399574e-17 0.209439510239 0.616450260836
6.12323399574e-17 0.418879020479 0.43906240328
6.12323399574e-17 0.628318530718 0.172832425991
6.12323399574e-17 0.837758040957 0.136949173553
6.12323399574e-17 1.0471975512 0.40541617186
6.12323399574e-17 1.25663706144 0.824781011568
6.12323399574e-17 1.46607657168 0.278027319733
6.12323399574e-17 1.67551608191 0.211634815501
6.12323399574e-17 1.88495559215 0.297872286978
6.12323399574e-17 2.09439510239 2.04881515728
6.12323399574e-17 2.30383461263 5.92015464558
6.12323399574e-17 2.51327412287 14.5925388126
6.12323399574e-17 2.72271363311 3.25035085485
6.12323399574e-17 2.93215314335 1.43737740182
6.12323399574e-17 3.14159265359 0.309321830202
6.12323399574e-17 3.35103216383 0.945413105886
6.12323399574e-17 3.56047167407 0.476745984395
6.12323399574e-17 3.76991118431 1.13528605566
6.12323399574e-17 3.97935069455 2.34635244651
6.12323399574e-17 4.18879020479 4.42091027446
6.12323399574e-17 4.39822971503 7.22061219995
6.12323399574e-17 4.60766922527 8.39069175024
6.12323399574e-17 4.8171087355 5.42685292491
6.12323399574e-17 5.02654824574 2.80069344278
6.12323399574e-17 5.23598775598 4.23568637762
6.12323399574e-17 5.44542726622 1.42557036166
6.12323399574e-17 5.65486677646 1.9305153781
6.12323399574e-17 5.8643062867 1.36544579413
6.12323399574e-17 6.07374579694 1.57039041422

0.0666666666667 0 0.774701090069
0.0666666666667 0.209439510239 0.638842811192
0.0666666666667 0.418879020479 0.444940572249
0.0666666666667 0.628318530718 0.178589573732
0.0666666666667 0.837758040957 0.139713408739
0.0666666666667 1.0471975512 0.418140213218
0.0666666666667 1.25663706144 0.867125422525
0.0666666666667 1.46607657168 0.268506957365
0.0666666666667 1.67551608191 0.195211487451
0.0666666666667 1.88495559215 0.318928953662
0.0666666666667 2.09439510239 1.99362396379
0.0666666666667 2.30383461263 5.70835474168
0.0666666666667 2.51327412287 14.6168472313
0.0666666666667 2.72271363311 3.57527868775
0.0666666666667 2.93215314335 1.45308332831
0.0666666666667 3.14159265359 0.240849496347
0.0666666666667 3.35103216383 1.03703805554
0.0666666666667 3.56047167407 0.609711056213
0.0666666666667 3.76991118431 1.32457252144
0.0666666666667 3.97935069455 2.57749681456
0.0666666666667 4.18879020479 4.47160976737
0.0666666666667 4.39822971503 7.08268111827
0.0666666666667 4.60766922527 8.34199357339
0.0666666666667 4.8171087355 5.49311255428
0.0666666666667 5.02654824574 2.78671526374
0.0666666666667 5.23598775598 4.26442412972
0.0666666666667 5.44542726622 1.45091108151
0.0666666666667 5.65486677646 1.90028941728
0.0666666666667 5.8643062867 1.38060140347
0.0666666666667 6.07374579694 1.56199177376

0.133333333333 0 0.771580268452
0.133333333333 0.209439510239 0.662812640352
0.133333333333 0.418879020479 0.464915659291
0.133333333333 0.628318530718 0.185726021953
0.133333333333 0.837758040957 0.150116109411
0.133333333333 1.0471975512 0.458504809631
0.133333333333 1.25663706144 0.916623589457
0.133333333333 1.46607657168 0.245659650139
0.133333333333 1.67551608191 0.184043008541
0.133333333333 1.88495559215 0.334352084283
0.133333333333 2.09439510239 1.91810666138
0.133333333333 2.30383461263 5.44958386013
0.133333333333 2.51327412287 14.6682544652
0.133333333333 2.72271363311 4.07874301147
0.133333333333 2.93215314335 1.43495217919
0.133333333333 3.14159265359 0.177387203232
0.133333333333 3.35103216383 1.12855225601
0.133333333333 3.56047167407 0.8102786084
0.133333333333 3.76991118431 1.57001534866
0.133333333333 3.97935069455 2.82196967846
0.133333333333 4.18879020479 4.53742012855
0.133333333333 4.39822971503 6.97780214733
0.133333333333 4.60766922527 8.32558725545
0.133333333333 4.8171087355 5.52868981323
0.133333333333 5.02654824574 2.78541095775
0.133333333333 5.23598775598 4.28897179479
0.133333333333 5.44542726622 1.47939706276
0.133333333333 5.65486677646 1.87127036736
0.133333333333 5.8643062867 1.41195476669
0.133333333333 6.07374579694 1.55298852902

0.2 0 0.773532917699
0.2 0.209439510239 0.685191656425
0.2 0.418879020479 0.506991957773
0.2 0.628318530718 0.205001076523
0.2 0.837758040957 0.179627612404
0.2 1.0471975512 0.541012643051
0.2 1.25663706144 0.960974646347
0.2 1.46607657168 0.21044573326
0.2 1.67551608191 0.177725270262
0.2 1.88495559215 0.344536004705
0.2 2.09439510239 1.82414917388
0.2 2.30383461263 5.14364802955
0.2 2.51327412287 14.7168608492
0.2 2.72271363311 4.80702355045
0.2 2.93215314335 1.35515818505
0.2 3.14159265359 0.165796472691
0.2 3.35103216383 1.17388055229
0.2 3.56047167407 1.09650614205
0.2 3.76991118431 1.86415311632
0.2 3.97935069455 3.0581343628
0.2 4.18879020479 4.60306399477
0.2 4.39822971503 6.907264901
0.2 4.60766922527 8.35226290409
0.2 4.8171087355 5.53033961122
0.2 5.02654824574 2.79882687121
0.2 5.23598775598 4.30949919806
0.2 5.44542726622 1.51310369855
0.2 5.65486677646 1.84131114536
0.2 5.8643062867 1.46475044177
0.2 6.07374579694 1.53809622433

0.266666666667 0 0.786295459856
0.266666666667 0.209439510239 0.698386026064
0.266666666667 0.418879020479 0.576564314731
0.266666666667 0.628318530718 0.252656932242
0.266666666667 0.837758040957 0.243980596755
0.266666666667 1.0471975512 0.67009328634
0.266666666667 1.25663706144 0.97136612854
0.266666666667 1.46607657168 0.168854415218
0.266666666667 1.67551608191 0.177360769135
0.266666666667 1.88495559215 0.349324887624
0.266666666667 2.09439510239 1.71267342652
0.266666666667 2.30383461263 4.79170316225
0.266666666667 2.51327412287 14.7234065011
0.266666666667 2.72271363311 5.81614180324
0.266666666667 2.93215314335 1.17967214057
0.266666666667 3.14159265359 0.283264035443
0.266666666667 3.35103216383 1.10531665575
0.266666666667 3.56047167407 1.45830536985
0.266666666667 3.76991118431 2.18675462648
0.266666666667 3.97935069455 3.25903080486
0.266666666667 4.18879020479 4.65454050543
0.266666666667 4.39822971503 6.88516573302
0.266666666667 4.60766922527 8.42686802029
0.266666666667 4.8171087355 5.49212359433
0.266666666667 5.02654824574 2.83260719185
0.266666666667 5.23598775598 4.32309445892
0.266666666667 5.44542726622 1.55536223852
0.266666666667 5.65486677646 1.80813972202
0.266666666667 5.8643062867 1.54577617989
0.266666666667 6.07374579694 1.50872089911

0.333333333333 0 0.819823519745
0.333333333333 0.209439510239 0.691094733144
0.333333333333 0.418879020479 0.668995537327
0.333333333333 0.628318530718 0.34474823034
0.333333333333 0.837758040957 0.354449113585
0.333333333333 1.0471975512 0.818523637067
0.333333333333 1.25663706144 0.902283635175
0.333333333333 1.46607657168 0.136523429557
0.333333333333 1.67551608191 0.186727934976
0.333333333333 1.88495559215 0.347314957724
0.333333333333 2.09439510239 1.58345363749
0.333333333333 2.30383461263 4.39806147316
0.333333333333 2.51327412287 14.6390254851
0.333333333333 2.72271363311 7.16117859748
0.333333333333 2.93215314335 0.884400383452
0.333333333333 3.14159265359 0.628627011265
0.333333333333 3.35103216383 0.862937726487
0.333333333333 3.56047167407 1.82154311791
0.333333333333 3.76991118431 2.4960194992
0.333333333333 3.97935069455 3.39414578845
0.333333333333 4.18879020479 4.68952217768
0.333333333333 4.39822971503 6.94677709994
0.333333333333 4.60766922527 8.54040516797
0.333333333333 4.8171087355 5.40840786947
0.333333333333 5.02654824574 2.89611162166
0.333333333333 5.23598775598 4.32335897933
0.333333333333 5.44542726622 1.61088637986
0.333333333333 5.65486677646 1.77013118273
0.333333333333 5.8643062867 1.6620378606
0.333333333333 6.07374579694 1.45347789596

0.4 0 0.884412941146
0.4 0.209439510239 0.655269456131
0.4 0.418879020479 0.759927328752
0.4 0.628318530718 0.48140991129
0.4 0.837758040957 0.497249569965
0.4 1.0471975512 0.907596610582
0.4 1.25663706144 0.716551728316
0.4 1.46607657168 0.141072911671
0.4 1.67551608191 0.213680305097
0.4 1.88495559215 0.335091595622
0.4 2.09439510239 1.43499663434
0.4 2.30383461263 3.97289512454
0.4 2.51327412287 14.4078769112
0.4 2.72271363311 8.87269759086
0.4 2.93215314335 0.496613187444
0.4 3.14159265359 1.2717909544
0.4 3.35103216383 0.48196512367
0.4 3.56047167407 2.02772386373
0.4 3.76991118431 2.72383399064
0.4 3.97935069455 3.44822881389
0.4 4.18879020479 4.74263647496
0.4 4.39822971503 7.14929147247
0.4 4.60766922527 8.65589909028
0.4 4.8171087355 5.28136394053
0.4 5.02654824574 3.00137454128
0.4 5.23598775598 4.29978537783
0.4 5.44542726622 1.68600889697
0.4 5.65486677646 1.72773976188
0.4 5.8643062867 1.81765682127
0.4 6.07374579694 1.3621837783

0.466666666667 0 0.977946841539
0.466666666667 0.209439510239 0.601445986274
0.466666666667 0.418879020479 0.803969088185
0.466666666667 0.628318530718 0.624921735612
0.466666666667 0.837758040957 0.612035047314
0.466666666667 1.0471975512 0.830192704281
0.466666666667 1.25663706144 0.451653270927
0.466666666667 1.46607657168 0.21237510521
0.466666666667 1.67551608191 0.270174327286
0.466666666667 1.88495559215 0.306823456745
0.466666666667 2.09439510239 1.26472638185
0.466666666667 2.30383461263 3.53631940639
0.466666666667 2.51327412287 13.9764474843
0.466666666667 2.72271363311 10.9114426584
0.466666666667 2.93215314335 0.177332488952
0.466666666667 3.14159265359 2.13157614181
0.466666666667 3.35103216383 0.232271482195
0.466666666667 3.56047167407 1.90891730896
0.466666666667 3.76991118431 2.79679108441
0.466666666667 3.97935069455 3.46256173439
0.466666666667 4.18879020479 4.91661776745
0.466666666667 4.39822971503 7.54552100069
0.466666666667 4.60766922527 8.69441127625
0.466666666667 4.8171087355 5.13456227452
0.466666666667 5.02654824574 3.15933914228
0.466666666667 5.23598775598 4.23720835289
0.466666666667 5.44542726622 1.78900219699
0.466666666667 5.65486677646 1.686020316
0.466666666667 5.8643062867 2.00797025706
0.466666666667 6.07374579694 1.23629622601

0.533333333333 0 1.06412746767
0.533333333333 0.209439510239 0.572372653415
0.533333333333 0.418879020479 0.763466774032
0.533333333333 0.628318530718 0.701342569803
0.533333333333 0.837758040957 0.61507923219
0.533333333333 1.0471975512 0.570050991067
0.533333333333 1.25663706144 0.286783074562
0.533333333333 1.46607657168 0.348733722567
0.533333333333 1.67551608191 0.36639115157
0.533333333333 1.88495559215 0.255359819908
0.533333333333 2.09439510239 1.06992509469
0.533333333333 2.30383461263 3.12446244302
0.533333333333 2.51327412287 13.3166633098
0.533333333333 2.72271363311 13.0936701601
0.533333333333 2.93215314335 0.339662737226
0.533333333333 3.14159265359 2.81315274927
0.533333333333 3.35103216383 0.649057278841
0.533333333333 3.56047167407 1.54287368341
0.533333333333 3.76991118431 2.7238116967
0.533333333333 3.97935069455 3.58254911805
0.533333333333 4.18879020479 5.37405088814
0.533333333333 4.39822971503 8.1071867919
0.533333333333 4.60766922527 8.54373016242
0.533333333333 4.8171087355 5.03057862881
0.533333333333 5.02654824574 3.37089206156
0.533333333333 5.23598775598 4.11604682661
0.533333333333 5.44542726622 1.93042169255
0.533333333333 5.65486677646 1.6587758852
0.533333333333 5.8643062867 2.21040000809
0.533333333333 6.07374579694 1.10699535784

0.6 0 1.06224796792
0.6 0.209439510239 0.618446902863
0.6 0.418879020479 0.671702407023
0.6 0.628318530718 0.6767056444
0.6 0.837758040957 0.522636052711
0.6 1.0471975512 0.362973252088
0.6 1.25663706144 0.449364122627
0.6 1.46607657168 0.471302998879
0.6 1.67551608191 0.491623796099
0.6 1.88495559215 0.17720283717
0.6 2.09439510239 0.849975476306
0.6 2.30383461263 2.79793016238
0.6 2.51327412287 12.4747324309
0.6 2.72271363311 14.9988741981
0.6 2.93215314335 1.7019687135
0.6 3.14159265359 2.65883566307
0.6 3.35103216383 2.06448898169
0.6 3.56047167407 1.53399572022
0.6 3.76991118431 2.75045552652
0.6 3.97935069455 4.04162625606
0.6 4.18879020479 6.20288310131
0.6 4.39822971503 8.61753808517
0.6 4.60766922527 8.13455993298
0.6 4.8171087355 5.07855437569
0.6 5.02654824574 3.61018092927
0.6 5.23598775598 3.91489832919
0.6 5.44542726622 2.12331935426
0.6 5.65486677646 1.67480658521
0.6 5.8643062867 2.37443851285
0.6 6.07374579694 1.05272888926

0.666666666667 0 0.909477444708
0.666666666667 0.209439510239 0.696044271661
0.666666666667 0.418879020479 0.636311813674
0.666666666667 0.628318530718 0.660490343734
0.666666666667 0.837758040957 0.558217034329
0.666666666667 1.0471975512 0.558799701766
0.666666666667 1.25663706144 0.835798460599
0.666666666667 1.46607657168 0.448854324539
0.666666666667 1.67551608191 0.583520041831
0.666666666667 1.88495559215 0.0848364505649
0.666666666667 2.09439510239 0.609795740087
0.666666666667 2.30383461263 2.65122588231
0.666666666667 2.51327412287 11.65850764
0.666666666667 2.72271363311 15.9514074932
0.666666666667 2.93215314335 4.94204388818
0.666666666667 3.14159265359 1.58136145981
0.666666666667 3.35103216383 3.61346139042
0.666666666667 3.56047167407 2.6053109201
0.666666666667 3.76991118431 3.34931749222
0.666666666667 3.97935069455 4.95514679732
0.666666666667 4.18879020479 7.1467160215
0.666666666667 4.39822971503 8.69514029997
0.666666666667 4.60766922527 7.61838641421
0.666666666667 4.8171087355 5.39288655051
0.666666666667 5.02654824574 3.80147979723
0.666666666667 5.23598775598 3.61860281501
0.666666666667 5.44542726622 2.38296104425
0.666666666667 5.65486677646 1.78600846166
0.666666666667 5.8643062867 2.42097757746
0.666666666667 6.07374579694 1.18441108433

0.733333333333 0 0.748364868229
0.733333333333 0.209439510239 0.607631717332
0.733333333333 0.418879020479 0.611147136503
0.733333333333 0.628318530718 0.713929627913
0.733333333333 0.837758040957 0.78809411601
0.733333333333 1.0471975512 0.906975937812
0.733333333333 1.25663706144 0.817386205077
0.733333333333 1.46607657168 0.295249809069
0.733333333333 1.67551608191 0.530114887518
0.733333333333 1.88495559215 0.0258458622701
0.733333333333 2.09439510239 0.362817122514
0.733333333333 2.30383461263 2.8125791557
0.733333333333 2.51327412287 11.3385549657
0.733333333333 2.72271363311 15.3780394668
0.733333333333 2.93215314335 9.48350273482
0.733333333333 3.14159265359 1.57994586473
0.733333333333 3.35103216383 3.60314642504
0.733333333333 3.56047167407 4.11828645295
0.733333333333 3.76991118431 4.55901213039
0.733333333333 3.97935069455 5.95988645289
0.733333333333 4.18879020479 7.59671675912
0.733333333333 4.39822971503 8.27877407582
0.733333333333 4.60766922527 7.51936488684
0.733333333333 4.8171087355 5.93832489459
0.733333333333 5.02654824574 3.80541834102
0.733333333333 5.23598775598 3.23751907559
0.733333333333 5.44542726622 2.72517409499
0.733333333333 5.65486677646 2.07433026933
0.733333333333 5.8643062867 2.27824775525
0.733333333333 6.07374579694 1.5348074596

0.8 0 0.997054928446
0.8 0.209439510239 0.436816452323
0.8 0.418879020479 0.311817126902
0.8 0.628318530718 0.413611441553
0.8 0.837758040957 0.524904247297
0.8 1.0471975512 0.491047482643
0.8 1.25663706144 0.258322102222
0.8 1.46607657168 0.303477306389
0.8 1.67551608191 0.286124742661
0.8 1.88495559215 0.0799932182159
0.8 2.09439510239 0.140071785379
0.8 2.30383461263 3.38849930762
0.8 2.51327412287 12.12155208
0.8 2.72271363311 13.9870426809
0.8 2.93215314335 12.347275418
0.8 3.14159265359 5.40123807458
0.8 3.35103216383 3.53093501036
0.8 3.56047167407 4.65500242505
0.8 3.76991118431 5.53337911654
0.8 3.97935069455 6.60717717225
0.8 4.18879020479 7.74152214603
0.8 4.39822971503 8.4545339744
0.8 4.60766922527 8.30700331593
0.8 4.8171087355 6.252982199
0.8 5.02654824574 3.46804775225
0.8 5.23598775598 2.84746948023
0.8 5.44542726622 3.16116361732
0.8 5.65486677646 2.64576868083
0.8 5.8643062867 2.00715693576
0.8 6.07374579694 1.83059886312

0.866666666667 0 1.46579440077
0.866666666667 0.209439510239 0.998957365446
0.866666666667 0.418879020479 0.493367631249
0.866666666667 0.628318530718 0.222784043108
0.866666666667 0.837758040957 0.161151489629
0.866666666667 1.0471975512 0.237120790183
0.866666666667 1.25663706144 0.41932879838
0.866666666667 1.46607657168 0.408341875941
0.866666666667 1.67551608191 0.0615608092724
0.866666666667 1.88495559215 0.265193217183
0.866666666667 2.09439510239 0.0806805135717
0.866666666667 2.30383461263 4.24342292492
0.866666666667 2.51327412287 13.6199739282
0.866666666667 2.72271363311 14.5429342776
0.866666666667 2.93215314335 11.9527126394
0.866666666667 3.14159265359 9.84881007494
0.866666666667 3.35103216383 7.66438134719
0.866666666667 3.56047167407 7.17061014485
0.866666666667 3.76991118431 7.74756401711
0.866666666667 3.97935069455 8.70422284913
0.866666666667 4.18879020479 9.71292040491
0.866666666667 4.39822971503 10.1143638839
0.866666666667 4.60766922527 8.74792466263
0.866666666667 4.8171087355 5.44947827213
0.866666666667 5.02654824574 2.85681763459
0.866666666667 5.23598775598 2.66227947944
0.866666666667 5.44542726622 3.68294740517
0.866666666667 5.65486677646 3.57142108907
0.866666666667 5.8643062867 2.06134840511
0.866666666667 6.07374579694 1.54866281778

0.933333333333 0 0.909695744032
0.933333333333 0.209439510239 0.847367851914
0.933333333333 0.418879020479 0.925284370871
0.933333333333 0.628318530718 0.90885680334
0.933333333333 0.837758040957 0.795766373987
0.933333333333 1.0471975512 0.582638058311
0.933333333333 1.25663706144 0.282561594385
0.933333333333 1.46607657168 0.146810796442
0.933333333333 1.67551608191 0.460501848007
0.933333333333 1.88495559215 0.614225170704
0.933333333333 2.09439510239 0.783234690444
0.933333333333 2.30383461263 4.73315104616
0.933333333333 2.51327412287 12.4432291354
0.933333333333 2.72271363311 16.2106426416
0.933333333333 2.93215314335 14.1066615119
0.933333333333 3.14159265359 11.3719697174
0.933333333333 3.35103216383 10.3458584959
0.933333333333 3.56047167407 10.348888639
0.933333333333 3.76991118431 10.6074905753
0.933333333333 3.97935069455 10.6482714392
0.933333333333 4.18879020479 10.0413338402
0.933333333333 4.39822971503 8.45613140079
0.933333333333 4.60766922527 6.08786870584
0.933333333333 4.8171087355 3.8958564533
0.933333333333 5.02654824574 2.84729517894
0.933333333333 5.23598775598 3.13401076124
0.933333333333 5.44542726622 4.21968848023
0.933333333333 5.65486677646 4.63370080477
0.933333333333 5.8643062867 3.38843645082
0.933333333333 6.07374579694 1.70436308803

