-1 0 0.0520753168705
-1 0.209439510239 0.0520753168706
-1 0.418879020479 0.0520753168706
-1 0.628318530718 0.0520753168705
-1 0.837758040957 0.0520753168705
-1 1.0471975512 0.0520753168704
-1 1.25663706144 0.0520753168704
-1 1.46607657168 0.0520753168705
-1 1.67551608191 0.0520753168705
-1 1.88495559215 0.0520753168706
-1 2.09439510239 0.0520753168706
-1 2.30383461263 0.0520753168705
-1 2.51327412287 0.0520753168704
-1 2.72271363311 0.0520753168704
-1 2.93215314335 0.0520753168704
-1 3.14159265359 0.0520753168705
-1 3.35103216383 0.0520753168706
-1 3.56047167407 0.0520753168706
-1 3.76991118431 0.0520753168705
-1 3.97935069455 0.0520753168705
-1 4.18879020479 0.0520753168704
-1 4.39822971503 0.0520753168704
-1 4.60766922527 0.0520753168705
-1 4.8171087355 0.0520753168705
-1 5.02654824574 0.0520753168706
-1 5.23598775598 0.0520753168706
-1 5.44542726622 0.0520753168705
-1 5.65486677646 0.0520753168704
-1 5.8643062867 0.0520753168704
-1 6.07374579694 0.0520753168704

-0.933333333333 0 0.139704445764
-0.933333333333 0.209439510239 0.0423588154886
-0.933333333333 0.418879020479 0.0220574906465
-0.933333333333 0.628318530718 0.0367783702103
-0.933333333333 0.837758040957 0.0380593757004
-0.933333333333 1.0471975512 0.0217349021827
-0.933333333333 1.25663706144 0.019780963562
-0.933333333333 1.46607657168 0.0808797896008
-0.933333333333 1.67551608191 0.205770547622
-0.933333333333 1.88495559215 0.27755635062
-0.933333333333 2.09439510239 0.167031143962
-0.933333333333 2.30383461263 0.0748045338983
-0.933333333333 2.51327412287 0.115479754327
-0.933333333333 2.72271363311 0.154849108856
-0.933333333333 2.93215314335 0.0427011304068
-0.933333333333 3.14159265359 0.117126866746
-0.933333333333 3.35103216383 0.216852206725
-0.933333333333 3.56047167407 0.276994512047
-0.933333333333 3.76991118431 0.322030776702
-0.933333333333 3.97935069455 0.366147715911
-0.933333333333 4.18879020479 0.387190593602
-0.933333333333 4.39822971503 0.374584704357
-0.933333333333 4.60766922527 0.343644495841
-0.933333333333 4.8171087355 0.29756846596
-0.933333333333 5.02654824574 0.0687500817787
-0.933333333333 5.23598775598 0.264995709824
-0.933333333333 5.44542726622 0.206934523248
-0.933333333333 5.65486677646 0.115618671802
-0.933333333333 5.8643062867 0.172265800539
-0.933333333333 6.07374579694 0.235056180621

-0.866666666667 0 0.0509628149364
-0.866666666667 0.209439510239 0.26179757975
-0.866666666667 0.418879020479 0.340871194326
-0.866666666667 0.628318530718 0.319711484106
-0.866666666667 0.837758040957 0.305681608229
-0.866666666667 1.0471975512 0.287585154563
-0.866666666667 1.25663706144 0.21297537566
-0.866666666667 1.46607657168 0.0732462593497
-0.866666666667 1.67551608191 0.0182889508471
-0.866666666667 1.88495559215 0.155680497334
-0.866666666667 2.09439510239 0.210452308702
-0.866666666667 2.30383461263 0.1083030424
-0.866666666667 2.51327412287 0.178098820554
-0.866666666667 2.72271363311 0.0818282915469
-0.866666666667 2.93215314335 0.0948145057118
-0.866666666667 3.14159265359 0.194814679834
-0.866666666667 3.35103216383 0.136299683907
-0.866666666667 3.56047167407 0.254710435854
-0.866666666667 3.76991118431 0.380810978693
-0.866666666667 3.97935069455 0.440933682733
-0.866666666667 4.18879020479 0.479178787152
-0.866666666667 4.39822971503 0.476366387001
-0.866666666667 4.60766922527 0.4391530672
-0.866666666667 4.8171087355 0.374781516133
-0.866666666667 5.02654824574 0.465223366676
-0.866666666667 5.23598775598 0.0205493385069
-0.866666666667 5.44542726622 0.288378577
-0.866666666667 5.65486677646 0.118361589381
-0.866666666667 5.8643062867 0.152013288584
-0.866666666667 6.07374579694 0.084240413276

-0.8 0 0.30484628598
-0.8 0.209439510239 0.400680631934
-0.8 0.418879020479 0.257898654978
-0.8 0.628318530718 0.218635856626
-0.8 0.837758040957 0.258458924684
-0.8 1.0471975512 0.309968237348
-0.8 1.25663706144 0.327827093672
-0.8 1.46607657168 0.22787737794
-0.8 1.67551608191 0.0459672779509
-0.8 1.88495559215 0.0582883267114
-0.8 2.09439510239 0.181661095904
-0.8 2.30383461263 0.1270005608
-0.8 2.51327412287 0.207744395419
-0.8 2.72271363311 0.0561963958962
-0.8 2.93215314335 0.148900043574
-0.8 3.14159265359 0.100741949132
-0.8 3.35103216383 0.234888615793
-0.8 3.56047167407 0.368144168967
-0.8 3.76991118431 0.435584165711
-0.8 3.97935069455 0.498286510853
-0.8 4.18879020479 0.503967388143
-0.8 4.39822971503 0.548332812852
-0.8 4.60766922527 0.641717939368
-0.8 4.8171087355 0.252563461576
-0.8 5.02654824574 0.294153436812
-0.8 5.23598775598 0.133924652678
-0.8 5.44542726622 0.121749237137
-0.8 5.65486677646 0.0784581816674
-0.8 5.8643062867 0.119317053145
-0.8 6.07374579694 0.0460390994759

-0.733333333333 0 0.411545287494
-0.733333333333 0.209439510239 0.252592871293
-0.733333333333 0.418879020479 0.136642368035
-0.733333333333 0.628318530718 0.164549741681
-0.733333333333 0.837758040957 0.20070182659
-0.733333333333 1.0471975512 0.258127162468
-0.733333333333 1.25663706144 0.33778327625
-0.733333333333 1.46607657168 0.315529438572
-0.733333333333 1.67551608191 0.113807837187
-0.733333333333 1.88495559215 0.0248892154414
-0.733333333333 2.09439510239 0.139301474094
-0.733333333333 2.30383461263 0.133028493766
-0.733333333333 2.51327412287 0.215201691457
-0.733333333333 2.72271363311 0.0683788130551
-0.733333333333 2.93215314335 0.154536881343
-0.733333333333 3.14159265359 0.109368275513
-0.733333333333 3.35103216383 0.293699106146
-0.733333333333 3.56047167407 0.324582769234
-0.733333333333 3.76991118431 0.397286624056
-0.733333333333 3.97935069455 0.493133021932
-0.733333333333 4.18879020479 0.45357382895
-0.733333333333 4.39822971503 0.521830487438
-0.733333333333 4.60766922527 0.443928275214
-0.733333333333 4.8171087355 0.307846607348
-0.733333333333 5.02654824574 0.0998938873284
-0.733333333333 5.23598775598 0.134340901163
-0.733333333333 5.44542726622 0.0172421655216
-0.733333333333 5.65486677646 0.0624354923832
-0.733333333333 5.8643062867 0.122620962212
-0.733333333333 6.07374579694 0.111171047302

-0.666666666667 0 0.3486666975
-0.666666666667 0.209439510239 0.173959860553
-0.666666666667 0.418879020479 0.162389264247
-0.666666666667 0.628318530718 0.12446240149
-0.666666666667 0.837758040957 0.109586205226
-0.666666666667 1.0471975512 0.156077641364
-0.666666666667 1.25663706144 0.279094780641
-0.666666666667 1.46607657168 0.364616710181
-0.666666666667 1.67551608191 0.170879352093
-0.666666666667 1.88495559215 0.0205982546104
-0.666666666667 2.09439510239 0.105187006371
-0.666666666667 2.30383461263 0.131020689659
-0.666666666667 2.51327412287 0.211478097312
-0.666666666667 2.72271363311 0.0913124355847
-0.666666666667 2.93215314335 0.120795752506
-0.666666666667 3.14159265359 0.169863711197
-0.666666666667 3.35103216383 0.268482707355
-0.666666666667 3.56047167407 0.331694163929
-0.666666666667 3.76991118431 0.494756412301
-0.666666666667 3.97935069455 0.587159567845
-0.666666666667 4.18879020479 0.646259845128
-0.666666666667 4.39822971503 0.392697142384
-0.666666666667 4.60766922527 0.339939741493
-0.666666666667 4.8171087355 0.326593484066
-0.666666666667 5.02654824574 0.147103630938
-0.666666666667 5.23598775598 0.0912526211679
-0.666666666667 5.44542726622 0.0226182568392
-0.666666666667 5.65486677646 0.0758889243787
-0.666666666667 5.8643062867 0.139009465039
-0.666666666667 6.07374579694 0.166830710372

-0.6 0 0.256324661039
-0.6 0.209439510239 0.260979197761
-0.6 0.418879020479 0.19559992721
-0.6 0.628318530718 0.0813423588693
-0.6 0.837758040957 0.0496108122527
-0.6 1.0471975512 0.0834115047781
-0.6 1.25663706144 0.200534505491
-0.6 1.46607657168 0.372003094295
-0.6 1.67551608191 0.227777641579
-0.6 1.88495559215 0.0217899389724
-0.6 2.09439510239 0.0825967569562
-0.6 2.30383461263 0.125202655519
-0.6 2.51327412287 0.203029615052
-0.6 2.72271363311 0.113756812833
-0.6 2.93215314335 0.0878832984899
-0.6 3.14159265359 0.201170255788
-0.6 3.35103216383 0.218817087122
-0.6 3.56047167407 0.399332894734
-0.6 3.76991118431 0.511008259667
-0.6 3.97935069455 0.564050789489
-0.6 4.18879020479 0.628593682541
-0.6 4.39822971503 0.608264120846
-0.6 4.60766922527 0.304026242363
-0.6 4.8171087355 0.169544171578
-0.6 5.02654824574 0.16880587516
-0.6 5.23598775598 0.0590083050159
-0.6 5.44542726622 0.043717664919
-0.6 5.65486677646 0.100020476712
-0.6 5.8643062867 0.147874174858
-0.6 6.07374579694 0.184557928067

-0.533333333333 0 0.232705272002
-0.533333333333 0.209439510239 0.364152285641
-0.533333333333 0.418879020479 0.18914651205
-0.533333333333 0.628318530718 0.0730813103568
-0.533333333333 0.837758040957 0.0409087779891
-0.533333333333 1.0471975512 0.0625835936156
-0.533333333333 1.25663706144 0.151574737277
-0.533333333333 1.46607657168 0.348445576872
-0.533333333333 1.67551608191 0.286573126319
-0.533333333333 1.88495559215 0.022343034311
-0.533333333333 2.09439510239 0.0695022768586
-0.533333333333 2.30383461263 0.118443999423
-0.533333333333 2.51327412287 0.193228149289
-0.533333333333 2.72271363311 0.131361038066
-0.533333333333 2.93215314335 0.0739234788886
-0.533333333333 3.14159265359 0.206871382965
-0.533333333333 3.35103216383 0.228948668981
-0.533333333333 3.56047167407 0.424611833047
-0.533333333333 3.76991118431 0.53239188042
-0.533333333333 3.97935069455 0.625043924606
-0.533333333333 4.18879020479 0.572925963657
-0.533333333333 4.39822971503 0.584115865867
-0.533333333333 4.60766922527 0.301761809407
-0.533333333333 4.8171087355 0.152532388726
-0.533333333333 5.02654824574 0.175963425467
-0.533333333333 5.23598775598 0.047431559835
-0.533333333333 5.44542726622 0.0617281620057
-0.533333333333 5.65486677646 0.124811504406
-0.533333333333 5.8643062867 0.145329601821
-0.533333333333 6.07374579694 0.178810795067

-0.466666666667 0 0.260866511422
-0.466666666667 0.209439510239 0.407868129278
-0.466666666667 0.418879020479 0.163924906192
-0.466666666667 0.628318530718 0.0916147577021
-0.466666666667 0.837758040957 0.0528722404877
-0.466666666667 1.0471975512 0.0611073814939
-0.466666666667 1.25663706144 0.134338079514
-0.466666666667 1.46607657168 0.316136777546
-0.466666666667 1.67551608191 0.339511756516
-0.466666666667 1.88495559215 0.0236555884758
-0.466666666667 2.09439510239 0.0630636852364
-0.466666666667 2.30383461263 0.112298768809
-0.466666666667 2.51327412287 0.183737687476
-0.466666666667 2.72271363311 0.1432449432
-0.466666666667 2.93215314335 0.0749725326389
-0.466666666667 3.14159265359 0.197651230373
-0.466666666667 3.35103216383 0.261359897709
-0.466666666667 3.56047167407 0.438630288248
-0.466666666667 3.76991118431 0.50453711442
-0.466666666667 3.97935069455 0.570945414658
-0.466666666667 4.18879020479 0.662819193275
-0.466666666667 4.39822971503 0.393449092458
-0.466666666667 4.60766922527 0.344363936364
-0.466666666667 4.8171087355 0.193977114747
-0.466666666667 5.02654824574 0.17313267297
-0.466666666667 5.23598775598 0.049340557483
-0.466666666667 5.44542726622 0.0748183997758
-0.466666666667 5.65486677646 0.146610100379
-0.466666666667 5.8643062867 0.135808029397
-0.466666666667 6.07374579694 0.163359406301

-0.4 0 0.296927748798
-0.4 0.209439510239 0.396541098543
-0.4 0.418879020479 0.13976774827
-0.4 0.628318530718 0.106484407514
-0.4 0.837758040957 0.0605390579286
-0.4 1.0471975512 0.0555081908456
-0.4 1.25663706144 0.129128268874
-0.4 1.46607657168 0.288725577308
-0.4 1.67551608191 0.379766243429
-0.4 1.88495559215 0.0275085824466
-0.4 2.09439510239 0.0608740671298
-0.4 2.30383461263 0.107389492736
-0.4 2.51327412287 0.175323885193
-0.4 2.72271363311 0.150305916096
-0.4 2.93215314335 0.0825006121828
-0.4 3.14159265359 0.183063973438
-0.4 3.35103216383 0.284227037355
-0.4 3.56047167407 0.43506223316
-0.4 3.76991118431 0.509670848625
-0.4 3.97935069455 0.587857239531
-0.4 4.18879020479 0.396206982684
-0.4 4.39822971503 0.474165367496
-0.4 4.60766922527 0.327022673747
-0.4 4.8171087355 0.22099119751
-0.4 5.02654824574 0.162503977076
-0.4 5.23598775598 0.0573328774055
-0.4 5.44542726622 0.0840146504632
-0.4 5.65486677646 0.164536388954
-0.4 5.8643062867 0.123760949121
-0.4 6.07374579694 0.147581189369

-0.333333333333 0 0.320738557468
-0.333333333333 0.209439510239 0.359010338588
-0.333333333333 0.418879020479 0.122063155121
-0.333333333333 0.628318530718 0.106979553558
-0.333333333333 0.837758040957 0.0610783310959
-0.333333333333 1.0471975512 0.0436259248709
-0.333333333333 1.25663706144 0.122232145787
-0.333333333333 1.46607657168 0.269611004293
-0.333333333333 1.67551608191 0.405897549647
-0.333333333333 1.88495559215 0.0341868503991
-0.333333333333 2.09439510239 0.0611915943196
-0.333333333333 2.30383461263 0.10379345977
-0.333333333333 2.51327412287 0.168297544081
-0.333333333333 2.72271363311 0.153937523051
-0.333333333333 2.93215314335 0.0909553403076
-0.333333333333 3.14159265359 0.169861758689
-0.333333333333 3.35103216383 0.298040994817
-0.333333333333 3.56047167407 0.415699999579
-0.333333333333 3.76991118431 0.558191033266
-0.333333333333 3.97935069455 0.639190950887
-0.333333333333 4.18879020479 0.530187494216
-0.333333333333 4.39822971503 0.486964088946
-0.333333333333 4.60766922527 0.257305154795
-0.333333333333 4.8171087355 0.235960672585
-0.333333333333 5.02654824574 0.148139905343
-0.333333333333 5.23598775598 0.0671593590876
-0.333333333333 5.44542726622 0.0906093610651
-0.333333333333 5.65486677646 0.178811097508
-0.333333333333 5.8643062867 0.111803882284
-0.333333333333 6.07374579694 0.135977506925

-0.266666666667 0 0.33006990273
-0.266666666667 0.209439510239 0.320184642384
-0.266666666667 0.418879020479 0.109925718832
-0.266666666667 0.628318530718 0.099993531016
-0.266666666667 0.837758040957 0.0601001030161
-0.266666666667 1.0471975512 0.0310455812429
-0.266666666667 1.25663706144 0.111242506642
-0.266666666667 1.46607657168 0.257380249708
-0.266666666667 1.67551608191 0.420300982042
-0.266666666667 1.88495559215 0.0427810933827
-0.266666666667 2.09439510239 0.0628735540946
-0.266666666667 2.30383461263 0.101322117211
-0.266666666667 2.51327412287 0.162750696376
-0.266666666667 2.72271363311 0.155330670672
-0.266666666667 2.93215314335 0.0978205654877
-0.266666666667 3.14159265359 0.161218507637
-0.266666666667 3.35103216383 0.308617408091
-0.266666666667 3.56047167407 0.415456117375
-0.266666666667 3.76991118431 0.584515205045
-0.266666666667 3.97935069455 0.684533033913
-0.266666666667 4.18879020479 0.584407642229
-0.266666666667 4.39822971503 0.455922116884
-0.266666666667 4.60766922527 0.221218146723
-0.266666666667 4.8171087355 0.244629625338
-0.266666666667 5.02654824574 0.134248224995
-0.266666666667 5.23598775598 0.0768473214458
-0.266666666667 5.44542726622 0.095631842585
-0.266666666667 5.65486677646 0.190033061876
-0.266666666667 5.8643062867 0.101175140342
-0.266666666667 6.07374579694 0.129093111136

-0.2 0 0.328775487281
-0.2 0.209439510239 0.291711822453
-0.2 0.418879020479 0.10258345988
-0.2 0.628318530718 0.0937418646745
-0.2 0.837758040957 0.0612567343729
-0.2 1.0471975512 0.0217052816373
-0.2 1.25663706144 0.0991712338411
-0.2 1.46607657168 0.249992254359
-0.2 1.67551608191 0.426497939024
-0.2 1.88495559215 0.0518575384347
-0.2 2.09439510239 0.0652376913756
-0.2 2.30383461263 0.0996926031963
-0.2 2.51327412287 0.158677858416
-0.2 2.72271363311 0.155286302692
-0.2 2.93215314335 0.102337111237
-0.2 3.14159265359 0.157212689925
-0.2 3.35103216383 0.31725895125
-0.2 3.56047167407 0.430994810324
-0.2 3.76991118431 0.595465819297
-0.2 3.97935069455 0.74288901535
-0.2 4.18879020479 0.608162773614
-0.2 4.39822971503 0.430274503832
-0.2 4.60766922527 0.231930180852
-0.2 4.8171087355 0.249182188212
-0.2 5.02654824574 0.123331811226
-0.2 5.23598775598 0.0856088146983
-0.2 5.44542726622 0.099785072221
-0.2 5.65486677646 0.19886182029
-0.2 5.8643062867 0.0923576479676
-0.2 6.07374579694 0.125637070151

-0.133333333333 0 0.321117639553
-0.133333333333 0.209439510239 0.275129246179
-0.133333333333 0.418879020479 0.0998763812369
-0.133333333333 0.628318530718 0.0918842605233
-0.133333333333 0.837758040957 0.0652828593268
-0.133333333333 1.0471975512 0.016418565309
-0.133333333333 1.25663706144 0.08935255978
-0.133333333333 1.46607657168 0.246360961509
-0.133333333333 1.67551608191 0.427564174354
-0.133333333333 1.88495559215 0.0599637383692
-0.133333333333 2.09439510239 0.0679273611602
-0.133333333333 2.30383461263 0.0986217464732
-0.133333333333 2.51327412287 0.156034353588
-0.133333333333 2.72271363311 0.154253192079
-0.133333333333 2.93215314335 0.10457379479
-0.133333333333 3.14159265359 0.156718625317
-0.133333333333 3.35103216383 0.323016973635
-0.133333333333 3.56047167407 0.447476188189
-0.133333333333 3.76991118431 0.595113749536
-0.133333333333 3.97935069455 0.851511076532
-0.133333333333 4.18879020479 0.608923071296
-0.133333333333 4.39822971503 0.424782874614
-0.133333333333 4.60766922527 0.253745387974
-0.133333333333 4.8171087355 0.250808698861
-0.133333333333 5.02654824574 0.115980257092
-0.133333333333 5.23598775598 0.0931965340459
-0.133333333333 5.44542726622 0.103507934166
-0.133333333333 5.65486677646 0.205878088275
-0.133333333333 5.8643062867 0.0854713834658
-0.133333333333 6.07374579694 0.124035893173

-0.0666666666667 0 0.310161270878
-0.0666666666667 0.209439510239 0.267442765481
-0.0666666666667 0.418879020479 0.101435249251
-0.0666666666667 0.628318530718 0.0944127683491
-0.0666666666667 0.837758040957 0.0716465437101
-0.0666666666667 1.0471975512 0.0143130480954
-0.0666666666667 1.25663706144 0.0838232871783
-0.0666666666667 1.46607657168 0.246335581218
-0.0666666666667 1.67551608191 0.425625736688
-0.0666666666667 1.88495559215 0.065902521655
-0.0666666666667 2.09439510239 0.0708054375751
-0.0666666666667 2.30383461263 0.097872070009
-0.0666666666667 2.51327412287 0.154758718009
-0.0666666666667 2.72271363311 0.152413610802
-0.0666666666667 2.93215314335 0.104911500485
-0.0666666666667 3.14159265359 0.158800500485
-0.0666666666667 3.35103216383 0.325960379081
-0.0666666666667 3.56047167407 0.460392901816
-0.0666666666667 3.76991118431 0.590136445086
-0.0666666666667 3.97935069455 1.05386277435
-0.0666666666667 4.18879020479 0.59210830602
-0.0666666666667 4.39822971503 0.426091151917
-0.0666666666667 4.60766922527 0.270720398226
-0.0666666666667 4.8171087355 0.250880547716
-0.0666666666667 5.02654824574 0.11165135698
-0.0666666666667 5.23598775598 0.0995809042513
-0.0666666666667 5.44542726622 0.107063443588
-0.0666666666667 5.65486677646 0.211523902704
-0.0666666666667 5.8643062867 0.0804817436254
-0.0666666666667 6.07374579694 0.123001538014

6.12323399574e-17 0 0.297891188887
6.12323399574e-17 0.209439510239 0.26448155594
6.12323399574e-17 0.418879020479 0.10643170511
6.12323399574e-17 0.628318530718 0.0996242782126
6.12323399574e-17 0.837758040957 0.0794360954738
6.12323399574e-17 1.0471975512 0.0141901428214
6.12323399574e-17 1.25663706144 0.0836213309215
6.12323399574e-17 1.46607657168 0.250196503671
6.12323399574e-17 1.67551608191 0.421846335642
6.12323399574e-17 1.88495559215 0.0688300233501
6.12323399574e-17 2.09439510239 0.0738815160104
6.12323399574e-17 2.30383461263 0.0972709883941
6.12323399574e-17 2.51327412287 0.154773970268
6.12323399574e-17 2.72271363311 0.149764154778
6.12323399574e-17 2.93215314335 0.103824923501
6.12323399574e-17 3.14159265359 0.163085777166
6.12323399574e-17 3.35103216383 0.326833859214
6.12323399574e-17 3.56047167407 0.469640004626
6.12323399574e-17 3.76991118431 0.596720171395
6.12323399574e-17 3.97935069455 0.761789158666
6.12323399574e-17 4.18879020479 0.573224828287
6.12323399574e-17 4.39822971503 0.427974519908
6.12323399574e-17 4.60766922527 0.279905298409
6.12323399574e-17 4.8171087355 0.250853256712
6.12323399574e-17 5.02654824574 0.109483973427
6.12323399574e-17 5.23598775598 0.104792023217
6.12323399574e-17 5.44542726622 0.110618351745
6.12323399574e-17 5.65486677646 0.216077575958
6.12323399574e-17 5.8643062867 0.0773044329495
6.12323399574e-17 6.07374579694 0.121539277027

0.0666666666667 0 0.28588090632
0.0666666666667 0.209439510239 0.262101671997
0.0666666666667 0.418879020479 0.113638071457
0.0666666666667 0.628318530718 0.105348567014
0.0666666666667 0.837758040957 0.0873323069494
0.0666666666667 1.0471975512 0.0152378305642
0.0666666666667 1.25663706144 0.0894930669778
0.0666666666667 1.46607657168 0.258225627368
0.0666666666667 1.67551608191 0.416538910823
0.0666666666667 1.88495559215 0.0682565118752
0.0666666666667 2.09439510239 0.0772676423922
0.0666666666667 2.30383461263 0.0967150089297
0.0666666666667 2.51327412287 0.155974280097
0.0666666666667 2.72271363311 0.146193986843
0.0666666666667 2.93215314335 0.101860412627
0.0666666666667 3.14159265359 0.169460776622
0.0666666666667 3.35103216383 0.325946760477
0.0666666666667 3.56047167407 0.474531910401
0.0666666666667 3.76991118431 0.630340808516
0.0666666666667 3.97935069455 0.716221685567
0.0666666666667 4.18879020479 0.562006580182
0.0666666666667 4.39822971503 0.43120510334
0.0666666666667 4.60766922527 0.281652749733
0.0666666666667 4.8171087355 0.251887762965
0.0666666666667 5.02654824574 0.108784808858
0.0666666666667 5.23598775598 0.108839688701
0.0666666666667 5.44542726622 0.114304905633
0.0666666666667 5.65486677646 0.219642161157
0.0666666666667 5.8643062867 0.0758573046858
0.0666666666667 6.07374579694 0.118794460723

0.133333333333 0 0.275970265342
0.133333333333 0.209439510239 0.256478375632
0.133333333333 0.418879020479 0.121352617293
0.133333333333 0.628318530718 0.109389033641
0.133333333333 0.837758040957 0.0933281743883
0.133333333333 1.0471975512 0.0174229805141
0.133333333333 1.25663706144 0.10235734829
0.133333333333 1.46607657168 0.270444143595
0.133333333333 1.67551608191 0.409257819228
0.133333333333 1.88495559215 0.0640215751454
0.133333333333 2.09439510239 0.0811545314451
0.133333333333 2.30383461263 0.0961658203577
0.133333333333 2.51327412287 0.158200382148
0.133333333333 2.72271363311 0.141575662874
0.133333333333 2.93215314335 0.099725360481
0.133333333333 3.14159265359 0.177387572958
0.133333333333 3.35103216383 0.322330761381
0.133333333333 3.56047167407 0.471586909455
0.133333333333 3.76991118431 0.663411672571
0.133333333333 3.97935069455 0.712831288757
0.133333333333 4.18879020479 0.555108700554
0.133333333333 4.39822971503 0.439069332474
0.133333333333 4.60766922527 0.276908220128
0.133333333333 4.8171087355 0.254553141517
0.133333333333 5.02654824574 0.109252390728
0.133333333333 5.23598775598 0.111672320312
0.133333333333 5.44542726622 0.118264339159
0.133333333333 5.65486677646 0.222137617331
0.133333333333 5.8643062867 0.0760838496135
0.133333333333 6.07374579694 0.113936517204

0.2 0 0.270634936104
0.2 0.209439510239 0.244557880368
0.2 0.418879020479 0.12709247117
0.2 0.628318530718 0.109634794075
0.2 0.837758040957 0.0949274424662
0.2 1.0471975512 0.0219270341495
0.2 1.25663706144 0.12336293155
0.2 1.46607657168 0.286420479653
0.2 1.67551608191 0.398852217537
0.2 1.88495559215 0.0562966849832
0.2 2.09439510239 0.0857982427497
0.2 2.30383461263 0.0956388648469
0.2 2.51327412287 0.161207092562
0.2 2.72271363311 0.135881982677
0.2 2.93215314335 0.0984280526714
0.2 3.14159265359 0.185156959204
0.2 3.35103216383 0.312489657833
0.2 3.56047167407 0.453536260597
0.2 3.76991118431 0.663802382563
0.2 3.97935069455 0.688694605727
0.2 4.18879020479 0.545590337756
0.2 4.39822971503 0.454138050783
0.2 4.60766922527 0.266894416853
0.2 4.8171087355 0.258584510766
0.2 5.02654824574 0.111082458537
0.2 5.23598775598 0.11315940212
0.2 5.44542726622 0.122674084357
0.2 5.65486677646 0.223294574766
0.2 5.8643062867 0.0779570169383
0.2 6.07374579694 0.106169606878

0.266666666667 0 0.272715262626
0.266666666667 0.209439510239 0.225442532705
0.266666666667 0.418879020479 0.127348591991
0.266666666667 0.628318530718 0.104288444356
0.266666666667 0.837758040957 0.0904231976812
0.266666666667 1.0471975512 0.031618563301
0.266666666667 1.25663706144 0.153502603845
0.266666666667 1.46607657168 0.305050467248
0.266666666667 1.67551608191 0.383527532601
0.266666666667 1.88495559215 0.04564647938
0.266666666667 2.09439510239 0.0915013842618
0.266666666667 2.30383461263 0.0951827215225
0.266666666667 2.51327412287 0.164629089084
0.266666666667 2.72271363311 0.129328517311
0.266666666667 2.93215314335 0.099412710644
0.266666666667 3.14159265359 0.189806170655
0.266666666667 3.35103216383 0.288734051794
0.266666666667 3.56047167407 0.41165641189
0.266666666667 3.76991118431 0.64380604092
0.266666666667 3.97935069455 0.65909123203
0.266666666667 4.18879020479 0.528794085321
0.266666666667 4.39822971503 0.47234028881
0.266666666667 4.60766922527 0.253040848703
0.266666666667 4.8171087355 0.262599123043
0.266666666667 5.02654824574 0.115038772981
0.266666666667 5.23598775598 0.113097285371
0.266666666667 5.44542726622 0.127759726186
0.266666666667 5.65486677646 0.222652674555
0.266666666667 5.8643062867 0.0814633012222
0.266666666667 6.07374579694 0.094927900361

0.333333333333 0 0.284058651903
0.333333333333 0.209439510239 0.202984384608
0.333333333333 0.418879020479 0.118271264749
0.333333333333 0.628318530718 0.0923654420792
0.333333333333 0.837758040957 0.0810666514257
0.333333333333 1.0471975512 0.0508757119208
0.333333333333 1.25663706144 0.192568632607
0.333333333333 1.46607657168 0.324305675181
0.333333333333 1.67551608191 0.361002032768
0.333333333333 1.88495559215 0.0331474936564
0.333333333333 2.09439510239 0.0985561483686
0.333333333333 2.30383461263 0.0948414311362
0.333333333333 2.51327412287 0.167960575336
0.333333333333 2.72271363311 0.122505802424
0.333333333333 2.93215314335 0.104520293514
0.333333333333 3.14159265359 0.188726535717
0.333333333333 3.35103216383 0.242128541417
0.333333333333 3.56047167407 0.392507540342
0.333333333333 3.76991118431 0.613679924713
0.333333333333 3.97935069455 0.627312142691
0.333333333333 4.18879020479 0.506955821998
0.333333333333 4.39822971503 0.478086979478
0.333333333333 4.60766922527 0.236983719596
0.333333333333 4.8171087355 0.263826584012
0.333333333333 5.02654824574 0.122471141234
0.333333333333 5.23598775598 0.11124727796
0.333333333333 5.44542726622 0.133789355663
0.333333333333 5.65486677646 0.219573422511
0.333333333333 5.8643062867 0.0865631646871
0.333333333333 6.07374579694 0.0802840161489

0.4 0 0.302698273192
0.4 0.209439510239 0.188466053562
0.4 0.418879020479 0.0989052964944
0.4 0.628318530718 0.0745049041553
0.4 0.837758040957 0.0723220169649
0.4 1.0471975512 0.0835437718442
0.4 1.25663706144 0.236638614538
0.4 1.46607657168 0.34095498603
0.4 1.67551608191 0.328831860635
0.4 1.88495559215 0.020514152462
0.4 2.09439510239 0.107077137065
0.4 2.30383461263 0.0945892918048
0.4 2.51327412287 0.170577734436
0.4 2.72271363311 0.116395466116
0.4 2.93215314335 0.115158867558
0.4 3.14159265359 0.183362627922
0.4 3.35103216383 0.220276445283
0.4 3.56047167407 0.476347225246
0.4 3.76991118431 0.559259923992
0.4 3.97935069455 0.590671428683
0.4 4.18879020479 0.516486619929
0.4 4.39822971503 0.457120809732
0.4 4.60766922527 0.222779935038
0.4 4.8171087355 0.258243888726
0.4 5.02654824574 0.135106592379
0.4 5.23598775598 0.107425130332
0.4 5.44542726622 0.141042650082
0.4 5.65486677646 0.213286661373
0.4 5.8643062867 0.0931274128951
0.4 6.07374579694 0.0635073762341

0.466666666667 0 0.319134689132
0.466666666667 0.209439510239 0.199680805768
0.466666666667 0.418879020479 0.0781297425658
0.466666666667 0.628318530718 0.0550014486457
0.466666666667 0.837758040957 0.0719453300759
0.466666666667 1.0471975512 0.128282300912
0.466666666667 1.25663706144 0.273663716509
0.466666666667 1.46607657168 0.349738423373
0.466666666667 1.67551608191 0.284805576283
0.466666666667 1.88495559215 0.010147278824
0.466666666667 2.09439510239 0.116585394815
0.466666666667 2.30383461263 0.0942281607822
0.466666666667 2.51327412287 0.171847524571
0.466666666667 2.72271363311 0.112077749868
0.466666666667 2.93215314335 0.129603596365
0.466666666667 3.14159265359 0.182313547507
0.466666666667 3.35103216383 0.348572684081
0.466666666667 3.56047167407 0.495186430147
0.466666666667 3.76991118431 0.692678833615
0.466666666667 3.97935069455 0.624031591854
0.466666666667 4.18879020479 0.559685406624
0.466666666667 4.39822971503 0.418395220051
0.466666666667 4.60766922527 0.223340468129
0.466666666667 4.8171087355 0.241915285977
0.466666666667 5.02654824574 0.154220741688
0.466666666667 5.23598775598 0.101670119065
0.466666666667 5.44542726622 0.149740450089
0.466666666667 5.65486677646 0.20300485266
0.466666666667 5.8643062867 0.100868918155
0.466666666667 6.07374579694 0.047535712106

0.533333333333 0 0.315387863946
0.533333333333 0.209439510239 0.250808123403
0.533333333333 0.418879020479 0.0809595232286
0.533333333333 0.628318530718 0.0461498754642
0.533333333333 0.837758040957 0.0851879573813
0.533333333333 1.0471975512 0.1717915615
0.533333333333 1.25663706144 0.283726245212
0.533333333333 1.46607657168 0.341501843325
0.533333333333 1.67551608191 0.227203506567
0.533333333333 1.88495559215 0.00513495338148
0.533333333333 2.09439510239 0.125177313324
0.533333333333 2.30383461263 0.0932756932707
0.533333333333 2.51327412287 0.171343903836
0.533333333333 2.72271363311 0.110076219744
0.533333333333 2.93215314335 0.140251269924
0.533333333333 3.14159265359 0.190197577719
0.533333333333 3.35103216383 0.381474711913
0.533333333333 3.56047167407 0.51155520885
0.533333333333 3.76991118431 0.591173624082
0.533333333333 3.97935069455 0.60694800235
0.533333333333 4.18879020479 0.524973942243
0.533333333333 4.39822971503 0.377607728188
0.533333333333 4.60766922527 0.259471633717
0.533333333333 4.8171087355 0.213122663737
0.533333333333 5.02654824574 0.178743662518
0.533333333333 5.23598775598 0.0945351871216
0.533333333333 5.44542726622 0.1599088618
0.533333333333 5.65486677646 0.188161333635
0.533333333333 5.8643062867 0.109330329809
0.533333333333 6.07374579694 0.0369085188154

0.6 0 0.274729083196
0.6 0.209439510239 0.330054938795
0.6 0.418879020479 0.13932195529
0.6 0.628318530718 0.0690243401556
0.6 0.837758040957 0.108657805113
0.6 1.0471975512 0.186605288778
0.6 1.25663706144 0.257979144942
0.6 1.46607657168 0.306974146149
0.6 1.67551608191 0.156777866487
0.6 1.88495559215 0.00963408494979
0.6 2.09439510239 0.128467230363
0.6 2.30383461263 0.0911058427742
0.6 2.51327412287 0.169011095141
0.6 2.72271363311 0.111072758922
0.6 2.93215314335 0.139503623056
0.6 3.14159265359 0.189008007834
0.6 3.35103216383 0.296847597687
0.6 3.56047167407 0.835072539177
0.6 3.76991118431 0.610629777151
0.6 3.97935069455 0.559709976492
0.6 4.18879020479 0.486901371748
0.6 4.39822971503 0.328366538183
0.6 4.60766922527 0.316230520048
0.6 4.8171087355 0.17260142223
0.6 5.02654824574 0.202711978474
0.6 5.23598775598 0.0875746655495
0.6 5.44542726622 0.171139447266
0.6 5.65486677646 0.168844027039
0.6 5.8643062867 0.118032533539
0.6 6.07374579694 0.0364198102523

0.666666666667 0 0.202945572301
0.666666666667 0.209439510239 0.378347875311
0.666666666667 0.418879020479 0.253105661272
0.666666666667 0.628318530718 0.138317039306
0.666666666667 0.837758040957 0.130806718454
0.666666666667 1.0471975512 0.159496763203
0.666666666667 1.25663706144 0.219976758115
0.666666666667 1.46607657168 0.258119749649
0.666666666667 1.67551608191 0.0853055523816
0.666666666667 1.88495559215 0.0298502615658
0.666666666667 2.09439510239 0.119922470406
0.666666666667 2.30383461263 0.0887389515203
0.666666666667 2.51327412287 0.164379503679
0.666666666667 2.72271363311 0.128673685559
0.666666666667 2.93215314335 0.134549060008
0.666666666667 3.14159265359 0.302274778227
0.666666666667 3.35103216383 0.317701289528
0.666666666667 3.56047167407 0.516613979037
0.666666666667 3.76991118431 0.654566429793
0.666666666667 3.97935069455 0.559464528765
0.666666666667 4.18879020479 0.447164921354
0.666666666667 4.39822971503 0.310971687523
0.666666666667 4.60766922527 0.324797217749
0.666666666667 4.8171087355 0.129418078736
0.666666666667 5.02654824574 0.214421428081
0.666666666667 5.23598775598 0.0841861533355
0.666666666667 5.44542726622 0.182194252959
0.666666666667 5.65486677646 0.146458686064
0.666666666667 5.8643062867 0.126853850261
0.666666666667 6.07374579694 0.0472607697602

0.733333333333 0 0.133634732727
0.733333333333 0.209439510239 0.331472385681
0.733333333333 0.418879020479 0.340837158899
0.733333333333 0.628318530718 0.232090053829
0.733333333333 0.837758040957 0.158868274152
0.733333333333 1.0471975512 0.146885665445
0.733333333333 1.25663706144 0.224216640754
0.733333333333 1.46607657168 0.222827599917
0.733333333333 1.67551608191 0.0353951055333
0.733333333333 1.88495559215 0.0699314664726
0.733333333333 2.09439510239 0.0959519071717
0.733333333333 2.30383461263 0.0976766921485
0.733333333333 2.51327412287 0.151448808657
0.733333333333 2.72271363311 0.233605965147
0.733333333333 2.93215314335 0.1456436016
0.733333333333 3.14159265359 0.480836629589
0.733333333333 3.35103216383 0.420368727875
0.733333333333 3.56047167407 0.47207380797
0.733333333333 3.76991118431 0.514923022016
0.733333333333 3.97935069455 0.490654624252
0.733333333333 4.18879020479 0.392890317683
0.733333333333 4.39822971503 0.388286126527
0.733333333333 4.60766922527 0.276150049443
0.733333333333 4.8171087355 0.132210175298
0.733333333333 5.02654824574 0.2004071324
0.733333333333 5.23598775598 0.0910095285727
0.733333333333 5.44542726622 0.190411429841
0.733333333333 5.65486677646 0.124395045892
0.733333333333 5.8643062867 0.136502623689
0.733333333333 6.07374579694 0.0612895833935

0.8 0 0.0898791304221
0.8 0.209439510239 0.231915489527
0.8 0.418879020479 0.319012324837
0.8 0.628318530718 0.291273318941
0.8 0.837758040957 0.238157048081
0.8 1.0471975512 0.245777649659
0.8 1.25663706144 0.289143637639
0.8 1.46607657168 0.184211666856
0.8 1.67551608191 0.0146055556413
0.8 1.88495559215 0.112278771863
0.8 2.09439510239 0.0666686418171
0.8 2.30383461263 0.154629453938
0.8 2.51327412287 0.107623970592
0.8 2.72271363311 0.45888457517
0.8 2.93215314335 0.205487333996
0.8 3.14159265359 0.303745735935
0.8 3.35103216383 0.834261128934
0.8 3.56047167407 0.531946484486
0.8 3.76991118431 0.510097269567
0.8 3.97935069455 0.487928458169
0.8 4.18879020479 0.434955328493
0.8 4.39822971503 0.352224451865
0.8 4.60766922527 0.173740881392
0.8 4.8171087355 0.221409248085
0.8 5.02654824574 0.155196982993
0.8 5.23598775598 0.119114382322
0.8 5.44542726622 0.190952750239
0.8 5.65486677646 0.107653046144
0.8 5.8643062867 0.14854261251
0.8 6.07374579694 0.0687795772457

0.866666666667 0 0.0477421063439
0.866666666667 0.209439510239 0.122463726505
0.866666666667 0.418879020479 0.237956373967
0.866666666667 0.628318530718 0.305589772239
0.866666666667 0.837758040957 0.33017294789
0.866666666667 1.0471975512 0.326911042832
0.866666666667 1.25663706144 0.240745985667
0.866666666667 1.46607657168 0.059235325549
0.866666666667 1.67551608191 0.0541087234589
0.866666666667 1.88495559215 0.14441707775
0.866666666667 2.09439510239 0.0672739349058
0.866666666667 2.30383461263 0.232570568859
0.866666666667 2.51327412287 0.159258768588
0.866666666667 2.72271363311 0.540053155972
0.866666666667 2.93215314335 0.591964431989
0.866666666667 3.14159265359 0.326577387266
0.866666666667 3.35103216383 0.397944974692
0.866666666667 3.56047167407 0.508700009188
0.866666666667 3.76991118431 0.477406258064
0.866666666667 3.97935069455 0.428042015665
0.866666666667 4.18879020479 0.348203798383
0.866666666667 4.39822971503 0.203211042432
0.866666666667 4.60766922527 0.233839755071
0.866666666667 4.8171087355 0.224671474064
0.866666666667 5.02654824574 0.0902509334004
0.866666666667 5.23598775598 0.17555067087
0.866666666667 5.44542726622 0.176204343529
0.866666666667 5.65486677646 0.0990040448779
0.866666666667 5.8643062867 0.162848172253
0.866666666667 6.07374579694 0.0998123682481

0.933333333333 0 0.135152377182
0.933333333333 0.209439510239 0.0542770153517
0.933333333333 0.418879020479 0.0257396571997
0.933333333333 0.628318530718 0.0320969667073
0.933333333333 0.837758040957 0.0351847443081
0.933333333333 1.0471975512 0.0229784298303
0.933333333333 1.25663706144 0.0329189941
0.933333333333 1.46607657168 0.113377526879
0.933333333333 1.67551608191 0.21393326713
0.933333333333 1.88495559215 0.182836608941
0.933333333333 2.09439510239 0.106744783201
0.933333333333 2.30383461263 0.185694155529
0.933333333333 2.51327412287 0.249188753026
0.933333333333 2.72271363311 0.0730514700004
0.933333333333 2.93215314335 0.575420700201
0.933333333333 3.14159265359 0.403309348972
0.933333333333 3.35103216383 0.362338665154
0.933333333333 3.56047167407 0.375122760741
0.933333333333 3.76991118431 0.388275607766
0.933333333333 3.97935069455 0.36966420267
0.933333333333 4.18879020479 0.333758971161
0.933333333333 4.39822971503 0.288000848914
0.933333333333 4.60766922527 0.210502597236
0.933333333333 4.8171087355 0.0944777343495
0.933333333333 5.02654824574 0.120639878369
0.933333333333 5.23598775598 0.201549173009
0.933333333333 5.44542726622 0.135835689196
0.933333333333 5.65486677646 0.0896178796882
0.933333333333 5.8643062867 0.156204736209
0.933333333333 6.07374579694 0.206908526881

