-1 0 0.417930579211
-1 0.209439510239 0.417930579211
-1 0.418879020479 0.417930579212
-1 0.628318530718 0.417930579212
-1 0.837758040957 0.417930579212
-1 1.0471975512 0.417930579212
-1 1.25663706144 0.417930579212
-1 1.46607657168 0.417930579212
-1 1.67551608191 0.417930579211
-1 1.88495559215 0.417930579211
-1 2.09439510239 0.417930579212
-1 2.30383461263 0.417930579212
-1 2.51327412287 0.417930579212
-1 2.72271363311 0.417930579212
-1 2.93215314335 0.417930579212
-1 3.14159265359 0.417930579211
-1 3.35103216383 0.417930579211
-1 3.56047167407 0.417930579212
-1 3.76991118431 0.417930579212
-1 3.97935069455 0.417930579212
-1 4.18879020479 0.417930579212
-1 4.39822971503 0.417930579212
-1 4.60766922527 0.417930579212
-1 4.8171087355 0.417930579211
-1 5.02654824574 0.417930579211
-1 5.23598775598 0.417930579212
-1 5.44542726622 0.417930579212
-1 5.65486677646 0.417930579212
-1 5.8643062867 0.417930579212
-1 6.07374579694 0.417930579212

-0.933333333333 0 0.176392914092
-0.933333333333 0.209439510239 0.078384708343
-0.933333333333 0.418879020479 0.0265966269775
-0.933333333333 0.628318530718 0.00949430657418
-0.933333333333 0.837758040957 0.0149143915406
-0.933333333333 1.0471975512 0.0379963504493
-0.933333333333 1.25663706144 0.0796713438209
-0.933333333333 1.46607657168 0.126317379494
-0.933333333333 1.67551608191 0.12393401108
-0.933333333333 1.88495559215 0.0566311739962
-0.933333333333 2.09439510239 0.0886600323968
-0.933333333333 2.30383461263 0.286447009837
-0.933333333333 2.51327412287 0.323809778082
-0.933333333333 2.72271363311 0.168504802571
-0.933333333333 2.93215314335 0.168932781247
-0.933333333333 3.14159265359 0.260543596136
-0.933333333333 3.35103216383 0.233641324279
-0.933333333333 3.56047167407 0.140775615065
-0.933333333333 3.76991118431 0.0773950144747
-0.933333333333 3.97935069455 0.0509881955817
-0.933333333333 4.18879020479 0.0505886547634
-0.933333333333 4.39822971503 0.0850308724877
-0.933333333333 4.60766922527 0.131739416573
-0.933333333333 4.8171087355 0.106819036967
-0.933333333333 5.02654824574 0.0383832013434
-0.933333333333 5.23598775598 0.0920995471717
-0.933333333333 5.44542726622 0.154749573296
-0.933333333333 5.65486677646 0.116904907781
-0.933333333333 5.8643062867 0.191105747322
-0.933333333333 6.07374579694 0.256773526692

-0.866666666667 0 0.0970326617833
-0.866666666667 0.209439510239 0.113456801781
-0.866666666667 0.418879020479 0.0663390948834
-0.866666666667 0.628318530718 0.0645046965278
-0.866666666667 0.837758040957 0.0804999982882
-0.866666666667 1.0471975512 0.0854097383972
-0.866666666667 1.25663706144 0.0806021622749
-0.866666666667 1.46607657168 0.0820063860082
-0.866666666667 1.67551608191 0.118635240008
-0.866666666667 1.88495559215 0.139438658288
-0.866666666667 2.09439510239 0.106487411338
-0.866666666667 2.30383461263 0.206826254836
-0.866666666667 2.51327412287 0.165777716223
-0.866666666667 2.72271363311 0.183016373244
-0.866666666667 2.93215314335 0.424605240305
-0.866666666667 3.14159265359 0.284277877917
-0.866666666667 3.35103216383 0.160544561748
-0.866666666667 3.56047167407 0.261469541553
-0.866666666667 3.76991118431 0.351209376901
-0.866666666667 3.97935069455 0.358532169835
-0.866666666667 4.18879020479 0.298216805829
-0.866666666667 4.39822971503 0.15786310478
-0.866666666667 4.60766922527 0.0183628891451
-0.866666666667 4.8171087355 0.0621521480386
-0.866666666667 5.02654824574 0.097168086458
-0.866666666667 5.23598775598 0.0850909727496
-0.866666666667 5.44542726622 0.135157494908
-0.866666666667 5.65486677646 0.096565672384
-0.866666666667 5.8643062867 0.25139637073
-0.866666666667 6.07374579694 0.126944805245

-0.8 0 0.247410696857
-0.8 0.209439510239 0.122991343494
-0.8 0.418879020479 0.0835927651505
-0.8 0.628318530718 0.116168108015
-0.8 0.837758040957 0.121440024443
-0.8 1.0471975512 0.108616926922
-0.8 1.25663706144 0.0963630421902
-0.8 1.46607657168 0.0967574813851
-0.8 1.67551608191 0.0978799092152
-0.8 1.88495559215 0.133221880985
-0.8 2.09439510239 0.162442563066
-0.8 2.30383461263 0.172616900953
-0.8 2.51327412287 0.0792276324505
-0.8 2.72271363311 0.331926758655
-0.8 2.93215314335 0.458033521279
-0.8 3.14159265359 0.212350371645
-0.8 3.35103216383 0.331265397268
-0.8 3.56047167407 0.353999327656
-0.8 3.76991118431 0.249723466002
-0.8 3.97935069455 0.205690613495
-0.8 4.18879020479 0.243418188313
-0.8 4.39822971503 0.317729028797
-0.8 4.60766922527 0.231844313736
-0.8 4.8171087355 0.0208173912038
-0.8 5.02654824574 0.0257926603055
-0.8 5.23598775598 0.0638338658652
-0.8 5.44542726622 0.142847178719
-0.8 5.65486677646 0.124353625844
-0.8 5.8643062867 0.246833879941
-0.8 6.07374579694 0.0828124440864

-0.733333333333 0 0.268669595889
-0.733333333333 0.209439510239 0.090062994025
-0.733333333333 0.418879020479 0.0850075112474
-0.733333333333 0.628318530718 0.072888413488
-0.733333333333 0.837758040957 0.0756099065298
-0.733333333333 1.0471975512 0.0857329876859
-0.733333333333 1.25663706144 0.0786184530452
-0.733333333333 1.46607657168 0.0829492682408
-0.733333333333 1.67551608191 0.0980649394208
-0.733333333333 1.88495559215 0.104530075203
-0.733333333333 2.09439510239 0.195016652187
-0.733333333333 2.30383461263 0.160139078793
-0.733333333333 2.51327412287 0.0484939842408
-0.733333333333 2.72271363311 0.452981462547
-0.733333333333 2.93215314335 0.369894681379
-0.733333333333 3.14159265359 0.264253689227
-0.733333333333 3.35103216383 0.295140433288
-0.733333333333 3.56047167407 0.0945610824843
-0.733333333333 3.76991118431 0.0379165248192
-0.733333333333 3.97935069455 0.102712761038
-0.733333333333 4.18879020479 0.125813733738
-0.733333333333 4.39822971503 0.143508859257
-0.733333333333 4.60766922527 0.302464896964
-0.733333333333 4.8171087355 0.160083363712
-0.733333333333 5.02654824574 0.0118468289882
-0.733333333333 5.23598775598 0.026077197033
-0.733333333333 5.44542726622 0.121825219854
-0.733333333333 5.65486677646 0.143000552201
-0.733333333333 5.8643062867 0.240566778355
-0.733333333333 6.07374579694 0.133272194924

-0.666666666667 0 0.227295207834
-0.666666666667 0.209439510239 0.0677398561748
-0.666666666667 0.418879020479 0.0257228288148
-0.666666666667 0.628318530718 0.0177464495701
-0.666666666667 0.837758040957 0.0196199232246
-0.666666666667 1.0471975512 0.0433147114361
-0.666666666667 1.25663706144 0.0675767875001
-0.666666666667 1.46607657168 0.0640638024921
-0.666666666667 1.67551608191 0.096260149282
-0.666666666667 1.88495559215 0.086259910898
-0.666666666667 2.09439510239 0.203583161446
-0.666666666667 2.30383461263 0.15691970908
-0.666666666667 2.51327412287 0.0530595690139
-0.666666666667 2.72271363311 0.508744147299
-0.666666666667 2.93215314335 0.292641464425
-0.666666666667 3.14159265359 0.29260549008
-0.666666666667 3.35103216383 0.12169408157
-0.666666666667 3.56047167407 0.00922638764946
-0.666666666667 3.76991118431 0.134220637594
-0.666666666667 3.97935069455 0.309900835373
-0.666666666667 4.18879020479 0.372098942168
-0.666666666667 4.39822971503 0.170224828103
-0.666666666667 4.60766922527 0.181173502445
-0.666666666667 4.8171087355 0.238078685236
-0.666666666667 5.02654824574 0.0693473113393
-0.666666666667 5.23598775598 0.0180656939632
-0.666666666667 5.44542726622 0.0899580958867
-0.666666666667 5.65486677646 0.139585131195
-0.666666666667 5.8643062867 0.253731133113
-0.666666666667 6.07374579694 0.16336744614

-0.6 0 0.189646897923
-0.6 0.209439510239 0.0458196807757
-0.6 0.418879020479 0.0775453449817
-0.6 0.628318530718 0.11841007992
-0.6 0.837758040957 0.0505085118759
-0.6 1.0471975512 0.0130780410467
-0.6 1.25663706144 0.0586031719408
-0.6 1.46607657168 0.0563777429296
-0.6 1.67551608191 0.0924663929105
-0.6 1.88495559215 0.079103284696
-0.6 2.09439510239 0.19877196911
-0.6 2.30383461263 0.156887871238
-0.6 2.51327412287 0.0770715992907
-0.6 2.72271363311 0.510691654932
-0.6 2.93215314335 0.257343908668
-0.6 3.14159265359 0.249930162711
-0.6 3.35103216383 0.0284262643142
-0.6 3.56047167407 0.0759764369069
-0.6 3.76991118431 0.211547808335
-0.6 3.97935069455 0.364350170136
-0.6 4.18879020479 0.531171792193
-0.6 4.39822971503 0.359806980407
-0.6 4.60766922527 0.0984405419426
-0.6 4.8171087355 0.20907281113
-0.6 5.02654824574 0.12439463705
-0.6 5.23598775598 0.0372922703493
-0.6 5.44542726622 0.0640301456432
-0.6 5.65486677646 0.122770799518
-0.6 5.8643062867 0.27872886368
-0.6 6.07374579694 0.166910833359

-0.533333333333 0 0.149247717476
-0.533333333333 0.209439510239 0.0847394617749
-0.533333333333 0.418879020479 0.280775904075
-0.533333333333 0.628318530718 0.310239422095
-0.533333333333 0.837758040957 0.147849906644
-0.533333333333 1.0471975512 0.0156046824944
-0.533333333333 1.25663706144 0.0440988282863
-0.533333333333 1.46607657168 0.0576064362532
-0.533333333333 1.67551608191 0.0891997395387
-0.533333333333 1.88495559215 0.0778825777397
-0.533333333333 2.09439510239 0.189264671924
-0.533333333333 2.30383461263 0.157342760682
-0.533333333333 2.51327412287 0.109912195052
-0.533333333333 2.72271363311 0.480735671952
-0.533333333333 2.93215314335 0.250221283904
-0.533333333333 3.14159265359 0.178001847972
-0.533333333333 3.35103216383 0.0390298163878
-0.533333333333 3.56047167407 0.124298840992
-0.533333333333 3.76991118431 0.163501562238
-0.533333333333 3.97935069455 0.219835141999
-0.533333333333 4.18879020479 0.420350385921
-0.533333333333 4.39822971503 0.462194898687
-0.533333333333 4.60766922527 0.104158296225
-0.533333333333 4.8171087355 0.148050786296
-0.533333333333 5.02654824574 0.147135619859
-0.533333333333 5.23598775598 0.065542012276
-0.533333333333 5.44542726622 0.0484465409267
-0.533333333333 5.65486677646 0.102454570613
-0.533333333333 5.8643062867 0.303528758581
-0.533333333333 6.07374579694 0.173307935443

-0.466666666667 0 0.101217163411
-0.466666666667 0.209439510239 0.205830754483
-0.466666666667 0.418879020479 0.513506969909
-0.466666666667 0.628318530718 0.463287863003
-0.466666666667 0.837758040957 0.253734089244
-0.466666666667 1.0471975512 0.0540011819426
-0.466666666667 1.25663706144 0.0273290444986
-0.466666666667 1.46607657168 0.0623199806303
-0.466666666667 1.67551608191 0.0855020626381
-0.466666666667 1.88495559215 0.0795728515137
-0.466666666667 2.09439510239 0.179849929838
-0.466666666667 2.30383461263 0.157270697233
-0.466666666667 2.51327412287 0.145062312155
-0.466666666667 2.72271363311 0.437245963168
-0.466666666667 2.93215314335 0.252999537393
-0.466666666667 3.14159265359 0.118885149063
-0.466666666667 3.35103216383 0.0904649917873
-0.466666666667 3.56047167407 0.114991147215
-0.466666666667 3.76991118431 0.0985030156572
-0.466666666667 3.97935069455 0.078463833688
-0.466666666667 4.18879020479 0.211586377508
-0.466666666667 4.39822971503 0.424003041954
-0.466666666667 4.60766922527 0.139514727878
-0.466666666667 4.8171087355 0.106109530915
-0.466666666667 5.02654824574 0.143421125924
-0.466666666667 5.23598775598 0.0902293928568
-0.466666666667 5.44542726622 0.0418950122724
-0.466666666667 5.65486677646 0.0840815932946
-0.466666666667 5.8643062867 0.32182123329
-0.466666666667 6.07374579694 0.195298400547

-0.4 0 0.0565006426383
-0.4 0.209439510239 0.368713196059
-0.4 0.418879020479 0.671920486192
-0.4 0.628318530718 0.526997254794
-0.4 0.837758040957 0.329092187748
-0.4 1.0471975512 0.113432453944
-0.4 1.25663706144 0.0159982753618
-0.4 1.46607657168 0.0666704980023
-0.4 1.67551608191 0.0798860546588
-0.4 1.88495559215 0.0831201662192
-0.4 2.09439510239 0.172402724898
-0.4 2.30383461263 0.156449928949
-0.4 2.51327412287 0.1788489464
-0.4 2.72271363311 0.392094268073
-0.4 2.93215314335 0.255026889486
-0.4 3.14159265359 0.0876311576624
-0.4 3.35103216383 0.1340389804
-0.4 3.56047167407 0.086164252885
-0.4 3.76991118431 0.0949990252773
-0.4 3.97935069455 0.0456906070514
-0.4 4.18879020479 0.0805382247727
-0.4 4.39822971503 0.330813106612
-0.4 4.60766922527 0.161816028318
-0.4 4.8171087355 0.0916300052469
-0.4 5.02654824574 0.127299433722
-0.4 5.23598775598 0.106615579569
-0.4 5.44542726622 0.0417480164738
-0.4 5.65486677646 0.0694826965845
-0.4 5.8643062867 0.332978686058
-0.4 6.07374579694 0.229199554336

-0.333333333333 0 0.0260677013577
-0.333333333333 0.209439510239 0.524018870218
-0.333333333333 0.418879020479 0.733810190623
-0.333333333333 0.628318530718 0.518980529713
-0.333333333333 0.837758040957 0.360588209494
-0.333333333333 1.0471975512 0.171557137101
-0.333333333333 1.25663706144 0.0139442306451
-0.333333333333 1.46607657168 0.0687671209487
-0.333333333333 1.67551608191 0.0721360811815
-0.333333333333 1.88495559215 0.0881000388772
-0.333333333333 2.09439510239 0.167173387152
-0.333333333333 2.30383461263 0.154992752338
-0.333333333333 2.51327412287 0.209443730088
-0.333333333333 2.72271363311 0.351648257444
-0.333333333333 2.93215314335 0.252786447888
-0.333333333333 3.14159265359 0.0807605623857
-0.333333333333 3.35103216383 0.154255021337
-0.333333333333 3.56047167407 0.0708908799975
-0.333333333333 3.76991118431 0.151407760123
-0.333333333333 3.97935069455 0.103790223542
-0.333333333333 4.18879020479 0.0639944191105
-0.333333333333 4.39822971503 0.261657115187
-0.333333333333 4.60766922527 0.164437324183
-0.333333333333 4.8171087355 0.0950354908414
-0.333333333333 5.02654824574 0.109162091664
-0.333333333333 5.23598775598 0.114702147764
-0.333333333333 5.44542726622 0.0456499735123
-0.333333333333 5.65486677646 0.0585665565978
-0.333333333333 5.8643062867 0.339244927177
-0.333333333333 6.07374579694 0.266619376887

-0.266666666667 0 0.0121177538379
-0.266666666667 0.209439510239 0.644298926888
-0.266666666667 0.418879020479 0.727111586289
-0.266666666667 0.628318530718 0.476087137733
-0.266666666667 0.837758040957 0.354812771868
-0.266666666667 1.0471975512 0.212236618874
-0.266666666667 1.25663706144 0.0196176967537
-0.266666666667 1.46607657168 0.0682342105709
-0.266666666667 1.67551608191 0.0630552648936
-0.266666666667 1.88495559215 0.0940408050096
-0.266666666667 2.09439510239 0.163720469064
-0.266666666667 2.30383461263 0.153123736233
-0.266666666667 2.51327412287 0.23614871696
-0.266666666667 2.72271363311 0.318615370606
-0.266666666667 2.93215314335 0.246578563769
-0.266666666667 3.14159265359 0.0886635167738
-0.266666666667 3.35103216383 0.154936274877
-0.266666666667 3.56047167407 0.0766579747663
-0.266666666667 3.76991118431 0.234334629281
-0.266666666667 3.97935069455 0.198630970449
-0.266666666667 4.18879020479 0.119605135646
-0.266666666667 4.39822971503 0.239014135972
-0.266666666667 4.60766922527 0.156478100505
-0.266666666667 4.8171087355 0.105758733356
-0.266666666667 5.02654824574 0.0941150749712
-0.266666666667 5.23598775598 0.116414491289
-0.266666666667 5.44542726622 0.0518682533366
-0.266666666667 5.65486677646 0.0504680436335
-0.266666666667 5.8643062867 0.343575897502
-0.266666666667 6.07374579694 0.300897763947

-0.2 0 0.00981929375052
-0.2 0.209439510239 0.72383334451
-0.2 0.418879020479 0.688850630477
-0.2 0.628318530718 0.426688995684
-0.2 0.837758040957 0.327639068674
-0.2 1.0471975512 0.230936031039
-0.2 1.25663706144 0.0289410890602
-0.2 1.46607657168 0.0655724255762
-0.2 1.67551608191 0.0536801988019
-0.2 1.88495559215 0.100327258316
-0.2 2.09439510239 0.1614442171
-0.2 2.30383461263 0.151080228507
-0.2 2.51327412287 0.258916698421
-0.2 2.72271363311 0.293626832905
-0.2 2.93215314335 0.23792015008
-0.2 3.14159265359 0.102559488111
-0.2 3.35103216383 0.14482216962
-0.2 3.56047167407 0.0961940264467
-0.2 3.76991118431 0.314667377952
-0.2 3.97935069455 0.289490086087
-0.2 4.18879020479 0.19751345885
-0.2 4.39822971503 0.250294189119
-0.2 4.60766922527 0.146950156691
-0.2 4.8171087355 0.117356403736
-0.2 5.02654824574 0.0836245146898
-0.2 5.23598775598 0.114016374926
-0.2 5.44542726622 0.0592346773009
-0.2 5.65486677646 0.0441567920596
-0.2 5.8643062867 0.348594294879
-0.2 6.07374579694 0.328324107271

-0.133333333333 0 0.012211414717
-0.133333333333 0.209439510239 0.768081760495
-0.133333333333 0.418879020479 0.645528930659
-0.133333333333 0.628318530718 0.384732128194
-0.133333333333 0.837758040957 0.293957440171
-0.133333333333 1.0471975512 0.231565221355
-0.133333333333 1.25663706144 0.0381725492611
-0.133333333333 1.46607657168 0.0615789934101
-0.133333333333 1.67551608191 0.0447873470187
-0.133333333333 1.88495559215 0.106323263637
-0.133333333333 2.09439510239 0.15983446474
-0.133333333333 2.30383461263 0.149073149255
-0.133333333333 2.51327412287 0.278042622365
-0.133333333333 2.72271363311 0.276315686708
-0.133333333333 2.93215314335 0.228220721932
-0.133333333333 3.14159265359 0.116788002065
-0.133333333333 3.35103216383 0.130779221207
-0.133333333333 3.56047167407 0.119341715841
-0.133333333333 3.76991118431 0.377663121436
-0.133333333333 3.97935069455 0.358793762492
-0.133333333333 4.18879020479 0.267920798981
-0.133333333333 4.39822971503 0.275988144316
-0.133333333333 4.60766922527 0.140236382035
-0.133333333333 4.8171087355 0.127160857473
-0.133333333333 5.02654824574 0.0773326321525
-0.133333333333 5.23598775598 0.109439497295
-0.133333333333 5.44542726622 0.0669918906156
-0.133333333333 5.65486677646 0.0387216565709
-0.133333333333 5.8643062867 0.356252322708
-0.133333333333 6.07374579694 0.347186340026

-0.0666666666667 0 0.0138840775643
-0.0666666666667 0.209439510239 0.784538496221
-0.0666666666667 0.418879020479 0.61057909232
-0.0666666666667 0.628318530718 0.353747425755
-0.0666666666667 0.837758040957 0.262600007745
-0.0666666666667 1.0471975512 0.220837033708
-0.0666666666667 1.25663706144 0.045123678919
-0.0666666666667 1.46607657168 0.0569899557795
-0.0666666666667 1.67551608191 0.036774301059
-0.0666666666667 1.88495559215 0.111496323335
-0.0666666666667 2.09439510239 0.158551652112
-0.0666666666667 2.30383461263 0.147273475282
-0.0666666666667 2.51327412287 0.293971832983
-0.0666666666667 2.72271363311 0.265947887935
-0.0666666666667 2.93215314335 0.218365081322
-0.0666666666667 3.14159265359 0.128779692195
-0.0666666666667 3.35103216383 0.11645499508
-0.0666666666667 3.56047167407 0.138515430848
-0.0666666666667 3.76991118431 0.419947078666
-0.0666666666667 3.97935069455 0.404860264483
-0.0666666666667 4.18879020479 0.320530790272
-0.0666666666667 4.39822971503 0.302252270295
-0.0666666666667 4.60766922527 0.13717707483
-0.0666666666667 4.8171087355 0.134679398132
-0.0666666666667 5.02654824574 0.0742384830985
-0.0666666666667 5.23598775598 0.104109009947
-0.0666666666667 5.44542726622 0.0746464358485
-0.0666666666667 5.65486677646 0.0334939413572
-0.0666666666667 5.8643062867 0.367791168444
-0.0666666666667 6.07374579694 0.356518583917

6.12323399574e-17 0 0.0128112661629
6.12323399574e-17 0.209439510239 0.777705390015
6.12323399574e-17 0.418879020479 0.58803489682
6.12323399574e-17 0.628318530718 0.33225271517
6.12323399574e-17 0.837758040957 0.236262923856
6.12323399574e-17 1.0471975512 0.204403808885
6.12323399574e-17 1.25663706144 0.0491041177415
6.12323399574e-17 1.46607657168 0.0523446005315
6.12323399574e-17 1.67551608191 0.0297523132172
6.12323399574e-17 1.88495559215 0.11547676078
6.12323399574e-17 2.09439510239 0.157426766453
6.12323399574e-17 2.30383461263 0.145806363895
6.12323399574e-17 2.51327412287 0.307184744898
6.12323399574e-17 2.72271363311 0.261730365326
6.12323399574e-17 2.93215314335 0.208782703733
6.12323399574e-17 3.14159265359 0.138294927352
6.12323399574e-17 3.35103216383 0.103066292455
6.12323399574e-17 3.56047167407 0.149625410694
6.12323399574e-17 3.76991118431 0.443496895362
6.12323399574e-17 3.97935069455 0.432339903553
6.12323399574e-17 4.18879020479 0.355738276118
6.12323399574e-17 4.39822971503 0.322299313624
6.12323399574e-17 4.60766922527 0.137117067541
6.12323399574e-17 4.8171087355 0.14028623266
6.12323399574e-17 5.02654824574 0.0732934585583
6.12323399574e-17 5.23598775598 0.0989843825587
6.12323399574e-17 5.44542726622 0.0818534048882
6.12323399574e-17 5.65486677646 0.028102778233
6.12323399574e-17 5.8643062867 0.383744943367
6.12323399574e-17 6.07374579694 0.355230954443

0.0666666666667 0 0.0110018514267
0.0666666666667 0.209439510239 0.747454380595
0.0666666666667 0.418879020479 0.576139058102
0.0666666666667 0.628318530718 0.317012224176
0.0666666666667 0.837758040957 0.213618192665
0.0666666666667 1.0471975512 0.18553056303
0.0666666666667 1.25663706144 0.0503857721693
0.0666666666667 1.46607657168 0.0479857299785
0.0666666666667 1.67551608191 0.0237010393819
0.0666666666667 1.88495559215 0.118060458906
0.0666666666667 2.09439510239 0.156431824808
0.0666666666667 2.30383461263 0.144742310067
0.0666666666667 2.51327412287 0.318129191694
0.0666666666667 2.72271363311 0.262901325822
0.0666666666667 2.93215314335 0.199773964919
0.0666666666667 3.14159265359 0.146612159039
0.0666666666667 3.35103216383 0.0905885736635
0.0666666666667 3.56047167407 0.151162756051
0.0666666666667 3.76991118431 0.451034858892
0.0666666666667 3.97935069455 0.445952393845
0.0666666666667 4.18879020479 0.37727239214
0.0666666666667 4.39822971503 0.33402739983
0.0666666666667 4.60766922527 0.139241842364
0.0666666666667 4.8171087355 0.144460689573
0.0666666666667 5.02654824574 0.0736407193033
0.0666666666667 5.23598775598 0.0946631198196
0.0666666666667 5.44542726622 0.0883328257863
0.0666666666667 5.65486677646 0.0225113518339
0.0666666666667 5.8643062867 0.403863089626
0.0666666666667 6.07374579694 0.341780255847

0.133333333333 0 0.0144078374161
0.133333333333 0.209439510239 0.689758088125
0.133333333333 0.418879020479 0.56914890602
0.133333333333 0.628318530718 0.303852416022
0.133333333333 0.837758040957 0.191270136295
0.133333333333 1.0471975512 0.165373570498
0.133333333333 1.25663706144 0.0496625391134
0.133333333333 1.46607657168 0.0441114611724
0.133333333333 1.67551608191 0.0186096046843
0.133333333333 1.88495559215 0.1191871718
0.133333333333 2.09439510239 0.155648866665
0.133333333333 2.30383461263 0.144079292997
0.133333333333 2.51327412287 0.327180281459
0.133333333333 2.72271363311 0.268671591292
0.133333333333 2.93215314335 0.192053062952
0.133333333333 3.14159265359 0.155716717218
0.133333333333 3.35103216383 0.0789640354138
0.133333333333 3.56047167407 0.142959860423
0.133333333333 3.76991118431 0.443731519058
0.133333333333 3.97935069455 0.447926246965
0.133333333333 4.18879020479 0.388406111225
0.133333333333 4.39822971503 0.337684945312
0.133333333333 4.60766922527 0.143106995077
0.133333333333 4.8171087355 0.147420156962
0.133333333333 5.02654824574 0.0746900014246
0.133333333333 5.23598775598 0.0914761149665
0.133333333333 5.44542726622 0.0938114262749
0.133333333333 5.65486677646 0.0170555077869
0.133333333333 5.8643062867 0.426905860297
0.133333333333 6.07374579694 0.314431266597

0.2 0 0.0318486244169
0.2 0.209439510239 0.599566173095
0.2 0.418879020479 0.557853597982
0.2 0.628318530718 0.287199839306
0.2 0.837758040957 0.164754822995
0.2 1.0471975512 0.143864215276
0.2 1.25663706144 0.0476359912207
0.2 1.46607657168 0.0408238861646
0.2 1.67551608191 0.0145855197243
0.2 1.88495559215 0.118925301201
0.2 2.09439510239 0.155250647396
0.2 2.30383461263 0.143711458863
0.2 2.51327412287 0.334613018781
0.2 2.72271363311 0.278056088719
0.2 2.93215314335 0.187592302362
0.2 3.14159265359 0.167147453503
0.2 3.35103216383 0.0696185789608
0.2 3.56047167407 0.125228867824
0.2 3.76991118431 0.420774137157
0.2 3.97935069455 0.437903585958
0.2 4.18879020479 0.390858369399
0.2 4.39822971503 0.334556935375
0.2 4.60766922527 0.148660163982
0.2 4.8171087355 0.148959163325
0.2 5.02654824574 0.0761461670886
0.2 5.23598775598 0.0895451066851
0.2 5.44542726622 0.0979854126777
0.2 5.65486677646 0.0124897763752
0.2 5.8643062867 0.45032722552
0.2 6.07374579694 0.272202105356

0.266666666667 0 0.0721201024718
0.266666666667 0.209439510239 0.476259767334
0.266666666667 0.418879020479 0.530314112551
0.266666666667 0.628318530718 0.260219089869
0.266666666667 0.837758040957 0.129447051897
0.266666666667 1.0471975512 0.120805849056
0.266666666667 1.25663706144 0.0447567743311
0.266666666667 1.46607657168 0.0381374490711
0.266666666667 1.67551608191 0.0119447345048
0.266666666667 1.88495559215 0.117487205125
0.266666666667 2.09439510239 0.155496318042
0.266666666667 2.30383461263 0.143381323506
0.266666666667 2.51327412287 0.340575181592
0.266666666667 2.72271363311 0.289624821022
0.266666666667 2.93215314335 0.190875145128
0.266666666667 3.14159265359 0.18000328602
0.266666666667 3.35103216383 0.0676382689607
0.266666666667 3.56047167407 0.0984182643336
0.266666666667 3.76991118431 0.38020144789
0.266666666667 3.97935069455 0.414231877809
0.266666666667 4.18879020479 0.385304489609
0.266666666667 4.39822971503 0.326445843802
0.266666666667 4.60766922527 0.156007557159
0.266666666667 4.8171087355 0.14837112862
0.266666666667 5.02654824574 0.0780554308909
0.266666666667 5.23598775598 0.0887915942766
0.266666666667 5.44542726622 0.100501565507
0.266666666667 5.65486677646 0.0100307659969
0.266666666667 5.8643062867 0.469932259966
0.266666666667 6.07374579694 0.216577601949

0.333333333333 0 0.138452901133
0.333333333333 0.209439510239 0.331554151336
0.333333333333 0.418879020479 0.474997088028
0.333333333333 0.628318530718 0.21781188342
0.333333333333 0.837758040957 0.0836683017676
0.333333333333 1.0471975512 0.0975694099931
0.333333333333 1.25663706144 0.0413001003767
0.333333333333 1.46607657168 0.0359047800855
0.333333333333 1.67551608191 0.0113155509101
0.333333333333 1.88495559215 0.115293512481
0.333333333333 2.09439510239 0.156736404579
0.333333333333 2.30383461263 0.142616215616
0.333333333333 2.51327412287 0.345046302668
0.333333333333 2.72271363311 0.301228442314
0.333333333333 2.93215314335 0.210455640968
0.333333333333 3.14159265359 0.188023819671
0.333333333333 3.35103216383 0.0839947586851
0.333333333333 3.56047167407 0.0652976406908
0.333333333333 3.76991118431 0.320937424492
0.333333333333 3.97935069455 0.376239113447
0.333333333333 4.18879020479 0.372944831726
0.333333333333 4.39822971503 0.315330169558
0.333333333333 4.60766922527 0.16509845423
0.333333333333 4.8171087355 0.14440821592
0.333333333333 5.02654824574 0.0808922845995
0.333333333333 5.23598775598 0.0888947802059
0.333333333333 5.44542726622 0.100960154006
0.333333333333 5.65486677646 0.0113699187594
0.333333333333 5.8643062867 0.479710851348
0.333333333333 6.07374579694 0.153822761072

0.4 0 0.220874626343
0.4 0.209439510239 0.196603092014
0.4 0.418879020479 0.388496763046
0.4 0.628318530718 0.163850503653
0.4 0.837758040957 0.0359773712663
0.4 1.0471975512 0.0799262077712
0.4 1.25663706144 0.0380222005352
0.4 1.46607657168 0.0336527405571
0.4 1.67551608191 0.0138108301862
0.4 1.88495559215 0.113102419675
0.4 2.09439510239 0.159404859012
0.4 2.30383461263 0.14065951531
0.4 2.51327412287 0.347763390918
0.4 2.72271363311 0.309844325504
0.4 2.93215314335 0.25995201861
0.4 3.14159265359 0.17749844995
0.4 3.35103216383 0.134138500738
0.4 3.56047167407 0.0372404482453
0.4 3.76991118431 0.247437191419
0.4 3.97935069455 0.327902807132
0.4 4.18879020479 0.357450540032
0.4 4.39822971503 0.302572489255
0.4 4.60766922527 0.175517042626
0.4 4.8171087355 0.135321562496
0.4 5.02654824574 0.0856678808196
0.4 5.23598775598 0.0892035675933
0.4 5.44542726622 0.0989479050296
0.4 5.65486677646 0.0186021334307
0.4 5.8643062867 0.472221949261
0.4 6.07374579694 0.0970022777928

0.466666666667 0 0.290746817706
0.466666666667 0.209439510239 0.118810634257
0.466666666667 0.418879020479 0.28734276341
0.466666666667 0.628318530718 0.119776609359
0.466666666667 0.837758040957 0.0131830589529
0.466666666667 1.0471975512 0.0800079497115
0.466666666667 1.25663706144 0.0367343857976
0.466666666667 1.46607657168 0.0306285452794
0.466666666667 1.67551608191 0.0213439466332
0.466666666667 1.88495559215 0.112214871894
0.466666666667 2.09439510239 0.163936937119
0.466666666667 2.30383461263 0.136438379676
0.466666666667 2.51327412287 0.348081391698
0.466666666667 2.72271363311 0.311900991727
0.466666666667 2.93215314335 0.355724158563
0.466666666667 3.14159265359 0.131931613047
0.466666666667 3.35103216383 0.224274827521
0.466666666667 3.56047167407 0.042239053793
0.466666666667 3.76991118431 0.178703423055
0.466666666667 3.97935069455 0.282827257386
0.466666666667 4.18879020479 0.344844474874
0.466666666667 4.39822971503 0.287657507268
0.466666666667 4.60766922527 0.186611860629
0.466666666667 4.8171087355 0.119155762416
0.466666666667 5.02654824574 0.0939663587036
0.466666666667 5.23598775598 0.0886225445403
0.466666666667 5.44542726622 0.0941185445037
0.466666666667 5.65486677646 0.0339809657738
0.466666666667 5.8643062867 0.440114965598
0.466666666667 6.07374579694 0.065517941081

0.533333333333 0 0.307373462319
0.533333333333 0.209439510239 0.134730528081
0.533333333333 0.418879020479 0.214094091691
0.533333333333 0.628318530718 0.122907951417
0.533333333333 0.837758040957 0.0536814158446
0.533333333333 1.0471975512 0.109170012083
0.533333333333 1.25663706144 0.0381174194843
0.533333333333 1.46607657168 0.0273740289101
0.533333333333 1.67551608191 0.0370976099296
0.533333333333 1.88495559215 0.114749311437
0.533333333333 2.09439510239 0.170470971279
0.533333333333 2.30383461263 0.128693310739
0.533333333333 2.51327412287 0.344719960693
0.533333333333 2.72271363311 0.30482709328
0.533333333333 2.93215314335 0.505478668729
0.533333333333 3.14159265359 0.0539628930949
0.533333333333 3.35103216383 0.319757619644
0.533333333333 3.56047167407 0.117255213253
0.533333333333 3.76991118431 0.153630256597
0.533333333333 3.97935069455 0.263781205667
0.533333333333 4.18879020479 0.337268539984
0.533333333333 4.39822971503 0.268100364756
0.533333333333 4.60766922527 0.197823928866
0.533333333333 4.8171087355 0.0946692496193
0.533333333333 5.02654824574 0.107675946356
0.533333333333 5.23598775598 0.0855305618579
0.533333333333 5.44542726622 0.0863514390457
0.533333333333 5.65486677646 0.0593668469396
0.533333333333 5.8643062867 0.379494552488
0.533333333333 6.07374579694 0.0786523387061

0.6 0 0.248294431416
0.6 0.209439510239 0.220968937093
0.6 0.418879020479 0.213231519969
0.6 0.628318530718 0.194629229927
0.6 0.837758040957 0.163950656247
0.6 1.0471975512 0.152897020687
0.6 1.25663706144 0.0375219502447
0.6 1.46607657168 0.0314341454658
0.6 1.67551608191 0.0655996789612
0.6 1.88495559215 0.123889610337
0.6 2.09439510239 0.178051467974
0.6 2.30383461263 0.116612668907
0.6 2.51327412287 0.335349552847
0.6 2.72271363311 0.290921070932
0.6 2.93215314335 0.681762945101
0.6 3.14159265359 0.00710797651214
0.6 3.35103216383 0.329768288952
0.6 3.56047167407 0.256522919205
0.6 3.76991118431 0.20476703493
0.6 3.97935069455 0.281551536552
0.6 4.18879020479 0.323730169677
0.6 4.39822971503 0.244253242836
0.6 4.60766922527 0.207571463445
0.6 4.8171087355 0.063441425686
0.6 5.02654824574 0.127949095956
0.6 5.23598775598 0.0778760301078
0.6 5.44542726622 0.0760398252122
0.6 5.65486677646 0.0951985376347
0.6 5.8643062867 0.295478045928
0.6 6.07374579694 0.140344253079

0.666666666667 0 0.154716201568
0.666666666667 0.209439510239 0.276189656962
0.666666666667 0.418879020479 0.264806110069
0.666666666667 0.628318530718 0.281203446233
0.666666666667 0.837758040957 0.257204021315
0.666666666667 1.0471975512 0.155291377122
0.666666666667 1.25663706144 0.0382790371364
0.666666666667 1.46607657168 0.0653623493628
0.666666666667 1.67551608191 0.109897217598
0.666666666667 1.88495559215 0.143559050448
0.666666666667 2.09439510239 0.183000889942
0.666666666667 2.30383461263 0.10182608882
0.666666666667 2.51327412287 0.316126521023
0.666666666667 2.72271363311 0.283313025114
0.666666666667 2.93215314335 0.791422601027
0.666666666667 3.14159265359 0.124367196175
0.666666666667 3.35103216383 0.204475476396
0.666666666667 3.56047167407 0.348890710111
0.666666666667 3.76991118431 0.293727409163
0.666666666667 3.97935069455 0.304509005294
0.666666666667 4.18879020479 0.289395757603
0.666666666667 4.39822971503 0.230820137729
0.666666666667 4.60766922527 0.207567620806
0.666666666667 4.8171087355 0.0335669204883
0.666666666667 5.02654824574 0.152675026354
0.666666666667 5.23598775598 0.0637720842215
0.666666666667 5.44542726622 0.0645981904294
0.666666666667 5.65486677646 0.138848309333
0.666666666667 5.8643062867 0.208629901835
0.666666666667 6.07374579694 0.219557851962

0.733333333333 0 0.123676960861
0.733333333333 0.209439510239 0.226657319596
0.733333333333 0.418879020479 0.26589820595
0.733333333333 0.628318530718 0.269693557063
0.733333333333 0.837758040957 0.218660851997
0.733333333333 1.0471975512 0.108215437705
0.733333333333 1.25663706144 0.0957938165707
0.733333333333 1.46607657168 0.150278387658
0.733333333333 1.67551608191 0.162253268081
0.733333333333 1.88495559215 0.175237739827
0.733333333333 2.09439510239 0.177135073251
0.733333333333 2.30383461263 0.093407908967
0.733333333333 2.51327412287 0.282286950668
0.733333333333 2.72271363311 0.304722711747
0.733333333333 2.93215314335 0.706450816584
0.733333333333 3.14159265359 0.431674113216
0.733333333333 3.35103216383 0.123248940809
0.733333333333 3.56047167407 0.29455685327
0.733333333333 3.76991118431 0.31773692311
0.733333333333 3.97935069455 0.293399672413
0.733333333333 4.18879020479 0.262584172987
0.733333333333 4.39822971503 0.25330973346
0.733333333333 4.60766922527 0.175635987401
0.733333333333 4.8171087355 0.0234751165367
0.733333333333 5.02654824574 0.172004782661
0.733333333333 5.23598775598 0.0432685016028
0.733333333333 5.44542726622 0.0553529613804
0.733333333333 5.65486677646 0.182492822211
0.733333333333 5.8643062867 0.156713329743
0.733333333333 6.07374579694 0.249296333565

0.8 0 0.162795201014
0.8 0.209439510239 0.18040492074
0.8 0.418879020479 0.218804150422
0.8 0.628318530718 0.209744290147
0.8 0.837758040957 0.179342210853
0.8 1.0471975512 0.187585227311
0.8 1.25663706144 0.260944356576
0.8 1.46607657168 0.227445473689
0.8 1.67551608191 0.202348754725
0.8 1.88495559215 0.206092341156
0.8 2.09439510239 0.152024320183
0.8 2.30383461263 0.116268241275
0.8 2.51327412287 0.235258780258
0.8 2.72271363311 0.348123265776
0.8 2.93215314335 0.45082154537
0.8 3.14159265359 0.574925600735
0.8 3.35103216383 0.30265757488
0.8 3.56047167407 0.280759171391
0.8 3.76991118431 0.320855833349
0.8 3.97935069455 0.320753779089
0.8 4.18879020479 0.314436919451
0.8 4.39822971503 0.267500801856
0.8 4.60766922527 0.0938378719097
0.8 4.8171087355 0.0555949086437
0.8 5.02654824574 0.164306663256
0.8 5.23598775598 0.0226517803182
0.8 5.44542726622 0.0551581537718
0.8 5.65486677646 0.211668021502
0.8 5.8643062867 0.17861749654
0.8 6.07374579694 0.191106771095

0.866666666667 0 0.122529071526
0.866666666667 0.209439510239 0.163847642925
0.866666666667 0.418879020479 0.234510325695
0.866666666667 0.628318530718 0.287145472122
0.866666666667 0.837758040957 0.323393228554
0.866666666667 1.0471975512 0.339514728731
0.866666666667 1.25663706144 0.278822271701
0.866666666667 1.46607657168 0.186030923166
0.866666666667 1.67551608191 0.232248712641
0.866666666667 1.88495559215 0.190355423718
0.866666666667 2.09439510239 0.126403291453
0.866666666667 2.30383461263 0.208636509587
0.866666666667 2.51327412287 0.210360442404
0.866666666667 2.72271363311 0.306096596115
0.866666666667 2.93215314335 0.300065499137
0.866666666667 3.14159265359 0.324749810338
0.866666666667 3.35103216383 0.319580775317
0.866666666667 3.56047167407 0.322518227893
0.866666666667 3.76991118431 0.346786805982
0.866666666667 3.97935069455 0.338086852088
0.866666666667 4.18879020479 0.265690291375
0.866666666667 4.39822971503 0.124015476975
0.866666666667 4.60766922527 0.02972459214
0.866666666667 4.8171087355 0.1091708999
0.866666666667 5.02654824574 0.106585158769
0.866666666667 5.23598775598 0.0238549744058
0.866666666667 5.44542726622 0.0776407661185
0.866666666667 5.65486677646 0.209200693689
0.866666666667 5.8643062867 0.261041233011
0.866666666667 6.07374579694 0.162639869945

0.933333333333 0 0.205879740131
0.933333333333 0.209439510239 0.116589914386
0.933333333333 0.418879020479 0.0820681738468
0.933333333333 0.628318530718 0.0883098262156
0.933333333333 0.837758040957 0.101210795671
0.933333333333 1.0471975512 0.112927998556
0.933333333333 1.25663706144 0.150354450102
0.933333333333 1.46607657168 0.214152301287
0.933333333333 1.67551608191 0.20157427145
0.933333333333 1.88495559215 0.107368827386
0.933333333333 2.09439510239 0.188037227091
0.933333333333 2.30383461263 0.37044665125
0.933333333333 2.51327412287 0.307335195704
0.933333333333 2.72271363311 0.165061614001
0.933333333333 2.93215314335 0.161237767843
0.933333333333 3.14159265359 0.173829400846
0.933333333333 3.35103216383 0.135064027246
0.933333333333 3.56047167407 0.0903746829511
0.933333333333 3.76991118431 0.0632514600345
0.933333333333 3.97935069455 0.0413841857777
0.933333333333 4.18879020479 0.0228708614671
0.933333333333 4.39822971503 0.0283783926332
0.933333333333 4.60766922527 0.0573575313243
0.933333333333 4.8171087355 0.0611138011453
0.933333333333 5.02654824574 0.0520616764965
0.933333333333 5.23598775598 0.103972236172
0.933333333333 5.44542726622 0.151817494555
0.933333333333 5.65486677646 0.182987895133
0.933333333333 5.8643062867 0.263460478425
0.933333333333 6.07374579694 0.286604897848

