-1 0 3.1057447351
-1 0.209439510239 3.10574473511
-1 0.418879020479 3.10574473511
-1 0.628318530718 3.1057447351
-1 0.837758040957 3.1057447351
-1 1.0471975512 3.1057447351
-1 1.25663706144 3.1057447351
-1 1.46607657168 3.1057447351
-1 1.67551608191 3.10574473511
-1 1.88495559215 3.10574473511
-1 2.09439510239 3.10574473511
-1 2.30383461263 3.1057447351
-1 2.51327412287 3.1057447351
-1 2.72271363311 3.1057447351
-1 2.93215314335 3.1057447351
-1 3.14159265359 3.1057447351
-1 3.35103216383 3.10574473511
-1 3.56047167407 3.10574473511
-1 3.76991118431 3.1057447351
-1 3.97935069455 3.1057447351
-1 4.18879020479 3.1057447351
-1 4.39822971503 3.1057447351
-1 4.60766922527 3.1057447351
-1 4.8171087355 3.10574473511
-1 5.02654824574 3.10574473511
-1 5.23598775598 3.10574473511
-1 5.44542726622 3.1057447351
-1 5.65486677646 3.1057447351
-1 5.8643062867 3.1057447351
-1 6.07374579694 3.1057447351

-0.933333333333 0 8.66106317594
-0.933333333333 0.209439510239 7.61938027154
-0.933333333333 0.418879020479 7.56014534544
-0.933333333333 0.628318530718 8.80861466905
-0.933333333333 0.837758040957 10.9404165631
-0.933333333333 1.0471975512 13.1596654939
-0.933333333333 1.25663706144 14.0377978864
-0.933333333333 1.46607657168 12.1716354412
-0.933333333333 1.67551608191 8.35741659337
-0.933333333333 1.88495559215 5.44441881327
-0.933333333333 2.09439510239 3.74020936745
-0.933333333333 2.30383461263 1.66375411177
-0.933333333333 2.51327412287 0.689789647323
-0.933333333333 2.72271363311 1.13632824457
-0.933333333333 2.93215314335 0.873521998501
-0.933333333333 3.14159265359 0.231961099459
-0.933333333333 3.35103216383 0.244024685136
-0.933333333333 3.56047167407 0.571560028804
-0.933333333333 3.76991118431 0.77943883981
-0.933333333333 3.97935069455 0.889451666629
-0.933333333333 4.18879020479 1.05425139336
-0.933333333333 4.39822971503 1.36356604717
-0.933333333333 4.60766922527 1.80120757212
-0.933333333333 4.8171087355 2.43490008136
-0.933333333333 5.02654824574 3.71622300652
-0.933333333333 5.23598775598 5.44247376723
-0.933333333333 5.44542726622 6.01458122302
-0.933333333333 5.65486677646 5.89364875422
-0.933333333333 5.8643062867 7.3360205405
-0.933333333333 6.07374579694 8.95320201447

-0.866666666667 0 2.89954278261
-0.866666666667 0.209439510239 2.10366525087
-0.866666666667 0.418879020479 2.25773794373
-0.866666666667 0.628318530718 2.77829328131
-0.866666666667 0.837758040957 4.06801882535
-0.866666666667 1.0471975512 7.50662620252
-0.866666666667 1.25663706144 14.1102093046
-0.866666666667 1.46607657168 20.1542558291
-0.866666666667 1.67551608191 16.8028745449
-0.866666666667 1.88495559215 6.32575929535
-0.866666666667 2.09439510239 2.22301673376
-0.866666666667 2.30383461263 1.27461275859
-0.866666666667 2.51327412287 0.521975630534
-0.866666666667 2.72271363311 1.01662153447
-0.866666666667 2.93215314335 0.201565421954
-0.866666666667 3.14159265359 0.560805813242
-0.866666666667 3.35103216383 0.89464743633
-0.866666666667 3.56047167407 0.549453363759
-0.866666666667 3.76991118431 0.366161959351
-0.866666666667 3.97935069455 0.437149589716
-0.866666666667 4.18879020479 0.527246006598
-0.866666666667 4.39822971503 0.702816472851
-0.866666666667 4.60766922527 1.64176452649
-0.866666666667 4.8171087355 3.4445906825
-0.866666666667 5.02654824574 4.36557827548
-0.866666666667 5.23598775598 4.85952076337
-0.866666666667 5.44542726622 5.78995614628
-0.866666666667 5.65486677646 5.23226707471
-0.866666666667 5.8643062867 5.20045520821
-0.866666666667 6.07374579694 4.64235832005

-0.8 0 1.36853853942
-0.8 0.209439510239 1.5270635387
-0.8 0.418879020479 1.49894775231
-0.8 0.628318530718 1.17570987929
-0.8 0.837758040957 0.651387876477
-0.8 1.0471975512 0.706883598736
-0.8 1.25663706144 4.39923438104
-0.8 1.46607657168 15.2479504066
-0.8 1.67551608191 22.8894916456
-0.8 1.88495559215 11.1472428017
-0.8 2.09439510239 1.17585208782
-0.8 2.30383461263 1.03206782935
-0.8 2.51327412287 0.532421882357
-0.8 2.72271363311 0.898474391198
-0.8 2.93215314335 0.249546646864
-0.8 3.14159265359 0.901864541073
-0.8 3.35103216383 0.383519235562
-0.8 3.56047167407 0.24496604598
-0.8 3.76991118431 0.61958174104
-0.8 3.97935069455 1.02449388419
-0.8 4.18879020479 1.43895790636
-0.8 4.39822971503 1.61915223951
-0.8 4.60766922527 1.52852555667
-0.8 4.8171087355 2.98657112267
-0.8 5.02654824574 5.37251529684
-0.8 5.23598775598 5.28531725988
-0.8 5.44542726622 4.98576237412
-0.8 5.65486677646 4.49269549156
-0.8 5.8643062867 3.36545037315
-0.8 6.07374579694 2.01716512125

-0.733333333333 0 2.05016531643
-0.733333333333 0.209439510239 2.14727060289
-0.733333333333 0.418879020479 1.70395686234
-0.733333333333 0.628318530718 1.37178760481
-0.733333333333 0.837758040957 0.962234175089
-0.733333333333 1.0471975512 0.306623893263
-0.733333333333 1.25663706144 0.355592487761
-0.733333333333 1.46607657168 7.31896734833
-0.733333333333 1.67551608191 21.9395480288
-0.733333333333 1.88495559215 16.2560570746
-0.733333333333 2.09439510239 0.989136917611
-0.733333333333 2.30383461263 0.912001081284
-0.733333333333 2.51327412287 0.579606988808
-0.733333333333 2.72271363311 0.782573064965
-0.733333333333 2.93215314335 0.465511503331
-0.733333333333 3.14159265359 0.676509935641
-0.733333333333 3.35103216383 0.0994764259494
-0.733333333333 3.56047167407 0.369444658393
-0.733333333333 3.76991118431 0.517379673675
-0.733333333333 3.97935069455 0.654038044531
-0.733333333333 4.18879020479 1.15458394843
-0.733333333333 4.39822971503 2.06222616347
-0.733333333333 4.60766922527 2.5255209729
-0.733333333333 4.8171087355 3.04138462256
-0.733333333333 5.02654824574 5.23245779529
-0.733333333333 5.23598775598 5.96688349446
-0.733333333333 5.44542726622 4.4756936519
-0.733333333333 5.65486677646 3.98548508673
-0.733333333333 5.8643062867 2.67371032798
-0.733333333333 6.07374579694 1.47826818535

-0.666666666667 0 2.62701209599
-0.666666666667 0.209439510239 1.91142395147
-0.666666666667 0.418879020479 1.29940092873
-0.666666666667 0.628318530718 0.94461753784
-0.666666666667 0.837758040957 0.709069974439
-0.666666666667 1.0471975512 0.611685768639
-0.666666666667 1.25663706144 0.249223139297
-0.666666666667 1.46607657168 2.96219099411
-0.666666666667 1.67551608191 17.7052424796
-0.666666666667 1.88495559215 19.7196199603
-0.666666666667 2.09439510239 1.41159965146
-0.666666666667 2.30383461263 0.888879663599
-0.666666666667 2.51327412287 0.631164541859
-0.666666666667 2.72271363311 0.668169713073
-0.666666666667 2.93215314335 0.625485462194
-0.666666666667 3.14159265359 0.355127668059
-0.666666666667 3.35103216383 0.133854144847
-0.666666666667 3.56047167407 0.293134320503
-0.666666666667 3.76991118431 0.207709158628
-0.666666666667 3.97935069455 0.333178460218
-0.666666666667 4.18879020479 0.748067324544
-0.666666666667 4.39822971503 1.65481288225
-0.666666666667 4.60766922527 2.73085577829
-0.666666666667 4.8171087355 3.58751287049
-0.666666666667 5.02654824574 5.00043220029
-0.666666666667 5.23598775598 6.21686825434
-0.666666666667 5.44542726622 4.25582628693
-0.666666666667 5.65486677646 3.60628597247
-0.666666666667 5.8643062867 2.67117684635
-0.666666666667 6.07374579694 1.75148431246

-0.6 0 2.56115944649
-0.6 0.209439510239 1.56911930252
-0.6 0.418879020479 1.24023982476
-0.6 0.628318530718 0.707697071443
-0.6 0.837758040957 0.369991081809
-0.6 1.0471975512 0.384130892555
-0.6 1.25663706144 0.585806888307
-0.6 1.46607657168 1.58236913825
-0.6 1.67551608191 13.456914529
-0.6 1.88495559215 21.3873262427
-0.6 2.09439510239 2.13462318603
-0.6 2.30383461263 0.933444109139
-0.6 2.51327412287 0.67751783786
-0.6 2.72271363311 0.5589693964
-0.6 2.93215314335 0.701831026718
-0.6 3.14159265359 0.151763450719
-0.6 3.35103216383 0.200134036254
-0.6 3.56047167407 0.148815012322
-0.6 3.76991118431 0.174255385963
-0.6 3.97935069455 0.498698555599
-0.6 4.18879020479 0.997436819003
-0.6 4.39822971503 1.65765272638
-0.6 4.60766922527 2.47932933108
-0.6 4.8171087355 3.77347860193
-0.6 5.02654824574 5.10340637146
-0.6 5.23598775598 6.09502903224
-0.6 5.44542726622 4.16552743455
-0.6 5.65486677646 3.31116804286
-0.6 5.8643062867 2.91998986863
-0.6 6.07374579694 2.04907234478

-0.533333333333 0 2.2147222371
-0.533333333333 0.209439510239 1.69774657368
-0.533333333333 0.418879020479 1.4786150705
-0.533333333333 0.628318530718 0.683332828935
-0.533333333333 0.837758040957 0.349648541193
-0.533333333333 1.0471975512 0.205902543163
-0.533333333333 1.25663706144 0.559456618372
-0.533333333333 1.46607657168 1.42024539679
-0.533333333333 1.67551608191 10.33494662
-0.533333333333 1.88495559215 21.7802885528
-0.533333333333 2.09439510239 2.94139397467
-0.533333333333 2.30383461263 1.01891427274
-0.533333333333 2.51327412287 0.715192507922
-0.533333333333 2.72271363311 0.461251495499
-0.533333333333 2.93215314335 0.718165603726
-0.533333333333 3.14159265359 0.070798789292
-0.533333333333 3.35103216383 0.207047305093
-0.533333333333 3.56047167407 0.0797290763504
-0.533333333333 3.76991118431 0.27153441772
-0.533333333333 3.97935069455 0.674468441778
-0.533333333333 4.18879020479 1.33625332616
-0.533333333333 4.39822971503 2.03193715108
-0.533333333333 4.60766922527 2.43422100877
-0.533333333333 4.8171087355 3.55509012006
-0.533333333333 5.02654824574 5.38136152968
-0.533333333333 5.23598775598 5.82133409381
-0.533333333333 5.44542726622 4.11552906874
-0.533333333333 5.65486677646 3.09083676169
-0.533333333333 5.8643062867 3.19385922185
-0.533333333333 6.07374579694 2.14606246431

-0.466666666667 0 1.93553509753
-0.466666666667 0.209439510239 2.09590220335
-0.466666666667 0.418879020479 1.5509814535
-0.466666666667 0.628318530718 0.581912195926
-0.466666666667 0.837758040957 0.441344093767
-0.466666666667 1.0471975512 0.260490887297
-0.466666666667 1.25663706144 0.379523008603
-0.466666666667 1.46607657168 1.51439511233
-0.466666666667 1.67551608191 8.32194523916
-0.466666666667 1.88495559215 21.4648747211
-0.466666666667 2.09439510239 3.71273820087
-0.466666666667 2.30383461263 1.12368780041
-0.466666666667 2.51327412287 0.742754798198
-0.466666666667 2.72271363311 0.379890931209
-0.466666666667 2.93215314335 0.70018934988
-0.466666666667 3.14159265359 0.0628992305524
-0.466666666667 3.35103216383 0.171703010207
-0.466666666667 3.56047167407 0.0830965504153
-0.466666666667 3.76991118431 0.336607972703
-0.466666666667 3.97935069455 0.672832286229
-0.466666666667 4.18879020479 1.43318738805
-0.466666666667 4.39822971503 2.32130735571
-0.466666666667 4.60766922527 2.63434010379
-0.466666666667 4.8171087355 3.209373106
-0.466666666667 5.02654824574 5.64147484051
-0.466666666667 5.23598775598 5.53913926465
-0.466666666667 5.44542726622 4.07308850439
-0.466666666667 5.65486677646 2.93353887256
-0.466666666667 5.8643062867 3.40781131777
-0.466666666667 6.07374579694 2.07437149535

-0.4 0 1.82668444765
-0.4 0.209439510239 2.44080650958
-0.4 0.418879020479 1.36602305669
-0.4 0.628318530718 0.399173506099
-0.4 0.837758040957 0.476794407578
-0.4 1.0471975512 0.423842132087
-0.4 1.25663706144 0.243748539537
-0.4 1.46607657168 1.56324494251
-0.4 1.67551608191 7.08582384414
-0.4 1.88495559215 20.8474382344
-0.4 2.09439510239 4.39791706292
-0.4 2.30383461263 1.2316433825
-0.4 2.51327412287 0.759655381022
-0.4 2.72271363311 0.316881951862
-0.4 2.93215314335 0.666310277266
-0.4 3.14159265359 0.0867432326861
-0.4 3.35103216383 0.125228214302
-0.4 3.56047167407 0.121705506734
-0.4 3.76991118431 0.35411061389
-0.4 3.97935069455 0.591152585558
-0.4 4.18879020479 1.37767577631
-0.4 4.39822971503 2.38510828905
-0.4 4.60766922527 2.89034671502
-0.4 4.8171087355 2.91839546697
-0.4 5.02654824574 5.80386166221
-0.4 5.23598775598 5.30882527378
-0.4 5.44542726622 4.03024537867
-0.4 5.65486677646 2.82358846073
-0.4 5.8643062867 3.54755697345
-0.4 6.07374579694 1.92086351495

-0.333333333333 0 1.84708302338
-0.333333333333 0.209439510239 2.60504466954
-0.333333333333 0.418879020479 1.09333720022
-0.333333333333 0.628318530718 0.256868083331
-0.333333333333 0.837758040957 0.444022644922
-0.333333333333 1.0471975512 0.574136472012
-0.333333333333 1.25663706144 0.198348465219
-0.333333333333 1.46607657168 1.53594205411
-0.333333333333 1.67551608191 6.32397726982
-0.333333333333 1.88495559215 20.1653079078
-0.333333333333 2.09439510239 4.9858119613
-0.333333333333 2.30383461263 1.33139011691
-0.333333333333 2.51327412287 0.765814647914
-0.333333333333 2.72271363311 0.271749227719
-0.333333333333 2.93215314335 0.628327204661
-0.333333333333 3.14159265359 0.118719730302
-0.333333333333 3.35103216383 0.0857594694859
-0.333333333333 3.56047167407 0.171528087858
-0.333333333333 3.76991118431 0.358835346771
-0.333333333333 3.97935069455 0.540165316096
-0.333333333333 4.18879020479 1.32268756906
-0.333333333333 4.39822971503 2.30856042297
-0.333333333333 4.60766922527 3.08388442566
-0.333333333333 4.8171087355 2.72997197298
-0.333333333333 5.02654824574 5.86660841953
-0.333333333333 5.23598775598 5.14375854213
-0.333333333333 5.44542726622 3.98796269479
-0.333333333333 5.65486677646 2.74617294687
-0.333333333333 5.8643062867 3.62695804432
-0.333333333333 6.07374579694 1.75257499048

-0.266666666667 0 1.92519061943
-0.266666666667 0.209439510239 2.61681651052
-0.266666666667 0.418879020479 0.882809449412
-0.266666666667 0.628318530718 0.21440826321
-0.266666666667 0.837758040957 0.387061302506
-0.266666666667 1.0471975512 0.668009350523
-0.266666666667 1.25663706144 0.219423832604
-0.266666666667 1.46607657168 1.46648362987
-0.266666666667 1.67551608191 5.83512901017
-0.266666666667 1.88495559215 19.5362456587
-0.266666666667 2.09439510239 5.48475999225
-0.266666666667 2.30383461263 1.41521681479
-0.266666666667 2.51327412287 0.761422667911
-0.266666666667 2.72271363311 0.242634550479
-0.266666666667 2.93215314335 0.593404840991
-0.266666666667 3.14159265359 0.148141365947
-0.266666666667 3.35103216383 0.0591847551147
-0.266666666667 3.56047167407 0.221163200225
-0.266666666667 3.76991118431 0.373568645727
-0.266666666667 3.97935069455 0.555536887194
-0.266666666667 4.18879020479 1.32872020042
-0.266666666667 4.39822971503 2.19381524078
-0.266666666667 4.60766922527 3.19222458069
-0.266666666667 4.8171087355 2.62681418328
-0.266666666667 5.02654824574 5.85692315984
-0.266666666667 5.23598775598 5.03722630428
-0.266666666667 5.44542726622 3.94983972626
-0.266666666667 5.65486677646 2.68967987324
-0.266666666667 5.8643062867 3.66667128079
-0.266666666667 6.07374579694 1.60532825269

-0.2 0 2.00828048417
-0.2 0.209439510239 2.55165246362
-0.2 0.418879020479 0.780195186005
-0.2 0.628318530718 0.254206025338
-0.2 0.837758040957 0.340931914197
-0.2 1.0471975512 0.713026847857
-0.2 1.25663706144 0.272690589815
-0.2 1.46607657168 1.38748348709
-0.2 1.67551608191 5.50062805571
-0.2 1.88495559215 19.0082846968
-0.2 2.09439510239 5.91053749003
-0.2 2.30383461263 1.47809379999
-0.2 2.51327412287 0.746829099502
-0.2 2.72271363311 0.227362176381
-0.2 2.93215314335 0.565652860721
-0.2 3.14159265359 0.171434666137
-0.2 3.35103216383 0.0448113696903
-0.2 3.56047167407 0.265277785706
-0.2 3.76991118431 0.402692322522
-0.2 3.97935069455 0.622832678908
-0.2 4.18879020479 1.38398876859
-0.2 4.39822971503 2.09132436001
-0.2 4.60766922527 3.23577341589
-0.2 4.8171087355 2.5771274395
-0.2 5.02654824574 5.80463979465
-0.2 5.23598775598 4.9766721433
-0.2 5.44542726622 3.91987052502
-0.2 5.65486677646 2.64587624111
-0.2 5.8643062867 3.68524076539
-0.2 6.07374579694 1.492506104

-0.133333333333 0 2.0694346071
-0.133333333333 0.209439510239 2.47152453071
-0.133333333333 0.418879020479 0.766931854885
-0.133333333333 0.628318530718 0.33200240081
-0.133333333333 0.837758040957 0.319435217744
-0.133333333333 1.0471975512 0.733864970578
-0.133333333333 1.25663706144 0.332790615728
-0.133333333333 1.46607657168 1.31951131533
-0.133333333333 1.67551608191 5.25280295542
-0.133333333333 1.88495559215 18.5941340572
-0.133333333333 2.09439510239 6.28004718235
-0.133333333333 2.30383461263 1.51686366599
-0.133333333333 2.51327412287 0.722498109703
-0.133333333333 2.72271363311 0.224240999087
-0.133333333333 2.93215314335 0.547206835736
-0.133333333333 3.14159265359 0.188148626837
-0.133333333333 3.35103216383 0.0397078504965
-0.133333333333 3.56047167407 0.301377170554
-0.133333333333 3.76991118431 0.44253065217
-0.133333333333 3.97935069455 0.715660883827
-0.133333333333 4.18879020479 1.45631846188
-0.133333333333 4.39822971503 2.01266694294
-0.133333333333 4.60766922527 3.24163921932
-0.133333333333 4.8171087355 2.55441192406
-0.133333333333 5.02654824574 5.73295643836
-0.133333333333 5.23598775598 4.94986203395
-0.133333333333 5.44542726622 3.90177686604
-0.133333333333 5.65486677646 2.60926202168
-0.133333333333 5.8643062867 3.69639897466
-0.133333333333 6.07374579694 1.41572914013

-0.0666666666667 0 2.10004553383
-0.0666666666667 0.209439510239 2.41027927214
-0.0666666666667 0.418879020479 0.810175617552
-0.0666666666667 0.628318530718 0.413794772467
-0.0666666666667 0.837758040957 0.323781519036
-0.0666666666667 1.0471975512 0.754531284129
-0.0666666666667 1.25663706144 0.383678894573
-0.0666666666667 1.46607657168 1.2744851025
-0.0666666666667 1.67551608191 5.052042293
-0.0666666666667 1.88495559215 18.2907178968
-0.0666666666667 2.09439510239 6.60850197889
-0.0666666666667 2.30383461263 1.52965046612
-0.0666666666667 2.51327412287 0.689028781802
-0.0666666666667 2.72271363311 0.23259748375
-0.0666666666667 2.93215314335 0.538893582481
-0.0666666666667 3.14159265359 0.198668970628
-0.0666666666667 3.35103216383 0.0412139934832
-0.0666666666667 3.56047167407 0.328370807129
-0.0666666666667 3.76991118431 0.488908215178
-0.0666666666667 3.97935069455 0.814312390224
-0.0666666666667 4.18879020479 1.52056131789
-0.0666666666667 4.39822971503 1.95429785854
-0.0666666666667 4.60766922527 3.23050328009
-0.0666666666667 4.8171087355 2.54105639062
-0.0666666666667 5.02654824574 5.65736604356
-0.0666666666667 5.23598775598 4.94692825505
-0.0666666666667 5.44542726622 3.89892921703
-0.0666666666667 5.65486677646 2.57634111807
-0.0666666666667 5.8643062867 3.70894380132
-0.0666666666667 6.07374579694 1.37231281067

6.12323399574e-17 0 2.10160144104
6.12323399574e-17 0.209439510239 2.37886263518
6.12323399574e-17 0.418879020479 0.886983699589
6.12323399574e-17 0.628318530718 0.487233911197
6.12323399574e-17 0.837758040957 0.353263468683
6.12323399574e-17 1.0471975512 0.791968998182
6.12323399574e-17 1.25663706144 0.414079707722
6.12323399574e-17 1.46607657168 1.25984590316
6.12323399574e-17 1.67551608191 4.87413860487
6.12323399574e-17 1.88495559215 18.0883232085
6.12323399574e-17 2.09439510239 6.90857954025
6.12323399574e-17 2.30383461263 1.51547554054
6.12323399574e-17 2.51327412287 0.647251434883
6.12323399574e-17 2.72271363311 0.253108299494
6.12323399574e-17 2.93215314335 0.540510499201
6.12323399574e-17 3.14159265359 0.203067400136
6.12323399574e-17 3.35103216383 0.0482212719339
6.12323399574e-17 3.56047167407 0.345613420594
6.12323399574e-17 3.76991118431 0.53926564771
6.12323399574e-17 3.97935069455 0.908424356638
6.12323399574e-17 4.18879020479 1.56358912817
6.12323399574e-17 4.39822971503 1.91107104499
6.12323399574e-17 4.60766922527 3.21484811664
6.12323399574e-17 4.8171087355 2.52663393041
6.12323399574e-17 5.02654824574 5.58732736178
6.12323399574e-17 5.23598775598 4.9606029752
6.12323399574e-17 5.44542726622 3.91447170744
6.12323399574e-17 5.65486677646 2.54510479884
6.12323399574e-17 5.8643062867 3.7273674866
6.12323399574e-17 6.07374579694 1.35935732216

0.0666666666667 0 2.08089478624
0.0666666666667 0.209439510239 2.37341034668
0.0666666666667 0.418879020479 0.987944265184
0.0666666666667 0.628318530718 0.558418034155
0.0666666666667 0.837758040957 0.411691110918
0.0666666666667 1.0471975512 0.853145290813
0.0666666666667 1.25663706144 0.413655168543
0.0666666666667 1.46607657168 1.28057172521
0.0666666666667 1.67551608191 4.70515810027
0.0666666666667 1.88495559215 17.9732383186
0.0666666666667 2.09439510239 7.19064371297
0.0666666666667 2.30383461263 1.47405421364
0.0666666666667 2.51327412287 0.59841935182
0.0666666666667 2.72271363311 0.287983336104
0.0666666666667 2.93215314335 0.550695683076
0.0666666666667 3.14159265359 0.200687830912
0.0666666666667 3.35103216383 0.0617375589483
0.0666666666667 3.56047167407 0.352342280834
0.0666666666667 3.76991118431 0.591794328013
0.0666666666667 3.97935069455 0.993386615283
0.0666666666667 4.18879020479 1.58071650769
0.0666666666667 4.39822971503 1.88114869531
0.0666666666667 4.60766922527 3.20042166692
0.0666666666667 4.8171087355 2.50551592074
0.0666666666667 5.02654824574 5.52827351737
0.0666666666667 5.23598775598 4.98582038605
0.0666666666667 5.44542726622 3.95148922619
0.0666666666667 5.65486677646 2.51480776986
0.0666666666667 5.8643062867 3.75245183214
0.0666666666667 6.07374579694 1.37552139123

0.133333333333 0 2.04873898309
0.133333333333 0.209439510239 2.38090497097
0.133333333333 0.418879020479 1.1109577384
0.133333333333 0.628318530718 0.643257466779
0.133333333333 0.837758040957 0.507156569509
0.133333333333 1.0471975512 0.930150749369
0.133333333333 1.25663706144 0.372665999952
0.133333333333 1.46607657168 1.33814270439
0.133333333333 1.67551608191 4.54180737708
0.133333333333 1.88495559215 17.9262484939
0.133333333333 2.09439510239 7.46354625049
0.133333333333 2.30383461263 1.40574482918
0.133333333333 2.51327412287 0.544528063022
0.133333333333 2.72271363311 0.340981780556
0.133333333333 2.93215314335 0.566347606689
0.133333333333 3.14159265359 0.190388768935
0.133333333333 3.35103216383 0.0848493307075
0.133333333333 3.56047167407 0.347989602698
0.133333333333 3.76991118431 0.643867611557
0.133333333333 3.97935069455 1.06634791255
0.133333333333 4.18879020479 1.57192877995
0.133333333333 4.39822971503 1.86679614462
0.133333333333 4.60766922527 3.18791533417
0.133333333333 4.8171087355 2.47505679064
0.133333333333 5.02654824574 5.48314216177
0.133333333333 5.23598775598 5.01923284722
0.133333333333 5.44542726622 4.01314484503
0.133333333333 5.65486677646 2.48605223869
0.133333333333 5.8643062867 3.78158731258
0.133333333333 6.07374579694 1.42139192623

0.2 0 2.02095093496
0.2 0.209439510239 2.383572942
0.2 0.418879020479 1.25109894804
0.2 0.628318530718 0.755584597212
0.2 0.837758040957 0.642411234701
0.2 1.0471975512 0.991781010278
0.2 1.25663706144 0.288273614474
0.2 1.46607657168 1.42508983715
0.2 1.67551608191 4.39658162316
0.2 1.88495559215 17.9182297952
0.2 2.09439510239 7.73575757902
0.2 2.30383461263 1.31162509733
0.2 2.51327412287 0.488813108335
0.2 2.72271363311 0.41712571946
0.2 2.93215314335 0.581623330626
0.2 3.14159265359 0.171720874429
0.2 3.35103216383 0.121580561074
0.2 3.56047167407 0.333985096764
0.2 3.76991118431 0.69105200161
0.2 3.97935069455 1.12379621943
0.2 4.18879020479 1.54024470921
0.2 4.39822971503 1.87341368375
0.2 4.60766922527 3.17432030426
0.2 4.8171087355 2.43443469541
0.2 5.02654824574 5.45323615058
0.2 5.23598775598 5.0588852171
0.2 5.44542726622 4.10274358648
0.2 5.65486677646 2.46119006618
0.2 5.8643062867 3.80887272366
0.2 6.07374579694 1.4989149805

0.266666666667 0 2.01961984898
0.266666666667 0.209439510239 2.36619326338
0.266666666667 0.418879020479 1.39005803736
0.266666666667 0.628318530718 0.890667939132
0.266666666667 0.837758040957 0.794719377996
0.266666666667 1.0471975512 0.977992438616
0.266666666667 1.25663706144 0.180610824449
0.266666666667 1.46607657168 1.51369195721
0.266666666667 1.67551608191 4.30698520731
0.266666666667 1.88495559215 17.9038107175
0.266666666667 2.09439510239 8.01661376667
0.266666666667 2.30383461263 1.19367171994
0.266666666667 2.51327412287 0.436501723538
0.266666666667 2.72271363311 0.521802746638
0.266666666667 2.93215314335 0.586812719447
0.266666666667 3.14159265359 0.147627224645
0.266666666667 3.35103216383 0.173486244465
0.266666666667 3.56047167407 0.317118908967
0.266666666667 3.76991118431 0.727331000726
0.266666666667 3.97935069455 1.16057076265
0.266666666667 4.18879020479 1.4914754956
0.266666666667 4.39822971503 1.9076727408
0.266666666667 4.60766922527 3.15410308762
0.266666666667 4.8171087355 2.38409474138
0.266666666667 5.02654824574 5.43833973259
0.266666666667 5.23598775598 5.10415263183
0.266666666667 5.44542726622 4.22368080982
0.266666666667 5.65486677646 2.44506602254
0.266666666667 5.8643062867 3.82529234542
0.266666666667 6.07374579694 1.6099525639

0.333333333333 0 2.07150121202
0.333333333333 0.209439510239 2.3311478706
0.333333333333 0.418879020479 1.49249957889
0.333333333333 0.628318530718 1.00752632153
0.333333333333 0.837758040957 0.894696074391
0.333333333333 1.0471975512 0.817576214901
0.333333333333 1.25663706144 0.114777888987
0.333333333333 1.46607657168 1.54122515157
0.333333333333 1.67551608191 4.34500395107
0.333333333333 1.88495559215 17.8151867572
0.333333333333 2.09439510239 8.31725089153
0.333333333333 2.30383461263 1.05501773655
0.333333333333 2.51327412287 0.395918887529
0.333333333333 2.72271363311 0.658711574748
0.333333333333 2.93215314335 0.568098737902
0.333333333333 3.14159265359 0.129120412291
0.333333333333 3.35103216383 0.23309610165
0.333333333333 3.56047167407 0.312245623718
0.333333333333 3.76991118431 0.746569479037
0.333333333333 3.97935069455 1.16931722842
0.333333333333 4.18879020479 1.43403049065
0.333333333333 4.39822971503 1.97572374976
0.333333333333 4.60766922527 3.11997974507
0.333333333333 4.8171087355 2.32609206121
0.333333333333 5.02654824574 5.43592998112
0.333333333333 5.23598775598 5.15600521699
0.333333333333 5.44542726622 4.37921598552
0.333333333333 5.65486677646 2.44612284477
0.333333333333 5.8643062867 3.81957028784
0.333333333333 6.07374579694 1.75377294571

0.4 0 2.19891197215
0.4 0.209439510239 2.3217297058
0.4 0.418879020479 1.52623366042
0.4 0.628318530718 1.0307986982
0.4 0.837758040957 0.838093189204
0.4 1.0471975512 0.498200877652
0.4 1.25663706144 0.2018544327
0.4 1.46607657168 1.407847194
0.4 1.67551608191 4.61439646399
0.4 1.88495559215 17.5614083249
0.4 2.09439510239 8.6501351092
0.4 2.30383461263 0.900258178381
0.4 2.51327412287 0.380047537736
0.4 2.72271363311 0.825848654489
0.4 2.93215314335 0.510687298749
0.4 3.14159265359 0.140680181741
0.4 3.35103216383 0.277322668528
0.4 3.56047167407 0.337578780657
0.4 3.76991118431 0.744772695351
0.4 3.97935069455 1.14078589841
0.4 4.18879020479 1.37950985394
0.4 4.39822971503 2.08344102188
0.4 4.60766922527 3.06188483308
0.4 4.8171087355 2.26622331586
0.4 5.02654824574 5.43919593249
0.4 5.23598775598 5.2176320327
0.4 5.44542726622 4.57198034793
0.4 5.65486677646 2.47785077108
0.4 5.8643062867 3.78073900186
0.4 6.07374579694 1.92328752027

0.466666666667 0 2.39900943293
0.466666666667 0.209439510239 2.43847301238
0.466666666667 0.418879020479 1.52672188026
0.466666666667 0.628318530718 0.917008776078
0.466666666667 0.837758040957 0.585827353737
0.466666666667 1.0471975512 0.180752580709
0.466666666667 1.25663706144 0.518975086109
0.466666666667 1.46607657168 1.03033111189
0.466666666667 1.67551608191 5.20979435165
0.466666666667 1.88495559215 17.0444605322
0.466666666667 2.09439510239 9.02456043831
0.466666666667 2.30383461263 0.735801463468
0.466666666667 2.51327412287 0.408506637506
0.466666666667 2.72271363311 1.00870757112
0.466666666667 2.93215314335 0.41010696049
0.466666666667 3.14159265359 0.219672535456
0.466666666667 3.35103216383 0.275042849636
0.466666666667 3.56047167407 0.394822488392
0.466666666667 3.76991118431 0.723148335418
0.466666666667 3.97935069455 1.07115083189
0.466666666667 4.18879020479 1.34970482962
0.466666666667 4.39822971503 2.23963748416
0.466666666667 4.60766922527 2.96160507743
0.466666666667 4.8171087355 2.21926004608
0.466666666667 5.02654824574 5.43366282104
0.466666666667 5.23598775598 5.29537895216
0.466666666667 5.44542726622 4.8030699597
0.466666666667 5.65486677646 2.56043414488
0.466666666667 5.8643062867 3.70405969064
0.466666666667 6.07374579694 2.10043055879

0.533333333333 0 2.61512559571
0.533333333333 0.209439510239 2.80311538463
0.533333333333 0.418879020479 1.6873538219
0.533333333333 0.628318530718 0.813237177868
0.533333333333 0.837758040957 0.352980458456
0.533333333333 1.0471975512 0.220578902271
0.533333333333 1.25663706144 0.915798575969
0.533333333333 1.46607657168 0.512552343617
0.533333333333 1.67551608191 6.10944398765
0.533333333333 1.88495559215 16.209569112
0.533333333333 2.09439510239 9.43226427707
0.533333333333 2.30383461263 0.570392247751
0.533333333333 2.51327412287 0.509298806943
0.533333333333 2.72271363311 1.17087902121
0.533333333333 2.93215314335 0.29792025549
0.533333333333 3.14159265359 0.393596729125
0.533333333333 3.35103216383 0.233947032014
0.533333333333 3.56047167407 0.449131935269
0.533333333333 3.76991118431 0.693899522461
0.533333333333 3.97935069455 0.98846383094
0.533333333333 4.18879020479 1.39684066345
0.533333333333 4.39822971503 2.45342832915
0.533333333333 4.60766922527 2.78330985985
0.533333333333 4.8171087355 2.21732990245
0.533333333333 5.02654824574 5.3929948629
0.533333333333 5.23598775598 5.39971057481
0.533333333333 5.44542726622 5.07048208266
0.533333333333 5.65486677646 2.72213309265
0.533333333333 5.8643062867 3.60248518896
0.533333333333 6.07374579694 2.25303828034

0.6 0 2.72442420361
0.6 0.209439510239 3.4092737392
0.6 0.418879020479 2.32848568536
0.6 0.628318530718 1.16954960682
0.6 0.837758040957 0.65614043689
0.6 1.0471975512 0.83207879022
0.6 1.25663706144 0.913957344963
0.6 1.46607657168 0.406044336632
0.6 1.67551608191 7.03441087356
0.6 1.88495559215 15.1366627719
0.6 2.09439510239 9.8114315726
0.6 2.30383461263 0.416456685993
0.6 2.51327412287 0.717607228832
0.6 2.72271363311 1.24652281889
0.6 2.93215314335 0.280089256955
0.6 3.14159265359 0.621948561405
0.6 3.35103216383 0.278162130203
0.6 3.56047167407 0.477809202006
0.6 3.76991118431 0.701107417079
0.6 3.97935069455 0.998143911924
0.6 4.18879020479 1.6199539427
0.6 4.39822971503 2.69555635559
0.6 4.60766922527 2.47500055237
0.6 4.8171087355 2.31494089773
0.6 5.02654824574 5.27701127046
0.6 5.23598775598 5.54527446726
0.6 5.44542726622 5.36648701119
0.6 5.65486677646 2.99925346876
0.6 5.8643062867 3.52561910777
0.6 6.07374579694 2.34059356526

0.666666666667 0 2.59135089964
0.666666666667 0.209439510239 3.90984498569
0.666666666667 0.418879020479 3.47712167708
0.666666666667 0.628318530718 2.34873553619
0.666666666667 0.837758040957 1.73280476196
0.666666666667 1.0471975512 1.46379082204
0.666666666667 1.25663706144 0.327522053763
0.666666666667 1.46607657168 1.72750135462
0.666666666667 1.67551608191 7.48525953906
0.666666666667 1.88495559215 14.0995943359
0.666666666667 2.09439510239 9.97139322985
0.666666666667 2.30383461263 0.294466862414
0.666666666667 2.51327412287 1.06327806012
0.666666666667 2.72271363311 1.15132353928
0.666666666667 2.93215314335 0.543230971217
0.666666666667 3.14159265359 0.76412391409
0.666666666667 3.35103216383 0.603756580971
0.666666666667 3.56047167407 0.616675712033
0.666666666667 3.76991118431 0.875036377481
0.666666666667 3.97935069455 1.2876388867
0.666666666667 4.18879020479 2.08267530087
0.666666666667 4.39822971503 2.80098600896
0.666666666667 4.60766922527 2.02529948645
0.666666666667 4.8171087355 2.56793004913
0.666666666667 5.02654824574 5.04064555293
0.666666666667 5.23598775598 5.74767108935
0.666666666667 5.44542726622 5.67321983345
0.666666666667 5.65486677646 3.43212221872
0.666666666667 5.8643062867 3.58486815236
0.666666666667 6.07374579694 2.34676444887

0.733333333333 0 2.22296805448
0.733333333333 0.209439510239 3.73808959258
0.733333333333 0.418879020479 4.26971542267
0.733333333333 0.628318530718 3.5903247715
0.733333333333 0.837758040957 2.60452541673
0.733333333333 1.0471975512 1.32171545098
0.733333333333 1.25663706144 0.821993087674
0.733333333333 1.46607657168 5.15323069647
0.733333333333 1.67551608191 7.26034153957
0.733333333333 1.88495559215 13.3086979251
0.733333333333 2.09439510239 9.48457004133
0.733333333333 2.30383461263 0.245066100613
0.733333333333 2.51327412287 1.52870092545
0.733333333333 2.72271363311 0.851126866422
0.733333333333 2.93215314335 1.18050511532
0.733333333333 3.14159265359 0.790812286341
0.733333333333 3.35103216383 1.10279436028
0.733333333333 3.56047167407 1.08958445748
0.733333333333 3.76991118431 1.36769625797
0.733333333333 3.97935069455 1.88609013755
0.733333333333 4.18879020479 2.50860956785
0.733333333333 4.39822971503 2.45386155032
0.733333333333 4.60766922527 1.61487699449
0.733333333333 4.8171087355 2.94626355629
0.733333333333 5.02654824574 4.67220162515
0.733333333333 5.23598775598 6.01128267322
0.733333333333 5.44542726622 5.9550971672
0.733333333333 5.65486677646 4.05144848201
0.733333333333 5.8643062867 3.97126690479
0.733333333333 6.07374579694 2.37264201536

0.8 0 1.95971242728
0.8 0.209439510239 3.01125921577
0.8 0.418879020479 3.93849470339
0.8 0.628318530718 3.76787297742
0.8 0.837758040957 2.93140037786
0.8 1.0471975512 2.69904031559
0.8 1.25663706144 5.57724018582
0.8 1.46607657168 9.24223891144
0.8 1.67551608191 6.85818157533
0.8 1.88495559215 12.0623992115
0.8 2.09439510239 7.74491125349
0.8 2.30383461263 0.346469904191
0.8 2.51327412287 1.96733279821
0.8 2.72271363311 0.524008253458
0.8 2.93215314335 1.72249864518
0.8 3.14159265359 1.15231964261
0.8 3.35103216383 1.29756933053
0.8 3.56047167407 1.55827406102
0.8 3.76991118431 1.83232267501
0.8 3.97935069455 2.15704624
0.8 4.18879020479 2.19846617571
0.8 4.39822971503 1.68178536628
0.8 4.60766922527 1.67315660919
0.8 4.8171087355 3.18971911889
0.8 5.02654824574 4.284001555
0.8 5.23598775598 6.29555098244
0.8 5.44542726622 6.14490067607
0.8 5.65486677646 4.84267953886
0.8 5.8643062867 4.91687626174
0.8 6.07374579694 2.824252821

0.866666666667 0 2.64905749127
0.866666666667 0.209439510239 2.95616730469
0.866666666667 0.418879020479 4.22916273489
0.866666666667 0.628318530718 5.35849232965
0.866666666667 0.837758040957 6.65588008524
0.866666666667 1.0471975512 9.01312977215
0.866666666667 1.25663706144 11.3502129666
0.866666666667 1.46607657168 9.24063436864
0.866666666667 1.67551608191 5.93996171863
0.866666666667 1.88495559215 8.7888054397
0.866666666667 2.09439510239 4.84064382974
0.866666666667 2.30383461263 0.676539333161
0.866666666667 2.51327412287 2.0916612425
0.866666666667 2.72271363311 0.654039662244
0.866666666667 2.93215314335 1.2123372384
0.866666666667 3.14159265359 1.74667173441
0.866666666667 3.35103216383 1.56341824796
0.866666666667 3.56047167407 1.55590415578
0.866666666667 3.76991118431 1.62095910017
0.866666666667 3.97935069455 1.61172387933
0.866666666667 4.18879020479 1.48524605854
0.866666666667 4.39822971503 1.52700894484
0.866666666667 4.60766922527 2.13979201584
0.866666666667 4.8171087355 2.92777973023
0.866666666667 5.02654824574 4.22133427269
0.866666666667 5.23598775598 6.43171899697
0.866666666667 5.44542726622 6.11431193982
0.866666666667 5.65486677646 5.65827815645
0.866666666667 5.8643062867 6.46003300736
0.866666666667 6.07374579694 4.57105191768

0.933333333333 0 6.20258382781
0.933333333333 0.209439510239 4.81222821137
0.933333333333 0.418879020479 4.85947291753
0.933333333333 0.628318530718 5.90674807006
0.933333333333 0.837758040957 7.03694201396
0.933333333333 1.0471975512 7.29390640248
0.933333333333 1.25663706144 6.08698215962
0.933333333333 1.46607657168 4.50853540877
0.933333333333 1.67551608191 4.68797881157
0.933333333333 1.88495559215 5.01682540605
0.933333333333 2.09439510239 2.73402494549
0.933333333333 2.30383461263 1.17067918671
0.933333333333 2.51327412287 1.78661920187
0.933333333333 2.72271363311 1.48149536454
0.933333333333 2.93215314335 0.697138229036
0.933333333333 3.14159265359 0.746933834457
0.933333333333 3.35103216383 1.12198839201
0.933333333333 3.56047167407 1.34810239902
0.933333333333 3.76991118431 1.42214686404
0.933333333333 3.97935069455 1.43044021426
0.933333333333 4.18879020479 1.44884785329
0.933333333333 4.39822971503 1.55484172233
0.933333333333 4.60766922527 1.9205077569
0.933333333333 4.8171087355 2.97047745332
0.933333333333 5.02654824574 4.7759474054
0.933333333333 5.23598775598 5.92129364066
0.933333333333 5.44542726622 5.58743866424
0.933333333333 5.65486677646 5.98002325678
0.933333333333 5.8643062867 7.65547245273
0.933333333333 6.07374579694 7.87731149856

