-1 0 0.196850052438
-1 0.209439510239 0.196850052438
-1 0.418879020479 0.196850052438
-1 0.628318530718 0.196850052438
-1 0.837758040957 0.196850052438
-1 1.0471975512 0.196850052438
-1 1.25663706144 0.196850052438
-1 1.46607657168 0.196850052438
-1 1.67551608191 0.196850052438
-1 1.88495559215 0.196850052438
-1 2.09439510239 0.196850052438
-1 2.30383461263 0.196850052438
-1 2.51327412287 0.196850052438
-1 2.72271363311 0.196850052438
-1 2.93215314335 0.196850052438
-1 3.14159265359 0.196850052438
-1 3.35103216383 0.196850052438
-1 3.56047167407 0.196850052438
-1 3.76991118431 0.196850052438
-1 3.97935069455 0.196850052438
-1 4.18879020479 0.196850052438
-1 4.39822971503 0.196850052438
-1 4.60766922527 0.196850052438
-1 4.8171087355 0.196850052438
-1 5.02654824574 0.196850052438
-1 5.23598775598 0.196850052438
-1 5.44542726622 0.196850052438
-1 5.65486677646 0.196850052438
-1 5.8643062867 0.196850052438
-1 6.07374579694 0.196850052438

-0.933333333333 0 0.075415671004
-0.933333333333 0.209439510239 0.223782881589
-0.933333333333 0.418879020479 0.300943441155
-0.933333333333 0.628318530718 0.311823245142
-0.933333333333 0.837758040957 0.299329861398
-0.933333333333 1.0471975512 0.267557870025
-0.933333333333 1.25663706144 0.197386301056
-0.933333333333 1.46607657168 0.0860588136086
-0.933333333333 1.67551608191 0.00724789719795
-0.933333333333 1.88495559215 0.0731961606419
-0.933333333333 2.09439510239 0.234964710776
-0.933333333333 2.30383461263 0.258345696261
-0.933333333333 2.51327412287 0.110951713311
-0.933333333333 2.72271363311 0.0799788031502
-0.933333333333 2.93215314335 0.137643307273
-0.933333333333 3.14159265359 0.169768376133
-0.933333333333 3.35103216383 0.0750382681221
-0.933333333333 3.56047167407 0.11067447337
-0.933333333333 3.76991118431 0.201954784916
-0.933333333333 3.97935069455 0.257644382854
-0.933333333333 4.18879020479 0.291133337336
-0.933333333333 4.39822971503 0.347661661596
-0.933333333333 4.60766922527 0.222181682464
-0.933333333333 4.8171087355 0.319526768423
-0.933333333333 5.02654824574 0.252879887765
-0.933333333333 5.23598775598 0.140079458388
-0.933333333333 5.44542726622 0.100337094572
-0.933333333333 5.65486677646 0.198156175234
-0.933333333333 5.8643062867 0.154508172644
-0.933333333333 6.07374579694 0.0337957634665

-0.866666666667 0 0.389766105365
-0.866666666667 0.209439510239 0.345514278974
-0.866666666667 0.418879020479 0.257919393142
-0.866666666667 0.628318530718 0.243143486316
-0.866666666667 0.837758040957 0.266641999416
-0.866666666667 1.0471975512 0.302395823499
-0.866666666667 1.25663706144 0.32623008746
-0.866666666667 1.46607657168 0.281753216962
-0.866666666667 1.67551608191 0.135761515488
-0.866666666667 1.88495559215 0.0111556736772
-0.866666666667 2.09439510239 0.11328877043
-0.866666666667 2.30383461263 0.220444213273
-0.866666666667 2.51327412287 0.115746653984
-0.866666666667 2.72271363311 0.16908848371
-0.866666666667 2.93215314335 0.134273182088
-0.866666666667 3.14159265359 0.0630753353154
-0.866666666667 3.35103216383 0.185199916083
-0.866666666667 3.56047167407 0.269563314461
-0.866666666667 3.76991118431 0.341974781356
-0.866666666667 3.97935069455 0.480113842508
-0.866666666667 4.18879020479 0.492764879833
-0.866666666667 4.39822971503 0.414132151699
-0.866666666667 4.60766922527 0.456597982409
-0.866666666667 4.8171087355 0.441742889125
-0.866666666667 5.02654824574 0.0562673273449
-0.866666666667 5.23598775598 0.281013552942
-0.866666666667 5.44542726622 0.0851694130162
-0.866666666667 5.65486677646 0.130304443494
-0.866666666667 5.8643062867 0.0662209776351
-0.866666666667 6.07374579694 0.152166392746

-0.8 0 0.357045130053
-0.8 0.209439510239 0.220901180577
-0.8 0.418879020479 0.208749998638
-0.8 0.628318530718 0.188400616126
-0.8 0.837758040957 0.18000159595
-0.8 1.0471975512 0.216493752412
-0.8 1.25663706144 0.303811187674
-0.8 1.46607657168 0.354826328442
-0.8 1.67551608191 0.229462847883
-0.8 1.88495559215 0.0442448794823
-0.8 2.09439510239 0.0573189200958
-0.8 2.30383461263 0.176430406235
-0.8 2.51327412287 0.134535943756
-0.8 2.72271363311 0.210113900983
-0.8 2.93215314335 0.0625232506105
-0.8 3.14159265359 0.147998395254
-0.8 3.35103216383 0.196784465485
-0.8 3.56047167407 0.187382778464
-0.8 3.76991118431 0.354773327092
-0.8 3.97935069455 0.46209003436
-0.8 4.18879020479 0.516259390319
-0.8 4.39822971503 0.394939821804
-0.8 4.60766922527 0.360894254749
-0.8 4.8171087355 0.480238804215
-0.8 5.02654824574 0.161218608674
-0.8 5.23598775598 0.0860460065917
-0.8 5.44542726622 0.0584515942507
-0.8 5.65486677646 0.121266471465
-0.8 5.8643062867 0.0768611779133
-0.8 6.07374579694 0.321773700122

-0.733333333333 0 0.256726702788
-0.733333333333 0.209439510239 0.297380776174
-0.733333333333 0.418879020479 0.201027201216
-0.733333333333 0.628318530718 0.106359289395
-0.733333333333 0.837758040957 0.0783498698869
-0.733333333333 1.0471975512 0.0978660522902
-0.733333333333 1.25663706144 0.190413764676
-0.733333333333 1.46607657168 0.353207932761
-0.733333333333 1.67551608191 0.312321241034
-0.733333333333 1.88495559215 0.0712305912095
-0.733333333333 2.09439510239 0.0389940671045
-0.733333333333 2.30383461263 0.139863412568
-0.733333333333 2.51327412287 0.153036544383
-0.733333333333 2.72271363311 0.200027355827
-0.733333333333 2.93215314335 0.078554282863
-0.733333333333 3.14159265359 0.17479897471
-0.733333333333 3.35103216383 0.126932586831
-0.733333333333 3.56047167407 0.315386448429
-0.733333333333 3.76991118431 0.431573567672
-0.733333333333 3.97935069455 0.493507797601
-0.733333333333 4.18879020479 0.542476314908
-0.733333333333 4.39822971503 0.823146667234
-0.733333333333 4.60766922527 0.304208402805
-0.733333333333 4.8171087355 0.177135107452
-0.733333333333 5.02654824574 0.17167149933
-0.733333333333 5.23598775598 0.0247945135332
-0.733333333333 5.44542726622 0.0392758202387
-0.733333333333 5.65486677646 0.1513119533
-0.733333333333 5.8643062867 0.110773169365
-0.733333333333 6.07374579694 0.354937859207

-0.666666666667 0 0.305501522179
-0.666666666667 0.209439510239 0.37130631522
-0.666666666667 0.418879020479 0.142327772393
-0.666666666667 0.628318530718 0.0774947592833
-0.666666666667 0.837758040957 0.0550403034904
-0.666666666667 1.0471975512 0.0612944919396
-0.666666666667 1.25663706144 0.114536746756
-0.666666666667 1.46607657168 0.286995751505
-0.666666666667 1.67551608191 0.383569048809
-0.666666666667 1.88495559215 0.0957826315306
-0.666666666667 2.09439510239 0.0358848061699
-0.666666666667 2.30383461263 0.112899999615
-0.666666666667 2.51327412287 0.166162878613
-0.666666666667 2.72271363311 0.17320354426
-0.666666666667 2.93215314335 0.115539482657
-0.666666666667 3.14159265359 0.133302775847
-0.666666666667 3.35103216383 0.196987957833
-0.666666666667 3.56047167407 0.357220125234
-0.666666666667 3.76991118431 0.45574043026
-0.666666666667 3.97935069455 0.656803725497
-0.666666666667 4.18879020479 0.604060960321
-0.666666666667 4.39822971503 0.418139349373
-0.666666666667 4.60766922527 0.460093773653
-0.666666666667 4.8171087355 0.211150552996
-0.666666666667 5.02654824574 0.0972694890256
-0.666666666667 5.23598775598 0.0498546790523
-0.666666666667 5.44542726622 0.0464905326693
-0.666666666667 5.65486677646 0.185061634278
-0.666666666667 5.8643062867 0.123678337344
-0.666666666667 6.07374579694 0.309140545688

-0.6 0 0.409539926207
-0.6 0.209439510239 0.333779251582
-0.6 0.418879020479 0.102288204438
-0.6 0.628318530718 0.087477562259
-0.6 0.837758040957 0.0534886357548
-0.6 1.0471975512 0.0522261838959
-0.6 1.25663706144 0.0936294566237
-0.6 1.46607657168 0.221870578408
-0.6 1.67551608191 0.418120874175
-0.6 1.88495559215 0.129401570487
-0.6 2.09439510239 0.0362315464795
-0.6 2.30383461263 0.0943790668118
-0.6 2.51327412287 0.173237588772
-0.6 2.72271363311 0.148962344739
-0.6 2.93215314335 0.143860176687
-0.6 3.14159265359 0.0970431862379
-0.6 3.35103216383 0.245548386021
-0.6 3.56047167407 0.337135572411
-0.6 3.76991118431 0.424670562582
-0.6 3.97935069455 0.535501801113
-0.6 4.18879020479 0.42033754113
-0.6 4.39822971503 0.475834669697
-0.6 4.60766922527 0.312344062006
-0.6 4.8171087355 0.205570611774
-0.6 5.02654824574 0.0698965682807
-0.6 5.23598775598 0.0632143572139
-0.6 5.44542726622 0.0704036687224
-0.6 5.65486677646 0.205379326708
-0.6 5.8643062867 0.119509622898
-0.6 6.07374579694 0.250323940856

-0.533333333333 0 0.468738773556
-0.533333333333 0.209439510239 0.233590970265
-0.533333333333 0.418879020479 0.0810416098478
-0.533333333333 0.628318530718 0.0733992387675
-0.533333333333 0.837758040957 0.0378755404734
-0.533333333333 1.0471975512 0.0329034176093
-0.533333333333 1.25663706144 0.0786028569437
-0.533333333333 1.46607657168 0.182397660755
-0.533333333333 1.67551608191 0.417638978648
-0.533333333333 1.88495559215 0.172319961392
-0.533333333333 2.09439510239 0.0356478774836
-0.533333333333 2.30383461263 0.0824135103059
-0.533333333333 2.51327412287 0.175393379019
-0.533333333333 2.72271363311 0.132586649324
-0.533333333333 2.93215314335 0.157197909235
-0.533333333333 3.14159265359 0.0985252699356
-0.533333333333 3.35103216383 0.260582195628
-0.533333333333 3.56047167407 0.317642906681
-0.533333333333 3.76991118431 0.505626912335
-0.533333333333 3.97935069455 0.649858857243
-0.533333333333 4.18879020479 0.610137302769
-0.533333333333 4.39822971503 0.347642766224
-0.533333333333 4.60766922527 0.225776397308
-0.533333333333 4.8171087355 0.204221137325
-0.533333333333 5.02654824574 0.0884791618505
-0.533333333333 5.23598775598 0.0658377340916
-0.533333333333 5.44542726622 0.0998878364486
-0.533333333333 5.65486677646 0.211438833229
-0.533333333333 5.8643062867 0.108288468794
-0.533333333333 6.07374579694 0.2154533275

-0.466666666667 0 0.474016298646
-0.466666666667 0.209439510239 0.142274099542
-0.466666666667 0.418879020479 0.0562404984345
-0.466666666667 0.628318530718 0.0446022948744
-0.466666666667 0.837758040957 0.0251656403402
-0.466666666667 1.0471975512 0.0156155298398
-0.466666666667 1.25663706144 0.0542975650871
-0.466666666667 1.46607657168 0.158947262596
-0.466666666667 1.67551608191 0.397944694119
-0.466666666667 1.88495559215 0.218402606675
-0.466666666667 2.09439510239 0.0334981012916
-0.466666666667 2.30383461263 0.0752262269019
-0.466666666667 2.51327412287 0.174178376786
-0.466666666667 2.72271363311 0.123383057993
-0.466666666667 2.93215314335 0.159470356848
-0.466666666667 3.14159265359 0.116850309175
-0.466666666667 3.35103216383 0.255552306111
-0.466666666667 3.56047167407 0.352932049701
-0.466666666667 3.76991118431 0.518327904556
-0.466666666667 3.97935069455 0.64318505596
-0.466666666667 4.18879020479 0.87780578608
-0.466666666667 4.39822971503 0.399620751438
-0.466666666667 4.60766922527 0.290948651307
-0.466666666667 4.8171087355 0.192584356365
-0.466666666667 5.02654824574 0.112749510878
-0.466666666667 5.23598775598 0.063923550416
-0.466666666667 5.44542726622 0.128656604498
-0.466666666667 5.65486677646 0.207918723826
-0.466666666667 5.8643062867 0.095179109638
-0.466666666667 6.07374579694 0.202051064932

-0.4 0 0.448554908782
-0.4 0.209439510239 0.0888905511299
-0.4 0.418879020479 0.0294484556777
-0.4 0.628318530718 0.0280547560635
-0.4 0.837758040957 0.0252618615901
-0.4 1.0471975512 0.0106327905687
-0.4 1.25663706144 0.0315093228371
-0.4 1.46607657168 0.139174521851
-0.4 1.67551608191 0.372231644488
-0.4 1.88495559215 0.260904188063
-0.4 2.09439510239 0.0304185025806
-0.4 2.30383461263 0.0713777939352
-0.4 2.51327412287 0.170962360813
-0.4 2.72271363311 0.119120095975
-0.4 2.93215314335 0.15632354287
-0.4 3.14159265359 0.134593876166
-0.4 3.35103216383 0.243070394515
-0.4 3.56047167407 0.373197766051
-0.4 3.76991118431 0.506345708746
-0.4 3.97935069455 0.580307766173
-0.4 4.18879020479 0.539718114532
-0.4 4.39822971503 0.476098885877
-0.4 4.60766922527 0.307798101856
-0.4 4.8171087355 0.167475299479
-0.4 5.02654824574 0.131030355649
-0.4 5.23598775598 0.0612231857855
-0.4 5.44542726622 0.153812341852
-0.4 5.65486677646 0.199325343412
-0.4 5.8643062867 0.0824032949065
-0.4 6.07374579694 0.197997360249

-0.333333333333 0 0.416048357463
-0.333333333333 0.209439510239 0.066777446294
-0.333333333333 0.418879020479 0.0116448753299
-0.333333333333 0.628318530718 0.0335929588994
-0.333333333333 0.837758040957 0.033638442081
-0.333333333333 1.0471975512 0.0152818194725
-0.333333333333 1.25663706144 0.0185936595416
-0.333333333333 1.46607657168 0.119604046211
-0.333333333333 1.67551608191 0.347557733905
-0.333333333333 1.88495559215 0.295462608287
-0.333333333333 2.09439510239 0.0271292352613
-0.333333333333 2.30383461263 0.0697843352491
-0.333333333333 2.51327412287 0.166767196115
-0.333333333333 2.72271363311 0.1177397196
-0.333333333333 2.93215314335 0.151539920271
-0.333333333333 3.14159265359 0.146744679239
-0.333333333333 3.35103216383 0.235888618693
-0.333333333333 3.56047167407 0.372538247018
-0.333333333333 3.76991118431 0.535663095619
-0.333333333333 3.97935069455 0.629557124014
-0.333333333333 4.18879020479 0.511856928442
-0.333333333333 4.39822971503 0.462846267142
-0.333333333333 4.60766922527 0.302496707689
-0.333333333333 4.8171087355 0.145586226625
-0.333333333333 5.02654824574 0.143691268552
-0.333333333333 5.23598775598 0.0594069598692
-0.333333333333 5.44542726622 0.174334670733
-0.333333333333 5.65486677646 0.188696444432
-0.333333333333 5.8643062867 0.0709071570456
-0.333333333333 6.07374579694 0.196235385767

-0.266666666667 0 0.389818387586
-0.266666666667 0.209439510239 0.0617853332328
-0.266666666667 0.418879020479 0.00804358253269
-0.266666666667 0.628318530718 0.0549347859693
-0.266666666667 0.837758040957 0.042690648752
-0.266666666667 1.0471975512 0.0233116058534
-0.266666666667 1.25663706144 0.0155063533398
-0.266666666667 1.46607657168 0.102289682751
-0.266666666667 1.67551608191 0.326674720567
-0.266666666667 1.88495559215 0.320546701831
-0.266666666667 2.09439510239 0.0240706510659
-0.266666666667 2.30383461263 0.0696694280361
-0.266666666667 2.51327412287 0.16227802194
-0.266666666667 2.72271363311 0.117801892488
-0.266666666667 2.93215314335 0.147199054553
-0.266666666667 3.14159265359 0.153883444058
-0.266666666667 3.35103216383 0.235964796734
-0.266666666667 3.56047167407 0.370500495704
-0.266666666667 3.76991118431 0.5703722496
-0.266666666667 3.97935069455 0.691818271452
-0.266666666667 4.18879020479 0.576637474757
-0.266666666667 4.39822971503 0.3488241419
-0.266666666667 4.60766922527 0.298306667038
-0.266666666667 4.8171087355 0.137127004845
-0.266666666667 5.02654824574 0.152509655691
-0.266666666667 5.23598775598 0.0589091694052
-0.266666666667 5.44542726622 0.19018169027
-0.266666666667 5.65486677646 0.177813767942
-0.266666666667 5.8643062867 0.0610076796518
-0.266666666667 6.07374579694 0.194460860666

-0.2 0 0.373510606103
-0.2 0.209439510239 0.0644837332994
-0.2 0.418879020479 0.0159263051167
-0.2 0.628318530718 0.0800673469165
-0.2 0.837758040957 0.0479000210785
-0.2 1.0471975512 0.0307451640626
-0.2 1.25663706144 0.0182363065635
-0.2 1.46607657168 0.0897011772964
-0.2 1.67551608191 0.310215789523
-0.2 1.88495559215 0.336591735546
-0.2 2.09439510239 0.0214043925963
-0.2 2.30383461263 0.0705018225996
-0.2 2.51327412287 0.157911608061
-0.2 2.72271363311 0.118467857864
-0.2 2.93215314335 0.144257698899
-0.2 3.14159265359 0.157686840128
-0.2 3.35103216383 0.239572362194
-0.2 3.56047167407 0.380254306998
-0.2 3.76991118431 0.588097423955
-0.2 3.97935069455 0.78148610133
-0.2 4.18879020479 0.613206944039
-0.2 4.39822971503 0.288575551676
-0.2 4.60766922527 0.296184006668
-0.2 4.8171087355 0.139173818723
-0.2 5.02654824574 0.158740094477
-0.2 5.23598775598 0.0595844611476
-0.2 5.44542726622 0.201776107123
-0.2 5.65486677646 0.167645974825
-0.2 5.8643062867 0.052664038535
-0.2 6.07374579694 0.192483038481

-0.133333333333 0 0.365609324693
-0.133333333333 0.209439510239 0.0707769663065
-0.133333333333 0.418879020479 0.0290805946642
-0.133333333333 0.628318530718 0.100196763456
-0.133333333333 0.837758040957 0.0485732589174
-0.133333333333 1.0471975512 0.0364170189168
-0.133333333333 1.25663706144 0.022765966492
-0.133333333333 1.46607657168 0.0827786609308
-0.133333333333 1.67551608191 0.298062087945
-0.133333333333 1.88495559215 0.344926133822
-0.133333333333 2.09439510239 0.0191195194722
-0.133333333333 2.30383461263 0.0719378277004
-0.133333333333 2.51327412287 0.153890253177
-0.133333333333 2.72271363311 0.119363679988
-0.133333333333 2.93215314335 0.142968656507
-0.133333333333 3.14159265359 0.159233708955
-0.133333333333 3.35103216383 0.244073406231
-0.133333333333 3.56047167407 0.39602237948
-0.133333333333 3.76991118431 0.586912527864
-0.133333333333 3.97935069455 0.967533162189
-0.133333333333 4.18879020479 0.629013229868
-0.133333333333 4.39822971503 0.304557201284
-0.133333333333 4.60766922527 0.292813795518
-0.133333333333 4.8171087355 0.145422402208
-0.133333333333 5.02654824574 0.163245728635
-0.133333333333 5.23598775598 0.0611118361823
-0.133333333333 5.44542726622 0.209710242796
-0.133333333333 5.65486677646 0.158692614522
-0.133333333333 5.8643062867 0.0456467850089
-0.133333333333 6.07374579694 0.190730304704

-0.0666666666667 0 0.362840548808
-0.0666666666667 0.209439510239 0.0797272682085
-0.0666666666667 0.418879020479 0.0421199233262
-0.0666666666667 0.628318530718 0.112271515763
-0.0666666666667 0.837758040957 0.0463261587257
-0.0666666666667 1.0471975512 0.0407379915581
-0.0666666666667 1.25663706144 0.0265061807889
-0.0666666666667 1.46607657168 0.0812021626358
-0.0666666666667 1.67551608191 0.289949805272
-0.0666666666667 1.88495559215 0.347004345059
-0.0666666666667 2.09439510239 0.0171378332682
-0.0666666666667 2.30383461263 0.0737734586415
-0.0666666666667 2.51327412287 0.150304765183
-0.0666666666667 2.72271363311 0.120446981365
-0.0666666666667 2.93215314335 0.143175624257
-0.0666666666667 3.14159265359 0.158945463517
-0.0666666666667 3.35103216383 0.249287837522
-0.0666666666667 3.56047167407 0.40876940458
-0.0666666666667 3.76991118431 0.576191031301
-0.0666666666667 3.97935069455 0.935137177778
-0.0666666666667 4.18879020479 0.630092856021
-0.0666666666667 4.39822971503 0.328934631204
-0.0666666666667 4.60766922527 0.288158550154
-0.0666666666667 4.8171087355 0.15160646694
-0.0666666666667 5.02654824574 0.166702289652
-0.0666666666667 5.23598775598 0.063199271469
-0.0666666666667 5.44542726622 0.214581103117
-0.0666666666667 5.65486677646 0.151201569411
-0.0666666666667 5.8643062867 0.039659011617
-0.0666666666667 6.07374579694 0.189724397893

6.12323399574e-17 0 0.361661614883
6.12323399574e-17 0.209439510239 0.0918067447944
6.12323399574e-17 0.418879020479 0.0521326258797
6.12323399574e-17 0.628318530718 0.117202508558
6.12323399574e-17 0.837758040957 0.0437109618754
6.12323399574e-17 1.0471975512 0.0446658902447
6.12323399574e-17 1.25663706144 0.0282173818596
6.12323399574e-17 1.46607657168 0.0842115039047
6.12323399574e-17 1.67551608191 0.285633609808
6.12323399574e-17 1.88495559215 0.344010752984
6.12323399574e-17 2.09439510239 0.0153897920445
6.12323399574e-17 2.30383461263 0.0759072278211
6.12323399574e-17 2.51327412287 0.147164678338
6.12323399574e-17 2.72271363311 0.121907799925
6.12323399574e-17 2.93215314335 0.144463541606
6.12323399574e-17 3.14159265359 0.156918785666
6.12323399574e-17 3.35103216383 0.256554633137
6.12323399574e-17 3.56047167407 0.414445962255
6.12323399574e-17 3.76991118431 0.573447848665
6.12323399574e-17 3.97935069455 0.71117650533
6.12323399574e-17 4.18879020479 0.62541507628
6.12323399574e-17 4.39822971503 0.342570641684
6.12323399574e-17 4.60766922527 0.284179101427
6.12323399574e-17 4.8171087355 0.155637442882
6.12323399574e-17 5.02654824574 0.169644126649
6.12323399574e-17 5.23598775598 0.0656674550125
6.12323399574e-17 5.44542726622 0.216904972358
6.12323399574e-17 5.65486677646 0.145294366551
6.12323399574e-17 5.8643062867 0.0344185973428
6.12323399574e-17 6.07374579694 0.190005474424

0.0666666666667 0 0.358606752295
0.0666666666667 0.209439510239 0.107908343321
0.0666666666667 0.418879020479 0.0584623977782
0.0666666666667 0.628318530718 0.117504645921
0.0666666666667 0.837758040957 0.0436123091002
0.0666666666667 1.0471975512 0.0491164431491
0.0666666666667 1.25663706144 0.0275254933187
0.0666666666667 1.46607657168 0.091185350728
0.0666666666667 1.67551608191 0.284865587509
0.0666666666667 1.88495559215 0.336723351748
0.0666666666667 2.09439510239 0.0138613142449
0.0666666666667 2.30383461263 0.0783121924256
0.0666666666667 2.51327412287 0.144439684982
0.0666666666667 2.72271363311 0.124096531547
0.0666666666667 2.93215314335 0.146177431424
0.0666666666667 3.14159265359 0.153161520917
0.0666666666667 3.35103216383 0.267240328046
0.0666666666667 3.56047167407 0.410668145911
0.0666666666667 3.76991118431 0.592152496219
0.0666666666667 3.97935069455 0.806231341858
0.0666666666667 4.18879020479 0.619117360528
0.0666666666667 4.39822971503 0.345431467786
0.0666666666667 4.60766922527 0.282964024114
0.0666666666667 4.8171087355 0.156656155414
0.0666666666667 5.02654824574 0.172429101791
0.0666666666667 5.23598775598 0.0684757514439
0.0666666666667 5.44542726622 0.217079643359
0.0666666666667 5.65486677646 0.141031140747
0.0666666666667 5.8643062867 0.0297140411081
0.0666666666667 6.07374579694 0.192192772296

0.133333333333 0 0.350310939222
0.133333333333 0.209439510239 0.128682483627
0.133333333333 0.418879020479 0.0619696493272
0.133333333333 0.628318530718 0.11584646476
0.133333333333 0.837758040957 0.0488374694982
0.133333333333 1.0471975512 0.0544393547471
0.133333333333 1.25663706144 0.0246087522301
0.133333333333 1.46607657168 0.101826026049
0.133333333333 1.67551608191 0.287323587365
0.133333333333 1.88495559215 0.325515699542
0.133333333333 2.09439510239 0.0126199495243
0.133333333333 2.30383461263 0.0810151338728
0.133333333333 2.51327412287 0.14209842224
0.133333333333 2.72271363311 0.127453076224
0.133333333333 2.93215314335 0.147382910828
0.133333333333 3.14159265359 0.147769282918
0.133333333333 3.35103216383 0.280658746912
0.133333333333 3.56047167407 0.392481782539
0.133333333333 3.76991118431 0.620388027606
0.133333333333 3.97935069455 0.81286464697
0.133333333333 4.18879020479 0.607610352219
0.133333333333 4.39822971503 0.341538969036
0.133333333333 4.60766922527 0.286042697201
0.133333333333 4.8171087355 0.154429050775
0.133333333333 5.02654824574 0.175179412209
0.133333333333 5.23598775598 0.0717300898907
0.133333333333 5.44542726622 0.21537374493
0.133333333333 5.65486677646 0.138436899025
0.133333333333 5.8643062867 0.0254496155642
0.133333333333 6.07374579694 0.197002856699

0.2 0 0.333835701496
0.2 0.209439510239 0.153738497387
0.2 0.418879020479 0.0644195281069
0.2 0.628318530718 0.114246998063
0.2 0.837758040957 0.0611424232587
0.2 1.0471975512 0.0597265309152
0.2 1.25663706144 0.0202645957828
0.2 1.46607657168 0.116054706225
0.2 1.67551608191 0.292525563581
0.2 1.88495559215 0.310406762216
0.2 2.09439510239 0.0118292270634
0.2 2.30383461263 0.0840806993516
0.2 2.51327412287 0.140150115978
0.2 2.72271363311 0.132403039193
0.2 2.93215314335 0.146896114258
0.2 3.14159265359 0.141138799262
0.2 3.35103216383 0.291916300898
0.2 3.56047167407 0.348688596005
0.2 3.76991118431 0.626372280707
0.2 3.97935069455 0.736782005393
0.2 4.18879020479 0.584836147654
0.2 4.39822971503 0.335965736671
0.2 4.60766922527 0.294140045971
0.2 4.8171087355 0.149164367346
0.2 5.02654824574 0.177710945848
0.2 5.23598775598 0.0756930353814
0.2 5.44542726622 0.21193051331
0.2 5.65486677646 0.137499750255
0.2 5.8643062867 0.0216929088901
0.2 6.07374579694 0.205093384505

0.266666666667 0 0.307787441956
0.266666666667 0.209439510239 0.18044395716
0.266666666667 0.418879020479 0.0680010195455
0.266666666667 0.628318530718 0.113284467396
0.266666666667 0.837758040957 0.079359733882
0.266666666667 1.0471975512 0.062218025322
0.266666666667 1.25663706144 0.0163717007929
0.266666666667 1.46607657168 0.133832162127
0.266666666667 1.67551608191 0.299701453424
0.266666666667 1.88495559215 0.291102199823
0.266666666667 2.09439510239 0.0117608700196
0.266666666667 2.30383461263 0.0875967374595
0.266666666667 2.51327412287 0.13869114267
0.266666666667 2.72271363311 0.139184940443
0.266666666667 2.93215314335 0.14355720464
0.266666666667 3.14159265359 0.134453714364
0.266666666667 3.35103216383 0.29244009257
0.266666666667 3.56047167407 0.267778677062
0.266666666667 3.76991118431 0.607270623066
0.266666666667 3.97935069455 0.673197602098
0.266666666667 4.18879020479 0.547503805229
0.266666666667 4.39822971503 0.331818233069
0.266666666667 4.60766922527 0.30628403658
0.266666666667 4.8171087355 0.14165652114
0.266666666667 5.02654824574 0.179448922908
0.266666666667 5.23598775598 0.0808016541848
0.266666666667 5.44542726622 0.206779062097
0.266666666667 5.65486677646 0.138147270166
0.266666666667 5.8643062867 0.0187305640513
0.266666666667 6.07374579694 0.216607470739

0.333333333333 0 0.274451824416
0.333333333333 0.209439510239 0.202523271791
0.333333333333 0.418879020479 0.074631832298
0.333333333333 0.628318530718 0.111211303658
0.333333333333 0.837758040957 0.0972762218674
0.333333333333 1.0471975512 0.0577565815754
0.333333333333 1.25663706144 0.0164594787509
0.333333333333 1.46607657168 0.155208761797
0.333333333333 1.67551608191 0.307540979863
0.333333333333 1.88495559215 0.266985277629
0.333333333333 2.09439510239 0.0128183128578
0.333333333333 2.30383461263 0.091655531627
0.333333333333 2.51327412287 0.137948369241
0.333333333333 2.72271363311 0.147592140915
0.333333333333 2.93215314335 0.136896231641
0.333333333333 3.14159265359 0.131459670291
0.333333333333 3.35103216383 0.275992974665
0.333333333333 3.56047167407 0.349346128402
0.333333333333 3.76991118431 0.573710876402
0.333333333333 3.97935069455 0.619578293629
0.333333333333 4.18879020479 0.500989046312
0.333333333333 4.39822971503 0.327477907489
0.333333333333 4.60766922527 0.317832604442
0.333333333333 4.8171087355 0.13379571622
0.333333333333 5.02654824574 0.179337394129
0.333333333333 5.23598775598 0.0876873027057
0.333333333333 5.44542726622 0.199852191663
0.333333333333 5.65486677646 0.140205330368
0.333333333333 5.8643062867 0.0171279881126
0.333333333333 6.07374579694 0.230324295185

0.4 0 0.242334111962
0.4 0.209439510239 0.209792433567
0.4 0.418879020479 0.0845006498197
0.4 0.628318530718 0.104108419967
0.4 0.837758040957 0.103825462436
0.4 1.0471975512 0.0439400858518
0.4 1.25663706144 0.0255229746618
0.4 1.46607657168 0.18076512684
0.4 1.67551608191 0.313680541565
0.4 1.88495559215 0.237046211311
0.4 2.09439510239 0.015596569028
0.4 2.30383461263 0.0963193384028
0.4 2.51327412287 0.138288977028
0.4 2.72271363311 0.156683545161
0.4 2.93215314335 0.128123638453
0.4 3.14159265359 0.143179478599
0.4 3.35103216383 0.253338684509
0.4 3.56047167407 0.572474912046
0.4 3.76991118431 0.576209664311
0.4 3.97935069455 0.574534923841
0.4 4.18879020479 0.471605203428
0.4 4.39822971503 0.321753803618
0.4 4.60766922527 0.31919379996
0.4 4.8171087355 0.129556922135
0.4 5.02654824574 0.175790999797
0.4 5.23598775598 0.0971748549909
0.4 5.44542726622 0.191014088622
0.4 5.65486677646 0.14334661521
0.4 5.8643062867 0.0177709103379
0.4 6.07374579694 0.242511971693

0.466666666667 0 0.226853338505
0.466666666667 0.209439510239 0.192459804818
0.466666666667 0.418879020479 0.0934613176282
0.466666666667 0.628318530718 0.0890692958557
0.466666666667 0.837758040957 0.0902102634225
0.466666666667 1.0471975512 0.0267939179825
0.466666666667 1.25663706144 0.0482023237486
0.466666666667 1.46607657168 0.211644533902
0.466666666667 1.67551608191 0.313795024799
0.466666666667 1.88495559215 0.199862167187
0.466666666667 2.09439510239 0.0210249738505
0.466666666667 2.30383461263 0.101547534096
0.466666666667 2.51327412287 0.140126464827
0.466666666667 2.72271363311 0.164680019152
0.466666666667 2.93215314335 0.120831175534
0.466666666667 3.14159265359 0.185358775816
0.466666666667 3.35103216383 0.264868060229
0.466666666667 3.56047167407 0.530954650742
0.466666666667 3.76991118431 0.972672015346
0.466666666667 3.97935069455 0.596562822288
0.466666666667 4.18879020479 0.469124821256
0.466666666667 4.39822971503 0.328429090869
0.466666666667 4.60766922527 0.301008091437
0.466666666667 4.8171087355 0.13597487536
0.466666666667 5.02654824574 0.166846018526
0.466666666667 5.23598775598 0.11020936842
0.466666666667 5.44542726622 0.180108305252
0.466666666667 5.65486677646 0.147045043405
0.466666666667 5.8643062867 0.0218303903002
0.466666666667 6.07374579694 0.246157729602

0.533333333333 0 0.245190434353
0.533333333333 0.209439510239 0.154372178405
0.533333333333 0.418879020479 0.091275136485
0.533333333333 0.628318530718 0.0690128953163
0.533333333333 0.837758040957 0.0638699412414
0.533333333333 1.0471975512 0.0245105676365
0.533333333333 1.25663706144 0.0865285161227
0.533333333333 1.46607657168 0.24705477487
0.533333333333 1.67551608191 0.300565536056
0.533333333333 1.88495559215 0.154143313935
0.533333333333 2.09439510239 0.0306626417686
0.533333333333 2.30383461263 0.107040730407
0.533333333333 2.51327412287 0.143614284693
0.533333333333 2.72271363311 0.169499605702
0.533333333333 2.93215314335 0.119940655015
0.533333333333 3.14159265359 0.23059753737
0.533333333333 3.35103216383 0.286435400072
0.533333333333 3.56047167407 0.405844253431
0.533333333333 3.76991118431 0.673244245921
0.533333333333 3.97935069455 0.606191115179
0.533333333333 4.18879020479 0.447071839166
0.533333333333 4.39822971503 0.372116192828
0.533333333333 4.60766922527 0.264448999115
0.533333333333 4.8171087355 0.160865788309
0.533333333333 5.02654824574 0.150842890998
0.533333333333 5.23598775598 0.127599348884
0.533333333333 5.44542726622 0.167045603729
0.533333333333 5.65486677646 0.150567665744
0.533333333333 5.8643062867 0.0305177845925
0.533333333333 6.07374579694 0.232299737357

0.6 0 0.301141198604
0.6 0.209439510239 0.130230975634
0.6 0.418879020479 0.0707210033742
0.6 0.628318530718 0.0513697950271
0.6 0.837758040957 0.0502524432114
0.6 1.0471975512 0.0534103677774
0.6 1.25663706144 0.137631073614
0.6 1.46607657168 0.279654279445
0.6 1.67551608191 0.264722633559
0.6 1.88495559215 0.101033346476
0.6 2.09439510239 0.0471399299154
0.6 2.30383461263 0.111935759757
0.6 2.51327412287 0.148138232741
0.6 2.72271363311 0.170374019405
0.6 2.93215314335 0.129231621214
0.6 3.14159265359 0.215095091389
0.6 3.35103216383 0.278256063358
0.6 3.56047167407 0.432523157449
0.6 3.76991118431 0.536484344929
0.6 3.97935069455 0.53492631507
0.6 4.18879020479 0.426822054509
0.6 4.39822971503 0.389923404499
0.6 4.60766922527 0.213927919524
0.6 4.8171087355 0.201084848406
0.6 5.02654824574 0.128035412537
0.6 5.23598775598 0.149358515715
0.6 5.44542726622 0.15196193862
0.6 5.65486677646 0.153063336931
0.6 5.8643062867 0.0443747274987
0.6 6.07374579694 0.195600790652

0.666666666667 0 0.36126194416
0.666666666667 0.209439510239 0.176335936504
0.666666666667 0.418879020479 0.0591109648437
0.666666666667 0.628318530718 0.0446427196431
0.666666666667 0.837758040957 0.0644941269566
0.666666666667 1.0471975512 0.102026134183
0.666666666667 1.25663706144 0.183076477993
0.666666666667 1.46607657168 0.292854700375
0.666666666667 1.67551608191 0.203951043482
0.666666666667 1.88495559215 0.0483523595053
0.666666666667 2.09439510239 0.0740359956045
0.666666666667 2.30383461263 0.114363684784
0.666666666667 2.51327412287 0.152791225625
0.666666666667 2.72271363311 0.169713117557
0.666666666667 2.93215314335 0.170262696479
0.666666666667 3.14159265359 0.170444415089
0.666666666667 3.35103216383 0.791546924008
0.666666666667 3.56047167407 0.467853434591
0.666666666667 3.76991118431 0.611492908306
0.666666666667 3.97935069455 0.579474112024
0.666666666667 4.18879020479 0.462952968369
0.666666666667 4.39822971503 0.3460439386
0.666666666667 4.60766922527 0.162143463725
0.666666666667 4.8171087355 0.229827580931
0.666666666667 5.02654824574 0.103563040093
0.666666666667 5.23598775598 0.17327425345
0.666666666667 5.44542726622 0.135485929022
0.666666666667 5.65486677646 0.15385527783
0.666666666667 5.8643062867 0.0618244552595
0.666666666667 6.07374579694 0.142925422266

0.733333333333 0 0.352736119734
0.733333333333 0.209439510239 0.300138475104
0.733333333333 0.418879020479 0.126544976572
0.733333333333 0.628318530718 0.0735304939615
0.733333333333 0.837758040957 0.0929561822777
0.733333333333 1.0471975512 0.130919617036
0.733333333333 1.25663706144 0.192920494603
0.733333333333 1.46607657168 0.262052935531
0.733333333333 1.67551608191 0.138294720454
0.733333333333 1.88495559215 0.0112504488168
0.733333333333 2.09439510239 0.111905019332
0.733333333333 2.30383461263 0.111563188829
0.733333333333 2.51327412287 0.164316043511
0.733333333333 2.72271363311 0.169613030945
0.733333333333 2.93215314335 0.358589943457
0.733333333333 3.14159265359 0.201866211877
0.733333333333 3.35103216383 0.433928843622
0.733333333333 3.56047167407 0.886078935645
0.733333333333 3.76991118431 0.537393783194
0.733333333333 3.97935069455 0.485891693015
0.733333333333 4.18879020479 0.412354884111
0.733333333333 4.39822971503 0.267276285514
0.733333333333 4.60766922527 0.19051496801
0.733333333333 4.8171087355 0.214792945743
0.733333333333 5.02654824574 0.0931206964375
0.733333333333 5.23598775598 0.192398259054
0.733333333333 5.44542726622 0.119150780347
0.733333333333 5.65486677646 0.153141510279
0.733333333333 5.8643062867 0.0775943602012
0.733333333333 6.07374579694 0.096050066841

0.8 0 0.254319053892
0.8 0.209439510239 0.368000168672
0.8 0.418879020479 0.272108083629
0.8 0.628318530718 0.166773300446
0.8 0.837758040957 0.128058380276
0.8 1.0471975512 0.130693556464
0.8 1.25663706144 0.18319688887
0.8 1.46607657168 0.219097927962
0.8 1.67551608191 0.101579677373
0.8 1.88495559215 0.00403577063029
0.8 2.09439510239 0.148655165887
0.8 2.30383461263 0.103934046879
0.8 2.51327412287 0.211801539842
0.8 2.72271363311 0.151279611118
0.8 2.93215314335 0.519257558483
0.8 3.14159265359 0.4094528424
0.8 3.35103216383 0.345647201222
0.8 3.56047167407 0.454339089178
0.8 3.76991118431 0.524707937123
0.8 3.97935069455 0.439692387409
0.8 4.18879020479 0.314348218018
0.8 4.39822971503 0.214395607018
0.8 4.60766922527 0.259993759257
0.8 4.8171087355 0.150375824568
0.8 5.02654824574 0.127933616014
0.8 5.23598775598 0.192940559805
0.8 5.44542726622 0.105956194904
0.8 5.65486677646 0.153496875468
0.8 5.8643062867 0.0851611562104
0.8 6.07374579694 0.0768835738521

0.866666666667 0 0.163016673241
0.866666666667 0.209439510239 0.283211628623
0.866666666667 0.418879020479 0.315438454828
0.866666666667 0.628318530718 0.26941931809
0.866666666667 0.837758040957 0.220334968273
0.866666666667 1.0471975512 0.220477007293
0.866666666667 1.25663706144 0.262117668934
0.866666666667 1.46607657168 0.236174042367
0.866666666667 1.67551608191 0.078671337679
0.866666666667 1.88495559215 0.0352035033521
0.866666666667 2.09439510239 0.176819796682
0.866666666667 2.30383461263 0.108089215646
0.866666666667 2.51327412287 0.248947327611
0.866666666667 2.72271363311 0.263592525277
0.866666666667 2.93215314335 0.365182251499
0.866666666667 3.14159265359 0.745345506423
0.866666666667 3.35103216383 0.451885738812
0.866666666667 3.56047167407 0.422837229743
0.866666666667 3.76991118431 0.499117838548
0.866666666667 3.97935069455 0.428737959983
0.866666666667 4.18879020479 0.340832783312
0.866666666667 4.39822971503 0.285992300327
0.866666666667 4.60766922527 0.184668690321
0.866666666667 4.8171087355 0.0892929666123
0.866666666667 5.02654824574 0.203850327228
0.866666666667 5.23598775598 0.160096124079
0.866666666667 5.44542726622 0.101110241419
0.866666666667 5.65486677646 0.162737690116
0.866666666667 5.8643062867 0.0920032142403
0.866666666667 6.07374579694 0.0698297882522

0.933333333333 0 0.0568138101277
0.933333333333 0.209439510239 0.140395488051
0.933333333333 0.418879020479 0.23354849886
0.933333333333 0.628318530718 0.291198960004
0.933333333333 0.837758040957 0.312660141891
0.933333333333 1.0471975512 0.297591330093
0.933333333333 1.25663706144 0.221172319558
0.933333333333 1.46607657168 0.0831136945352
0.933333333333 1.67551608191 0.0216844044866
0.933333333333 1.88495559215 0.137310050694
0.933333333333 2.09439510239 0.237803797335
0.933333333333 2.30383461263 0.152960107852
0.933333333333 2.51327412287 0.163302297872
0.933333333333 2.72271363311 0.244695173521
0.933333333333 2.93215314335 0.279349739605
0.933333333333 3.14159265359 0.158029028822
0.933333333333 3.35103216383 0.692323968001
0.933333333333 3.56047167407 0.39666634452
0.933333333333 3.76991118431 0.299566152185
0.933333333333 3.97935069455 0.249784940937
0.933333333333 4.18879020479 0.181904417096
0.933333333333 4.39822971503 0.100706495849
0.933333333333 4.60766922527 0.137401107137
0.933333333333 4.8171087355 0.203302635176
0.933333333333 5.02654824574 0.162873490164
0.933333333333 5.23598775598 0.100374529162
0.933333333333 5.44542726622 0.113718094416
0.933333333333 5.65486677646 0.196077584743
0.933333333333 5.8643062867 0.150238282652
0.933333333333 6.07374579694 0.0584098942592

