-1 0 1.30886817204
-1 0.209439510239 1.30886817204
-1 0.418879020479 1.30886817204
-1 0.628318530718 1.30886817204
-1 0.837758040957 1.30886817204
-1 1.0471975512 1.30886817204
-1 1.25663706144 1.30886817204
-1 1.46607657168 1.30886817204
-1 1.67551608191 1.30886817204
-1 1.88495559215 1.30886817204
-1 2.09439510239 1.30886817204
-1 2.30383461263 1.30886817204
-1 2.51327412287 1.30886817204
-1 2.72271363311 1.30886817204
-1 2.93215314335 1.30886817204
-1 3.14159265359 1.30886817204
-1 3.35103216383 1.30886817204
-1 3.56047167407 1.30886817204
-1 3.76991118431 1.30886817204
-1 3.97935069455 1.30886817204
-1 4.18879020479 1.30886817204
-1 4.39822971503 1.30886817204
-1 4.60766922527 1.30886817204
-1 4.8171087355 1.30886817204
-1 5.02654824574 1.30886817204
-1 5.23598775598 1.30886817204
-1 5.44542726622 1.30886817204
-1 5.65486677646 1.30886817204
-1 5.8643062867 1.30886817204
-1 6.07374579694 1.30886817204

-0.933333333333 0 1.14629915531
-0.933333333333 0.209439510239 1.15232809969
-0.933333333333 0.418879020479 0.945704938676
-0.933333333333 0.628318530718 0.751289322528
-0.933333333333 0.837758040957 0.606216673162
-0.933333333333 1.0471975512 0.472873417241
-0.933333333333 1.25663706144 0.311641956319
-0.933333333333 1.46607657168 0.176230649191
-0.933333333333 1.67551608191 0.361748957472
-0.933333333333 1.88495559215 1.17062195938
-0.933333333333 2.09439510239 2.11494108451
-0.933333333333 2.30383461263 2.1444803564
-0.933333333333 2.51327412287 1.27733278454
-0.933333333333 2.72271363311 0.590840020398
-0.933333333333 2.93215314335 0.548942979328
-0.933333333333 3.14159265359 0.728149975902
-0.933333333333 3.35103216383 0.739606505553
-0.933333333333 3.56047167407 0.617171869695
-0.933333333333 3.76991118431 0.528527484869
-0.933333333333 3.97935069455 0.563407976681
-0.933333333333 4.18879020479 0.785395659254
-0.933333333333 4.39822971503 1.26681135214
-0.933333333333 4.60766922527 1.87362918179
-0.933333333333 4.8171087355 1.95619553488
-0.933333333333 5.02654824574 1.04038157596
-0.933333333333 5.23598775598 0.186928616519
-0.933333333333 5.44542726622 0.351448616686
-0.933333333333 5.65486677646 0.506744646822
-0.933333333333 5.8643062867 0.385045382412
-0.933333333333 6.07374579694 0.73093505479

-0.866666666667 0 1.12837118542
-0.866666666667 0.209439510239 0.560684238954
-0.866666666667 0.418879020479 0.394199350726
-0.866666666667 0.628318530718 0.393416571226
-0.866666666667 0.837758040957 0.383283272393
-0.866666666667 1.0471975512 0.299450661192
-0.866666666667 1.25663706144 0.205272594568
-0.866666666667 1.46607657168 0.167039860169
-0.866666666667 1.67551608191 0.0990428785351
-0.866666666667 1.88495559215 0.580147003459
-0.866666666667 2.09439510239 1.99152886935
-0.866666666667 2.30383461263 2.21129590281
-0.866666666667 2.51327412287 0.968049598825
-0.866666666667 2.72271363311 0.315409028842
-0.866666666667 2.93215314335 0.332246581672
-0.866666666667 3.14159265359 0.265542911811
-0.866666666667 3.35103216383 0.173476123179
-0.866666666667 3.56047167407 0.326583262534
-0.866666666667 3.76991118431 0.508434911952
-0.866666666667 3.97935069455 0.561066575599
-0.866666666667 4.18879020479 0.542849550381
-0.866666666667 4.39822971503 0.520322398211
-0.866666666667 4.60766922527 0.677267095285
-0.866666666667 4.8171087355 1.28845604094
-0.866666666667 5.02654824574 1.2758241417
-0.866666666667 5.23598775598 0.222999102522
-0.866666666667 5.44542726622 0.556503045634
-0.866666666667 5.65486677646 0.55815320524
-0.866666666667 5.8643062867 0.482587720964
-0.866666666667 6.07374579694 1.36704046418

-0.8 0 0.547957796938
-0.8 0.209439510239 0.459598838715
-0.8 0.418879020479 0.645557366937
-0.8 0.628318530718 0.830150668079
-0.8 0.837758040957 0.96116224676
-0.8 1.0471975512 0.876395922235
-0.8 1.25663706144 0.466164934618
-0.8 1.46607657168 0.122894788941
-0.8 1.67551608191 0.119418531333
-0.8 1.88495559215 0.28087369845
-0.8 2.09439510239 1.78764624851
-0.8 2.30383461263 2.23649024412
-0.8 2.51327412287 0.746536368884
-0.8 2.72271363311 0.1614912734
-0.8 2.93215314335 0.212424697535
-0.8 3.14159265359 0.190954121478
-0.8 3.35103216383 0.54256042927
-0.8 3.56047167407 0.93711981882
-0.8 3.76991118431 0.833812068691
-0.8 3.97935069455 0.57356913882
-0.8 4.18879020479 0.495705353433
-0.8 4.39822971503 0.693330168319
-0.8 4.60766922527 0.996045865997
-0.8 4.8171087355 1.03616365226
-0.8 5.02654824574 1.07593251203
-0.8 5.23598775598 0.2795601689
-0.8 5.44542726622 0.646437419979
-0.8 5.65486677646 0.57232314554
-0.8 5.8643062867 0.533185046159
-0.8 6.07374579694 1.17789840041

-0.733333333333 0 0.505642838992
-0.733333333333 0.209439510239 0.650978417636
-0.733333333333 0.418879020479 0.716397097039
-0.733333333333 0.628318530718 0.813319614978
-0.733333333333 0.837758040957 0.97738411867
-0.733333333333 1.0471975512 1.17136313081
-0.733333333333 1.25663706144 0.970108770644
-0.733333333333 1.46607657168 0.270971913613
-0.733333333333 1.67551608191 0.138002548531
-0.733333333333 1.88495559215 0.202321632606
-0.733333333333 2.09439510239 1.53932110472
-0.733333333333 2.30383461263 2.2557156905
-0.733333333333 2.51327412287 0.592223071072
-0.733333333333 2.72271363311 0.0849908475574
-0.733333333333 2.93215314335 0.208277903727
-0.733333333333 3.14159265359 0.364420199032
-0.733333333333 3.35103216383 1.08416753328
-0.733333333333 3.56047167407 1.09881911801
-0.733333333333 3.76991118431 0.535677785869
-0.733333333333 3.97935069455 0.201339067046
-0.733333333333 4.18879020479 0.149358966235
-0.733333333333 4.39822971503 0.237514464646
-0.733333333333 4.60766922527 0.847967154761
-0.733333333333 4.8171087355 1.31210399547
-0.733333333333 5.02654824574 1.08453297875
-0.733333333333 5.23598775598 0.508945038352
-0.733333333333 5.44542726622 0.567812761101
-0.733333333333 5.65486677646 0.516162629268
-0.733333333333 5.8643062867 0.480575337847
-0.733333333333 6.07374579694 0.861912232661

-0.666666666667 0 0.633906565639
-0.666666666667 0.209439510239 0.576953788479
-0.666666666667 0.418879020479 0.464647945902
-0.666666666667 0.628318530718 0.405058412286
-0.666666666667 0.837758040957 0.473240868048
-0.666666666667 1.0471975512 0.830500365654
-0.666666666667 1.25663706144 1.11918548181
-0.666666666667 1.46607657168 0.511608756678
-0.666666666667 1.67551608191 0.121433009917
-0.666666666667 1.88495559215 0.252031015481
-0.666666666667 2.09439510239 1.28973014682
-0.666666666667 2.30383461263 2.26948237745
-0.666666666667 2.51327412287 0.482927767226
-0.666666666667 2.72271363311 0.0671136588149
-0.666666666667 2.93215314335 0.238597073726
-0.666666666667 3.14159265359 0.664708844592
-0.666666666667 3.35103216383 1.39115645505
-0.666666666667 3.56047167407 0.80457364195
-0.666666666667 3.76991118431 0.212948861309
-0.666666666667 3.97935069455 0.148158566221
-0.666666666667 4.18879020479 0.311833658673
-0.666666666667 4.39822971503 0.297986791358
-0.666666666667 4.60766922527 0.379862167702
-0.666666666667 4.8171087355 1.36344695923
-0.666666666667 5.02654824574 1.18058552797
-0.666666666667 5.23598775598 0.802647394719
-0.666666666667 5.44542726622 0.464778996679
-0.666666666667 5.65486677646 0.456667047865
-0.666666666667 5.8643062867 0.41833581428
-0.666666666667 6.07374579694 0.75325431426

-0.6 0 0.655125772988
-0.6 0.209439510239 0.383415733409
-0.6 0.418879020479 0.258687512411
-0.6 0.628318530718 0.149808151164
-0.6 0.837758040957 0.126839253033
-0.6 1.0471975512 0.422631822646
-0.6 1.25663706144 0.980742715784
-0.6 1.46607657168 0.696910770659
-0.6 1.67551608191 0.0918181393405
-0.6 1.88495559215 0.345125504609
-0.6 2.09439510239 1.07113263949
-0.6 2.30383461263 2.27515574214
-0.6 2.51327412287 0.404188042132
-0.6 2.72271363311 0.0852608435294
-0.6 2.93215314335 0.274942940306
-0.6 3.14159265359 0.986747770576
-0.6 3.35103216383 1.35442770245
-0.6 3.56047167407 0.404824007504
-0.6 3.76991118431 0.125228468686
-0.6 3.97935069455 0.28443574259
-0.6 4.18879020479 0.552945216745
-0.6 4.39822971503 0.729333447646
-0.6 4.60766922527 0.204734389621
-0.6 4.8171087355 1.17702160749
-0.6 5.02654824574 1.23503446441
-0.6 5.23598775598 1.04401070229
-0.6 5.44542726622 0.403932202373
-0.6 5.65486677646 0.414331523713
-0.6 5.8643062867 0.38308296925
-0.6 6.07374579694 0.78357391659

-0.533333333333 0 0.570457841185
-0.533333333333 0.209439510239 0.25031879389
-0.533333333333 0.418879020479 0.226734217444
-0.533333333333 0.628318530718 0.176176616852
-0.533333333333 0.837758040957 0.0843536760191
-0.533333333333 1.0471975512 0.226745141204
-0.533333333333 1.25663706144 0.81373291203
-0.533333333333 1.46607657168 0.806804507012
-0.533333333333 1.67551608191 0.0676362523013
-0.533333333333 1.88495559215 0.431181367941
-0.533333333333 2.09439510239 0.89799282078
-0.533333333333 2.30383461263 2.27178920527
-0.533333333333 2.51327412287 0.347130615385
-0.533333333333 2.72271363311 0.119397407929
-0.533333333333 2.93215314335 0.319250112252
-0.533333333333 3.14159265359 1.23687392145
-0.533333333333 3.35103216383 1.10317128472
-0.533333333333 3.56047167407 0.144716346764
-0.533333333333 3.76991118431 0.199499015502
-0.533333333333 3.97935069455 0.404236398112
-0.533333333333 4.18879020479 0.604170551339
-0.533333333333 4.39822971503 1.01428396216
-0.533333333333 4.60766922527 0.293380554354
-0.533333333333 4.8171087355 0.948975240498
-0.533333333333 5.02654824574 1.23429409526
-0.533333333333 5.23598775598 1.19911418155
-0.533333333333 5.44542726622 0.38945444047
-0.533333333333 5.65486677646 0.386183613268
-0.533333333333 5.8643062867 0.375345629682
-0.533333333333 6.07374579694 0.839994380448

-0.466666666667 0 0.452656401266
-0.466666666667 0.209439510239 0.207777489927
-0.466666666667 0.418879020479 0.304826503934
-0.466666666667 0.628318530718 0.354279502673
-0.466666666667 0.837758040957 0.183369400242
-0.466666666667 1.0471975512 0.176095529023
-0.466666666667 1.25663706144 0.720282580195
-0.466666666667 1.46607657168 0.881890957335
-0.466666666667 1.67551608191 0.0558276354002
-0.466666666667 1.88495559215 0.491360053703
-0.466666666667 2.09439510239 0.77113855918
-0.466666666667 2.30383461263 2.26015620269
-0.466666666667 2.51327412287 0.306218398993
-0.466666666667 2.72271363311 0.156068944799
-0.466666666667 2.93215314335 0.373981024545
-0.466666666667 3.14159265359 1.37911713899
-0.466666666667 3.35103216383 0.809822470315
-0.466666666667 3.56047167407 0.0465823884293
-0.466666666667 3.76991118431 0.282000683222
-0.466666666667 3.97935069455 0.426539315919
-0.466666666667 4.18879020479 0.529175581242
-0.466666666667 4.39822971503 1.05857013542
-0.466666666667 4.60766922527 0.431106107261
-0.466666666667 4.8171087355 0.775845791748
-0.466666666667 5.02654824574 1.20303837467
-0.466666666667 5.23598775598 1.27929684782
-0.466666666667 5.44542726622 0.407419950609
-0.466666666667 5.65486677646 0.366904833191
-0.466666666667 5.8643062867 0.385397502544
-0.466666666667 6.07374579694 0.871190566502

-0.4 0 0.348803056816
-0.4 0.209439510239 0.216741625235
-0.4 0.418879020479 0.406726034229
-0.4 0.628318530718 0.547194173734
-0.4 0.837758040957 0.289421107641
-0.4 1.0471975512 0.158633906558
-0.4 1.25663706144 0.680941699428
-0.4 1.46607657168 0.953286995013
-0.4 1.67551608191 0.0562333463226
-0.4 1.88495559215 0.525196118819
-0.4 2.09439510239 0.683970223535
-0.4 2.30383461263 2.24201575037
-0.4 2.51327412287 0.277856701064
-0.4 2.72271363311 0.188141113143
-0.4 2.93215314335 0.435071199244
-0.4 3.14159265359 1.42890638884
-0.4 3.35103216383 0.573588406406
-0.4 3.56047167407 0.0353011517297
-0.4 3.76991118431 0.29986468951
-0.4 3.97935069455 0.367458468549
-0.4 4.18879020479 0.44312794149
-0.4 4.39822971503 1.00506270508
-0.4 4.60766922527 0.519638408635
-0.4 4.8171087355 0.665605741326
-0.4 5.02654824574 1.16335957826
-0.4 5.23598775598 1.30731710712
-0.4 5.44542726622 0.443837236459
-0.4 5.65486677646 0.353355840506
-0.4 5.8643062867 0.403605490743
-0.4 6.07374579694 0.87059850765

-0.333333333333 0 0.273586938571
-0.333333333333 0.209439510239 0.239484359729
-0.333333333333 0.418879020479 0.486111572026
-0.333333333333 0.628318530718 0.685586757364
-0.333333333333 0.837758040957 0.36107395617
-0.333333333333 1.0471975512 0.130948957002
-0.333333333333 1.25663706144 0.656584200941
-0.333333333333 1.46607657168 1.02850167093
-0.333333333333 1.67551608191 0.0654476364006
-0.333333333333 1.88495559215 0.539401891439
-0.333333333333 2.09439510239 0.627204706843
-0.333333333333 2.30383461263 2.2194741371
-0.333333333333 2.51327412287 0.259636461297
-0.333333333333 2.72271363311 0.212870287588
-0.333333333333 2.93215314335 0.495173735092
-0.333333333333 3.14159265359 1.4223774156
-0.333333333333 3.35103216383 0.419171634159
-0.333333333333 3.56047167407 0.0468051814184
-0.333333333333 3.76991118431 0.263073002486
-0.333333333333 3.97935069455 0.28004414227
-0.333333333333 4.18879020479 0.399511456404
-0.333333333333 4.39822971503 0.97163482185
-0.333333333333 4.60766922527 0.560850350125
-0.333333333333 4.8171087355 0.598359264235
-0.333333333333 5.02654824574 1.12707660079
-0.333333333333 5.23598775598 1.30350169153
-0.333333333333 5.44542726622 0.488708069969
-0.333333333333 5.65486677646 0.344126988083
-0.333333333333 5.8643062867 0.423225505477
-0.333333333333 6.07374579694 0.847938336149

-0.266666666667 0 0.224648252195
-0.266666666667 0.209439510239 0.25804249681
-0.266666666667 0.418879020479 0.532252652367
-0.266666666667 0.628318530718 0.756544083594
-0.266666666667 0.837758040957 0.404394179461
-0.266666666667 1.0471975512 0.0966650580272
-0.266666666667 1.25663706144 0.62953852958
-0.266666666667 1.46607657168 1.10269273879
-0.266666666667 1.67551608191 0.0789218421189
-0.266666666667 1.88495559215 0.541558675499
-0.266666666667 2.09439510239 0.591637229076
-0.266666666667 2.30383461263 2.19457560415
-0.266666666667 2.51327412287 0.249946947716
-0.266666666667 2.72271363311 0.229967088117
-0.266666666667 2.93215314335 0.547459470454
-0.266666666667 3.14159265359 1.39331171562
-0.266666666667 3.35103216383 0.334715594517
-0.266666666667 3.56047167407 0.0543581007783
-0.266666666667 3.76991118431 0.210178095827
-0.266666666667 3.97935069455 0.20941553956
-0.266666666667 4.18879020479 0.401970033013
-0.266666666667 4.39822971503 0.992287429463
-0.266666666667 4.60766922527 0.581506512795
-0.266666666667 4.8171087355 0.556118090334
-0.266666666667 5.02654824574 1.09833292006
-0.266666666667 5.23598775598 1.28245481646
-0.266666666667 5.44542726622 0.535749444728
-0.266666666667 5.65486677646 0.338662152465
-0.266666666667 5.8643062867 0.440297319728
-0.266666666667 6.07374579694 0.814694970966

-0.2 0 0.19437021976
-0.2 0.209439510239 0.268583605534
-0.2 0.418879020479 0.551804139658
-0.2 0.628318530718 0.775900442605
-0.2 0.837758040957 0.433307967706
-0.2 1.0471975512 0.0683271181344
-0.2 1.25663706144 0.6014850392
-0.2 1.46607657168 1.16943491888
-0.2 1.67551608191 0.0921738054381
-0.2 1.88495559215 0.537587716377
-0.2 2.09439510239 0.569397342046
-0.2 2.30383461263 2.16907994595
-0.2 2.51327412287 0.247783199681
-0.2 2.72271363311 0.240223686552
-0.2 2.93215314335 0.587287228461
-0.2 3.14159265359 1.36417484896
-0.2 3.35103216383 0.301179033794
-0.2 3.56047167407 0.0555478227458
-0.2 3.76991118431 0.172323574952
-0.2 3.97935069455 0.177366381219
-0.2 4.18879020479 0.437174035923
-0.2 4.39822971503 1.05509572025
-0.2 4.60766922527 0.598337961292
-0.2 4.8171087355 0.528932962885
-0.2 5.02654824574 1.07726694924
-0.2 5.23598775598 1.25357324183
-0.2 5.44542726622 0.581277504558
-0.2 5.65486677646 0.336747842708
-0.2 5.8643062867 0.452748653454
-0.2 6.07374579694 0.779773145733

-0.133333333333 0 0.175268362983
-0.133333333333 0.209439510239 0.272848814602
-0.133333333333 0.418879020479 0.555163481537
-0.133333333333 0.628318530718 0.76583731716
-0.133333333333 0.837758040957 0.454815083045
-0.133333333333 1.0471975512 0.0510283218712
-0.133333333333 1.25663706144 0.581660595137
-0.133333333333 1.46607657168 1.22472457268
-0.133333333333 1.67551608191 0.101558541916
-0.133333333333 1.88495559215 0.53127503098
-0.133333333333 2.09439510239 0.554293615298
-0.133333333333 2.30383461263 2.1443623121
-0.133333333333 2.51327412287 0.252650377298
-0.133333333333 2.72271363311 0.244727099738
-0.133333333333 2.93215314335 0.612211602
-0.133333333333 3.14159265359 1.34593783772
-0.133333333333 3.35103216383 0.305046981995
-0.133333333333 3.56047167407 0.0564214194492
-0.133333333333 3.76991118431 0.164956095207
-0.133333333333 3.97935069455 0.187293426498
-0.133333333333 4.18879020479 0.493741230611
-0.133333333333 4.39822971503 1.13993303895
-0.133333333333 4.60766922527 0.614509383436
-0.133333333333 4.8171087355 0.512732387368
-0.133333333333 5.02654824574 1.06257224545
-0.133333333333 5.23598775598 1.2224568968
-0.133333333333 5.44542726622 0.623209568606
-0.133333333333 5.65486677646 0.338293011444
-0.133333333333 5.8643062867 0.459541738369
-0.133333333333 6.07374579694 0.749335678926

-0.0666666666667 0 0.161545059475
-0.0666666666667 0.209439510239 0.27316022392
-0.0666666666667 0.418879020479 0.54979906963
-0.0666666666667 0.628318530718 0.742410681953
-0.0666666666667 0.837758040957 0.467665417676
-0.0666666666667 1.0471975512 0.0422563422051
-0.0666666666667 1.25663706144 0.579353275933
-0.0666666666667 1.46607657168 1.266529061
-0.0666666666667 1.67551608191 0.104740248488
-0.0666666666667 1.88495559215 0.52461946322
-0.0666666666667 2.09439510239 0.541701418726
-0.0666666666667 2.30383461263 2.1213772351
-0.0666666666667 2.51327412287 0.264513240244
-0.0666666666667 2.72271363311 0.244504165579
-0.0666666666667 2.93215314335 0.621320064073
-0.0666666666667 3.14159265359 1.34085527935
-0.0666666666667 3.35103216383 0.340776170309
-0.0666666666667 3.56047167407 0.0633381264074
-0.0666666666667 3.76991118431 0.192650715868
-0.0666666666667 3.97935069455 0.234979203325
-0.0666666666667 4.18879020479 0.567766621478
-0.0666666666667 4.39822971503 1.23330262004
-0.0666666666667 4.60766922527 0.625523181249
-0.0666666666667 4.8171087355 0.506240692468
-0.0666666666667 5.02654824574 1.05292952228
-0.0666666666667 5.23598775598 1.19222545065
-0.0666666666667 5.44542726622 0.660345458489
-0.0666666666667 5.65486677646 0.343255259985
-0.0666666666667 5.8643062867 0.460093526605
-0.0666666666667 6.07374579694 0.727711968936

6.12323399574e-17 0 0.149087417052
6.12323399574e-17 0.209439510239 0.27074217577
6.12323399574e-17 0.418879020479 0.538513236276
6.12323399574e-17 0.628318530718 0.711863690266
6.12323399574e-17 0.837758040957 0.465234639975
6.12323399574e-17 1.0471975512 0.0371330999147
6.12323399574e-17 1.25663706144 0.60146174372
6.12323399574e-17 1.46607657168 1.29292723916
6.12323399574e-17 1.67551608191 0.100945039061
6.12323399574e-17 1.88495559215 0.518350482848
6.12323399574e-17 2.09439510239 0.528275006627
6.12323399574e-17 2.30383461263 2.10064240918
6.12323399574e-17 2.51327412287 0.283764288556
6.12323399574e-17 2.72271363311 0.240436304382
6.12323399574e-17 2.93215314335 0.614556446339
6.12323399574e-17 3.14159265359 1.34508924134
6.12323399574e-17 3.35103216383 0.409252256792
6.12323399574e-17 3.56047167407 0.0809662763429
6.12323399574e-17 3.76991118431 0.255192955027
6.12323399574e-17 3.97935069455 0.316774029951
6.12323399574e-17 4.18879020479 0.661918613501
6.12323399574e-17 4.39822971503 1.3284920731
6.12323399574e-17 4.60766922527 0.624528248938
6.12323399574e-17 4.8171087355 0.508907032257
6.12323399574e-17 5.02654824574 1.04771250007
6.12323399574e-17 5.23598775598 1.16450612718
6.12323399574e-17 5.44542726622 0.691887753533
6.12323399574e-17 5.65486677646 0.351623871282
6.12323399574e-17 5.8643062867 0.453972483004
6.12323399574e-17 6.07374579694 0.718255786269

0.0666666666667 0 0.135132698509
0.0666666666667 0.209439510239 0.26579832706
0.0666666666667 0.418879020479 0.520198568901
0.0666666666667 0.628318530718 0.672470345001
0.0666666666667 0.837758040957 0.439506671605
0.0666666666667 1.0471975512 0.0337376056698
0.0666666666667 1.25663706144 0.65216522714
0.0666666666667 1.46607657168 1.30055558736
0.0666666666667 1.67551608191 0.0910670199988
0.0666666666667 1.88495559215 0.512344137803
0.0666666666667 2.09439510239 0.511640312804
0.0666666666667 2.30383461263 2.08220888251
0.0666666666667 2.51327412287 0.311195738928
0.0666666666667 2.72271363311 0.233328731004
0.0666666666667 2.93215314335 0.592308652577
0.0666666666667 3.14159265359 1.35031258776
0.0666666666667 3.35103216383 0.515091423857
0.0666666666667 3.56047167407 0.113151455209
0.0666666666667 3.76991118431 0.350257019974
0.0666666666667 3.97935069455 0.432651843214
0.0666666666667 4.18879020479 0.782223224648
0.0666666666667 4.39822971503 1.42065209993
0.0666666666667 4.60766922527 0.605321296602
0.0666666666667 4.8171087355 0.519769482693
0.0666666666667 5.02654824574 1.0473076375
0.0666666666667 5.23598775598 1.14011106225
0.0666666666667 5.44542726622 0.717129519282
0.0666666666667 5.65486677646 0.363415282054
0.0666666666667 5.8643062867 0.440827112936
0.0666666666667 6.07374579694 0.723847479108

0.133333333333 0 0.118160885228
0.133333333333 0.209439510239 0.258248708617
0.133333333333 0.418879020479 0.491577853241
0.133333333333 0.628318530718 0.618836496436
0.133333333333 0.837758040957 0.385969074834
0.133333333333 1.0471975512 0.0370761130995
0.133333333333 1.25663706144 0.732157508223
0.133333333333 1.46607657168 1.28405755418
0.133333333333 1.67551608191 0.0776568138203
0.133333333333 1.88495559215 0.505857207118
0.133333333333 2.09439510239 0.490147824061
0.133333333333 2.30383461263 2.06558308511
0.133333333333 2.51327412287 0.347963006565
0.133333333333 2.72271363311 0.224068926859
0.133333333333 2.93215314335 0.555312945663
0.133333333333 3.14159265359 1.3446608839
0.133333333333 3.35103216383 0.662966975316
0.133333333333 3.56047167407 0.164831017488
0.133333333333 3.76991118431 0.472256101964
0.133333333333 3.97935069455 0.584182366638
0.133333333333 4.18879020479 0.933481648564
0.133333333333 4.39822971503 1.50140747589
0.133333333333 4.60766922527 0.564058500838
0.133333333333 4.8171087355 0.536826725115
0.133333333333 5.02654824574 1.05324034776
0.133333333333 5.23598775598 1.11948435092
0.133333333333 5.44542726622 0.73525202624
0.133333333333 5.65486677646 0.378659567171
0.133333333333 5.8643062867 0.420520447202
0.133333333333 6.07374579694 0.74693507331

0.2 0 0.0982958747646
0.2 0.209439510239 0.248579873465
0.2 0.418879020479 0.449475834334
0.2 0.628318530718 0.546828296699
0.2 0.837758040957 0.30926049133
0.2 1.0471975512 0.0607833227484
0.2 1.25663706144 0.836165026371
0.2 1.46607657168 1.23679095489
0.2 1.67551608191 0.0647622973445
0.2 1.88495559215 0.497575966681
0.2 2.09439510239 0.462730128657
0.2 2.30383461263 2.04955952243
0.2 2.51327412287 0.395523494234
0.2 2.72271363311 0.213850925751
0.2 2.93215314335 0.504819309128
0.2 3.14159265359 1.31403271611
0.2 3.35103216383 0.851798847955
0.2 3.56047167407 0.244242369123
0.2 3.76991118431 0.608987757965
0.2 3.97935069455 0.768150156746
0.2 4.18879020479 1.11281760476
0.2 4.39822971503 1.55474878542
0.2 4.60766922527 0.500804609414
0.2 4.8171087355 0.556680117279
0.2 5.02654824574 1.06816606684
0.2 5.23598775598 1.10298933159
0.2 5.44542726622 0.745194480242
0.2 5.65486677646 0.39736271421
0.2 5.8643062867 0.393476160283
0.2 6.07374579694 0.788989172749

0.266666666667 0 0.078387444551
0.266666666667 0.209439510239 0.238481677579
0.266666666667 0.418879020479 0.393787130043
0.266666666667 0.628318530718 0.458236982074
0.266666666667 0.837758040957 0.227711898911
0.266666666667 1.0471975512 0.124282786002
0.266666666667 1.25663706144 0.948960729049
0.266666666667 1.46607657168 1.15272042716
0.266666666667 1.67551608191 0.057584615999
0.266666666667 1.88495559215 0.485502313245
0.266666666667 2.09439510239 0.428901747709
0.266666666667 2.30383461263 2.03190614391
0.266666666667 2.51327412287 0.45551574978
0.266666666667 2.72271363311 0.2044734673
0.266666666667 2.93215314335 0.44291181934
0.266666666667 3.14159265359 1.24514473897
0.266666666667 3.35103216383 1.06567520837
0.266666666667 3.56047167407 0.364191374039
0.266666666667 3.76991118431 0.739583065733
0.266666666667 3.97935069455 0.967595227389
0.266666666667 4.18879020479 1.30142699552
0.266666666667 4.39822971503 1.55590367652
0.266666666667 4.60766922527 0.421290259754
0.266666666667 4.8171087355 0.574535696765
0.266666666667 5.02654824574 1.09567781941
0.266666666667 5.23598775598 1.09108251157
0.266666666667 5.44542726622 0.745575807288
0.266666666667 5.65486677646 0.419430776572
0.266666666667 5.8643062867 0.361261587118
0.266666666667 6.07374579694 0.84919349824

0.333333333333 0 0.065749334925
0.333333333333 0.209439510239 0.230877000045
0.333333333333 0.418879020479 0.331195456126
0.333333333333 0.628318530718 0.364282983902
0.333333333333 0.837758040957 0.172550004724
0.333333333333 1.0471975512 0.242352478205
0.333333333333 1.25663706144 1.04203750275
0.333333333333 1.46607657168 1.02879170319
0.333333333333 1.67551608191 0.0620330318758
0.333333333333 1.88495559215 0.466727098498
0.333333333333 2.09439510239 0.388954145668
0.333333333333 2.30383461263 2.00881359202
0.333333333333 2.51327412287 0.52950487549
0.333333333333 2.72271363311 0.19874912336
0.333333333333 2.93215314335 0.372820951776
0.333333333333 3.14159265359 1.13185135776
0.333333333333 3.35103216383 1.26284856632
0.333333333333 3.56047167407 0.53870019373
0.333333333333 3.76991118431 0.838989466025
0.333333333333 3.97935069455 1.14498625871
0.333333333333 4.18879020479 1.45770034284
0.333333333333 4.39822971503 1.47630326107
0.333333333333 4.60766922527 0.3380856851
0.333333333333 4.8171087355 0.58502732761
0.333333333333 5.02654824574 1.13981075769
0.333333333333 5.23598775598 1.08437903365
0.333333333333 5.44542726622 0.734664434137
0.333333333333 5.65486677646 0.444535318996
0.333333333333 5.8643062867 0.327414064131
0.333333333333 6.07374579694 0.922258753097

0.4 0 0.0738905640245
0.4 0.209439510239 0.228893647547
0.4 0.418879020479 0.278490602678
0.4 0.628318530718 0.28640845702
0.4 0.837758040957 0.176671110529
0.4 1.0471975512 0.407036328695
0.4 1.25663706144 1.07485827668
0.4 1.46607657168 0.866591251242
0.4 1.67551608191 0.0844536797439
0.4 1.88495559215 0.437232284843
0.4 2.09439510239 0.344418496596
0.4 2.30383461263 1.97398218715
0.4 2.51327412287 0.618428875293
0.4 2.72271363311 0.201088056716
0.4 2.93215314335 0.298973726767
0.4 3.14159265359 0.985289566314
0.4 3.35103216383 1.37113459849
0.4 3.56047167407 0.768353541118
0.4 3.76991118431 0.892464547898
0.4 3.97935069455 1.24681157103
0.4 4.18879020479 1.52060762293
0.4 4.39822971503 1.29827258214
0.4 4.60766922527 0.268984640505
0.4 4.8171087355 0.584633429075
0.4 5.02654824574 1.20410701107
0.4 5.23598775598 1.08356661254
0.4 5.44542726622 0.71041066547
0.4 5.65486677646 0.471895844886
0.4 5.8643062867 0.298419132903
0.4 6.07374579694 0.995642721926

0.466666666667 0 0.122075510381
0.466666666667 0.209439510239 0.233832380414
0.466666666667 0.418879020479 0.261713741916
0.466666666667 0.628318530718 0.252411079097
0.466666666667 0.837758040957 0.252463956034
0.466666666667 1.0471975512 0.570628203153
0.466666666667 1.25663706144 1.0041111049
0.466666666667 1.46607657168 0.674333868478
0.466666666667 1.67551608191 0.131485807096
0.466666666667 1.88495559215 0.392141965349
0.466666666667 2.09439510239 0.298870367474
0.466666666667 2.30383461263 1.91721491636
0.466666666667 2.51327412287 0.721395473993
0.466666666667 2.72271363311 0.21830951994
0.466666666667 2.93215314335 0.22642163552
0.466666666667 3.14159265359 0.844588236137
0.466666666667 3.35103216383 1.30947565044
0.466666666667 3.56047167407 1.01151706262
0.466666666667 3.76991118431 0.913243932042
0.466666666667 3.97935069455 1.23041349943
0.466666666667 4.18879020479 1.43669361043
0.466666666667 4.39822971503 1.03826624362
0.466666666667 4.60766922527 0.229679978744
0.466666666667 4.8171087355 0.576380556032
0.466666666667 5.02654824574 1.29023844988
0.466666666667 5.23598775598 1.08905060754
0.466666666667 5.44542726622 0.670578480083
0.466666666667 5.65486677646 0.499952915938
0.466666666667 5.8643062867 0.284507967506
0.466666666667 6.07374579694 1.04751014993

0.533333333333 0 0.228262875865
0.533333333333 0.209439510239 0.243732645796
0.533333333333 0.418879020479 0.30437511311
0.533333333333 0.628318530718 0.286380651557
0.533333333333 0.837758040957 0.370949883749
0.533333333333 1.0471975512 0.649839033688
0.533333333333 1.25663706144 0.802995188603
0.533333333333 1.46607657168 0.478046287163
0.533333333333 1.67551608191 0.207521407024
0.533333333333 1.88495559215 0.32755311662
0.533333333333 2.09439510239 0.259011625843
0.533333333333 2.30383461263 1.8225608261
0.533333333333 2.51327412287 0.83312746102
0.533333333333 2.72271363311 0.260519396407
0.533333333333 2.93215314335 0.159386438743
0.533333333333 3.14159265359 0.775617086686
0.533333333333 3.35103216383 1.05910978319
0.533333333333 3.56047167407 1.1637693505
0.533333333333 3.76991118431 0.939830053542
0.533333333333 3.97935069455 1.11047433724
0.533333333333 4.18879020479 1.21364960123
0.533333333333 4.39822971503 0.762542353305
0.533333333333 4.60766922527 0.220643466624
0.533333333333 4.8171087355 0.576296695431
0.533333333333 5.02654824574 1.39657171919
0.533333333333 5.23598775598 1.10010214411
0.533333333333 5.44542726622 0.613053780573
0.533333333333 5.65486677646 0.525926250067
0.533333333333 5.8643062867 0.299457861041
0.533333333333 6.07374579694 1.04875857723

0.6 0 0.390435600883
0.6 0.209439510239 0.25542889335
0.6 0.418879020479 0.399925519961
0.6 0.628318530718 0.390986130417
0.6 0.837758040957 0.468466125208
0.6 1.0471975512 0.574657986387
0.6 1.25663706144 0.501178425635
0.6 1.46607657168 0.350927833536
0.6 1.67551608191 0.301410756661
0.6 1.88495559215 0.246532561052
0.6 2.09439510239 0.235441435949
0.6 2.30383461263 1.66702758334
0.6 2.51327412287 0.938854308043
0.6 2.72271363311 0.34090602045
0.6 2.93215314335 0.0998452526116
0.6 3.14159265359 0.831772367767
0.6 3.35103216383 0.766172618573
0.6 3.56047167407 1.11079394255
0.6 3.76991118431 0.991271543043
0.6 3.97935069455 0.982757862644
0.6 4.18879020479 0.959261212268
0.6 4.39822971503 0.560069968223
0.6 4.60766922527 0.218441909363
0.6 4.8171087355 0.617824225566
0.6 5.02654824574 1.51775205569
0.6 5.23598775598 1.11312876955
0.6 5.44542726622 0.536477624265
0.6 5.65486677646 0.545327651663
0.6 5.8643062867 0.357795952263
0.6 6.07374579694 0.974826144763

0.666666666667 0 0.561042076547
0.666666666667 0.209439510239 0.268587911765
0.666666666667 0.418879020479 0.481509349715
0.666666666667 0.628318530718 0.519955570649
0.666666666667 0.837758040957 0.495902563705
0.666666666667 1.0471975512 0.38336754668
0.666666666667 1.25663706144 0.257267290181
0.666666666667 1.46607657168 0.409367401165
0.666666666667 1.67551608191 0.35559002348
0.666666666667 1.88495559215 0.172873770217
0.666666666667 2.09439510239 0.241288418526
0.666666666667 2.30383461263 1.42466562932
0.666666666667 2.51327412287 1.00560170111
0.666666666667 2.72271363311 0.470108094874
0.666666666667 2.93215314335 0.0515222092063
0.666666666667 3.14159265359 0.955463904065
0.666666666667 3.35103216383 0.731220730421
0.666666666667 3.56047167407 0.897262351183
0.666666666667 3.76991118431 1.018297705
0.666666666667 3.97935069455 0.94675421308
0.666666666667 4.18879020479 0.808646056099
0.666666666667 4.39822971503 0.452946793108
0.666666666667 4.60766922527 0.196048325505
0.666666666667 4.8171087355 0.746119989827
0.666666666667 5.02654824574 1.64673159844
0.666666666667 5.23598775598 1.11853895014
0.666666666667 5.44542726622 0.441504594656
0.666666666667 5.65486677646 0.551727893155
0.666666666667 5.8643062867 0.46691204268
0.666666666667 6.07374579694 0.83220478617

0.733333333333 0 0.652526063021
0.733333333333 0.209439510239 0.279992714589
0.733333333333 0.418879020479 0.43780557044
0.733333333333 0.628318530718 0.554664898151
0.733333333333 0.837758040957 0.465065033696
0.733333333333 1.0471975512 0.28097571134
0.733333333333 1.25663706144 0.326159404295
0.733333333333 1.46607657168 0.619462948448
0.733333333333 1.67551608191 0.265312141237
0.733333333333 1.88495559215 0.16642232586
0.733333333333 2.09439510239 0.286806917508
0.733333333333 2.30383461263 1.09242666708
0.733333333333 2.51327412287 0.974571877425
0.733333333333 2.72271363311 0.633943427109
0.733333333333 2.93215314335 0.0427342443149
0.733333333333 3.14159265359 0.891391265266
0.733333333333 3.35103216383 1.04879795522
0.733333333333 3.56047167407 0.819855360006
0.733333333333 3.76991118431 0.960422702421
0.733333333333 3.97935069455 0.93785676605
0.733333333333 4.18879020479 0.71984907104
0.733333333333 4.39822971503 0.33495963442
0.733333333333 4.60766922527 0.186396355612
0.733333333333 4.8171087355 0.997004951289
0.733333333333 5.02654824574 1.77780356992
0.733333333333 5.23598775598 1.09580153055
0.733333333333 5.44542726622 0.333345171333
0.733333333333 5.65486677646 0.537708918541
0.733333333333 5.8643062867 0.611797544796
0.733333333333 6.07374579694 0.690260398133

0.8 0 0.647807746838
0.8 0.209439510239 0.28920668141
0.8 0.418879020479 0.232492674196
0.8 0.628318530718 0.362158021472
0.8 0.837758040957 0.382659208909
0.8 1.0471975512 0.388598333169
0.8 1.25663706144 0.578284343018
0.8 1.46607657168 0.559238933674
0.8 1.67551608191 0.0600058523
0.8 1.88495559215 0.28625818268
0.8 2.09439510239 0.383665950003
0.8 2.30383461263 0.771620485114
0.8 2.51327412287 0.788475473696
0.8 2.72271363311 0.744136691807
0.8 2.93215314335 0.167494447791
0.8 3.14159265359 0.41072828752
0.8 3.35103216383 1.09368082256
0.8 3.56047167407 0.953522587209
0.8 3.76991118431 0.840462170466
0.8 3.97935069455 0.734769841866
0.8 4.18879020479 0.455237551455
0.8 4.39822971503 0.13677061804
0.8 4.60766922527 0.335981720464
0.8 4.8171087355 1.38091189597
0.8 5.02654824574 1.89503986817
0.8 5.23598775598 1.00790434033
0.8 5.44542726622 0.227247598273
0.8 5.65486677646 0.499695418341
0.8 5.8643062867 0.735911411594
0.8 6.07374579694 0.66583896407

0.866666666667 0 0.724480721717
0.866666666667 0.209439510239 0.443448770814
0.866666666667 0.418879020479 0.155178677599
0.866666666667 0.628318530718 0.0943720729308
0.866666666667 0.837758040957 0.175598824763
0.866666666667 1.0471975512 0.3027160258
0.866666666667 1.25663706144 0.347226597359
0.866666666667 1.46607657168 0.142972123584
0.866666666667 1.67551608191 0.0824182048392
0.866666666667 1.88495559215 0.451461767158
0.866666666667 2.09439510239 0.624442406647
0.866666666667 2.30383461263 0.766909803042
0.866666666667 2.51327412287 0.54317876472
0.866666666667 2.72271363311 0.632522611849
0.866666666667 2.93215314335 0.512161523328
0.866666666667 3.14159265359 0.06100723963
0.866666666667 3.35103216383 0.265343967804
0.866666666667 3.56047167407 0.466633548287
0.866666666667 3.76991118431 0.396832971741
0.866666666667 3.97935069455 0.219846226795
0.866666666667 4.18879020479 0.0519073252671
0.866666666667 4.39822971503 0.163306382911
0.866666666667 4.60766922527 0.893558713165
0.866666666667 4.8171087355 1.88829372247
0.866666666667 5.02654824574 1.89327670575
0.866666666667 5.23598775598 0.80488195786
0.866666666667 5.44542726622 0.162060933648
0.866666666667 5.65486677646 0.454749045763
0.866666666667 5.8643062867 0.746900511395
0.866666666667 6.07374579694 0.759499701207

0.933333333333 0 0.723573931236
0.933333333333 0.209439510239 0.744129014166
0.933333333333 0.418879020479 0.651973555271
0.933333333333 0.628318530718 0.515427992898
0.933333333333 0.837758040957 0.411068035634
0.933333333333 1.0471975512 0.331486923136
0.933333333333 1.25663706144 0.23910966812
0.933333333333 1.46607657168 0.179604561165
0.933333333333 1.67551608191 0.308731213368
0.933333333333 1.88495559215 0.732321986865
0.933333333333 2.09439510239 1.26756278523
0.933333333333 2.30383461263 1.30019349005
0.933333333333 2.51327412287 0.674961715652
0.933333333333 2.72271363311 0.388909620025
0.933333333333 2.93215314335 0.694652540478
0.933333333333 3.14159265359 0.807211786645
0.933333333333 3.35103216383 0.595961891487
0.933333333333 3.56047167407 0.393986324279
0.933333333333 3.76991118431 0.334187061913
0.933333333333 3.97935069455 0.446551114041
0.933333333333 4.18879020479 0.792876413796
0.933333333333 4.39822971503 1.38861576339
0.933333333333 4.60766922527 1.99721109178
0.933333333333 4.8171087355 2.08533176156
0.933333333333 5.02654824574 1.37869679743
0.933333333333 5.23598775598 0.493194996994
0.933333333333 5.44542726622 0.245123272668
0.933333333333 5.65486677646 0.498739356734
0.933333333333 5.8643062867 0.660440322915
0.933333333333 6.07374579694 0.674503609892

