-1 0 0.719088792087
-1 0.209439510239 0.719088792087
-1 0.418879020479 0.719088792086
-1 0.628318530718 0.719088792086
-1 0.837758040957 0.719088792086
-1 1.0471975512 0.719088792087
-1 1.25663706144 0.719088792088
-1 1.46607657168 0.719088792088
-1 1.67551608191 0.719088792087
-1 1.88495559215 0.719088792086
-1 2.09439510239 0.719088792086
-1 2.30383461263 0.719088792086
-1 2.51327412287 0.719088792087
-1 2.72271363311 0.719088792087
-1 2.93215314335 0.719088792088
-1 3.14159265359 0.719088792087
-1 3.35103216383 0.719088792087
-1 3.56047167407 0.719088792086
-1 3.76991118431 0.719088792086
-1 3.97935069455 0.719088792086
-1 4.18879020479 0.719088792087
-1 4.39822971503 0.719088792088
-1 4.60766922527 0.719088792088
-1 4.8171087355 0.719088792087
-1 5.02654824574 0.719088792086
-1 5.23598775598 0.719088792086
-1 5.44542726622 0.719088792086
-1 5.65486677646 0.719088792087
-1 5.8643062867 0.719088792087
-1 6.07374579694 0.719088792088

-0.933333333333 0 0.476333596551
-0.933333333333 0.209439510239 0.616885144975
-0.933333333333 0.418879020479 0.714881346718
-0.933333333333 0.628318530718 0.769877699721
-0.933333333333 0.837758040957 0.780069528145
-0.933333333333 1.0471975512 0.726742493081
-0.933333333333 1.25663706144 0.615977040955
-0.933333333333 1.46607657168 0.509806820472
-0.933333333333 1.67551608191 0.494126973056
-0.933333333333 1.88495559215 0.56014899345
-0.933333333333 2.09439510239 0.57675580596
-0.933333333333 2.30383461263 0.441752306521
-0.933333333333 2.51327412287 0.204851718797
-0.933333333333 2.72271363311 0.101666158006
-0.933333333333 2.93215314335 0.242365876195
-0.933333333333 3.14159265359 0.411215642801
-0.933333333333 3.35103216383 0.446594049546
-0.933333333333 3.56047167407 0.407879645505
-0.933333333333 3.76991118431 0.389898462782
-0.933333333333 3.97935069455 0.421796416309
-0.933333333333 4.18879020479 0.469545804972
-0.933333333333 4.39822971503 0.437295253993
-0.933333333333 4.60766922527 0.245973293427
-0.933333333333 4.8171087355 0.0454100383123
-0.933333333333 5.02654824574 0.127119630816
-0.933333333333 5.23598775598 0.424745454917
-0.933333333333 5.44542726622 0.622193488986
-0.933333333333 5.65486677646 0.616448859732
-0.933333333333 5.8643062867 0.478271753349
-0.933333333333 6.07374579694 0.393123021855

-0.866666666667 0 0.82236097598
-0.866666666667 0.209439510239 0.868355270317
-0.866666666667 0.418879020479 0.920438360029
-0.866666666667 0.628318530718 1.04970798789
-0.866666666667 0.837758040957 1.16813190951
-0.866666666667 1.0471975512 1.22878386796
-0.866666666667 1.25663706144 1.1615525292
-0.866666666667 1.46607657168 0.883160335421
-0.866666666667 1.67551608191 0.476026633846
-0.866666666667 1.88495559215 0.33645282889
-0.866666666667 2.09439510239 0.487593494866
-0.866666666667 2.30383461263 0.365445488589
-0.866666666667 2.51327412287 0.121561657098
-0.866666666667 2.72271363311 0.285523187176
-0.866666666667 2.93215314335 0.4752531822
-0.866666666667 3.14159265359 0.307978624508
-0.866666666667 3.35103216383 0.110359060697
-0.866666666667 3.56047167407 0.0585572165966
-0.866666666667 3.76991118431 0.0728998559696
-0.866666666667 3.97935069455 0.0886419649067
-0.866666666667 4.18879020479 0.143463963899
-0.866666666667 4.39822971503 0.356075382078
-0.866666666667 4.60766922527 0.628177659178
-0.866666666667 4.8171087355 0.475252495651
-0.866666666667 5.02654824574 0.176182605155
-0.866666666667 5.23598775598 0.30450680265
-0.866666666667 5.44542726622 0.500835486374
-0.866666666667 5.65486677646 0.439807375935
-0.866666666667 5.8643062867 0.308971309006
-0.866666666667 6.07374579694 0.523048020185

-0.8 0 0.600866987539
-0.8 0.209439510239 0.442000489408
-0.8 0.418879020479 0.589359491577
-0.8 0.628318530718 0.770370203444
-0.8 0.837758040957 0.94653074352
-0.8 1.0471975512 1.13920857006
-0.8 1.25663706144 1.23253719454
-0.8 1.46607657168 1.10137250894
-0.8 1.67551608191 0.706961391766
-0.8 1.88495559215 0.248177874495
-0.8 2.09439510239 0.365072206707
-0.8 2.30383461263 0.31671232506
-0.8 2.51327412287 0.140041423608
-0.8 2.72271363311 0.429120536857
-0.8 2.93215314335 0.357745000299
-0.8 3.14159265359 0.11731066123
-0.8 3.35103216383 0.106489772404
-0.8 3.56047167407 0.18969581842
-0.8 3.76991118431 0.235459174556
-0.8 3.97935069455 0.250155426245
-0.8 4.18879020479 0.22438373531
-0.8 4.39822971503 0.127876428425
-0.8 4.60766922527 0.285278536882
-0.8 4.8171087355 0.602806373185
-0.8 5.02654824574 0.452854562438
-0.8 5.23598775598 0.366182265602
-0.8 5.44542726622 0.490320144233
-0.8 5.65486677646 0.338428999591
-0.8 5.8643062867 0.352093064463
-0.8 6.07374579694 0.669749822774

-0.733333333333 0 0.208264646045
-0.733333333333 0.209439510239 0.189279241914
-0.733333333333 0.418879020479 0.428600438069
-0.733333333333 0.628318530718 0.607280530929
-0.733333333333 0.837758040957 0.830246427136
-0.733333333333 1.0471975512 1.14761944925
-0.733333333333 1.25663706144 1.39670430321
-0.733333333333 1.46607657168 1.20693275754
-0.733333333333 1.67551608191 0.796127402247
-0.733333333333 1.88495559215 0.289944887405
-0.733333333333 2.09439510239 0.249795896877
-0.733333333333 2.30383461263 0.275277930368
-0.733333333333 2.51327412287 0.188999183585
-0.733333333333 2.72271363311 0.455158380676
-0.733333333333 2.93215314335 0.236561135604
-0.733333333333 3.14159265359 0.127547944238
-0.733333333333 3.35103216383 0.18941825475
-0.733333333333 3.56047167407 0.224108235764
-0.733333333333 3.76991118431 0.192692213432
-0.733333333333 3.97935069455 0.23266248895
-0.733333333333 4.18879020479 0.408695452785
-0.733333333333 4.39822971503 0.494578307537
-0.733333333333 4.60766922527 0.19706016398
-0.733333333333 4.8171087355 0.337298683348
-0.733333333333 5.02654824574 0.578291621525
-0.733333333333 5.23598775598 0.567381513977
-0.733333333333 5.44542726622 0.503110365869
-0.733333333333 5.65486677646 0.273771633549
-0.733333333333 5.8643062867 0.428387291248
-0.733333333333 6.07374579694 0.526537846607

-0.666666666667 0 0.0987706274687
-0.666666666667 0.209439510239 0.183040069336
-0.666666666667 0.418879020479 0.381328446072
-0.666666666667 0.628318530718 0.507896883767
-0.666666666667 0.837758040957 0.702819909861
-0.666666666667 1.0471975512 1.06914708431
-0.666666666667 1.25663706144 1.5969799858
-0.666666666667 1.46607657168 1.54056164956
-0.666666666667 1.67551608191 0.808002590394
-0.666666666667 1.88495559215 0.352222417554
-0.666666666667 2.09439510239 0.165147319799
-0.666666666667 2.30383461263 0.237123642015
-0.666666666667 2.51327412287 0.239243205056
-0.666666666667 2.72271363311 0.418472685428
-0.666666666667 2.93215314335 0.204377892078
-0.666666666667 3.14159265359 0.154130937337
-0.666666666667 3.35103216383 0.210618585992
-0.666666666667 3.56047167407 0.161941460996
-0.666666666667 3.76991118431 0.100219906064
-0.666666666667 3.97935069455 0.142556836486
-0.666666666667 4.18879020479 0.310745397788
-0.666666666667 4.39822971503 0.756841195408
-0.666666666667 4.60766922527 0.578146774559
-0.666666666667 4.8171087355 0.172617668213
-0.666666666667 5.02654824574 0.483982211942
-0.666666666667 5.23598775598 0.797947410549
-0.666666666667 5.44542726622 0.501174376146
-0.666666666667 5.65486677646 0.237740396091
-0.666666666667 5.8643062867 0.462214996167
-0.666666666667 6.07374579694 0.390295827988

-0.6 0 0.121561777078
-0.6 0.209439510239 0.210551516307
-0.6 0.418879020479 0.31108356334
-0.6 0.628318530718 0.345951886166
-0.6 0.837758040957 0.456259430567
-0.6 1.0471975512 0.771379832716
-0.6 1.25663706144 1.51680996601
-0.6 1.46607657168 1.94969152163
-0.6 1.67551608191 0.911717064498
-0.6 1.88495559215 0.375825819323
-0.6 2.09439510239 0.114874640228
-0.6 2.30383461263 0.202216025351
-0.6 2.51327412287 0.279805655817
-0.6 2.72271363311 0.370728213621
-0.6 2.93215314335 0.214346817799
-0.6 3.14159265359 0.162588831235
-0.6 3.35103216383 0.227754021228
-0.6 3.56047167407 0.124146418757
-0.6 3.76991118431 0.149499267846
-0.6 3.97935069455 0.259259945926
-0.6 4.18879020479 0.248461561312
-0.6 4.39822971503 0.643203220448
-0.6 4.60766922527 0.931814405906
-0.6 4.8171087355 0.238857243594
-0.6 5.02654824574 0.316690817959
-0.6 5.23598775598 0.979836023863
-0.6 5.44542726622 0.489523329907
-0.6 5.65486677646 0.225546318745
-0.6 5.8643062867 0.48026012045
-0.6 6.07374579694 0.396087581449

-0.533333333333 0 0.12207059171
-0.533333333333 0.209439510239 0.223078452665
-0.533333333333 0.418879020479 0.212827682325
-0.533333333333 0.628318530718 0.195869526792
-0.533333333333 0.837758040957 0.218021763063
-0.533333333333 1.0471975512 0.414515402701
-0.533333333333 1.25663706144 1.17850812231
-0.533333333333 1.46607657168 2.19708616981
-0.533333333333 1.67551608191 1.14936872267
-0.533333333333 1.88495559215 0.357445826508
-0.533333333333 2.09439510239 0.0929874504153
-0.533333333333 2.30383461263 0.171230932876
-0.533333333333 2.51327412287 0.308188234846
-0.533333333333 2.72271363311 0.33728994723
-0.533333333333 2.93215314335 0.223051874185
-0.533333333333 3.14159265359 0.187268340494
-0.533333333333 3.35103216383 0.24350529068
-0.533333333333 3.56047167407 0.113187098788
-0.533333333333 3.76991118431 0.253718014928
-0.533333333333 3.97935069455 0.449975172314
-0.533333333333 4.18879020479 0.346799594863
-0.533333333333 4.39822971503 0.418610198117
-0.533333333333 4.60766922527 1.01331595303
-0.533333333333 4.8171087355 0.390206265967
-0.533333333333 5.02654824574 0.189691841172
-0.533333333333 5.23598775598 1.0899067558
-0.533333333333 5.44542726622 0.478983122745
-0.533333333333 5.65486677646 0.230415544664
-0.533333333333 5.8643062867 0.510650048381
-0.533333333333 6.07374579694 0.467915746499

-0.466666666667 0 0.098216006444
-0.466666666667 0.209439510239 0.237560173853
-0.466666666667 0.418879020479 0.163789146315
-0.466666666667 0.628318530718 0.189572884056
-0.466666666667 0.837758040957 0.12224569803
-0.466666666667 1.0471975512 0.163310580932
-0.466666666667 1.25663706144 0.771201614814
-0.466666666667 1.46607657168 2.21201108751
-0.466666666667 1.67551608191 1.46543991581
-0.466666666667 1.88495559215 0.317188464508
-0.466666666667 2.09439510239 0.0908314519454
-0.466666666667 2.30383461263 0.144647959111
-0.466666666667 2.51327412287 0.32560710114
-0.466666666667 2.72271363311 0.324040568512
-0.466666666667 2.93215314335 0.218608506128
-0.466666666667 3.14159265359 0.239095478553
-0.466666666667 3.35103216383 0.236994113313
-0.466666666667 3.56047167407 0.104776632593
-0.466666666667 3.76991118431 0.30276610257
-0.466666666667 3.97935069455 0.521017004282
-0.466666666667 4.18879020479 0.461021637284
-0.466666666667 4.39822971503 0.290994179479
-0.466666666667 4.60766922527 0.910623990909
-0.466666666667 4.8171087355 0.501488060107
-0.466666666667 5.02654824574 0.133343530258
-0.466666666667 5.23598775598 1.13560915867
-0.466666666667 5.44542726622 0.475506862988
-0.466666666667 5.65486677646 0.245967383196
-0.466666666667 5.8643062867 0.557835601406
-0.466666666667 6.07374579694 0.522533665159

-0.4 0 0.0871464749265
-0.4 0.209439510239 0.261251359561
-0.4 0.418879020479 0.215879766866
-0.4 0.628318530718 0.344639411265
-0.4 0.837758040957 0.178564126888
-0.4 1.0471975512 0.0630903452688
-0.4 1.25663706144 0.435922162241
-0.4 1.46607657168 2.05415745119
-0.4 1.67551608191 1.78630300434
-0.4 1.88495559215 0.27554540668
-0.4 2.09439510239 0.100504841319
-0.4 2.30383461263 0.122590544421
-0.4 2.51327412287 0.334610436655
-0.4 2.72271363311 0.327321450303
-0.4 2.93215314335 0.206616928464
-0.4 3.14159265359 0.304317092935
-0.4 3.35103216383 0.20614619866
-0.4 3.56047167407 0.094146091575
-0.4 3.76991118431 0.282434659641
-0.4 3.97935069455 0.445535031596
-0.4 4.18879020479 0.474248731684
-0.4 4.39822971503 0.268059419803
-0.4 4.60766922527 0.773195993243
-0.4 4.8171087355 0.539431526145
-0.4 5.02654824574 0.133363362889
-0.4 5.23598775598 1.13442284231
-0.4 5.44542726622 0.480685117626
-0.4 5.65486677646 0.267057726223
-0.4 5.8643062867 0.61432239218
-0.4 6.07374579694 0.533536322579

-0.333333333333 0 0.102118214293
-0.333333333333 0.209439510239 0.289597399367
-0.333333333333 0.418879020479 0.34869061141
-0.333333333333 0.628318530718 0.573015300877
-0.333333333333 0.837758040957 0.313889506841
-0.333333333333 1.0471975512 0.0758514474206
-0.333333333333 1.25663706144 0.218255091059
-0.333333333333 1.46607657168 1.81691433486
-0.333333333333 1.67551608191 2.06211003298
-0.333333333333 1.88495559215 0.244891212588
-0.333333333333 2.09439510239 0.115995258809
-0.333333333333 2.30383461263 0.104894135141
-0.333333333333 2.51327412287 0.337928510817
-0.333333333333 2.72271363311 0.340565582397
-0.333333333333 2.93215314335 0.195636073198
-0.333333333333 3.14159265359 0.365939553177
-0.333333333333 3.35103216383 0.164272722669
-0.333333333333 3.56047167407 0.0887228123702
-0.333333333333 3.76991118431 0.233654870251
-0.333333333333 3.97935069455 0.30412639596
-0.333333333333 4.18879020479 0.390931916453
-0.333333333333 4.39822971503 0.28371999507
-0.333333333333 4.60766922527 0.678412549243
-0.333333333333 4.8171087355 0.521948425909
-0.333333333333 5.02654824574 0.165045336481
-0.333333333333 5.23598775598 1.10390308084
-0.333333333333 5.44542726622 0.493761187656
-0.333333333333 5.65486677646 0.28975048182
-0.333333333333 5.8643062867 0.671547846698
-0.333333333333 6.07374579694 0.510603750096

-0.266666666667 0 0.134211942362
-0.266666666667 0.209439510239 0.315208520111
-0.266666666667 0.418879020479 0.502628894134
-0.266666666667 0.628318530718 0.775508171225
-0.266666666667 0.837758040957 0.45287361617
-0.266666666667 1.0471975512 0.144079366867
-0.266666666667 1.25663706144 0.103667615892
-0.266666666667 1.46607657168 1.57303126302
-0.266666666667 1.67551608191 2.27284060556
-0.266666666667 1.88495559215 0.229378321688
-0.266666666667 2.09439510239 0.133219476324
-0.266666666667 2.30383461263 0.0912232655075
-0.266666666667 2.51327412287 0.337971793597
-0.266666666667 2.72271363311 0.357546816319
-0.266666666667 2.93215314335 0.190882971015
-0.266666666667 3.14159265359 0.414868649549
-0.266666666667 3.35103216383 0.125607750859
-0.266666666667 3.56047167407 0.0946882438224
-0.266666666667 3.76991118431 0.195154830969
-0.266666666667 3.97935069455 0.176559489697
-0.266666666667 4.18879020479 0.271105058988
-0.266666666667 4.39822971503 0.291880532167
-0.266666666667 4.60766922527 0.637340110526
-0.266666666667 4.8171087355 0.47684503267
-0.266666666667 5.02654824574 0.208264731071
-0.266666666667 5.23598775598 1.05814744284
-0.266666666667 5.44542726622 0.513035542013
-0.266666666667 5.65486677646 0.311146167441
-0.266666666667 5.8643062867 0.723910114509
-0.266666666667 6.07374579694 0.472699867831

-0.2 0 0.168524650063
-0.2 0.209439510239 0.33201506892
-0.2 0.418879020479 0.62625148435
-0.2 0.628318530718 0.900197665831
-0.2 0.837758040957 0.555393502254
-0.2 1.0471975512 0.22499238645
-0.2 1.25663706144 0.0578659485729
-0.2 1.46607657168 1.36302866477
-0.2 1.67551608191 2.41901461635
-0.2 1.88495559215 0.227722946524
-0.2 2.09439510239 0.149659602633
-0.2 2.30383461263 0.0811792507697
-0.2 2.51327412287 0.336657171884
-0.2 2.72271363311 0.373492291574
-0.2 2.93215314335 0.193531964601
-0.2 3.14159265359 0.450307583023
-0.2 3.35103216383 0.0981901578969
-0.2 3.56047167407 0.112564291777
-0.2 3.76991118431 0.182697742092
-0.2 3.97935069455 0.0981669233975
-0.2 4.18879020479 0.164098071537
-0.2 4.39822971503 0.280500704512
-0.2 4.60766922527 0.6339012768
-0.2 4.8171087355 0.42421965185
-0.2 5.02654824574 0.250633830923
-0.2 5.23598775598 1.00721837372
-0.2 5.44542726622 0.536622733037
-0.2 5.65486677646 0.329213341622
-0.2 5.8643062867 0.768935919006
-0.2 6.07374579694 0.435182707427

-0.133333333333 0 0.193752758405
-0.133333333333 0.209439510239 0.336522685839
-0.133333333333 0.418879020479 0.696092641427
-0.133333333333 0.628318530718 0.944267099016
-0.133333333333 0.837758040957 0.614045317771
-0.133333333333 1.0471975512 0.2964350055
-0.133333333333 1.25663706144 0.0489033211894
-0.133333333333 1.46607657168 1.20291511824
-0.133333333333 1.67551608191 2.5106215944
-0.133333333333 1.88495559215 0.236065413624
-0.133333333333 2.09439510239 0.163932684376
-0.133333333333 2.30383461263 0.0743840478937
-0.133333333333 2.51327412287 0.335385674098
-0.133333333333 2.72271363311 0.385146136418
-0.133333333333 2.93215314335 0.202088014826
-0.133333333333 3.14159265359 0.476160294616
-0.133333333333 3.35103216383 0.0839016968892
-0.133333333333 3.56047167407 0.138869157269
-0.133333333333 3.76991118431 0.194045849202
-0.133333333333 3.97935069455 0.0680012388375
-0.133333333333 4.18879020479 0.0899534487015
-0.133333333333 4.39822971503 0.25544284348
-0.133333333333 4.60766922527 0.649973066206
-0.133333333333 4.8171087355 0.374157742008
-0.133333333333 5.02654824574 0.286040817944
-0.133333333333 5.23598775598 0.957702996585
-0.133333333333 5.44542726622 0.562804263736
-0.133333333333 5.65486677646 0.342630940221
-0.133333333333 5.8643062867 0.806214885699
-0.133333333333 6.07374579694 0.407122489515

-0.0666666666667 0 0.204489057476
-0.0666666666667 0.209439510239 0.327824288687
-0.0666666666667 0.418879020479 0.712156444617
-0.0666666666667 0.628318530718 0.930614282403
-0.0666666666667 0.837758040957 0.638472643242
-0.0666666666667 1.0471975512 0.350468529897
-0.0666666666667 1.25663706144 0.0541560801963
-0.0666666666667 1.46607657168 1.09522734192
-0.0666666666667 1.67551608191 2.55924143508
-0.0666666666667 1.88495559215 0.249986910113
-0.0666666666667 2.09439510239 0.175428440484
-0.0666666666667 2.30383461263 0.0705418124664
-0.0666666666667 2.51327412287 0.335073582167
-0.0666666666667 2.72271363311 0.390460757262
-0.0666666666667 2.93215314335 0.213894615425
-0.0666666666667 3.14159265359 0.497612076066
-0.0666666666667 3.35103216383 0.0811954312
-0.0666666666667 3.56047167407 0.168961664912
-0.0666666666667 3.76991118431 0.220307420787
-0.0666666666667 3.97935069455 0.0711900392718
-0.0666666666667 4.18879020479 0.0486366620323
-0.0666666666667 4.39822971503 0.226610425449
-0.0666666666667 4.60766922527 0.673595798614
-0.0666666666667 4.8171087355 0.329850715052
-0.0666666666667 5.02654824574 0.312285393479
-0.0666666666667 5.23598775598 0.913571947179
-0.0666666666667 5.44542726622 0.590165815567
-0.0666666666667 5.65486677646 0.350647136219
-0.0666666666667 5.8643062867 0.83627836227
-0.0666666666667 6.07374579694 0.39283575529

6.12323399574e-17 0 0.200125858445
6.12323399574e-17 0.209439510239 0.306939313027
6.12323399574e-17 0.418879020479 0.685791763439
6.12323399574e-17 0.628318530718 0.885957311322
6.12323399574e-17 0.837758040957 0.642345635541
6.12323399574e-17 1.0471975512 0.385531838991
6.12323399574e-17 1.25663706144 0.0601311270921
6.12323399574e-17 1.46607657168 1.0371783833
6.12323399574e-17 1.67551608191 2.57376554019
6.12323399574e-17 1.88495559215 0.265654092852
6.12323399574e-17 2.09439510239 0.184052322564
6.12323399574e-17 2.30383461263 0.0694842240651
6.12323399574e-17 2.51327412287 0.336184939704
6.12323399574e-17 2.72271363311 0.388268042795
6.12323399574e-17 2.93215314335 0.226155478611
6.12323399574e-17 3.14159265359 0.518998808945
6.12323399574e-17 3.35103216383 0.0877405301504
6.12323399574e-17 3.56047167407 0.198829870073
6.12323399574e-17 3.76991118431 0.254234008126
6.12323399574e-17 3.97935069455 0.0950845793809
6.12323399574e-17 4.18879020479 0.0328509714937
6.12323399574e-17 4.39822971503 0.202515693494
6.12323399574e-17 4.60766922527 0.698558815154
6.12323399574e-17 4.8171087355 0.291191618721
6.12323399574e-17 5.02654824574 0.329156770455
6.12323399574e-17 5.23598775598 0.876988651476
6.12323399574e-17 5.44542726622 0.617627722904
6.12323399574e-17 5.65486677646 0.35296477424
6.12323399574e-17 5.8643062867 0.859757644892
6.12323399574e-17 6.07374579694 0.394208647501

0.0666666666667 0 0.183145806357
0.0666666666667 0.209439510239 0.275926600881
0.0666666666667 0.418879020479 0.630329549555
0.0666666666667 0.628318530718 0.829162999912
0.0666666666667 0.837758040957 0.636106207691
0.0666666666667 1.0471975512 0.401084842253
0.0666666666667 1.25663706144 0.0606636684833
0.0666666666667 1.46607657168 1.02483582252
0.0666666666667 1.67551608191 2.55873588154
0.0666666666667 1.88495559215 0.280328359588
0.0666666666667 2.09439510239 0.190069550808
0.0666666666667 2.30383461263 0.0712066492017
0.0666666666667 2.51327412287 0.338737100869
0.0666666666667 2.72271363311 0.378088286266
0.0666666666667 2.93215314335 0.236495588898
0.0666666666667 3.14159265359 0.542608444014
0.0666666666667 3.35103216383 0.102204308002
0.0666666666667 3.56047167407 0.225554981127
0.0666666666667 3.76991118431 0.293642255095
0.0666666666667 3.97935069455 0.134936784376
0.0666666666667 4.18879020479 0.0349783917852
0.0666666666667 4.39822971503 0.189927067718
0.0666666666667 4.60766922527 0.721371634387
0.0666666666667 4.8171087355 0.257391363862
0.0666666666667 5.02654824574 0.337204522597
0.0666666666667 5.23598775598 0.848944290179
0.0666666666667 5.44542726622 0.644430087463
0.0666666666667 5.65486677646 0.349662174608
0.0666666666667 5.8643062867 0.876829183613
0.0666666666667 6.07374579694 0.41249583996

0.133333333333 0 0.157965959439
0.133333333333 0.209439510239 0.237137478602
0.133333333333 0.418879020479 0.55688924683
0.133333333333 0.628318530718 0.768338076638
0.133333333333 0.837758040957 0.623829808429
0.133333333333 1.0471975512 0.395396096563
0.133333333333 1.25663706144 0.0561739099814
0.133333333333 1.46607657168 1.05375929627
0.133333333333 1.67551608191 2.51445679674
0.133333333333 1.88495559215 0.292455326074
0.133333333333 2.09439510239 0.19403222027
0.133333333333 2.30383461263 0.075900798293
0.133333333333 2.51327412287 0.342268282093
0.133333333333 2.72271363311 0.360131249597
0.133333333333 2.93215314335 0.24328569308
0.133333333333 3.14159265359 0.567737915655
0.133333333333 3.35103216383 0.125281749197
0.133333333333 3.56047167407 0.246882553328
0.133333333333 3.76991118431 0.340393101228
0.133333333333 3.97935069455 0.191260183101
0.133333333333 4.18879020479 0.0484274237404
0.133333333333 4.39822971503 0.195101099258
0.133333333333 4.60766922527 0.738126538423
0.133333333333 4.8171087355 0.228623588789
0.133333333333 5.02654824574 0.337076636831
0.133333333333 5.23598775598 0.829697316603
0.133333333333 5.44542726622 0.67010478589
0.133333333333 5.65486677646 0.34115281847
0.133333333333 5.8643062867 0.886874381697
0.133333333333 6.07374579694 0.449306075248

0.2 0 0.130563452485
0.2 0.209439510239 0.192814875774
0.2 0.418879020479 0.473948280487
0.2 0.628318530718 0.703220253771
0.2 0.837758040957 0.603128535887
0.2 1.0471975512 0.366805473544
0.2 1.25663706144 0.054591247573
0.2 1.46607657168 1.11649737121
0.2 1.67551608191 2.43864353445
0.2 1.88495559215 0.301434937075
0.2 2.09439510239 0.196768663026
0.2 2.30383461263 0.083989073221
0.2 2.51327412287 0.345768538216
0.2 2.72271363311 0.335487493024
0.2 2.93215314335 0.245930952364
0.2 3.14159265359 0.589570789366
0.2 3.35103216383 0.160017823884
0.2 3.56047167407 0.260472780734
0.2 3.76991118431 0.395139563007
0.2 3.97935069455 0.261955794742
0.2 4.18879020479 0.0665698565218
0.2 4.39822971503 0.224581688638
0.2 4.60766922527 0.742029021893
0.2 4.8171087355 0.207006177016
0.2 5.02654824574 0.329241243776
0.2 5.23598775598 0.819031907285
0.2 5.44542726622 0.694450293275
0.2 5.65486677646 0.328184175014
0.2 5.8643062867 0.888300827236
0.2 6.07374579694 0.506810981172

0.266666666667 0 0.10872694728
0.266666666667 0.209439510239 0.145165026179
0.266666666667 0.418879020479 0.388462026478
0.266666666667 0.628318530718 0.630457662748
0.266666666667 0.837758040957 0.568632275199
0.266666666667 1.0471975512 0.318941858802
0.266666666667 1.25663706144 0.0724693390477
0.266666666667 1.46607657168 1.19743531779
0.266666666667 1.67551608191 2.32985950771
0.266666666667 1.88495559215 0.307065549709
0.266666666667 2.09439510239 0.199409666009
0.266666666667 2.30383461263 0.0961628391079
0.266666666667 2.51327412287 0.347595691286
0.266666666667 2.72271363311 0.306444040132
0.266666666667 2.93215314335 0.245184232135
0.266666666667 3.14159265359 0.598068297846
0.266666666667 3.35103216383 0.210727814536
0.266666666667 3.56047167407 0.263628364062
0.266666666667 3.76991118431 0.44879502496
0.266666666667 3.97935069455 0.332874201176
0.266666666667 4.18879020479 0.0825528557284
0.266666666667 4.39822971503 0.284154287073
0.266666666667 4.60766922527 0.722214399589
0.266666666667 4.8171087355 0.197029210939
0.266666666667 5.02654824574 0.31396006718
0.266666666667 5.23598775598 0.816360306749
0.266666666667 5.44542726622 0.717520112001
0.266666666667 5.65486677646 0.311872372741
0.266666666667 5.8643062867 0.878517197412
0.266666666667 6.07374579694 0.587210900821

0.333333333333 0 0.102641043882
0.333333333333 0.209439510239 0.0970740755124
0.333333333333 0.418879020479 0.306624661972
0.333333333333 0.628318530718 0.549829812693
0.333333333333 0.837758040957 0.519269347567
0.333333333333 1.0471975512 0.268371456273
0.333333333333 1.25663706144 0.131842978026
0.333333333333 1.46607657168 1.26732376616
0.333333333333 1.67551608191 2.19271872204
0.333333333333 1.88495559215 0.308652093978
0.333333333333 2.09439510239 0.203416654842
0.333333333333 2.30383461263 0.113422071313
0.333333333333 2.51327412287 0.345433249811
0.333333333333 2.72271363311 0.276752362844
0.333333333333 2.93215314335 0.243277923478
0.333333333333 3.14159265359 0.578251099432
0.333333333333 3.35103216383 0.278730528309
0.333333333333 3.56047167407 0.254597421423
0.333333333333 3.76991118431 0.475822124284
0.333333333333 3.97935069455 0.373456067172
0.333333333333 4.18879020479 0.0925901797928
0.333333333333 4.39822971503 0.374452980456
0.333333333333 4.60766922527 0.665201552112
0.333333333333 4.8171087355 0.205149059349
0.333333333333 5.02654824574 0.291456318134
0.333333333333 5.23598775598 0.820692553708
0.333333333333 5.44542726622 0.739627158845
0.333333333333 5.65486677646 0.293769580536
0.333333333333 5.8643062867 0.854110601066
0.333333333333 6.07374579694 0.691387213622

0.4 0 0.125410047814
0.4 0.209439510239 0.0536843267917
0.4 0.418879020479 0.233176836872
0.4 0.628318530718 0.468242204221
0.4 0.837758040957 0.466010931286
0.4 1.0471975512 0.24767700287
0.4 1.25663706144 0.246177077694
0.4 1.46607657168 1.28473202838
0.4 1.67551608191 2.04278420769
0.4 1.88495559215 0.304022808568
0.4 2.09439510239 0.210550628093
0.4 2.30383461263 0.137099694351
0.4 2.51327412287 0.336417692763
0.4 2.72271363311 0.25147310581
0.4 2.93215314335 0.243266056532
0.4 3.14159265359 0.514969213345
0.4 3.35103216383 0.353032480743
0.4 3.56047167407 0.235588150879
0.4 3.76991118431 0.440520869099
0.4 3.97935069455 0.347679164985
0.4 4.18879020479 0.102633636236
0.4 4.39822971503 0.482419140293
0.4 4.60766922527 0.561090277474
0.4 4.8171087355 0.237870288197
0.4 5.02654824574 0.262278875112
0.4 5.23598775598 0.830500359444
0.4 5.44542726622 0.761365934165
0.4 5.65486677646 0.275963389978
0.4 5.8643062867 0.811323406393
0.4 6.07374579694 0.816592481842

0.466666666667 0 0.192903392956
0.466666666667 0.209439510239 0.0248430589652
0.466666666667 0.418879020479 0.16991082966
0.466666666667 0.628318530718 0.396958517582
0.466666666667 0.837758040957 0.431390502316
0.466666666667 1.0471975512 0.291600199711
0.466666666667 1.25663706144 0.394509202517
0.466666666667 1.46607657168 1.21738163316
0.466666666667 1.67551608191 1.90432900968
0.466666666667 1.88495559215 0.289445553709
0.466666666667 2.09439510239 0.222674703573
0.466666666667 2.30383461263 0.168815089976
0.466666666667 2.51327412287 0.317685704092
0.466666666667 2.72271363311 0.235703209512
0.466666666667 2.93215314335 0.246627992225
0.466666666667 3.14159265359 0.405971726387
0.466666666667 3.35103216383 0.399068978302
0.466666666667 3.56047167407 0.21330055573
0.466666666667 3.76991118431 0.325477801156
0.466666666667 3.97935069455 0.245738690085
0.466666666667 4.18879020479 0.131401868613
0.466666666667 4.39822971503 0.571964121646
0.466666666667 4.60766922527 0.415754376493
0.466666666667 4.8171087355 0.297533906348
0.466666666667 5.02654824574 0.227887518585
0.466666666667 5.23598775598 0.843515495076
0.466666666667 5.44542726622 0.783647539324
0.466666666667 5.65486677646 0.261215528042
0.466666666667 5.8643062867 0.746955248604
0.466666666667 6.07374579694 0.953128348103

0.533333333333 0 0.32168435069
0.533333333333 0.209439510239 0.0279122059007
0.533333333333 0.418879020479 0.116664901126
0.533333333333 0.628318530718 0.340342261098
0.533333333333 0.837758040957 0.431096486973
0.533333333333 1.0471975512 0.399435374538
0.533333333333 1.25663706144 0.50552483147
0.533333333333 1.46607657168 1.0886958262
0.533333333333 1.67551608191 1.78910827237
0.533333333333 1.88495559215 0.262720447272
0.533333333333 2.09439510239 0.241218821706
0.533333333333 2.30383461263 0.210197762653
0.533333333333 2.51327412287 0.287770950888
0.533333333333 2.72271363311 0.231223190022
0.533333333333 2.93215314335 0.248772345407
0.533333333333 3.14159265359 0.281278448751
0.533333333333 3.35103216383 0.363624957077
0.533333333333 3.56047167407 0.188806734895
0.533333333333 3.76991118431 0.166820646139
0.533333333333 3.97935069455 0.116798404272
0.533333333333 4.18879020479 0.195502446814
0.533333333333 4.39822971503 0.586754650043
0.533333333333 4.60766922527 0.265058525838
0.533333333333 4.8171087355 0.375859024452
0.533333333333 5.02654824574 0.191428047121
0.533333333333 5.23598775598 0.856543543019
0.533333333333 5.44542726622 0.807733220353
0.533333333333 5.65486677646 0.253167243457
0.533333333333 5.8643062867 0.6597904622
0.533333333333 6.07374579694 1.08046723004

0.6 0 0.52216749811
0.6 0.209439510239 0.0900702393379
0.6 0.418879020479 0.079343638111
0.6 0.628318530718 0.285153753136
0.6 0.837758040957 0.441155776919
0.6 1.0471975512 0.495115355622
0.6 1.25663706144 0.499838965724
0.6 1.46607657168 1.00775651184
0.6 1.67551608191 1.65290999842
0.6 1.88495559215 0.232379036218
0.6 2.09439510239 0.266102522216
0.6 2.30383461263 0.261956867189
0.6 2.51327412287 0.24935587764
0.6 2.72271363311 0.230738211039
0.6 2.93215314335 0.235540361899
0.6 3.14159265359 0.206084586778
0.6 3.35103216383 0.227305468328
0.6 3.56047167407 0.144207529157
0.6 3.76991118431 0.0465275764322
0.6 3.97935069455 0.0504655684815
0.6 4.18879020479 0.274268788572
0.6 4.39822971503 0.48608250797
0.6 4.60766922527 0.175940682581
0.6 4.8171087355 0.447921617958
0.6 5.02654824574 0.158462433954
0.6 5.23598775598 0.865456759894
0.6 5.44542726622 0.835229453229
0.6 5.65486677646 0.256678440157
0.6 5.8643062867 0.552536296975
0.6 6.07374579694 1.16454648913

0.666666666667 0 0.781106021707
0.666666666667 0.209439510239 0.248654673641
0.666666666667 0.418879020479 0.087087237563
0.666666666667 0.628318530718 0.213846734302
0.666666666667 0.837758040957 0.389384057263
0.666666666667 1.0471975512 0.455902566352
0.666666666667 1.25663706144 0.406886085139
0.666666666667 1.46607657168 1.07503819233
0.666666666667 1.67551608191 1.37629409754
0.666666666667 1.88495559215 0.2310523136
0.666666666667 2.09439510239 0.294124209661
0.666666666667 2.30383461263 0.321277054717
0.666666666667 2.51327412287 0.213053797047
0.666666666667 2.72271363311 0.213630090808
0.666666666667 2.93215314335 0.191395021402
0.666666666667 3.14159265359 0.220890932816
0.666666666667 3.35103216383 0.084351218255
0.666666666667 3.56047167407 0.0722955494181
0.666666666667 3.76991118431 0.020026793595
0.666666666667 3.97935069455 0.0852168935616
0.666666666667 4.18879020479 0.301202923457
0.666666666667 4.39822971503 0.312985796262
0.666666666667 4.60766922527 0.210051290122
0.666666666667 4.8171087355 0.473764544211
0.666666666667 5.02654824574 0.137001419015
0.666666666667 5.23598775598 0.865676348633
0.666666666667 5.44542726622 0.867955806604
0.666666666667 5.65486677646 0.278431585414
0.666666666667 5.8643062867 0.434054915819
0.666666666667 6.07374579694 1.16032313402

0.733333333333 0 1.02723489939
0.733333333333 0.209439510239 0.537027808782
0.733333333333 0.418879020479 0.215868934503
0.733333333333 0.628318530718 0.172045851816
0.733333333333 0.837758040957 0.258852696502
0.733333333333 1.0471975512 0.300601013009
0.733333333333 1.25663706144 0.425021061956
0.733333333333 1.46607657168 1.15774785438
0.733333333333 1.67551608191 0.888003958166
0.733333333333 1.88495559215 0.311609592606
0.733333333333 2.09439510239 0.317901388422
0.733333333333 2.30383461263 0.375781716052
0.733333333333 2.51327412287 0.197489425936
0.733333333333 2.72271363311 0.158608141572
0.733333333333 2.93215314335 0.133107560177
0.733333333333 3.14159265359 0.237745950388
0.733333333333 3.35103216383 0.0719481611891
0.733333333333 3.56047167407 0.0408047948086
0.733333333333 3.76991118431 0.0685627706923
0.733333333333 3.97935069455 0.153926782106
0.733333333333 4.18879020479 0.248543768386
0.733333333333 4.39822971503 0.212486624842
0.733333333333 4.60766922527 0.347139922583
0.733333333333 4.8171087355 0.417539171414
0.733333333333 5.02654824574 0.135696785027
0.733333333333 5.23598775598 0.853667730439
0.733333333333 5.44542726622 0.907463766949
0.733333333333 5.65486677646 0.327990457429
0.733333333333 5.8643062867 0.321647304845
0.733333333333 6.07374579694 1.02660121726

0.8 0 1.09881958777
0.8 0.209439510239 0.897266382958
0.8 0.418879020479 0.566210946041
0.8 0.628318530718 0.361648501398
0.8 0.837758040957 0.311269094222
0.8 1.0471975512 0.378504912986
0.8 1.25663706144 0.661312829628
0.8 1.46607657168 0.918274481473
0.8 1.67551608191 0.419720807842
0.8 1.88495559215 0.482252588365
0.8 2.09439510239 0.329256193662
0.8 2.30383461263 0.395398533229
0.8 2.51327412287 0.210192142
0.8 2.72271363311 0.0895487375855
0.8 2.93215314335 0.147243535571
0.8 3.14159265359 0.14959555767
0.8 3.35103216383 0.0838600823579
0.8 3.56047167407 0.0622365704607
0.8 3.76991118431 0.11143992133
0.8 3.97935069455 0.168455779087
0.8 4.18879020479 0.201567258571
0.8 4.39822971503 0.276330490258
0.8 4.60766922527 0.446362919521
0.8 4.8171087355 0.283662885241
0.8 5.02654824574 0.159670838197
0.8 5.23598775598 0.830174749393
0.8 5.44542726622 0.953610343307
0.8 5.65486677646 0.419329918548
0.8 5.8643062867 0.24437924683
0.8 6.07374579694 0.760409087912

0.866666666667 0 0.825270207135
0.866666666667 0.209439510239 0.985718173833
0.866666666667 0.418879020479 0.933239716317
0.866666666667 0.628318530718 0.815317412253
0.866666666667 0.837758040957 0.73700727847
0.866666666667 1.0471975512 0.719524732923
0.866666666667 1.25663706144 0.66687155109
0.866666666667 1.46607657168 0.433081007024
0.866666666667 1.67551608191 0.382279238415
0.866666666667 1.88495559215 0.615125288033
0.866666666667 2.09439510239 0.332828925041
0.866666666667 2.30383461263 0.347502858228
0.866666666667 2.51327412287 0.205551795435
0.866666666667 2.72271363311 0.0714112959456
0.866666666667 2.93215314335 0.291691733345
0.866666666667 3.14159265359 0.240351395698
0.866666666667 3.35103216383 0.0757113425613
0.866666666667 3.56047167407 0.0158285296576
0.866666666667 3.76991118431 0.0532145229585
0.866666666667 3.97935069455 0.131106073618
0.866666666667 4.18879020479 0.242631238386
0.866666666667 4.39822971503 0.379306834139
0.866666666667 4.60766922527 0.374256422279
0.866666666667 4.8171087355 0.134813590718
0.866666666667 5.02654824574 0.210146751116
0.866666666667 5.23598775598 0.805544950988
0.866666666667 5.44542726622 1.00027070816
0.866666666667 5.65486677646 0.571166493146
0.866666666667 5.8643062867 0.253769473553
0.866666666667 6.07374579694 0.449370402756

0.933333333333 0 0.409619040838
0.933333333333 0.209439510239 0.523544572217
0.933333333333 0.418879020479 0.587821702309
0.933333333333 0.628318530718 0.586516315936
0.933333333333 0.837758040957 0.528809904252
0.933333333333 1.0471975512 0.439946755733
0.933333333333 1.25663706144 0.387326373076
0.933333333333 1.46607657168 0.468876935446
0.933333333333 1.67551608191 0.622879010334
0.933333333333 1.88495559215 0.569552223686
0.933333333333 2.09439510239 0.369141690269
0.933333333333 2.30383461263 0.294136004919
0.933333333333 2.51327412287 0.153789907498
0.933333333333 2.72271363311 0.0345184476398
0.933333333333 2.93215314335 0.219823182234
0.933333333333 3.14159265359 0.461267972238
0.933333333333 3.35103216383 0.514546348368
0.933333333333 3.56047167407 0.45742796889
0.933333333333 3.76991118431 0.414728164793
0.933333333333 3.97935069455 0.413907498375
0.933333333333 4.18879020479 0.40767121572
0.933333333333 4.39822971503 0.320254070464
0.933333333333 4.60766922527 0.143132601649
0.933333333333 4.8171087355 0.0615215377668
0.933333333333 5.02654824574 0.322715406171
0.933333333333 5.23598775598 0.802559235958
0.933333333333 5.44542726622 1.01926211694
0.933333333333 5.65486677646 0.792325075056
0.933333333333 5.8643062867 0.457415495699
0.933333333333 6.07374579694 0.33508525653

