-1 0 3.13016090479
-1 0.209439510239 3.13016090479
-1 0.418879020479 3.13016090479
-1 0.628318530718 3.13016090479
-1 0.837758040957 3.13016090479
-1 1.0471975512 3.13016090479
-1 1.25663706144 3.13016090479
-1 1.46607657168 3.13016090479
-1 1.67551608191 3.13016090479
-1 1.88495559215 3.13016090479
-1 2.09439510239 3.13016090479
-1 2.30383461263 3.13016090479
-1 2.51327412287 3.13016090479
-1 2.72271363311 3.13016090479
-1 2.93215314335 3.13016090479
-1 3.14159265359 3.13016090479
-1 3.35103216383 3.13016090479
-1 3.56047167407 3.13016090479
-1 3.76991118431 3.13016090479
-1 3.97935069455 3.13016090479
-1 4.18879020479 3.13016090479
-1 4.39822971503 3.13016090479
-1 4.60766922527 3.13016090479
-1 4.8171087355 3.13016090479
-1 5.02654824574 3.13016090479
-1 5.23598775598 3.13016090479
-1 5.44542726622 3.13016090479
-1 5.65486677646 3.13016090479
-1 5.8643062867 3.13016090479
-1 6.07374579694 3.13016090479

-0.933333333333 0 0.792107432214
-0.933333333333 0.209439510239 0.865662253438
-0.933333333333 0.418879020479 0.768462016661
-0.933333333333 0.628318530718 0.644909644402
-0.933333333333 0.837758040957 0.586121869294
-0.933333333333 1.0471975512 0.557248171109
-0.933333333333 1.25663706144 0.450360951364
-0.933333333333 1.46607657168 0.210633486906
-0.933333333333 1.67551608191 0.0621879141719
-0.933333333333 1.88495559215 0.254553515235
-0.933333333333 2.09439510239 0.29771718975
-0.933333333333 2.30383461263 0.357270584073
-0.933333333333 2.51327412287 3.66912106779
-0.933333333333 2.72271363311 11.2439224996
-0.933333333333 2.93215314335 16.4544842349
-0.933333333333 3.14159265359 14.4957912833
-0.933333333333 3.35103216383 9.36174239601
-0.933333333333 3.56047167407 5.98403377073
-0.933333333333 3.76991118431 4.97364934681
-0.933333333333 3.97935069455 4.89040796699
-0.933333333333 4.18879020479 4.61325985513
-0.933333333333 4.39822971503 3.82154370206
-0.933333333333 4.60766922527 2.91398878434
-0.933333333333 4.8171087355 2.43463743835
-0.933333333333 5.02654824574 2.29415541977
-0.933333333333 5.23598775598 2.57584180677
-0.933333333333 5.44542726622 3.60844401421
-0.933333333333 5.65486677646 3.78031012092
-0.933333333333 5.8643062867 2.18942226662
-0.933333333333 6.07374579694 0.923890283768

-0.866666666667 0 1.16107329731
-0.866666666667 0.209439510239 0.374410437721
-0.866666666667 0.418879020479 0.0631469262559
-0.866666666667 0.628318530718 0.0349699128581
-0.866666666667 0.837758040957 0.0386981573639
-0.866666666667 1.0471975512 0.0815641534811
-0.866666666667 1.25663706144 0.278119413162
-0.866666666667 1.46607657168 0.474159550861
-0.866666666667 1.67551608191 0.267447713897
-0.866666666667 1.88495559215 0.100717740754
-0.866666666667 2.09439510239 0.283608002617
-0.866666666667 2.30383461263 0.523334834325
-0.866666666667 2.51327412287 6.46282782593
-0.866666666667 2.72271363311 17.2379680607
-0.866666666667 2.93215314335 15.898391326
-0.866666666667 3.14159265359 6.23345207237
-0.866666666667 3.35103216383 2.9650850314
-0.866666666667 3.56047167407 4.3352793622
-0.866666666667 3.76991118431 5.41770946763
-0.866666666667 3.97935069455 5.91280468852
-0.866666666667 4.18879020479 6.40949558144
-0.866666666667 4.39822971503 6.3567355343
-0.866666666667 4.60766922527 4.72940235381
-0.866666666667 4.8171087355 2.5562522913
-0.866666666667 5.02654824574 1.86233455374
-0.866666666667 5.23598775598 1.68284502684
-0.866666666667 5.44542726622 2.36056999548
-0.866666666667 5.65486677646 2.73279751018
-0.866666666667 5.8643062867 1.52561856134
-0.866666666667 6.07374579694 1.50078978773

-0.8 0 0.678153736491
-0.8 0.209439510239 0.211225403594
-0.8 0.418879020479 0.36686871904
-0.8 0.628318530718 0.530495117702
-0.8 0.837758040957 0.517282993251
-0.8 1.0471975512 0.292040219931
-0.8 1.25663706144 0.106798689369
-0.8 1.46607657168 0.335798484161
-0.8 1.67551608191 0.4115915943
-0.8 1.88495559215 0.100542706588
-0.8 2.09439510239 0.389952619484
-0.8 2.30383461263 1.06185262444
-0.8 2.51327412287 8.94030627937
-0.8 2.72271363311 18.9126242125
-0.8 2.93215314335 10.1704116482
-0.8 3.14159265359 1.65167097466
-0.8 3.35103216383 2.62039799964
-0.8 3.56047167407 2.71792339097
-0.8 3.76991118431 1.76028074224
-0.8 3.97935069455 1.73537832888
-0.8 4.18879020479 2.6251731783
-0.8 4.39822971503 3.73343197689
-0.8 4.60766922527 3.89945441668
-0.8 4.8171087355 2.65728197882
-0.8 5.02654824574 2.10835314062
-0.8 5.23598775598 1.94405704956
-0.8 5.44542726622 1.93870912351
-0.8 5.65486677646 2.27681079339
-0.8 5.8643062867 1.62923988561
-0.8 6.07374579694 1.65171605337

-0.733333333333 0 0.643016254041
-0.733333333333 0.209439510239 0.492862090003
-0.733333333333 0.418879020479 0.71091245191
-0.733333333333 0.628318530718 0.88762279096
-0.733333333333 0.837758040957 0.936014199905
-0.733333333333 1.0471975512 0.745132892716
-0.733333333333 1.25663706144 0.277469086692
-0.733333333333 1.46607657168 0.190978658716
-0.733333333333 1.67551608191 0.488018221625
-0.733333333333 1.88495559215 0.10638776365
-0.733333333333 2.09439510239 0.527979940973
-0.733333333333 2.30383461263 1.63269376965
-0.733333333333 2.51327412287 10.8266678859
-0.733333333333 2.72271363311 18.0927584502
-0.733333333333 2.93215314335 5.25909114131
-0.733333333333 3.14159265359 0.89630814333
-0.733333333333 3.35103216383 1.92501269541
-0.733333333333 3.56047167407 0.664717248404
-0.733333333333 3.76991118431 0.616579703955
-0.733333333333 3.97935069455 1.66320770475
-0.733333333333 4.18879020479 3.04893412643
-0.733333333333 4.39822971503 3.86381215415
-0.733333333333 4.60766922527 3.2248846264
-0.733333333333 4.8171087355 2.2099764717
-0.733333333333 5.02654824574 2.14760262169
-0.733333333333 5.23598775598 2.12547893436
-0.733333333333 5.44542726622 1.88342002424
-0.733333333333 5.65486677646 2.2394389564
-0.733333333333 5.8643062867 1.67912286538
-0.733333333333 6.07374579694 1.48263528514

-0.666666666667 0 0.764448192997
-0.666666666667 0.209439510239 0.635120975886
-0.666666666667 0.418879020479 0.754617706162
-0.666666666667 0.628318530718 0.797158547759
-0.666666666667 0.837758040957 0.852054530445
-0.666666666667 1.0471975512 0.898201295946
-0.666666666667 1.25663706144 0.531434867811
-0.666666666667 1.46607657168 0.114302966306
-0.666666666667 1.67551608191 0.505179365065
-0.666666666667 1.88495559215 0.119575633334
-0.666666666667 2.09439510239 0.679860647871
-0.666666666667 2.30383461263 2.14068159072
-0.666666666667 2.51327412287 12.1557754666
-0.666666666667 2.72271363311 16.2289656629
-0.666666666667 2.93215314335 2.28660685583
-0.666666666667 3.14159265359 1.1455640677
-0.666666666667 3.35103216383 0.960047818158
-0.666666666667 3.56047167407 0.398682953835
-0.666666666667 3.76991118431 1.28410832453
-0.666666666667 3.97935069455 2.50502891465
-0.666666666667 4.18879020479 4.37028331677
-0.666666666667 4.39822971503 5.95858679723
-0.666666666667 4.60766922527 4.52364033754
-0.666666666667 4.8171087355 2.42041292732
-0.666666666667 5.02654824574 2.38788003472
-0.666666666667 5.23598775598 2.1571614373
-0.666666666667 5.44542726622 1.81751582482
-0.666666666667 5.65486677646 2.33401270483
-0.666666666667 5.8643062867 1.58357894261
-0.666666666667 6.07374579694 1.43396659355

-0.6 0 0.814675528947
-0.6 0.209439510239 0.641705136189
-0.6 0.418879020479 0.624028689338
-0.6 0.628318530718 0.489753783772
-0.6 0.837758040957 0.50731152597
-0.6 1.0471975512 0.751148548817
-0.6 1.25663706144 0.687748984088
-0.6 1.46607657168 0.120546463842
-0.6 1.67551608191 0.459063222062
-0.6 1.88495559215 0.154533342403
-0.6 2.09439510239 0.82387568577
-0.6 2.30383461263 2.5648857739
-0.6 2.51327412287 13.0372516446
-0.6 2.72271363311 14.1439091197
-0.6 2.93215314335 0.826402220018
-0.6 3.14159265359 1.30783150852
-0.6 3.35103216383 0.456787348369
-0.6 3.56047167407 0.772243689793
-0.6 3.76991118431 1.38607761016
-0.6 3.97935069455 2.1985082656
-0.6 4.18879020479 4.26465539464
-0.6 4.39822971503 6.94379361866
-0.6 4.60766922527 5.99509873102
-0.6 4.8171087355 2.98931765831
-0.6 5.02654824574 2.81718655749
-0.6 5.23598775598 2.22638955027
-0.6 5.44542726622 1.68959535181
-0.6 5.65486677646 2.42213213352
-0.6 5.8643062867 1.44688149785
-0.6 6.07374579694 1.48088770252

-0.533333333333 0 0.803868820378
-0.533333333333 0.209439510239 0.589995341207
-0.533333333333 0.418879020479 0.476511114562
-0.533333333333 0.628318530718 0.230568054053
-0.533333333333 0.837758040957 0.220880720489
-0.533333333333 1.0471975512 0.530490007189
-0.533333333333 1.25663706144 0.724303717552
-0.533333333333 1.46607657168 0.179788257757
-0.533333333333 1.67551608191 0.375018289532
-0.533333333333 1.88495559215 0.210362721888
-0.533333333333 2.09439510239 0.943192510285
-0.533333333333 2.30383461263 2.90820811301
-0.533333333333 2.51327412287 13.5859776186
-0.533333333333 2.72271363311 12.2273716241
-0.533333333333 2.93215314335 0.267804348782
-0.533333333333 3.14159265359 1.25241500706
-0.533333333333 3.35103216383 0.382528774634
-0.533333333333 3.56047167407 0.936486752747
-0.533333333333 3.76991118431 1.02114848476
-0.533333333333 3.97935069455 1.75462874753
-0.533333333333 4.18879020479 3.95759506203
-0.533333333333 4.39822971503 7.05321688061
-0.533333333333 4.60766922527 6.78885340227
-0.533333333333 4.8171087355 3.42097610639
-0.533333333333 5.02654824574 3.21881161693
-0.533333333333 5.23598775598 2.38882558602
-0.533333333333 5.44542726622 1.54137789752
-0.533333333333 5.65486677646 2.46566399471
-0.533333333333 5.8643062867 1.33833479017
-0.533333333333 6.07374579694 1.52148282608

-0.466666666667 0 0.771446278113
-0.466666666667 0.209439510239 0.540514158502
-0.466666666667 0.418879020479 0.397137342256
-0.466666666667 0.628318530718 0.107465131881
-0.466666666667 0.837758040957 0.0914358869172
-0.466666666667 1.0471975512 0.377933165312
-0.466666666667 1.25663706144 0.697642228746
-0.466666666667 1.46607657168 0.254984901263
-0.466666666667 1.67551608191 0.283901361081
-0.466666666667 1.88495559215 0.27686106524
-0.466666666667 2.09439510239 1.03000419205
-0.466666666667 2.30383461263 3.17975138227
-0.466666666667 2.51327412287 13.9001594123
-0.466666666667 2.72271363311 10.6266389429
-0.466666666667 2.93215314335 0.166024245657
-0.466666666667 3.14159265359 1.08348139942
-0.466666666667 3.35103216383 0.494604995039
-0.466666666667 3.56047167407 0.853347649212
-0.466666666667 3.76991118431 0.755443953387
-0.466666666667 3.97935069455 1.79970140178
-0.466666666667 4.18879020479 4.23962889775
-0.466666666667 4.39822971503 7.21948425687
-0.466666666667 4.60766922527 7.15600172562
-0.466666666667 4.8171087355 3.6237623755
-0.466666666667 5.02654824574 3.4730767538
-0.466666666667 5.23598775598 2.61450597373
-0.466666666667 5.44542726622 1.40679275394
-0.466666666667 5.65486677646 2.46715296166
-0.466666666667 5.8643062867 1.27320150071
-0.466666666667 6.07374579694 1.52421684777

-0.4 0 0.734007935174
-0.4 0.209439510239 0.524260476598
-0.4 0.418879020479 0.383682886322
-0.4 0.628318530718 0.0868547410385
-0.4 0.837758040957 0.0728996328286
-0.4 1.0471975512 0.311260564098
-0.4 1.25663706144 0.658360537415
-0.4 1.46607657168 0.324197766337
-0.4 1.67551608191 0.204908443232
-0.4 1.88495559215 0.343243028595
-0.4 2.09439510239 1.08384316356
-0.4 2.30383461263 3.38860333044
-0.4 2.51327412287 14.0566109092
-0.4 2.72271363311 9.36974639712
-0.4 2.93215314335 0.258626546618
-0.4 3.14159265359 0.895411714052
-0.4 3.35103216383 0.635658093298
-0.4 3.56047167407 0.698866371122
-0.4 3.76991118431 0.733616048541
-0.4 3.97935069455 2.1591699506
-0.4 4.18879020479 4.8721668743
-0.4 4.39822971503 7.62818733823
-0.4 4.60766922527 7.42265984222
-0.4 4.8171087355 3.70316424846
-0.4 5.02654824574 3.57452066032
-0.4 5.23598775598 2.85868258554
-0.4 5.44542726622 1.29964641355
-0.4 5.65486677646 2.44028966937
-0.4 5.8643062867 1.24184381878
-0.4 6.07374579694 1.50091979504

-0.333333333333 0 0.697698599297
-0.333333333333 0.209439510239 0.540061898922
-0.333333333333 0.418879020479 0.400004382275
-0.333333333333 0.628318530718 0.115290208805
-0.333333333333 0.837758040957 0.09960651069
-0.333333333333 1.0471975512 0.296910765552
-0.333333333333 1.25663706144 0.628919380357
-0.333333333333 1.46607657168 0.380022616141
-0.333333333333 1.67551608191 0.144729876209
-0.333333333333 1.88495559215 0.402169643058
-0.333333333333 2.09439510239 1.10840538743
-0.333333333333 2.30383461263 3.54192760937
-0.333333333333 2.51327412287 14.1121102197
-0.333333333333 2.72271363311 8.4345011332
-0.333333333333 2.93215314335 0.409025626349
-0.333333333333 3.14159265359 0.734996517985
-0.333333333333 3.35103216383 0.748088138388
-0.333333333333 3.56047167407 0.581665009696
-0.333333333333 3.76991118431 0.853205758626
-0.333333333333 3.97935069455 2.5247217766
-0.333333333333 4.18879020479 5.42741800753
-0.333333333333 4.39822971503 8.05671034001
-0.333333333333 4.60766922527 7.68704830542
-0.333333333333 4.8171087355 3.75805551142
-0.333333333333 5.02654824574 3.5681073977
-0.333333333333 5.23598775598 3.08935349783
-0.333333333333 5.44542726622 1.22102868208
-0.333333333333 5.65486677646 2.39877008188
-0.333333333333 5.8643062867 1.23020213714
-0.333333333333 6.07374579694 1.46926381285

-0.266666666667 0 0.666803157084
-0.266666666667 0.209439510239 0.571168181447
-0.266666666667 0.418879020479 0.417530302745
-0.266666666667 0.628318530718 0.158127693965
-0.266666666667 0.837758040957 0.133089069763
-0.266666666667 1.0471975512 0.30117631992
-0.266666666667 1.25663706144 0.613007261324
-0.266666666667 1.46607657168 0.422511310868
-0.266666666667 1.67551608191 0.102581063039
-0.266666666667 1.88495559215 0.450172267492
-0.266666666667 2.09439510239 1.10896209541
-0.266666666667 2.30383461263 3.64467320309
-0.266666666667 2.51327412287 14.1064957859
-0.266666666667 2.72271363311 7.78381808357
-0.266666666667 2.93215314335 0.553513109254
-0.266666666667 3.14159265359 0.615602346257
-0.266666666667 3.35103216383 0.824824456349
-0.266666666667 3.56047167407 0.529456546123
-0.266666666667 3.76991118431 1.00646636924
-0.266666666667 3.97935069455 2.77028339716
-0.266666666667 4.18879020479 5.72947469458
-0.266666666667 4.39822971503 8.32754911378
-0.266666666667 4.60766922527 7.92689198023
-0.266666666667 4.8171087355 3.83034114845
-0.266666666667 5.02654824574 3.50374494735
-0.266666666667 5.23598775598 3.29053008937
-0.266666666667 5.44542726622 1.16638854778
-0.266666666667 5.65486677646 2.35316761943
-0.266666666667 5.8643062867 1.2274393749
-0.266666666667 6.07374579694 1.43955154061

-0.2 0 0.644449218473
-0.2 0.209439510239 0.601617217458
-0.2 0.418879020479 0.424412078238
-0.2 0.628318530718 0.198768950046
-0.2 0.837758040957 0.159497202873
-0.2 1.0471975512 0.304605886904
-0.2 1.25663706144 0.607215966775
-0.2 1.46607657168 0.45406577578
-0.2 1.67551608191 0.0747315383191
-0.2 1.88495559215 0.486618919257
-0.2 2.09439510239 1.09080726574
-0.2 2.30383461263 3.69983953305
-0.2 2.51327412287 14.0658082054
-0.2 2.72271363311 7.38235849527
-0.2 2.93215314335 0.665860377615
-0.2 3.14159265359 0.535061792269
-0.2 3.35103216383 0.874420985112
-0.2 3.56047167407 0.535681203355
-0.2 3.76991118431 1.15088140233
-0.2 3.97935069455 2.91751391605
-0.2 4.18879020479 5.81603089373
-0.2 4.39822971503 8.41162384523
-0.2 4.60766922527 8.1109447068
-0.2 4.8171087355 3.92264096986
-0.2 5.02654824574 3.41856705857
-0.2 5.23598775598 3.45779690963
-0.2 5.44542726622 1.1296436168
-0.2 5.65486677646 2.31072702275
-0.2 5.8643062867 1.22697612474
-0.2 6.07374579694 1.41509753893

-0.133333333333 0 0.63189714928
-0.133333333333 0.209439510239 0.622882922335
-0.133333333333 0.418879020479 0.419593886812
-0.133333333333 0.628318530718 0.230639744108
-0.133333333333 0.837758040957 0.176919570929
-0.133333333333 1.0471975512 0.299274087246
-0.133333333333 1.25663706144 0.607500731428
-0.133333333333 1.46607657168 0.477129520088
-0.133333333333 1.67551608191 0.057082795663
-0.133333333333 1.88495559215 0.51252478922
-0.133333333333 2.09439510239 1.05855267853
-0.133333333333 2.30383461263 3.70888871705
-0.133333333333 2.51327412287 14.0048764823
-0.133333333333 2.72271363311 7.20349716304
-0.133333333333 2.93215314335 0.736708085135
-0.133333333333 3.14159265359 0.487874608081
-0.133333333333 3.35103216383 0.905222108012
-0.133333333333 3.56047167407 0.590051517105
-0.133333333333 3.76991118431 1.29019934752
-0.133333333333 3.97935069455 3.02969547233
-0.133333333333 4.18879020479 5.78705460479
-0.133333333333 4.39822971503 8.36172318387
-0.133333333333 4.60766922527 8.23302165689
-0.133333333333 4.8171087355 4.02251069761
-0.133333333333 5.02654824574 3.33496604036
-0.133333333333 5.23598775598 3.59317214173
-0.133333333333 5.44542726622 1.10515709575
-0.133333333333 5.65486677646 2.27598352154
-0.133333333333 5.8643062867 1.225398258
-0.133333333333 6.07374579694 1.39575922375

-0.0666666666667 0 0.628582819401
-0.0666666666667 0.209439510239 0.633550783326
-0.0666666666667 0.418879020479 0.406022991221
-0.0666666666667 0.628318530718 0.251722733264
-0.0666666666667 0.837758040957 0.186843932209
-0.0666666666667 1.0471975512 0.283189925512
-0.0666666666667 1.25663706144 0.611845073585
-0.0666666666667 1.46607657168 0.493375108952
-0.0666666666667 1.67551608191 0.0462417227816
-0.0666666666667 1.88495559215 0.529694667159
-0.0666666666667 2.09439510239 1.01595446857
-0.0666666666667 2.30383461263 3.67217106649
-0.0666666666667 2.51327412287 13.9292098629
-0.0666666666667 2.72271363311 7.23149866863
-0.0666666666667 2.93215314335 0.762656676908
-0.0666666666667 3.14159265359 0.472379823043
-0.0666666666667 3.35103216383 0.919312047477
-0.0666666666667 3.56047167407 0.688707998879
-0.0666666666667 3.76991118431 1.4442280793
-0.0666666666667 3.97935069455 3.15230739308
-0.0666666666667 4.18879020479 5.71966176115
-0.0666666666667 4.39822971503 8.24381110269
-0.0666666666667 4.60766922527 8.30610553663
-0.0666666666667 4.8171087355 4.11621374969
-0.0666666666667 5.02654824574 3.26438730581
-0.0666666666667 5.23598775598 3.70127960703
-0.0666666666667 5.44542726622 1.08855246099
-0.0666666666667 5.65486677646 2.25143984905
-0.0666666666667 5.8643062867 1.22120056715
-0.0666666666667 6.07374579694 1.38066307287

6.12323399574e-17 0 0.632581781385
6.12323399574e-17 0.209439510239 0.636778187567
6.12323399574e-17 0.418879020479 0.387153703109
6.12323399574e-17 0.628318530718 0.261528674788
6.12323399574e-17 0.837758040957 0.190326397628
6.12323399574e-17 1.0471975512 0.256910984698
6.12323399574e-17 1.25663706144 0.621431012442
6.12323399574e-17 1.46607657168 0.503346838588
6.12323399574e-17 1.67551608191 0.039785473435
6.12323399574e-17 1.88495559215 0.540253022158
6.12323399574e-17 2.09439510239 0.966012664947
6.12323399574e-17 2.30383461263 3.58934352114
6.12323399574e-17 2.51327412287 13.8362548283
6.12323399574e-17 2.72271363311 7.46125562231
6.12323399574e-17 2.93215314335 0.741373397399
6.12323399574e-17 3.14159265359 0.494972403747
6.12323399574e-17 3.35103216383 0.910054935991
6.12323399574e-17 3.56047167407 0.833662939882
6.12323399574e-17 3.76991118431 1.630975847
6.12323399574e-17 3.97935069455 3.30010211276
6.12323399574e-17 4.18879020479 5.65185735942
6.12323399574e-17 4.39822971503 8.10847227802
6.12323399574e-17 4.60766922527 8.34957572937
6.12323399574e-17 4.8171087355 4.19347085856
6.12323399574e-17 5.02654824574 3.2118913942
6.12323399574e-17 5.23598775598 3.78695590406
6.12323399574e-17 5.44542726622 1.07698262836
6.12323399574e-17 5.65486677646 2.23806322344
6.12323399574e-17 5.8643062867 1.21397420597
6.12323399574e-17 6.07374579694 1.36957403697

0.0666666666667 0 0.64097151551
0.0666666666667 0.209439510239 0.638055806079
0.0666666666667 0.418879020479 0.366300544181
0.0666666666667 0.628318530718 0.259465555363
0.0666666666667 0.837758040957 0.186722247118
0.0666666666667 1.0471975512 0.223163077248
0.0666666666667 1.25663706144 0.641437144429
0.0666666666667 1.46607657168 0.506047840302
0.0666666666667 1.67551608191 0.0361938881074
0.0666666666667 1.88495559215 0.546457504535
0.0666666666667 2.09439510239 0.911170718661
0.0666666666667 2.30383461263 3.45981246374
0.0666666666667 2.51327412287 13.7161807915
0.0666666666667 2.72271363311 7.89641181723
0.0666666666667 2.93215314335 0.670930444321
0.0666666666667 3.14159265359 0.572502806933
0.0666666666667 3.35103216383 0.861436307922
0.0666666666667 3.56047167407 1.02698363703
0.0666666666667 3.76991118431 1.85890001837
0.0666666666667 3.97935069455 3.46422499609
0.0666666666667 4.18879020479 5.59452088519
0.0666666666667 4.39822971503 7.98940243972
0.0666666666667 4.60766922527 8.38056771578
0.0666666666667 4.8171087355 4.24778127893
0.0666666666667 5.02654824574 3.17972860839
0.0666666666667 5.23598775598 3.85390556533
0.0666666666667 5.44542726622 1.06920000734
0.0666666666667 5.65486677646 2.23555818283
0.0666666666667 5.8643062867 1.20413292514
0.0666666666667 6.07374579694 1.3632797782

0.133333333333 0 0.650046401117
0.133333333333 0.209439510239 0.643648310831
0.133333333333 0.418879020479 0.347730714188
0.133333333333 0.628318530718 0.244574362251
0.133333333333 0.837758040957 0.174003562778
0.133333333333 1.0471975512 0.189275545393
0.133333333333 1.25663706144 0.681151970379
0.133333333333 1.46607657168 0.498349538497
0.133333333333 1.67551608191 0.0347026980832
0.133333333333 1.88495559215 0.550656192649
0.133333333333 2.09439510239 0.85351165857
0.133333333333 2.30383461263 3.28325812982
0.133333333333 2.51327412287 13.5524558842
0.133333333333 2.72271363311 8.54569093952
0.133333333333 2.93215314335 0.553350691214
0.133333333333 3.14159265359 0.732169696272
0.133333333333 3.35103216383 0.751107349259
0.133333333333 3.56047167407 1.26037145564
0.133333333333 3.76991118431 2.12282855989
0.133333333333 3.97935069455 3.62251084347
0.133333333333 4.18879020479 5.54700989234
0.133333333333 4.39822971503 7.91156763934
0.133333333333 4.60766922527 8.40933224318
0.133333333333 4.8171087355 4.27562100567
0.133333333333 5.02654824574 3.16963414613
0.133333333333 5.23598775598 3.9039892638
0.133333333333 5.44542726622 1.06560737101
0.133333333333 5.65486677646 2.24243086141
0.133333333333 5.8643062867 1.19314492527
0.133333333333 6.07374579694 1.36327661553

0.2 0 0.655824285027
0.2 0.209439510239 0.658973541428
0.2 0.418879020479 0.338686699672
0.2 0.628318530718 0.217390391957
0.2 0.837758040957 0.151349673712
0.2 1.0471975512 0.171668849157
0.2 1.25663706144 0.751385058026
0.2 1.46607657168 0.474571937558
0.2 1.67551608191 0.0352083650991
0.2 1.88495559215 0.555234108863
0.2 2.09439510239 0.794884929987
0.2 2.30383461263 3.06031265996
0.2 2.51327412287 13.3226117527
0.2 2.72271363311 9.41646886499
0.2 2.93215314335 0.403979447318
0.2 3.14159265359 1.00554581519
0.2 3.35103216383 0.562896054419
0.2 3.56047167407 1.50018232181
0.2 3.76991118431 2.40009064473
0.2 3.97935069455 3.74874835168
0.2 4.18879020479 5.51074739395
0.2 4.39822971503 7.89960543253
0.2 4.60766922527 8.43587561051
0.2 4.8171087355 4.27632234749
0.2 5.02654824574 3.18398295416
0.2 5.23598775598 3.93685122098
0.2 5.44542726622 1.06838701593
0.2 5.65486677646 2.25588708086
0.2 5.8643062867 1.18422898738
0.2 6.07374579694 1.37073434092

0.266666666667 0 0.655624654939
0.266666666667 0.209439510239 0.685874927902
0.266666666667 0.418879020479 0.351230873643
0.266666666667 0.628318530718 0.1847545922
0.266666666667 0.837758040957 0.125246941081
0.266666666667 1.0471975512 0.199133064664
0.266666666667 1.25663706144 0.855427268605
0.266666666667 1.46607657168 0.427461799597
0.266666666667 1.67551608191 0.0383309668448
0.266666666667 1.88495559215 0.562354358861
0.266666666667 2.09439510239 0.73691517786
0.266666666667 2.30383461263 2.79347555559
0.266666666667 2.51327412287 12.9998501014
0.266666666667 2.72271363311 10.5039662272
0.266666666667 2.93215314335 0.269653229042
0.266666666667 3.14159265359 1.41012987399
0.266666666667 3.35103216383 0.317616787479
0.266666666667 3.56047167407 1.67429177986
0.266666666667 3.76991118431 2.64800905135
0.266666666667 3.97935069455 3.82413867084
0.266666666667 4.18879020479 5.50301706986
0.266666666667 4.39822971503 7.98150237254
0.266666666667 4.60766922527 8.44609693504
0.266666666667 4.8171087355 4.25359085262
0.266666666667 5.02654824574 3.22587319269
0.266666666667 5.23598775598 3.94973411618
0.266666666667 5.44542726622 1.08176040964
0.266666666667 5.65486677646 2.27162848317
0.266666666667 5.8643062867 1.18343944021
0.266666666667 6.07374579694 1.38449443829

0.333333333333 0 0.651431935183
0.333333333333 0.209439510239 0.718410793392
0.333333333333 0.418879020479 0.401289763192
0.333333333333 0.628318530718 0.166553595828
0.333333333333 0.837758040957 0.117635165404
0.333333333333 1.0471975512 0.306085813616
0.333333333333 1.25663706144 0.970747214686
0.333333333333 1.46607657168 0.353075957596
0.333333333333 1.67551608191 0.0457832419562
0.333333333333 1.88495559215 0.573212979852
0.333333333333 2.09439510239 0.680846842758
0.333333333333 2.30383461263 2.48835664676
0.333333333333 2.51327412287 12.5565720737
0.333333333333 2.72271363311 11.7740966263
0.333333333333 2.93215314335 0.258535781984
0.333333333333 3.14159265359 1.91060755114
0.333333333333 3.35103216383 0.126095247902
0.333333333333 3.56047167407 1.68338909911
0.333333333333 3.76991118431 2.80999544985
0.333333333333 3.97935069455 3.85569493353
0.333333333333 4.18879020479 5.57124419004
0.333333333333 4.39822971503 8.18207641609
0.333333333333 4.60766922527 8.40823172285
0.333333333333 4.8171087355 4.21910037386
0.333333333333 5.02654824574 3.29793234901
0.333333333333 5.23598775598 3.93747710873
0.333333333333 5.44542726622 1.1124073805
0.333333333333 5.65486677646 2.28366911672
0.333333333333 5.8643062867 1.20089944126
0.333333333333 6.07374579694 1.39798590183

0.4 0 0.654461028441
0.4 0.209439510239 0.739319708171
0.4 0.418879020479 0.500158481105
0.4 0.628318530718 0.197799030194
0.4 0.837758040957 0.166552429375
0.4 1.0471975512 0.502809771547
0.4 1.25663706144 1.02929833291
0.4 1.46607657168 0.262380866656
0.4 1.67551608191 0.061206314691
0.4 1.88495559215 0.58643325982
0.4 2.09439510239 0.627194181782
0.4 2.30383461263 2.15530285291
0.4 2.51327412287 11.971586475
0.4 2.72271363311 13.1388574884
0.4 2.93215314335 0.579277432601
0.4 3.14159265359 2.36203976915
0.4 3.35103216383 0.237049607584
0.4 3.56047167407 1.47829830867
0.4 3.76991118431 2.84474350971
0.4 3.97935069455 3.90048520816
0.4 4.18879020479 5.79762281649
0.4 4.39822971503 8.49915980604
0.4 4.60766922527 8.2749148684
0.4 4.8171087355 4.19768438494
0.4 5.02654824574 3.39931385743
0.4 5.23598775598 3.89287133196
0.4 5.44542726622 1.17005348333
0.4 5.65486677646 2.28440493434
0.4 5.8643062867 1.25151084104
0.4 6.07374579694 1.39586385925

0.466666666667 0 0.68652684296
0.466666666667 0.209439510239 0.724321745163
0.466666666667 0.418879020479 0.635104330061
0.466666666667 0.628318530718 0.311741651553
0.466666666667 0.837758040957 0.300766707635
0.466666666667 1.0471975512 0.723870209518
0.466666666667 1.25663706144 0.930976325447
0.466666666667 1.46607657168 0.197050412008
0.466666666667 1.67551608191 0.0912940422356
0.466666666667 1.88495559215 0.595286636582
0.466666666667 2.09439510239 0.575223180322
0.466666666667 2.30383461263 1.81134669154
0.466666666667 2.51327412287 11.2436874427
0.466666666667 2.72271363311 14.4275421518
0.466666666667 2.93215314335 1.5683296874
0.466666666667 3.14159265359 2.47933641119
0.466666666667 3.35103216383 0.975946582764
0.466666666667 3.56047167407 1.22451357702
0.466666666667 3.76991118431 2.79339875436
0.466666666667 3.97935069455 4.07848297503
0.466666666667 4.18879020479 6.2678687679
0.466666666667 4.39822971503 8.8615543353
0.466666666667 4.60766922527 8.00252137746
0.466666666667 4.8171087355 4.23116652247
0.466666666667 5.02654824574 3.52022189191
0.466666666667 5.23598775598 3.80779121991
0.466666666667 5.44542726622 1.26819777335
0.466666666667 5.65486677646 2.26538729999
0.466666666667 5.8643062867 1.3536302276
0.466666666667 6.07374579694 1.35351075369

0.533333333333 0 0.767575833152
0.533333333333 0.209439510239 0.66471063437
0.533333333333 0.418879020479 0.750198880098
0.533333333333 0.628318530718 0.494450147205
0.533333333333 0.837758040957 0.483335354044
0.533333333333 1.0471975512 0.810617741613
0.533333333333 1.25663706144 0.644619084285
0.533333333333 1.46607657168 0.228833864441
0.533333333333 1.67551608191 0.14559278141
0.533333333333 1.88495559215 0.584147022612
0.533333333333 2.09439510239 0.522461548256
0.533333333333 2.30383461263 1.48203116685
0.533333333333 2.51327412287 10.4149628773
0.533333333333 2.72271363311 15.3704056021
0.533333333333 2.93215314335 3.63826477373
0.533333333333 3.14159265359 1.9734394861
0.533333333333 3.35103216383 2.40753905949
0.533333333333 3.56047167407 1.42375978795
0.533333333333 3.76991118431 2.86698070716
0.533333333333 3.97935069455 4.53505830652
0.533333333333 4.18879020479 6.97634441168
0.533333333333 4.39822971503 9.0966011099
0.533333333333 4.60766922527 7.60239232464
0.533333333333 4.8171087355 4.37262806946
0.533333333333 5.02654824574 3.63388986692
0.533333333333 5.23598775598 3.67587837292
0.533333333333 5.44542726622 1.42487521839
0.533333333333 5.65486677646 2.21962426903
0.533333333333 5.8643062867 1.52290621163
0.533333333333 6.07374579694 1.24645025168

0.6 0 0.877846359103
0.6 0.209439510239 0.602965001234
0.6 0.418879020479 0.77021712273
0.6 0.628318530718 0.649272536703
0.6 0.837758040957 0.59009946309
0.6 1.0471975512 0.647764279613
0.6 1.25663706144 0.369060869947
0.6 1.46607657168 0.398638443537
0.6 1.67551608191 0.230234888465
0.6 1.88495559215 0.527082242649
0.6 2.09439510239 0.464762589455
0.6 2.30383461263 1.2017280802
0.6 2.51327412287 9.60513717312
0.6 2.72271363311 15.6433995221
0.6 2.93215314335 7.00685166463
0.6 3.14159265359 1.07283073704
0.6 3.35103216383 3.79856384483
0.6 3.56047167407 2.58682863871
0.6 3.76991118431 3.42660378881
0.6 3.97935069455 5.31890096864
0.6 4.18879020479 7.70470740385
0.6 4.39822971503 8.99374381144
0.6 4.60766922527 7.2193968702
0.6 4.8171087355 4.65527022281
0.6 5.02654824574 3.68839858328
0.6 5.23598775598 3.49804145658
0.6 5.44542726622 1.66316549918
0.6 5.65486677646 2.14683246285
0.6 5.8643062867 1.75726422064
0.6 6.07374579694 1.07937115545

0.666666666667 0 0.914169332203
0.666666666667 0.209439510239 0.618024171113
0.666666666667 0.418879020479 0.705162191667
0.666666666667 0.628318530718 0.686969794165
0.666666666667 0.837758040957 0.567644588544
0.666666666667 1.0471975512 0.451350474091
0.666666666667 1.25663706144 0.46327232093
0.666666666667 1.46607657168 0.589686998407
0.666666666667 1.67551608191 0.329736020299
0.666666666667 1.88495559215 0.397220478276
0.666666666667 2.09439510239 0.397743860706
0.666666666667 2.30383461263 1.00913964543
0.666666666667 2.51327412287 9.04359176654
0.666666666667 2.72271363311 15.0771289014
0.666666666667 2.93215314335 11.0763208541
0.666666666667 3.14159265359 1.26859847711
0.666666666667 3.35103216383 3.86428653034
0.666666666667 3.56047167407 4.26552479943
0.666666666667 3.76991118431 4.59931698719
0.666666666667 3.97935069455 6.22802561195
0.666666666667 4.18879020479 8.08058133668
0.666666666667 4.39822971503 8.5814367169
0.666666666667 4.60766922527 7.15743754985
0.666666666667 4.8171087355 5.01814493846
0.666666666667 5.02654824574 3.60703592934
0.666666666667 5.23598775598 3.2925286989
0.666666666667 5.44542726622 2.01074446961
0.666666666667 5.65486677646 2.06387439378
0.666666666667 5.8643062867 2.01040340556
0.666666666667 6.07374579694 0.93441831203

0.733333333333 0 0.757642882234
0.733333333333 0.209439510239 0.659703185397
0.733333333333 0.418879020479 0.679219062488
0.733333333333 0.628318530718 0.711385923931
0.733333333333 0.837758040957 0.647562141942
0.733333333333 1.0471975512 0.649069737636
0.733333333333 1.25663706144 0.828795564337
0.733333333333 1.46607657168 0.527478110732
0.733333333333 1.67551608191 0.389179990364
0.733333333333 1.88495559215 0.201762992532
0.733333333333 2.09439510239 0.31954232046
0.733333333333 2.30383461263 0.932575877993
0.733333333333 2.51327412287 9.02661908163
0.733333333333 2.72271363311 14.1325211007
0.733333333333 2.93215314335 13.8945539651
0.733333333333 3.14159265359 4.62273138174
0.733333333333 3.35103216383 3.17000813764
0.733333333333 3.56047167407 5.01806695101
0.733333333333 3.76991118431 5.77719062354
0.733333333333 3.97935069455 6.93856816721
0.733333333333 4.18879020479 8.14735394142
0.733333333333 4.39822971503 8.49500770198
0.733333333333 4.60766922527 7.63714737393
0.733333333333 4.8171087355 5.20484224835
0.733333333333 5.02654824574 3.31818644487
0.733333333333 5.23598775598 3.11124766538
0.733333333333 5.44542726622 2.49675775298
0.733333333333 5.65486677646 2.02324289913
0.733333333333 5.8643062867 2.16300446279
0.733333333333 6.07374579694 0.990053881539

0.8 0 0.614186144276
0.8 0.209439510239 0.462835927561
0.8 0.418879020479 0.548999154996
0.8 0.628318530718 0.687403441126
0.8 0.837758040957 0.770654155358
0.8 1.0471975512 0.800511706225
0.8 1.25663706144 0.620575262721
0.8 1.46607657168 0.231697123582
0.8 1.67551608191 0.351307791492
0.8 1.88495559215 0.0384566750647
0.8 2.09439510239 0.232899921981
0.8 2.30383461263 0.965457326598
0.8 2.51327412287 9.57224786144
0.8 2.72271363311 14.2518777388
0.8 2.93215314335 13.7694493755
0.8 3.14159265359 9.78409697926
0.8 3.35103216383 5.52806379447
0.8 3.56047167407 5.73107915427
0.8 3.76991118431 6.87695935893
0.8 3.97935069455 8.00665649998
0.8 4.18879020479 9.06685443497
0.8 4.39822971503 9.47840651517
0.8 4.60766922527 8.10056476645
0.8 4.8171087355 4.78299006687
0.8 5.02654824574 2.851794373
0.8 5.23598775598 3.06122246066
0.8 5.44542726622 3.14156935968
0.8 5.65486677646 2.14077436951
0.8 5.8643062867 2.04262624288
0.8 6.07374579694 1.35702232006

0.866666666667 0 1.07998835857
0.866666666667 0.209439510239 0.465975017202
0.866666666667 0.418879020479 0.177481630446
0.866666666667 0.628318530718 0.142335021046
0.866666666667 0.837758040957 0.165821147489
0.866666666667 1.0471975512 0.146051778928
0.866666666667 1.25663706144 0.153191839764
0.866666666667 1.46607657168 0.315600002188
0.866666666667 1.67551608191 0.218143817801
0.866666666667 1.88495559215 0.0733052203517
0.866666666667 2.09439510239 0.172502008851
0.866666666667 2.30383461263 1.07331041004
0.866666666667 2.51327412287 9.55594742748
0.866666666667 2.72271363311 15.9901852603
0.866666666667 2.93215314335 13.7783641077
0.866666666667 3.14159265359 11.7766755777
0.866666666667 3.35103216383 10.2103044283
0.866666666667 3.56047167407 9.47750987958
0.866666666667 3.76991118431 9.87960634257
0.866666666667 3.97935069455 10.6145625258
0.866666666667 4.18879020479 10.9143818662
0.866666666667 4.39822971503 9.84692712437
0.866666666667 4.60766922527 6.89961272835
0.866666666667 4.8171087355 3.6640953053
0.866666666667 5.02654824574 2.53359397157
0.866666666667 5.23598775598 3.31659738254
0.866666666667 5.44542726622 3.92600926493
0.866666666667 5.65486677646 2.61956209341
0.866666666667 5.8643062867 1.64878393229
0.866666666667 6.07374579694 1.590049235

0.933333333333 0 1.04287163771
0.933333333333 0.209439510239 1.14092429805
0.933333333333 0.418879020479 1.04517281427
0.933333333333 0.628318530718 0.889785897458
0.933333333333 0.837758040957 0.792103876538
0.933333333333 1.0471975512 0.736780906931
0.933333333333 1.25663706144 0.593312188548
0.933333333333 1.46607657168 0.279494494611
0.933333333333 1.67551608191 0.129382879194
0.933333333333 1.88495559215 0.433219176852
0.933333333333 2.09439510239 0.451274418919
0.933333333333 2.30383461263 1.36917489259
0.933333333333 2.51327412287 6.8025489088
0.933333333333 2.72271363311 13.8284052609
0.933333333333 2.93215314335 15.8953351132
0.933333333333 3.14159265359 13.9324165993
0.933333333333 3.35103216383 11.8888866614
0.933333333333 3.56047167407 10.8630046891
0.933333333333 3.76991118431 10.3472450275
0.933333333333 3.97935069455 9.69672958886
0.933333333333 4.18879020479 8.45798467238
0.933333333333 4.39822971503 6.57448774981
0.933333333333 4.60766922527 4.56860828261
0.933333333333 4.8171087355 3.25968440079
0.933333333333 5.02654824574 3.14339319936
0.933333333333 5.23598775598 4.04046572757
0.933333333333 5.44542726622 4.68358471177
0.933333333333 5.65486677646 3.66917372636
0.933333333333 5.8643062867 1.87294092892
0.933333333333 6.07374579694 1.01415095678

