-1 0 0.198115353508
-1 0.209439510239 0.198115353508
-1 0.418879020479 0.198115353507
-1 0.628318530718 0.198115353507
-1 0.837758040957 0.198115353508
-1 1.0471975512 0.198115353508
-1 1.25663706144 0.198115353508
-1 1.46607657168 0.198115353508
-1 1.67551608191 0.198115353508
-1 1.88495559215 0.198115353507
-1 2.09439510239 0.198115353507
-1 2.30383461263 0.198115353508
-1 2.51327412287 0.198115353508
-1 2.72271363311 0.198115353508
-1 2.93215314335 0.198115353508
-1 3.14159265359 0.198115353508
-1 3.35103216383 0.198115353508
-1 3.56047167407 0.198115353507
-1 3.76991118431 0.198115353507
-1 3.97935069455 0.198115353508
-1 4.18879020479 0.198115353508
-1 4.39822971503 0.198115353508
-1 4.60766922527 0.198115353508
-1 4.8171087355 0.198115353508
-1 5.02654824574 0.198115353507
-1 5.23598775598 0.198115353507
-1 5.44542726622 0.198115353508
-1 5.65486677646 0.198115353508
-1 5.8643062867 0.198115353508
-1 6.07374579694 0.198115353508

-0.933333333333 0 0.126009344149
-0.933333333333 0.209439510239 0.0958087776104
-0.933333333333 0.418879020479 0.0768836771932
-0.933333333333 0.628318530718 0.0704873831585
-0.933333333333 0.837758040957 0.0527485583552
-0.933333333333 1.0471975512 0.0272429179107
-0.933333333333 1.25663706144 0.0121287804994
-0.933333333333 1.46607657168 0.0182293513374
-0.933333333333 1.67551608191 0.0463058344788
-0.933333333333 1.88495559215 0.0944188711029
-0.933333333333 2.09439510239 0.172205085464
-0.933333333333 2.30383461263 0.29194592621
-0.933333333333 2.51327412287 0.342097673024
-0.933333333333 2.72271363311 0.24967789396
-0.933333333333 2.93215314335 0.151653704197
-0.933333333333 3.14159265359 0.0845062049244
-0.933333333333 3.35103216383 0.0286828847815
-0.933333333333 3.56047167407 0.0103406686624
-0.933333333333 3.76991118431 0.0227863471917
-0.933333333333 3.97935069455 0.0318625956731
-0.933333333333 4.18879020479 0.0269967569154
-0.933333333333 4.39822971503 0.0383366484198
-0.933333333333 4.60766922527 0.116187714218
-0.933333333333 4.8171087355 0.216282373155
-0.933333333333 5.02654824574 0.198516727459
-0.933333333333 5.23598775598 0.11776687563
-0.933333333333 5.44542726622 0.184126738617
-0.933333333333 5.65486677646 0.2341263662
-0.933333333333 5.8643062867 0.151229575822
-0.933333333333 6.07374579694 0.122794968519

-0.866666666667 0 0.220919126621
-0.866666666667 0.209439510239 0.274333649678
-0.866666666667 0.418879020479 0.335648398297
-0.866666666667 0.628318530718 0.290388095063
-0.866666666667 0.837758040957 0.211079354058
-0.866666666667 1.0471975512 0.123013393521
-0.866666666667 1.25663706144 0.0442397269575
-0.866666666667 1.46607657168 0.016868132917
-0.866666666667 1.67551608191 0.0147862442276
-0.866666666667 1.88495559215 0.0344237190528
-0.866666666667 2.09439510239 0.132400983668
-0.866666666667 2.30383461263 0.314085379632
-0.866666666667 2.51327412287 0.364446354326
-0.866666666667 2.72271363311 0.147521497804
-0.866666666667 2.93215314335 0.0324696217101
-0.866666666667 3.14159265359 0.00506425246159
-0.866666666667 3.35103216383 0.102911376627
-0.866666666667 3.56047167407 0.244856238287
-0.866666666667 3.76991118431 0.309807599599
-0.866666666667 3.97935069455 0.307337147237
-0.866666666667 4.18879020479 0.270957328441
-0.866666666667 4.39822971503 0.17910168096
-0.866666666667 4.60766922527 0.0463992763463
-0.866666666667 4.8171087355 0.0308541767578
-0.866666666667 5.02654824574 0.180822256886
-0.866666666667 5.23598775598 0.0706138798833
-0.866666666667 5.44542726622 0.120387487154
-0.866666666667 5.65486677646 0.293347458246
-0.866666666667 5.8643062867 0.19314070932
-0.866666666667 6.07374579694 0.258575747434

-0.8 0 0.252570861242
-0.8 0.209439510239 0.344566925247
-0.8 0.418879020479 0.262163163307
-0.8 0.628318530718 0.213661858509
-0.8 0.837758040957 0.241305989059
-0.8 1.0471975512 0.235657887074
-0.8 1.25663706144 0.125698576993
-0.8 1.46607657168 0.0171931795169
-0.8 1.67551608191 0.0368067163287
-0.8 1.88495559215 0.0169755314178
-0.8 2.09439510239 0.0973153292642
-0.8 2.30383461263 0.314949316206
-0.8 2.51327412287 0.358889065408
-0.8 2.72271363311 0.0709533233517
-0.8 2.93215314335 0.00946316394013
-0.8 3.14159265359 0.0816492019648
-0.8 3.35103216383 0.252834750346
-0.8 3.56047167407 0.260041560952
-0.8 3.76991118431 0.164297098737
-0.8 3.97935069455 0.116533483491
-0.8 4.18879020479 0.128471381496
-0.8 4.39822971503 0.16978957923
-0.8 4.60766922527 0.148253209903
-0.8 4.8171087355 0.0414006292113
-0.8 5.02654824574 0.0861466152799
-0.8 5.23598775598 0.115099767013
-0.8 5.44542726622 0.0561177461198
-0.8 5.65486677646 0.292129811389
-0.8 5.8643062867 0.276422701014
-0.8 6.07374579694 0.33453069449

-0.733333333333 0 0.220830099536
-0.733333333333 0.209439510239 0.218740036517
-0.733333333333 0.418879020479 0.150980360266
-0.733333333333 0.628318530718 0.210506951131
-0.733333333333 0.837758040957 0.263149809463
-0.733333333333 1.0471975512 0.323192975945
-0.733333333333 1.25663706144 0.292052819018
-0.733333333333 1.46607657168 0.0899946622675
-0.733333333333 1.67551608191 0.0454960758555
-0.733333333333 1.88495559215 0.0409457387455
-0.733333333333 2.09439510239 0.0705042410802
-0.733333333333 2.30383461263 0.307638329831
-0.733333333333 2.51327412287 0.342019316635
-0.733333333333 2.72271363311 0.0291729588288
-0.733333333333 2.93215314335 0.0295413419129
-0.733333333333 3.14159265359 0.153888511699
-0.733333333333 3.35103216383 0.230887451635
-0.733333333333 3.56047167407 0.116096768546
-0.733333333333 3.76991118431 0.0483909950239
-0.733333333333 3.97935069455 0.0437215546919
-0.733333333333 4.18879020479 0.0744302512149
-0.733333333333 4.39822971503 0.0868964114131
-0.733333333333 4.60766922527 0.0971949741291
-0.733333333333 4.8171087355 0.150881663974
-0.733333333333 5.02654824574 0.056640209345
-0.733333333333 5.23598775598 0.146949126096
-0.733333333333 5.44542726622 0.0280023831162
-0.733333333333 5.65486677646 0.283681410047
-0.733333333333 5.8643062867 0.349651458809
-0.733333333333 6.07374579694 0.263924694316

-0.666666666667 0 0.203787146574
-0.666666666667 0.209439510239 0.169252314094
-0.666666666667 0.418879020479 0.28042766858
-0.666666666667 0.628318530718 0.262856776222
-0.666666666667 0.837758040957 0.190352788841
-0.666666666667 1.0471975512 0.224703308453
-0.666666666667 1.25663706144 0.317718803525
-0.666666666667 1.46607657168 0.202093254268
-0.666666666667 1.67551608191 0.0494674713588
-0.666666666667 1.88495559215 0.0836287849983
-0.666666666667 2.09439510239 0.0518415513085
-0.666666666667 2.30383461263 0.298496340752
-0.666666666667 2.51327412287 0.32114869585
-0.666666666667 2.72271363311 0.0134004241753
-0.666666666667 2.93215314335 0.0543489930722
-0.666666666667 3.14159265359 0.179435444698
-0.666666666667 3.35103216383 0.1564703245
-0.666666666667 3.56047167407 0.0722205944917
-0.666666666667 3.76991118431 0.0518617678291
-0.666666666667 3.97935069455 0.0833595927219
-0.666666666667 4.18879020479 0.121083635904
-0.666666666667 4.39822971503 0.143828565566
-0.666666666667 4.60766922527 0.0515564332561
-0.666666666667 4.8171087355 0.169668743902
-0.666666666667 5.02654824574 0.117015645532
-0.666666666667 5.23598775598 0.139713350928
-0.666666666667 5.44542726622 0.0234663951391
-0.666666666667 5.65486677646 0.293991254874
-0.666666666667 5.8643062867 0.373162683453
-0.666666666667 6.07374579694 0.149256968171

-0.6 0 0.217528578603
-0.6 0.209439510239 0.259550682905
-0.6 0.418879020479 0.412077279987
-0.6 0.628318530718 0.23817918567
-0.6 0.837758040957 0.117204030111
-0.6 1.0471975512 0.0977198033106
-0.6 1.25663706144 0.209050378491
-0.6 1.46607657168 0.252496173581
-0.6 1.67551608191 0.0635959609436
-0.6 1.88495559215 0.124051760492
-0.6 2.09439510239 0.0404540801377
-0.6 2.30383461263 0.290584357831
-0.6 2.51327412287 0.29984510758
-0.6 2.72271363311 0.0132718682794
-0.6 2.93215314335 0.072388352087
-0.6 3.14159265359 0.170666156508
-0.6 3.35103216383 0.120897022495
-0.6 3.56047167407 0.08409522418
-0.6 3.76991118431 0.119230180355
-0.6 3.97935069455 0.284987140093
-0.6 4.18879020479 0.252132025828
-0.6 4.39822971503 0.160379583753
-0.6 4.60766922527 0.0753608805966
-0.6 4.8171087355 0.116364179539
-0.6 5.02654824574 0.19680948182
-0.6 5.23598775598 0.11688697243
-0.6 5.44542726622 0.0268201031878
-0.6 5.65486677646 0.317663731027
-0.6 5.8643062867 0.354927575883
-0.6 6.07374579694 0.0762497472685

-0.533333333333 0 0.236296403671
-0.533333333333 0.209439510239 0.354444315476
-0.533333333333 0.418879020479 0.379054477267
-0.533333333333 0.628318530718 0.207103863895
-0.533333333333 0.837758040957 0.146045840228
-0.533333333333 1.0471975512 0.0649615162054
-0.533333333333 1.25663706144 0.104210877702
-0.533333333333 1.46607657168 0.225598493206
-0.533333333333 1.67551608191 0.0841390548887
-0.533333333333 1.88495559215 0.151549440522
-0.533333333333 2.09439510239 0.0351070046089
-0.533333333333 2.30383461263 0.285175949772
-0.533333333333 2.51327412287 0.279817123057
-0.533333333333 2.72271363311 0.020905926198
-0.533333333333 2.93215314335 0.08339743305
-0.533333333333 3.14159265359 0.151391060335
-0.533333333333 3.35103216383 0.117942835381
-0.533333333333 3.56047167407 0.11491864943
-0.533333333333 3.76991118431 0.190370572233
-0.533333333333 3.97935069455 0.409075816344
-0.533333333333 4.18879020479 0.414129571523
-0.533333333333 4.39822971503 0.201525912683
-0.533333333333 4.60766922527 0.106618024358
-0.533333333333 4.8171087355 0.0768746217123
-0.533333333333 5.02654824574 0.248888780715
-0.533333333333 5.23598775598 0.0961883939021
-0.533333333333 5.44542726622 0.0310861257125
-0.533333333333 5.65486677646 0.345421410236
-0.533333333333 5.8643062867 0.316047090895
-0.533333333333 6.07374579694 0.0562016866602

-0.466666666667 0 0.24173702589
-0.466666666667 0.209439510239 0.366267212185
-0.466666666667 0.418879020479 0.253393975788
-0.466666666667 0.628318530718 0.258056223017
-0.466666666667 0.837758040957 0.261347530428
-0.466666666667 1.0471975512 0.108905232943
-0.466666666667 1.25663706144 0.0652632709416
-0.466666666667 1.46607657168 0.166215112983
-0.466666666667 1.67551608191 0.101402640578
-0.466666666667 1.88495559215 0.164663110239
-0.466666666667 2.09439510239 0.0343888594842
-0.466666666667 2.30383461263 0.282567132037
-0.466666666667 2.51327412287 0.261796097078
-0.466666666667 2.72271363311 0.0313172320857
-0.466666666667 2.93215314335 0.089524229693
-0.466666666667 3.14159265359 0.13574640567
-0.466666666667 3.35103216383 0.126865677261
-0.466666666667 3.56047167407 0.136474419153
-0.466666666667 3.76991118431 0.16130770693
-0.466666666667 3.97935069455 0.226001755347
-0.466666666667 4.18879020479 0.256140271433
-0.466666666667 4.39822971503 0.220777463356
-0.466666666667 4.60766922527 0.122156229074
-0.466666666667 4.8171087355 0.0727360170433
-0.466666666667 5.02654824574 0.265714153029
-0.466666666667 5.23598775598 0.082519215805
-0.466666666667 5.44542726622 0.0344124097436
-0.466666666667 5.65486677646 0.372015828549
-0.466666666667 5.8643062867 0.272146779394
-0.466666666667 6.07374579694 0.0693285405469

-0.4 0 0.230376676422
-0.4 0.209439510239 0.306234905829
-0.4 0.418879020479 0.149149098335
-0.4 0.628318530718 0.363575786748
-0.4 0.837758040957 0.380621026206
-0.4 1.0471975512 0.165893066831
-0.4 1.25663706144 0.0776324306563
-0.4 1.46607657168 0.114522934162
-0.4 1.67551608191 0.110110122165
-0.4 1.88495559215 0.166653529365
-0.4 2.09439510239 0.036902565226
-0.4 2.30383461263 0.282548215164
-0.4 2.51327412287 0.246002485192
-0.4 2.72271363311 0.0417419472219
-0.4 2.93215314335 0.0926942498512
-0.4 3.14159265359 0.126863762233
-0.4 3.35103216383 0.136449574393
-0.4 3.56047167407 0.138752187611
-0.4 3.76991118431 0.172096552834
-0.4 3.97935069455 0.306142332238
-0.4 4.18879020479 0.250891513931
-0.4 4.39822971503 0.192920506036
-0.4 4.60766922527 0.124833267254
-0.4 4.8171087355 0.0891565506879
-0.4 5.02654824574 0.259787858543
-0.4 5.23598775598 0.0748979893075
-0.4 5.44542726622 0.0368163226158
-0.4 5.65486677646 0.395384404672
-0.4 5.8643062867 0.231255988931
-0.4 6.07374579694 0.0947833201508

-0.333333333333 0 0.207011694169
-0.333333333333 0.209439510239 0.221785634951
-0.333333333333 0.418879020479 0.1021202055
-0.333333333333 0.628318530718 0.451710816877
-0.333333333333 0.837758040957 0.448695571168
-0.333333333333 1.0471975512 0.198255659394
-0.333333333333 1.25663706144 0.107098081603
-0.333333333333 1.46607657168 0.0859229975
-0.333333333333 1.67551608191 0.110665416508
-0.333333333333 1.88495559215 0.161896791481
-0.333333333333 2.09439510239 0.0414074642378
-0.333333333333 2.30383461263 0.284680182435
-0.333333333333 2.51327412287 0.23240238418
-0.333333333333 2.72271363311 0.0508365591915
-0.333333333333 2.93215314335 0.0942480304873
-0.333333333333 3.14159265359 0.122922804355
-0.333333333333 3.35103216383 0.142780891309
-0.333333333333 3.56047167407 0.139313870885
-0.333333333333 3.76991118431 0.203620108653
-0.333333333333 3.97935069455 0.454643347838
-0.333333333333 4.18879020479 0.325657454706
-0.333333333333 4.39822971503 0.171513890697
-0.333333333333 4.60766922527 0.120586674515
-0.333333333333 4.8171087355 0.109607111917
-0.333333333333 5.02654824574 0.245425497359
-0.333333333333 5.23598775598 0.0710745707602
-0.333333333333 5.44542726622 0.0387721382188
-0.333333333333 5.65486677646 0.415051139666
-0.333333333333 5.8643062867 0.19635698888
-0.333333333333 6.07374579694 0.119555672702

-0.266666666667 0 0.17853622801
-0.266666666667 0.209439510239 0.147807401477
-0.266666666667 0.418879020479 0.0940886181051
-0.266666666667 0.628318530718 0.483549595947
-0.266666666667 0.837758040957 0.458659425141
-0.266666666667 1.0471975512 0.202511925698
-0.266666666667 1.25663706144 0.131662953631
-0.266666666667 1.46607657168 0.0785085650459
-0.266666666667 1.67551608191 0.106255566532
-0.266666666667 1.88495559215 0.154103636701
-0.266666666667 2.09439510239 0.0468943219907
-0.266666666667 2.30383461263 0.28845056172
-0.266666666667 2.51327412287 0.220848848371
-0.266666666667 2.72271363311 0.058057578332
-0.266666666667 2.93215314335 0.0950605309009
-0.266666666667 3.14159265359 0.121403007382
-0.266666666667 3.35103216383 0.145767678603
-0.266666666667 3.56047167407 0.14547142107
-0.266666666667 3.76991118431 0.224443165666
-0.266666666667 3.97935069455 0.564406434549
-0.266666666667 4.18879020479 0.375249978043
-0.266666666667 4.39822971503 0.168367600493
-0.266666666667 4.60766922527 0.114816522986
-0.266666666667 4.8171087355 0.12531082467
-0.266666666667 5.02654824574 0.231418126161
-0.266666666667 5.23598775598 0.0691659936526
-0.266666666667 5.44542726622 0.0407449220611
-0.266666666667 5.65486677646 0.431191528011
-0.266666666667 5.8643062867 0.167818778284
-0.266666666667 6.07374579694 0.138012874058

-0.2 0 0.150640011224
-0.2 0.209439510239 0.0968528310592
-0.2 0.418879020479 0.100216880719
-0.2 0.628318530718 0.461707077316
-0.2 0.837758040957 0.42900537936
-0.2 1.0471975512 0.190176881722
-0.2 1.25663706144 0.145169972742
-0.2 1.46607657168 0.0841464831104
-0.2 1.67551608191 0.10019203886
-0.2 1.88495559215 0.14580845867
-0.2 2.09439510239 0.0526072900049
-0.2 2.30383461263 0.293352920302
-0.2 2.51327412287 0.211158774024
-0.2 2.72271363311 0.0632599742193
-0.2 2.93215314335 0.0956659015546
-0.2 3.14159265359 0.12059083243
-0.2 3.35103216383 0.146660353793
-0.2 3.56047167407 0.155319220694
-0.2 3.76991118431 0.22411295903
-0.2 3.97935069455 0.417762104881
-0.2 4.18879020479 0.346793406371
-0.2 4.39822971503 0.170623074694
-0.2 4.60766922527 0.110660203835
-0.2 4.8171087355 0.134196575376
-0.2 5.02654824574 0.221128587595
-0.2 5.23598775598 0.0679394288281
-0.2 5.44542726622 0.0430865594943
-0.2 5.65486677646 0.444188877423
-0.2 5.8643062867 0.14489032449
-0.2 6.07374579694 0.149032818802

-0.133333333333 0 0.126846597585
-0.133333333333 0.209439510239 0.0678387214084
-0.133333333333 0.418879020479 0.107230842531
-0.133333333333 0.628318530718 0.409638281613
-0.133333333333 0.837758040957 0.382623713361
-0.133333333333 1.0471975512 0.172956273131
-0.133333333333 1.25663706144 0.15020001764
-0.133333333333 1.46607657168 0.0951142293732
-0.133333333333 1.67551608191 0.094757291549
-0.133333333333 1.88495559215 0.138458591584
-0.133333333333 2.09439510239 0.0580354037673
-0.133333333333 2.30383461263 0.298917346439
-0.133333333333 2.51327412287 0.20315313358
-0.133333333333 2.72271363311 0.0664668486062
-0.133333333333 2.93215314335 0.0963397921384
-0.133333333333 3.14159265359 0.119715447176
-0.133333333333 3.35103216383 0.146433785414
-0.133333333333 3.56047167407 0.166819796615
-0.133333333333 3.76991118431 0.211454867473
-0.133333333333 3.97935069455 0.25242989248
-0.133333333333 4.18879020479 0.280634733591
-0.133333333333 4.39822971503 0.170772528215
-0.133333333333 4.60766922527 0.108829288619
-0.133333333333 4.8171087355 0.137615197187
-0.133333333333 5.02654824574 0.214758940211
-0.133333333333 5.23598775598 0.0666835962075
-0.133333333333 5.44542726622 0.0460484738526
-0.133333333333 5.65486677646 0.454430798124
-0.133333333333 5.8643062867 0.12648335584
-0.133333333333 6.07374579694 0.153525149958

-0.0666666666667 0 0.108810809454
-0.0666666666667 0.209439510239 0.0550286859182
-0.0666666666667 0.418879020479 0.112446810542
-0.0666666666667 0.628318530718 0.352206336832
-0.0666666666667 0.837758040957 0.337126269293
-0.0666666666667 1.0471975512 0.158031076374
-0.0666666666667 1.25663706144 0.151657624979
-0.0666666666667 1.46607657168 0.106339732917
-0.0666666666667 1.67551608191 0.0911271557327
-0.0666666666667 1.88495559215 0.132689732073
-0.0666666666667 2.09439510239 0.0628941166498
-0.0666666666667 2.30383461263 0.304708960187
-0.0666666666667 2.51327412287 0.196677770564
-0.0666666666667 2.72271363311 0.0677536565482
-0.0666666666667 2.93215314335 0.0971535135838
-0.0666666666667 3.14159265359 0.118724224239
-0.0666666666667 3.35103216383 0.145239552183
-0.0666666666667 3.56047167407 0.179737726026
-0.0666666666667 3.76991118431 0.203565019425
-0.0666666666667 3.97935069455 0.198836411967
-0.0666666666667 4.18879020479 0.234930196627
-0.0666666666667 4.39822971503 0.168152930527
-0.0666666666667 4.60766922527 0.108784439188
-0.0666666666667 4.8171087355 0.137800172379
-0.0666666666667 5.02654824574 0.211245541259
-0.0666666666667 5.23598775598 0.0650251155954
-0.0666666666667 5.44542726622 0.0498215964429
-0.0666666666667 5.65486677646 0.462206161326
-0.0666666666667 5.8643062867 0.111558088199
-0.0666666666667 6.07374579694 0.152949331635

6.12323399574e-17 0 0.0970167061784
6.12323399574e-17 0.209439510239 0.0524889997437
6.12323399574e-17 0.418879020479 0.118303757014
6.12323399574e-17 0.628318530718 0.30629820661
6.12323399574e-17 0.837758040957 0.302976078216
6.12323399574e-17 1.0471975512 0.148859075
6.12323399574e-17 1.25663706144 0.153686793646
6.12323399574e-17 1.46607657168 0.115278952897
6.12323399574e-17 1.67551608191 0.0897056513243
6.12323399574e-17 1.88495559215 0.12859146418
6.12323399574e-17 2.09439510239 0.0671123570701
6.12323399574e-17 2.30383461263 0.310303849925
6.12323399574e-17 2.51327412287 0.191613025609
6.12323399574e-17 2.72271363311 0.0672047268909
6.12323399574e-17 2.93215314335 0.0980014662697
6.12323399574e-17 3.14159265359 0.118109198054
6.12323399574e-17 3.35103216383 0.142497988159
6.12323399574e-17 3.56047167407 0.194572098699
6.12323399574e-17 3.76991118431 0.213648838422
6.12323399574e-17 3.97935069455 0.191535167821
6.12323399574e-17 4.18879020479 0.214624988568
6.12323399574e-17 4.39822971503 0.164302176176
6.12323399574e-17 4.60766922527 0.109755704562
6.12323399574e-17 4.8171087355 0.13662978803
6.12323399574e-17 5.02654824574 0.209306112962
6.12323399574e-17 5.23598775598 0.062788779536
6.12323399574e-17 5.44542726622 0.0545748632469
6.12323399574e-17 5.65486677646 0.467639555279
6.12323399574e-17 5.8643062867 0.0993207835011
6.12323399574e-17 6.07374579694 0.148622458639

0.0666666666667 0 0.0914163016629
0.0666666666667 0.209439510239 0.055258210841
0.0666666666667 0.418879020479 0.128225945999
0.0666666666667 0.628318530718 0.279818482546
0.0666666666667 0.837758040957 0.285025160704
0.0666666666667 1.0471975512 0.147323839665
0.0666666666667 1.25663706144 0.158838289217
0.0666666666667 1.46607657168 0.121068197884
0.0666666666667 1.67551608191 0.0904802634219
0.0666666666667 1.88495559215 0.125893074557
0.0666666666667 2.09439510239 0.0708360925333
0.0666666666667 2.30383461263 0.315247309462
0.0666666666667 2.51327412287 0.187876898022
0.0666666666667 2.72271363311 0.0649168461749
0.0666666666667 2.93215314335 0.0986063836639
0.0666666666667 3.14159265359 0.118856788013
0.0666666666667 3.35103216383 0.137229000972
0.0666666666667 3.56047167407 0.21046269127
0.0666666666667 3.76991118431 0.25771152267
0.0666666666667 3.97935069455 0.206029966328
0.0666666666667 4.18879020479 0.208673680759
0.0666666666667 4.39822971503 0.160451798578
0.0666666666667 4.60766922527 0.111149896414
0.0666666666667 4.8171087355 0.135307014196
0.0666666666667 5.02654824574 0.207872181267
0.0666666666667 5.23598775598 0.0599133185575
0.0666666666667 5.44542726622 0.0604852571051
0.0666666666667 5.65486677646 0.470636966818
0.0666666666667 5.8643062867 0.089351626638
0.0666666666667 6.07374579694 0.141486468633

0.133333333333 0 0.091838954453
0.133333333333 0.209439510239 0.0591006896341
0.133333333333 0.418879020479 0.144305299099
0.133333333333 0.628318530718 0.274261604858
0.133333333333 0.837758040957 0.284492811963
0.133333333333 1.0471975512 0.155198856561
0.133333333333 1.25663706144 0.168060879308
0.133333333333 1.46607657168 0.123722511943
0.133333333333 1.67551608191 0.0932654726636
0.133333333333 1.88495559215 0.124061435821
0.133333333333 2.09439510239 0.0744534690623
0.133333333333 2.30383461263 0.318994781656
0.133333333333 2.51327412287 0.185422002466
0.133333333333 2.72271363311 0.061037054332
0.133333333333 2.93215314335 0.0985244580734
0.133333333333 3.14159265359 0.122421109483
0.133333333333 3.35103216383 0.128609961477
0.133333333333 3.56047167407 0.222549266233
0.133333333333 3.76991118431 0.369156784823
0.133333333333 3.97935069455 0.251747678871
0.133333333333 4.18879020479 0.208710346572
0.133333333333 4.39822971503 0.157236656274
0.133333333333 4.60766922527 0.112557442714
0.133333333333 4.8171087355 0.134467737538
0.133333333333 5.02654824574 0.206199464158
0.133333333333 5.23598775598 0.0564127632698
0.133333333333 5.44542726622 0.0677587617097
0.133333333333 5.65486677646 0.470834133633
0.133333333333 5.8643062867 0.0817224558498
0.133333333333 6.07374579694 0.132097636791

0.2 0 0.0981295188963
0.2 0.209439510239 0.0601014147667
0.2 0.418879020479 0.165682262748
0.2 0.628318530718 0.28711057143
0.2 0.837758040957 0.300011741536
0.2 1.0471975512 0.174100934231
0.2 1.25663706144 0.1807203097
0.2 1.46607657168 0.123521001704
0.2 1.67551608191 0.0978528336899
0.2 1.88495559215 0.122335225289
0.2 2.09439510239 0.0786391828699
0.2 2.30383461263 0.320833394936
0.2 2.51327412287 0.184221663376
0.2 2.72271363311 0.0558299756364
0.2 2.93215314335 0.0972085039503
0.2 3.14159265359 0.130475696671
0.2 3.35103216383 0.116942272736
0.2 3.56047167407 0.220858162089
0.2 3.76991118431 0.550064242489
0.2 3.97935069455 0.339636356702
0.2 4.18879020479 0.208012670453
0.2 4.39822971503 0.155167963883
0.2 4.60766922527 0.113616173137
0.2 4.8171087355 0.134414532894
0.2 5.02654824574 0.203842124891
0.2 5.23598775598 0.052374130678
0.2 5.44542726622 0.076643774381
0.2 5.65486677646 0.467549461849
0.2 5.8643062867 0.0771248155812
0.2 6.07374579694 0.120709603902

0.266666666667 0 0.109981175852
0.266666666667 0.209439510239 0.0549829895872
0.266666666667 0.418879020479 0.186795266357
0.266666666667 0.628318530718 0.312132881104
0.266666666667 0.837758040957 0.327207320649
0.266666666667 1.0471975512 0.203490092241
0.266666666667 1.25663706144 0.194470282731
0.266666666667 1.46607657168 0.120426260699
0.266666666667 1.67551608191 0.104166355325
0.266666666667 1.88495559215 0.119748051025
0.266666666667 2.09439510239 0.0844011466801
0.266666666667 2.30383461263 0.319782377694
0.266666666667 2.51327412287 0.184233402206
0.266666666667 2.72271363311 0.0497725529925
0.266666666667 2.93215314335 0.0942400489946
0.266666666667 3.14159265359 0.144019012574
0.266666666667 3.35103216383 0.105033401501
0.266666666667 3.56047167407 0.195411889976
0.266666666667 3.76991118431 0.583388854098
0.266666666667 3.97935069455 0.393994391404
0.266666666667 4.18879020479 0.200582194124
0.266666666667 4.39822971503 0.154908475561
0.266666666667 4.60766922527 0.113863367847
0.266666666667 4.8171087355 0.135349846863
0.266666666667 5.02654824574 0.200577833497
0.266666666667 5.23598775598 0.0479879795146
0.266666666667 5.44542726622 0.0874372163088
0.266666666667 5.65486677646 0.45975220239
0.266666666667 5.8643062867 0.0769887522111
0.266666666667 6.07374579694 0.107390168895

0.333333333333 0 0.126403606626
0.333333333333 0.209439510239 0.0428446496549
0.333333333333 0.418879020479 0.196031378658
0.333333333333 0.628318530718 0.336910099399
0.333333333333 0.837758040957 0.356213432991
0.333333333333 1.0471975512 0.236757073784
0.333333333333 1.25663706144 0.205153857614
0.333333333333 1.46607657168 0.113458594033
0.333333333333 1.67551608191 0.112550618651
0.333333333333 1.88495559215 0.115233566056
0.333333333333 2.09439510239 0.0930836483418
0.333333333333 2.30383461263 0.314474052396
0.333333333333 2.51327412287 0.185314574832
0.333333333333 2.72271363311 0.0436730403328
0.333333333333 2.93215314335 0.0899051766365
0.333333333333 3.14159265359 0.16138136942
0.333333333333 3.35103216383 0.0995057876071
0.333333333333 3.56047167407 0.147513830735
0.333333333333 3.76991118431 0.416444341269
0.333333333333 3.97935069455 0.339461518096
0.333333333333 4.18879020479 0.184820146033
0.333333333333 4.39822971503 0.156677207006
0.333333333333 4.60766922527 0.112634602307
0.333333333333 4.8171087355 0.137564831068
0.333333333333 5.02654824574 0.196301492453
0.333333333333 5.23598775598 0.0436147529072
0.333333333333 5.44542726622 0.100482540057
0.333333333333 5.65486677646 0.446069325685
0.333333333333 5.8643062867 0.0835168710668
0.333333333333 6.07374579694 0.0921619477637

0.4 0 0.144840287327
0.4 0.209439510239 0.0283316780634
0.4 0.418879020479 0.177723493589
0.4 0.628318530718 0.339245455826
0.4 0.837758040957 0.367244338525
0.4 1.0471975512 0.257718926004
0.4 1.25663706144 0.20684982059
0.4 1.46607657168 0.100557192474
0.4 1.67551608191 0.124201775154
0.4 1.88495559215 0.107976226431
0.4 2.09439510239 0.106227539731
0.4 2.30383461263 0.303036607504
0.4 2.51327412287 0.187043465989
0.4 2.72271363311 0.0388061126349
0.4 2.93215314335 0.0862751725007
0.4 3.14159265359 0.175513037476
0.4 3.35103216383 0.111641451519
0.4 3.56047167407 0.100704090961
0.4 3.76991118431 0.247537518763
0.4 3.97935069455 0.244023998683
0.4 4.18879020479 0.168625651448
0.4 4.39822971503 0.158492658096
0.4 4.60766922527 0.109156212129
0.4 4.8171087355 0.141532179686
0.4 5.02654824574 0.190861885064
0.4 5.23598775598 0.0398947668122
0.4 5.44542726622 0.116156004643
0.4 5.65486677646 0.424871211723
0.4 5.8643062867 0.0994746776647
0.4 6.07374579694 0.0752092024914

0.466666666667 0 0.160332872473
0.466666666667 0.209439510239 0.0240890645138
0.466666666667 0.418879020479 0.12277738156
0.466666666667 0.628318530718 0.290499017487
0.466666666667 0.837758040957 0.330753416189
0.466666666667 1.0471975512 0.245174470327
0.466666666667 1.25663706144 0.19229698263
0.466666666667 1.46607657168 0.0805733116146
0.466666666667 1.67551608191 0.141144883294
0.466666666667 1.88495559215 0.0982570740231
0.466666666667 2.09439510239 0.125097539836
0.466666666667 2.30383461263 0.283054179418
0.466666666667 2.51327412287 0.188368894283
0.466666666667 2.72271363311 0.0370361570415
0.466666666667 2.93215314335 0.0885353253243
0.466666666667 3.14159265359 0.17343582025
0.466666666667 3.35103216383 0.159166996588
0.466666666667 3.56047167407 0.102548766531
0.466666666667 3.76991118431 0.142633873186
0.466666666667 3.97935069455 0.173328611743
0.466666666667 4.18879020479 0.170483568995
0.466666666667 4.39822971503 0.155692221598
0.466666666667 4.60766922527 0.103289683538
0.466666666667 4.8171087355 0.147746661259
0.466666666667 5.02654824574 0.183791324905
0.466666666667 5.23598775598 0.0379121681949
0.466666666667 5.44542726622 0.134833418252
0.466666666667 5.65486677646 0.394503168207
0.466666666667 5.8643062867 0.127473355841
0.466666666667 6.07374579694 0.0572757116011

0.533333333333 0 0.165954453071
0.533333333333 0.209439510239 0.046936516365
0.533333333333 0.418879020479 0.049332885294
0.533333333333 0.628318530718 0.180727292761
0.533333333333 0.837758040957 0.230656159062
0.533333333333 1.0471975512 0.193772637403
0.533333333333 1.25663706144 0.156994551988
0.533333333333 1.46607657168 0.0597091349685
0.533333333333 1.67551608191 0.163706373295
0.533333333333 1.88495559215 0.0890438906633
0.533333333333 2.09439510239 0.149555653799
0.533333333333 2.30383461263 0.251824757028
0.533333333333 2.51327412287 0.18700826048
0.533333333333 2.72271363311 0.0408187633307
0.533333333333 2.93215314335 0.104672663852
0.533333333333 3.14159265359 0.143280862033
0.533333333333 3.35103216383 0.25523605065
0.533333333333 3.56047167407 0.15003747575
0.533333333333 3.76991118431 0.272886826218
0.533333333333 3.97935069455 0.256103848415
0.533333333333 4.18879020479 0.184296477337
0.533333333333 4.39822971503 0.145490077302
0.533333333333 4.60766922527 0.0974654125957
0.533333333333 4.8171087355 0.155977082428
0.533333333333 5.02654824574 0.173901766257
0.533333333333 5.23598775598 0.0394182195355
0.533333333333 5.44542726622 0.156822632895
0.533333333333 5.65486677646 0.353755647137
0.533333333333 5.8643062867 0.168404984389
0.533333333333 6.07374579694 0.0404604509866

0.6 0 0.156232548095
0.6 0.209439510239 0.101622749604
0.6 0.418879020479 0.01451862591
0.6 0.628318530718 0.0619368854898
0.6 0.837758040957 0.112064139637
0.6 1.0471975512 0.136678706197
0.6 1.25663706144 0.111955018083
0.6 1.46607657168 0.0616708658973
0.6 1.67551608191 0.183129358358
0.6 1.88495559215 0.0879934660752
0.6 2.09439510239 0.175856648689
0.6 2.30383461263 0.207502184522
0.6 2.51327412287 0.178698298935
0.6 2.72271363311 0.0526369222067
0.6 2.93215314335 0.138588019765
0.6 3.14159265359 0.0936796546938
0.6 3.35103216383 0.317225892593
0.6 3.56047167407 0.225531710713
0.6 3.76991118431 0.251288366993
0.6 3.97935069455 0.24276735908
0.6 4.18879020479 0.165033913971
0.6 4.39822971503 0.129452782434
0.6 4.60766922527 0.0990176619714
0.6 4.8171087355 0.163676372025
0.6 5.02654824574 0.158886063158
0.6 5.23598775598 0.0470966056435
0.6 5.44542726622 0.182232734116
0.6 5.65486677646 0.302690000939
0.6 5.8643062867 0.218771482881
0.6 6.07374579694 0.0294799261172

0.666666666667 0 0.133065871763
0.666666666667 0.209439510239 0.158936985386
0.666666666667 0.418879020479 0.0723105706625
0.666666666667 0.628318530718 0.043320753749
0.666666666667 0.837758040957 0.080052514092
0.666666666667 1.0471975512 0.12911880729
0.666666666667 1.25663706144 0.0882260428463
0.666666666667 1.46607657168 0.119667012509
0.666666666667 1.67551608191 0.176060784675
0.666666666667 1.88495559215 0.106845642845
0.666666666667 2.09439510239 0.193275672324
0.666666666667 2.30383461263 0.152448631971
0.666666666667 2.51327412287 0.157405498549
0.666666666667 2.72271363311 0.0724148308943
0.666666666667 2.93215314335 0.174501153636
0.666666666667 3.14159265359 0.084380063983
0.666666666667 3.35103216383 0.220255313377
0.666666666667 3.56047167407 0.317552941201
0.666666666667 3.76991118431 0.210638871473
0.666666666667 3.97935069455 0.169548548266
0.666666666667 4.18879020479 0.140356863094
0.666666666667 4.39822971503 0.115407485953
0.666666666667 4.60766922527 0.118503158341
0.666666666667 4.8171087355 0.164744994107
0.666666666667 5.02654824574 0.135641116797
0.666666666667 5.23598775598 0.0647869449834
0.666666666667 5.44542726622 0.210724874661
0.666666666667 5.65486677646 0.243914851938
0.666666666667 5.8643062867 0.267157940837
0.666666666667 6.07374579694 0.0325407223541

0.733333333333 0 0.108467272849
0.733333333333 0.209439510239 0.169307404603
0.733333333333 0.418879020479 0.168696467139
0.733333333333 0.628318530718 0.15073559591
0.733333333333 0.837758040957 0.165714498639
0.733333333333 1.0471975512 0.165154208048
0.733333333333 1.25663706144 0.106218661978
0.733333333333 1.46607657168 0.200880163405
0.733333333333 1.67551608191 0.124230877513
0.733333333333 1.88495559215 0.148865932614
0.733333333333 2.09439510239 0.182122497193
0.733333333333 2.30383461263 0.100634961381
0.733333333333 2.51327412287 0.120953346294
0.733333333333 2.72271363311 0.0906254292588
0.733333333333 2.93215314335 0.172911109393
0.733333333333 3.14159265359 0.191876900541
0.733333333333 3.35103216383 0.106014746199
0.733333333333 3.56047167407 0.208694408254
0.733333333333 3.76991118431 0.189907440391
0.733333333333 3.97935069455 0.147400324036
0.733333333333 4.18879020479 0.127813492466
0.733333333333 4.39822971503 0.128732286844
0.733333333333 4.60766922527 0.153409429015
0.733333333333 4.8171087355 0.15196162152
0.733333333333 5.02654824574 0.103513888682
0.733333333333 5.23598775598 0.097401164729
0.733333333333 5.44542726622 0.24103186449
0.733333333333 5.65486677646 0.184261010564
0.733333333333 5.8643062867 0.2915910801
0.733333333333 6.07374579694 0.0586041659888

0.8 0 0.0960888880186
0.8 0.209439510239 0.136878868442
0.8 0.418879020479 0.163195635473
0.8 0.628318530718 0.180374174262
0.8 0.837758040957 0.175416245098
0.8 1.0471975512 0.134028147966
0.8 1.25663706144 0.1293461414
0.8 1.46607657168 0.179664655887
0.8 1.67551608191 0.0613182057607
0.8 1.88495559215 0.178783625652
0.8 2.09439510239 0.125941384241
0.8 2.30383461263 0.0852826363771
0.8 2.51327412287 0.0909681706412
0.8 2.72271363311 0.0868887967081
0.8 2.93215314335 0.105572719808
0.8 3.14159265359 0.271321697257
0.8 3.35103216383 0.21092636365
0.8 3.56047167407 0.15713741865
0.8 3.76991118431 0.161583156028
0.8 3.97935069455 0.160922184032
0.8 4.18879020479 0.171185747837
0.8 4.39822971503 0.184544343708
0.8 4.60766922527 0.157332068386
0.8 4.8171087355 0.122825685456
0.8 5.02654824574 0.0744879619081
0.8 5.23598775598 0.149758421913
0.8 5.44542726622 0.270001099153
0.8 5.65486677646 0.136316542069
0.8 5.8643062867 0.263315972091
0.8 6.07374579694 0.105429947321

0.866666666667 0 0.0890791422351
0.866666666667 0.209439510239 0.109812723539
0.866666666667 0.418879020479 0.112209012804
0.866666666667 0.628318530718 0.0976645733477
0.866666666667 0.837758040957 0.0801840095378
0.866666666667 1.0471975512 0.0754718738648
0.866666666667 1.25663706144 0.0897726978446
0.866666666667 1.46607657168 0.059856338543
0.866666666667 1.67551608191 0.0592844738149
0.866666666667 1.88495559215 0.129006325902
0.866666666667 2.09439510239 0.0595956511488
0.866666666667 2.30383461263 0.136049626933
0.866666666667 2.51327412287 0.130097788642
0.866666666667 2.72271363311 0.0829272109549
0.866666666667 2.93215314335 0.0312586016549
0.866666666667 3.14159265359 0.11030156456
0.866666666667 3.35103216383 0.223643790783
0.866666666667 3.56047167407 0.261409122154
0.866666666667 3.76991118431 0.259478264845
0.866666666667 3.97935069455 0.247579088284
0.866666666667 4.18879020479 0.21544343395
0.866666666667 4.39822971503 0.148630516389
0.866666666667 4.60766922527 0.0902011481441
0.866666666667 4.8171087355 0.0897117408526
0.866666666667 5.02654824574 0.0877186987836
0.866666666667 5.23598775598 0.221940301571
0.866666666667 5.44542726622 0.290542214185
0.866666666667 5.65486677646 0.117909180582
0.866666666667 5.8643062867 0.170756358187
0.866666666667 6.07374579694 0.1376843801

0.933333333333 0 0.0750631319863
0.933333333333 0.209439510239 0.0555592696876
0.933333333333 0.418879020479 0.0522956036524
0.933333333333 0.628318530718 0.0497233737437
0.933333333333 0.837758040957 0.0408538637343
0.933333333333 1.0471975512 0.0297967824895
0.933333333333 1.25663706144 0.0254958185843
0.933333333333 1.46607657168 0.041469589878
0.933333333333 1.67551608191 0.060558693639
0.933333333333 1.88495559215 0.0402201265087
0.933333333333 2.09439510239 0.076372821183
0.933333333333 2.30383461263 0.200256166305
0.933333333333 2.51327412287 0.23886551143
0.933333333333 2.72271363311 0.187802365042
0.933333333333 2.93215314335 0.132053317388
0.933333333333 3.14159265359 0.0636808176191
0.933333333333 3.35103216383 0.0160014319602
0.933333333333 3.56047167407 0.0105758722447
0.933333333333 3.76991118431 0.0193917684657
0.933333333333 3.97935069455 0.0214258418346
0.933333333333 4.18879020479 0.0225155751303
0.933333333333 4.39822971503 0.0452341451699
0.933333333333 4.60766922527 0.094164489712
0.933333333333 4.8171087355 0.138460969409
0.933333333333 5.02654824574 0.192880504423
0.933333333333 5.23598775598 0.292172328508
0.933333333333 5.44542726622 0.286379658833
0.933333333333 5.65486677646 0.143530820949
0.933333333333 5.8643062867 0.0808838539771
0.933333333333 6.07374579694 0.0915363919633

