-1 0 1.07424465655
-1 0.209439510239 1.07424465655
-1 0.418879020479 1.07424465655
-1 0.628318530718 1.07424465655
-1 0.837758040957 1.07424465655
-1 1.0471975512 1.07424465655
-1 1.25663706144 1.07424465655
-1 1.46607657168 1.07424465655
-1 1.67551608191 1.07424465655
-1 1.88495559215 1.07424465655
-1 2.09439510239 1.07424465655
-1 2.30383461263 1.07424465655
-1 2.51327412287 1.07424465655
-1 2.72271363311 1.07424465655
-1 2.93215314335 1.07424465655
-1 3.14159265359 1.07424465655
-1 3.35103216383 1.07424465655
-1 3.56047167407 1.07424465655
-1 3.76991118431 1.07424465655
-1 3.97935069455 1.07424465655
-1 4.18879020479 1.07424465655
-1 4.39822971503 1.07424465655
-1 4.60766922527 1.07424465655
-1 4.8171087355 1.07424465655
-1 5.02654824574 1.07424465655
-1 5.23598775598 1.07424465655
-1 5.44542726622 1.07424465655
-1 5.65486677646 1.07424465655
-1 5.8643062867 1.07424465655
-1 6.07374579694 1.07424465655

-0.933333333333 0 2.57486658739
-0.933333333333 0.209439510239 2.85983727132
-0.933333333333 0.418879020479 2.50766154164
-0.933333333333 0.628318530718 2.07848123886
-0.933333333333 0.837758040957 1.74598541384
-0.933333333333 1.0471975512 1.50555385066
-0.933333333333 1.25663706144 1.25006999609
-0.933333333333 1.46607657168 0.812266352559
-0.933333333333 1.67551608191 0.309661043674
-0.933333333333 1.88495559215 0.221507565051
-0.933333333333 2.09439510239 0.403066099214
-0.933333333333 2.30383461263 0.359990940647
-0.933333333333 2.51327412287 0.785078978118
-0.933333333333 2.72271363311 1.86065002659
-0.933333333333 2.93215314335 2.23533181902
-0.933333333333 3.14159265359 1.52309564543
-0.933333333333 3.35103216383 0.716176337679
-0.933333333333 3.56047167407 0.394128794905
-0.933333333333 3.76991118431 0.397642298875
-0.933333333333 3.97935069455 0.467668626512
-0.933333333333 4.18879020479 0.46028208054
-0.933333333333 4.39822971503 0.35010525107
-0.933333333333 4.60766922527 0.285669343016
-0.933333333333 4.8171087355 0.403657302764
-0.933333333333 5.02654824574 0.447021480902
-0.933333333333 5.23598775598 0.566019082944
-0.933333333333 5.44542726622 1.4307243326
-0.933333333333 5.65486677646 1.84384849304
-0.933333333333 5.8643062867 1.25718220194
-0.933333333333 6.07374579694 1.53452260411

-0.866666666667 0 3.76477377314
-0.866666666667 0.209439510239 3.36842894824
-0.866666666667 0.418879020479 3.78477764376
-0.866666666667 0.628318530718 3.57858628449
-0.866666666667 0.837758040957 2.65261761942
-0.866666666667 1.0471975512 1.6149687147
-0.866666666667 1.25663706144 0.989227352324
-0.866666666667 1.46607657168 0.886444525004
-0.866666666667 1.67551608191 0.675548849906
-0.866666666667 1.88495559215 0.140720202225
-0.866666666667 2.09439510239 0.233255592491
-0.866666666667 2.30383461263 0.256982326088
-0.866666666667 2.51327412287 1.07826653801
-0.866666666667 2.72271363311 2.38835436931
-0.866666666667 2.93215314335 1.52250600525
-0.866666666667 3.14159265359 0.293051431567
-0.866666666667 3.35103216383 0.210317575652
-0.866666666667 3.56047167407 0.416979209243
-0.866666666667 3.76991118431 0.477885070586
-0.866666666667 3.97935069455 0.524018043846
-0.866666666667 4.18879020479 0.647334966583
-0.866666666667 4.39822971503 0.664851511823
-0.866666666667 4.60766922527 0.278962137815
-0.866666666667 4.8171087355 0.15223157937
-0.866666666667 5.02654824574 0.788305389618
-0.866666666667 5.23598775598 0.519709031879
-0.866666666667 5.44542726622 1.19330763562
-0.866666666667 5.65486677646 1.81976156716
-0.866666666667 5.8643062867 1.68973713494
-0.866666666667 6.07374579694 3.75901794122

-0.8 0 4.2318767493
-0.8 0.209439510239 6.78128441657
-0.8 0.418879020479 7.64541066671
-0.8 0.628318530718 6.6782851728
-0.8 0.837758040957 4.93871509915
-0.8 1.0471975512 2.95117382683
-0.8 1.25663706144 1.43536964564
-0.8 1.46607657168 0.708050797736
-0.8 1.67551608191 0.649557772392
-0.8 1.88495559215 0.245822381578
-0.8 2.09439510239 0.148898314724
-0.8 2.30383461263 0.26623983396
-0.8 2.51327412287 1.28679237622
-0.8 2.72271363311 2.33469734027
-0.8 2.93215314335 0.800284127738
-0.8 3.14159265359 0.167316654291
-0.8 3.35103216383 0.37221522267
-0.8 3.56047167407 0.288151449919
-0.8 3.76991118431 0.150690082316
-0.8 3.97935069455 0.142511293604
-0.8 4.18879020479 0.247787907587
-0.8 4.39822971503 0.386102706881
-0.8 4.60766922527 0.260025599692
-0.8 4.8171087355 0.0538587309122
-0.8 5.02654824574 0.961187669946
-0.8 5.23598775598 0.579148042251
-0.8 5.44542726622 1.13984714
-0.8 5.65486677646 1.90610801938
-0.8 5.8643062867 2.2638649186
-0.8 6.07374579694 4.29833834759

-0.733333333333 0 5.71170320504
-0.733333333333 0.209439510239 8.83030483711
-0.733333333333 0.418879020479 9.04129355139
-0.733333333333 0.628318530718 8.99075443322
-0.733333333333 0.837758040957 7.26231909416
-0.733333333333 1.0471975512 4.24317392165
-0.733333333333 1.25663706144 1.92653103619
-0.733333333333 1.46607657168 0.827546407849
-0.733333333333 1.67551608191 0.511890686293
-0.733333333333 1.88495559215 0.321470633471
-0.733333333333 2.09439510239 0.0983322224555
-0.733333333333 2.30383461263 0.3137809711
-0.733333333333 2.51327412287 1.41778644678
-0.733333333333 2.72271363311 2.1262461376
-0.733333333333 2.93215314335 0.46959404605
-0.733333333333 3.14159265359 0.292196103898
-0.733333333333 3.35103216383 0.339785018015
-0.733333333333 3.56047167407 0.133542169789
-0.733333333333 3.76991118431 0.0947193272868
-0.733333333333 3.97935069455 0.200479117332
-0.733333333333 4.18879020479 0.375043653213
-0.733333333333 4.39822971503 0.446951797885
-0.733333333333 4.60766922527 0.199766032457
-0.733333333333 4.8171087355 0.0882113585594
-0.733333333333 5.02654824574 1.0557001182
-0.733333333333 5.23598775598 0.577588263168
-0.733333333333 5.44542726622 1.27961557265
-0.733333333333 5.65486677646 1.82849176407
-0.733333333333 5.8643062867 2.5213043592
-0.733333333333 6.07374579694 4.02174088438

-0.666666666667 0 6.3251469221
-0.666666666667 0.209439510239 7.99852458567
-0.666666666667 0.418879020479 9.71178870219
-0.666666666667 0.628318530718 11.5847896159
-0.666666666667 0.837758040957 10.0188795431
-0.666666666667 1.0471975512 5.93039610675
-0.666666666667 1.25663706144 2.35616295687
-0.666666666667 1.46607657168 0.96282552603
-0.666666666667 1.67551608191 0.444731025076
-0.666666666667 1.88495559215 0.336148966631
-0.666666666667 2.09439510239 0.0709015387705
-0.666666666667 2.30383461263 0.369752672656
-0.666666666667 2.51327412287 1.4958399687
-0.666666666667 2.72271363311 1.91536288632
-0.666666666667 2.93215314335 0.340198167497
-0.666666666667 3.14159265359 0.368898183172
-0.666666666667 3.35103216383 0.215707032589
-0.666666666667 3.56047167407 0.0440430033934
-0.666666666667 3.76991118431 0.106014114304
-0.666666666667 3.97935069455 0.255397301773
-0.666666666667 4.18879020479 0.520417331361
-0.666666666667 4.39822971503 0.722195918572
-0.666666666667 4.60766922527 0.334564917446
-0.666666666667 4.8171087355 0.146760700809
-0.666666666667 5.02654824574 1.18927473332
-0.666666666667 5.23598775598 0.559170352847
-0.666666666667 5.44542726622 1.47840811427
-0.666666666667 5.65486677646 1.66119174862
-0.666666666667 5.8643062867 2.68390939021
-0.666666666667 6.07374579694 3.65476716676

-0.6 0 5.68251343308
-0.6 0.209439510239 6.5530037213
-0.6 0.418879020479 10.3413420194
-0.6 0.628318530718 12.8926411623
-0.6 0.837758040957 11.9417611416
-0.6 1.0471975512 7.67502933845
-0.6 1.25663706144 2.8725263909
-0.6 1.46607657168 1.02057585751
-0.6 1.67551608191 0.447599254181
-0.6 1.88495559215 0.312336059297
-0.6 2.09439510239 0.0609127925581
-0.6 2.30383461263 0.421395791225
-0.6 2.51327412287 1.5392998175
-0.6 2.72271363311 1.73561799003
-0.6 2.93215314335 0.288572244965
-0.6 3.14159265359 0.371307994297
-0.6 3.35103216383 0.0891010452092
-0.6 3.56047167407 0.0319336437194
-0.6 3.76991118431 0.150675523867
-0.6 3.97935069455 0.285330511709
-0.6 4.18879020479 0.573549596096
-0.6 4.39822971503 0.913651468514
-0.6 4.60766922527 0.553508418313
-0.6 4.8171087355 0.198228802421
-0.6 5.02654824574 1.32606461269
-0.6 5.23598775598 0.563359048495
-0.6 5.44542726622 1.67058999473
-0.6 5.65486677646 1.55017546869
-0.6 5.8643062867 2.82188514186
-0.6 6.07374579694 3.35735447713

-0.533333333333 0 4.61733836154
-0.533333333333 0.209439510239 5.70735463877
-0.533333333333 0.418879020479 9.96902166166
-0.533333333333 0.628318530718 12.2679824801
-0.533333333333 0.837758040957 12.8765427778
-0.533333333333 1.0471975512 9.26684830862
-0.533333333333 1.25663706144 3.4803308774
-0.533333333333 1.46607657168 1.03240201
-0.533333333333 1.67551608191 0.479046807372
-0.533333333333 1.88495559215 0.27492256914
-0.533333333333 2.09439510239 0.0625894351188
-0.533333333333 2.30383461263 0.463816330648
-0.533333333333 2.51327412287 1.56030892141
-0.533333333333 2.72271363311 1.58700252206
-0.533333333333 2.93215314335 0.27118919248
-0.533333333333 3.14159265359 0.324380181199
-0.533333333333 3.35103216383 0.01509717137
-0.533333333333 3.56047167407 0.08657187041
-0.533333333333 3.76991118431 0.204673384861
-0.533333333333 3.97935069455 0.311944151653
-0.533333333333 4.18879020479 0.620742692314
-0.533333333333 4.39822971503 1.02385328291
-0.533333333333 4.60766922527 0.747782434201
-0.533333333333 4.8171087355 0.262703440863
-0.533333333333 5.02654824574 1.42215404427
-0.533333333333 5.23598775598 0.593832600234
-0.533333333333 5.44542726622 1.84045610838
-0.533333333333 5.65486677646 1.53914689978
-0.533333333333 5.8643062867 2.92416320948
-0.533333333333 6.07374579694 3.14155199709

-0.466666666667 0 3.81061700921
-0.466666666667 0.209439510239 5.27702117969
-0.466666666667 0.418879020479 8.30667521067
-0.466666666667 0.628318530718 10.6980775886
-0.466666666667 0.837758040957 13.4284646323
-0.466666666667 1.0471975512 10.7929767506
-0.466666666667 1.25663706144 4.15984228924
-0.466666666667 1.46607657168 1.02815112212
-0.466666666667 1.67551608191 0.511180365521
-0.466666666667 1.88495559215 0.238888835918
-0.466666666667 2.09439510239 0.0706573544582
-0.466666666667 2.30383461263 0.495833954014
-0.466666666667 2.51327412287 1.56690231503
-0.466666666667 2.72271363311 1.46418132055
-0.466666666667 2.93215314335 0.27242429744
-0.466666666667 3.14159265359 0.257932396844
-0.466666666667 3.35103216383 0.00546718969561
-0.466666666667 3.56047167407 0.158183656019
-0.466666666667 3.76991118431 0.222237814183
-0.466666666667 3.97935069455 0.30395758594
-0.466666666667 4.18879020479 0.651049880146
-0.466666666667 4.39822971503 1.09807884516
-0.466666666667 4.60766922527 0.887854168322
-0.466666666667 4.8171087355 0.347946367018
-0.466666666667 5.02654824574 1.47152417948
-0.466666666667 5.23598775598 0.640935704395
-0.466666666667 5.44542726622 1.98715898034
-0.466666666667 5.65486677646 1.60828951591
-0.466666666667 5.8643062867 2.9930009375
-0.466666666667 6.07374579694 2.98121247255

-0.4 0 3.42539491387
-0.4 0.209439510239 4.83147954829
-0.4 0.418879020479 6.15082783892
-0.4 0.628318530718 9.2054835948
-0.4 0.837758040957 13.9360499275
-0.4 1.0471975512 12.2877464431
-0.4 1.25663706144 4.88094242532
-0.4 1.46607657168 1.02382637871
-0.4 1.67551608191 0.534433411355
-0.4 1.88495559215 0.210270120055
-0.4 2.09439510239 0.0810889649469
-0.4 2.30383461263 0.517929791508
-0.4 2.51327412287 1.56454150631
-0.4 2.72271363311 1.3631141823
-0.4 2.93215314335 0.282966069773
-0.4 3.14159265359 0.194205015942
-0.4 3.35103216383 0.038855287144
-0.4 3.56047167407 0.210693538014
-0.4 3.76991118431 0.197346129094
-0.4 3.97935069455 0.265234871999
-0.4 4.18879020479 0.649306041501
-0.4 4.39822971503 1.13266152254
-0.4 4.60766922527 0.981355635892
-0.4 4.8171087355 0.443762811608
-0.4 5.02654824574 1.48849861783
-0.4 5.23598775598 0.694608546334
-0.4 5.44542726622 2.11216177218
-0.4 5.65486677646 1.72332530874
-0.4 5.8643062867 3.04257222613
-0.4 6.07374579694 2.85515371599

-0.333333333333 0 3.33556443794
-0.333333333333 0.209439510239 4.232557029
-0.333333333333 0.418879020479 4.37421164195
-0.333333333333 0.628318530718 8.12436937693
-0.333333333333 0.837758040957 14.3418695439
-0.333333333333 1.0471975512 13.6423132061
-0.333333333333 1.25663706144 5.59974742092
-0.333333333333 1.46607657168 1.02667142853
-0.333333333333 1.67551608191 0.548827549343
-0.333333333333 1.88495559215 0.189813736965
-0.333333333333 2.09439510239 0.0912425903149
-0.333333333333 2.30383461263 0.531210874357
-0.333333333333 2.51327412287 1.55701470681
-0.333333333333 2.72271363311 1.28154676166
-0.333333333333 2.93215314335 0.296188312511
-0.333333333333 3.14159265359 0.144730164193
-0.333333333333 3.35103216383 0.0893012644207
-0.333333333333 3.56047167407 0.236641445548
-0.333333333333 3.76991118431 0.153061375481
-0.333333333333 3.97935069455 0.223139985804
-0.333333333333 4.18879020479 0.632010398407
-0.333333333333 4.39822971503 1.12412448149
-0.333333333333 4.60766922527 1.04142368175
-0.333333333333 4.8171087355 0.536755206076
-0.333333333333 5.02654824574 1.48926193765
-0.333333333333 5.23598775598 0.747828176734
-0.333333333333 5.44542726622 2.21665841915
-0.333333333333 5.65486677646 1.85554022316
-0.333333333333 5.8643062867 3.08497463012
-0.333333333333 6.07374579694 2.75367903866

-0.266666666667 0 3.38031437804
-0.266666666667 0.209439510239 3.56677357085
-0.266666666667 0.418879020479 3.26999821129
-0.266666666667 0.628318530718 7.38771787632
-0.266666666667 0.837758040957 14.5221169104
-0.266666666667 1.0471975512 14.7157350225
-0.266666666667 1.25663706144 6.2600475676
-0.266666666667 1.46607657168 1.03686023243
-0.266666666667 1.67551608191 0.557026606744
-0.266666666667 1.88495559215 0.175993918129
-0.266666666667 2.09439510239 0.0996295238108
-0.266666666667 2.30383461263 0.536899405666
-0.266666666667 2.51327412287 1.54693282446
-0.266666666667 2.72271363311 1.21836002203
-0.266666666667 2.93215314335 0.308061920703
-0.266666666667 3.14159265359 0.112077951026
-0.266666666667 3.35103216383 0.140304101032
-0.266666666667 3.56047167407 0.244954176849
-0.266666666667 3.76991118431 0.112168293596
-0.266666666667 3.97935069455 0.198097654104
-0.266666666667 4.18879020479 0.618030757475
-0.266666666667 4.39822971503 1.08665573117
-0.266666666667 4.60766922527 1.07819492272
-0.266666666667 4.8171087355 0.618509375318
-0.266666666667 5.02654824574 1.48497035019
-0.266666666667 5.23598775598 0.796528952402
-0.266666666667 5.44542726622 2.30149487695
-0.266666666667 5.65486677646 1.98562544207
-0.266666666667 5.8643062867 3.12592388056
-0.266666666667 6.07374579694 2.67295964931

-0.2 0 3.45806413455
-0.2 0.209439510239 2.95944129332
-0.2 0.418879020479 2.70533842765
-0.2 0.628318530718 6.83003854199
-0.2 0.837758040957 14.4257685731
-0.2 1.0471975512 15.4346589508
-0.2 1.25663706144 6.80635188422
-0.2 1.46607657168 1.0507709222
-0.2 1.67551608191 0.561444491363
-0.2 1.88495559215 0.166778445229
-0.2 2.09439510239 0.105574325377
-0.2 2.30383461263 0.536099339436
-0.2 2.51327412287 1.53599961903
-0.2 2.72271363311 1.17305124605
-0.2 2.93215314335 0.316600499608
-0.2 3.14159265359 0.0937692653402
-0.2 3.35103216383 0.185014806976
-0.2 3.56047167407 0.24759882342
-0.2 3.76991118431 0.0865482130445
-0.2 3.97935069455 0.196339708359
-0.2 4.18879020479 0.613023082345
-0.2 4.39822971503 1.03822003991
-0.2 4.60766922527 1.09910718803
-0.2 4.8171087355 0.686087955917
-0.2 5.02654824574 1.48151204748
-0.2 5.23598775598 0.838747949408
-0.2 5.44542726622 2.36741396031
-0.2 5.65486677646 2.10212012966
-0.2 5.8643062867 3.16627170921
-0.2 6.07374579694 2.61053247732

-0.133333333333 0 3.52529078176
-0.133333333333 0.209439510239 2.48019282318
-0.133333333333 0.418879020479 2.45153320809
-0.133333333333 0.628318530718 6.30201557234
-0.133333333333 0.837758040957 14.0233580507
-0.133333333333 1.0471975512 15.797882359
-0.133333333333 1.25663706144 7.19775773256
-0.133333333333 1.46607657168 1.06422874637
-0.133333333333 1.67551608191 0.563627374498
-0.133333333333 1.88495559215 0.160423255969
-0.133333333333 2.09439510239 0.108908774185
-0.133333333333 2.30383461263 0.529707788361
-0.133333333333 2.51327412287 1.52516048533
-0.133333333333 2.72271363311 1.14551405828
-0.133333333333 2.93215314335 0.320909678007
-0.133333333333 3.14159265359 0.0858573557568
-0.133333333333 3.35103216383 0.222089230936
-0.133333333333 3.56047167407 0.253878550528
-0.133333333333 3.76991118431 0.0796068789887
-0.133333333333 3.97935069455 0.214807416829
-0.133333333333 4.18879020479 0.613277155175
-0.133333333333 4.39822971503 0.990538148931
-0.133333333333 4.60766922527 1.10979651304
-0.133333333333 4.8171087355 0.739839923543
-0.133333333333 5.02654824574 1.48121118476
-0.133333333333 5.23598775598 0.873846858087
-0.133333333333 5.44542726622 2.41520456054
-0.133333333333 5.65486677646 2.19893136132
-0.133333333333 5.8643062867 3.20454990299
-0.133333333333 6.07374579694 2.56354281692

-0.0666666666667 0 3.57261984642
-0.0666666666667 0.209439510239 2.13987186544
-0.0666666666667 0.418879020479 2.33719831952
-0.0666666666667 0.628318530718 5.72772060834
-0.0666666666667 0.837758040957 13.2807946643
-0.0666666666667 1.0471975512 15.8327635146
-0.0666666666667 1.25663706144 7.41256162232
-0.0666666666667 1.46607657168 1.07437737758
-0.0666666666667 1.67551608191 0.564369359133
-0.0666666666667 1.88495559215 0.155708632092
-0.0666666666667 2.09439510239 0.10974771352
-0.0666666666667 2.30383461263 0.518400624094
-0.0666666666667 2.51327412287 1.51468402559
-0.0666666666667 2.72271363311 1.1360132025
-0.0666666666667 2.93215314335 0.320338822829
-0.0666666666667 3.14159265359 0.0851139550168
-0.0666666666667 3.35103216383 0.251891751619
-0.0666666666667 3.56047167407 0.270076554988
-0.0666666666667 3.76991118431 0.0910223490844
-0.0666666666667 3.97935069455 0.246947283024
-0.0666666666667 4.18879020479 0.613331590944
-0.0666666666667 4.39822971503 0.948755366676
-0.0666666666667 4.60766922527 1.11440194809
-0.0666666666667 4.8171087355 0.78141696087
-0.0666666666667 5.02654824574 1.48444182107
-0.0666666666667 5.23598775598 0.901973615395
-0.0666666666667 5.44542726622 2.44574299657
-0.0666666666667 5.65486677646 2.27327322427
-0.0666666666667 5.8643062867 3.23869478664
-0.0666666666667 6.07374579694 2.52852184244

6.12323399574e-17 0 3.60516932332
6.12323399574e-17 0.209439510239 1.91973105923
6.12323399574e-17 0.418879020479 2.2677447651
6.12323399574e-17 0.628318530718 5.11351593779
6.12323399574e-17 0.837758040957 12.1946790862
6.12323399574e-17 1.0471975512 15.5599843687
6.12323399574e-17 1.25663706144 7.44528209189
6.12323399574e-17 1.46607657168 1.08047314572
6.12323399574e-17 1.67551608191 0.56390336457
6.12323399574e-17 1.88495559215 0.151919927676
6.12323399574e-17 2.09439510239 0.108349770171
6.12323399574e-17 2.30383461263 0.50265406585
6.12323399574e-17 2.51327412287 1.50420510736
6.12323399574e-17 2.72271363311 1.14522453894
6.12323399574e-17 2.93215314335 0.313944719624
6.12323399574e-17 3.14159265359 0.0899900739099
6.12323399574e-17 3.35103216383 0.273988823704
6.12323399574e-17 3.56047167407 0.300436664538
6.12323399574e-17 3.76991118431 0.119859921821
6.12323399574e-17 3.97935069455 0.28615819398
6.12323399574e-17 4.18879020479 0.609934206122
6.12323399574e-17 4.39822971503 0.914497379919
6.12323399574e-17 4.60766922527 1.11576260366
6.12323399574e-17 4.8171087355 0.81267666959
6.12323399574e-17 5.02654824574 1.49063953108
6.12323399574e-17 5.23598775598 0.923730943328
6.12323399574e-17 5.44542726622 2.45997596926
6.12323399574e-17 5.65486677646 2.32424202629
6.12323399574e-17 5.8643062867 3.26678557544
6.12323399574e-17 6.07374579694 2.50171312616

0.0666666666667 0 3.63093132244
0.0666666666667 0.209439510239 1.79578349164
0.0666666666667 0.418879020479 2.20102478461
0.0666666666667 0.628318530718 4.51388743386
0.0666666666667 0.837758040957 10.8355186176
0.0666666666667 1.0471975512 14.9836189006
0.0666666666667 1.25663706144 7.30132773539
0.0666666666667 1.46607657168 1.0840354019
0.0666666666667 1.67551608191 0.562006373056
0.0666666666667 1.88495559215 0.148734878034
0.0666666666667 2.09439510239 0.105051489454
0.0666666666667 2.30383461263 0.482784414302
0.0666666666667 2.51327412287 1.49274835834
0.0666666666667 2.72271363311 1.17423268826
0.0666666666667 2.93215314335 0.300322240422
0.0666666666667 3.14159265359 0.100852025692
0.0666666666667 3.35103216383 0.285683303651
0.0666666666667 3.56047167407 0.347175076258
0.0666666666667 3.76991118431 0.165752624971
0.0666666666667 3.97935069455 0.327252751716
0.0666666666667 4.18879020479 0.602583290031
0.0666666666667 4.39822971503 0.888211710024
0.0666666666667 4.60766922527 1.11569956932
0.0666666666667 4.8171087355 0.835313373248
0.0666666666667 5.02654824574 1.49875348617
0.0666666666667 5.23598775598 0.939984909751
0.0666666666667 5.44542726622 2.45888188703
0.0666666666667 5.65486677646 2.3519302657
0.0666666666667 5.8643062867 3.28710993756
0.0666666666667 6.07374579694 2.47949315944

0.133333333333 0 3.65477161984
0.133333333333 0.209439510239 1.75099278157
0.133333333333 0.418879020479 2.12126949251
0.133333333333 0.628318530718 3.99192540425
0.133333333333 0.837758040957 9.3585059892
0.133333333333 1.0471975512 14.1002093399
0.133333333333 1.25663706144 6.99276822533
0.133333333333 1.46607657168 1.08845353531
0.133333333333 1.67551608191 0.558049828069
0.133333333333 1.88495559215 0.146074817726
0.133333333333 2.09439510239 0.100263375597
0.133333333333 2.30383461263 0.458998984329
0.133333333333 2.51327412287 1.47875312809
0.133333333333 2.72271363311 1.22439611003
0.133333333333 2.93215314335 0.277883671691
0.133333333333 3.14159265359 0.119742754434
0.133333333333 3.35103216383 0.281518910029
0.133333333333 3.56047167407 0.408530857455
0.133333333333 3.76991118431 0.228440132935
0.133333333333 3.97935069455 0.366862272403
0.133333333333 4.18879020479 0.592697503127
0.133333333333 4.39822971503 0.870088300201
0.133333333333 4.60766922527 1.11529386027
0.133333333333 4.8171087355 0.850962066908
0.133333333333 5.02654824574 1.50729596996
0.133333333333 5.23598775598 0.951754743539
0.133333333333 5.44542726622 2.44342933755
0.133333333333 5.65486677646 2.35693829302
0.133333333333 5.8643062867 3.29785352335
0.133333333333 6.07374579694 2.45879605682

0.2 0 3.67528628254
0.2 0.209439510239 1.77960276802
0.2 0.418879020479 2.02264681823
0.2 0.628318530718 3.59520167338
0.2 0.837758040957 7.96656343367
0.2 1.0471975512 12.9155427644
0.2 1.25663706144 6.53739056864
0.2 1.46607657168 1.09779819811
0.2 1.67551608191 0.551130665999
0.2 1.88495559215 0.143908143188
0.2 2.09439510239 0.094520521744
0.2 2.30383461263 0.43146048425
0.2 2.51327412287 1.46013385856
0.2 2.72271363311 1.29698425809
0.2 2.93215314335 0.245800271163
0.2 3.14159265359 0.149456305752
0.2 3.35103216383 0.254486629768
0.2 3.56047167407 0.474634703149
0.2 3.76991118431 0.305506017869
0.2 3.97935069455 0.4031500865
0.2 4.18879020479 0.582515924419
0.2 4.39822971503 0.860213754303
0.2 4.60766922527 1.11499456626
0.2 4.8171087355 0.861639601899
0.2 5.02654824574 1.5141195067
0.2 5.23598775598 0.960142160442
0.2 5.44542726622 2.41454318319
0.2 5.65486677646 2.34017788229
0.2 5.8643062867 3.2965733533
0.2 6.07374579694 2.43765181922

0.266666666667 0 3.68262753577
0.266666666667 0.209439510239 1.88793327464
0.266666666667 0.418879020479 1.90293440207
0.266666666667 0.628318530718 3.3400342481
0.266666666667 0.837758040957 6.83380912682
0.266666666667 1.0471975512 11.4610989516
0.266666666667 1.25663706144 5.96287407251
0.266666666667 1.46607657168 1.11425012229
0.266666666667 1.67551608191 0.540555967888
0.266666666667 1.88495559215 0.141953194791
0.266666666667 2.09439510239 0.0885827267006
0.266666666667 2.30383461263 0.400375346165
0.266666666667 2.51327412287 1.43443361715
0.266666666667 2.72271363311 1.39247233789
0.266666666667 2.93215314335 0.205973141106
0.266666666667 3.14159265359 0.191240557902
0.266666666667 3.35103216383 0.200561267591
0.266666666667 3.56047167407 0.522591754812
0.266666666667 3.76991118431 0.387858558798
0.266666666667 3.97935069455 0.434412846809
0.266666666667 4.18879020479 0.573837105214
0.266666666667 4.39822971503 0.858786740704
0.266666666667 4.60766922527 1.11435800315
0.266666666667 4.8171087355 0.870498910821
0.266666666667 5.02654824574 1.51600580852
0.266666666667 5.23598775598 0.966269199758
0.266666666667 5.44542726622 2.37308364588
0.266666666667 5.65486677646 2.30290370744
0.266666666667 5.8643062867 3.27949733141
0.266666666667 6.07374579694 2.41603843555

0.333333333333 0 3.65626778201
0.333333333333 0.209439510239 2.09268302205
0.333333333333 0.418879020479 1.76606622267
0.333333333333 0.628318530718 3.19321537545
0.333333333333 0.837758040957 6.01997834797
0.333333333333 1.0471975512 9.81206085567
0.333333333333 1.25663706144 5.31407376846
0.333333333333 1.46607657168 1.1339208755
0.333333333333 1.67551608191 0.527094859939
0.333333333333 1.88495559215 0.139233912256
0.333333333333 2.09439510239 0.0835706364815
0.333333333333 2.30383461263 0.366123406976
0.333333333333 2.51327412287 1.39917045268
0.333333333333 2.72271363311 1.50937334819
0.333333333333 2.93215314335 0.166440576668
0.333333333333 3.14159265359 0.240283968678
0.333333333333 3.35103216383 0.127861359277
0.333333333333 3.56047167407 0.516170759735
0.333333333333 3.76991118431 0.453731642281
0.333333333333 3.97935069455 0.455903101824
0.333333333333 4.18879020479 0.566813142856
0.333333333333 4.39822971503 0.866979819481
0.333333333333 4.60766922527 1.11122410685
0.333333333333 4.8171087355 0.882895684629
0.333333333333 5.02654824574 1.50813525434
0.333333333333 5.23598775598 0.971198878089
0.333333333333 5.44542726622 2.31983997659
0.333333333333 5.65486677646 2.24694947051
0.333333333333 5.8643062867 3.24063797331
0.333333333333 6.07374579694 2.39725616289

0.4 0 3.56262341952
0.4 0.209439510239 2.4135088132
0.4 0.418879020479 1.63245163399
0.4 0.628318530718 3.06248261651
0.4 0.837758040957 5.42346986902
0.4 1.0471975512 8.10534457563
0.4 1.25663706144 4.64648431009
0.4 1.46607657168 1.1436954028
0.4 1.67551608191 0.515089511443
0.4 1.88495559215 0.133574856063
0.4 2.09439510239 0.0810885872281
0.4 2.30383461263 0.329458907844
0.4 2.51327412287 1.35254519358
0.4 2.72271363311 1.6425414852
0.4 2.93215314335 0.14625926836
0.4 3.14159265359 0.279370099284
0.4 3.35103216383 0.0670975493568
0.4 3.56047167407 0.421444999685
0.4 3.76991118431 0.466844990229
0.4 3.97935069455 0.456244624043
0.4 4.18879020479 0.560576846615
0.4 4.39822971503 0.888242855515
0.4 4.60766922527 1.10045179395
0.4 4.8171087355 0.907619627728
0.4 5.02654824574 1.48356364689
0.4 5.23598775598 0.97580888105
0.4 5.44542726622 2.2555433445
0.4 5.65486677646 2.17516833391
0.4 5.8643062867 3.17073999468
0.4 6.07374579694 2.38983800867

0.466666666667 0 3.35473524544
0.466666666667 0.209439510239 2.85158999116
0.466666666667 0.418879020479 1.55637091287
0.466666666667 0.628318530718 2.83344286208
0.466666666667 0.837758040957 4.84062560235
0.466666666667 1.0471975512 6.51663924474
0.466666666667 1.25663706144 3.97403394975
0.466666666667 1.46607657168 1.12782446761
0.466666666667 1.67551608191 0.513350901355
0.466666666667 1.88495559215 0.121623847864
0.466666666667 2.09439510239 0.0831858262507
0.466666666667 2.30383461263 0.291820524312
0.466666666667 2.51327412287 1.29476569855
0.466666666667 2.72271363311 1.78111695129
0.466666666667 2.93215314335 0.180458431242
0.466666666667 3.14159265359 0.27634816839
0.466666666667 3.35103216383 0.068530556363
0.466666666667 3.56047167407 0.24912292462
0.466666666667 3.76991118431 0.393245287595
0.466666666667 3.97935069455 0.421515055197
0.466666666667 4.18879020479 0.559448175574
0.466666666667 4.39822971503 0.927921171778
0.466666666667 4.60766922527 1.07350313124
0.466666666667 4.8171087355 0.957666662839
0.466666666667 5.02654824574 1.43302579108
0.466666666667 5.23598775598 0.980569716853
0.466666666667 5.44542726622 2.18090291608
0.466666666667 5.65486677646 2.09208629141
0.466666666667 5.8643062867 3.05625150752
0.466666666667 6.07374579694 2.40930294937

0.533333333333 0 2.98243541582
0.533333333333 0.209439510239 3.34439782068
0.533333333333 0.418879020479 1.64999356112
0.533333333333 0.628318530718 2.46027174993
0.533333333333 0.837758040957 4.12072132408
0.533333333333 1.0471975512 5.13118047604
0.533333333333 1.25663706144 3.20865214915
0.533333333333 1.46607657168 1.09409902655
0.533333333333 1.67551608191 0.527506322535
0.533333333333 1.88495559215 0.101294752309
0.533333333333 2.09439510239 0.0917749573565
0.533333333333 2.30383461263 0.255793054991
0.533333333333 2.51327412287 1.2303123052
0.533333333333 2.72271363311 1.90695845227
0.533333333333 2.93215314335 0.319822900314
0.533333333333 3.14159265359 0.203317332755
0.533333333333 3.35103216383 0.161608296368
0.533333333333 3.56047167407 0.103770393696
0.533333333333 3.76991118431 0.253161272101
0.533333333333 3.97935069455 0.362027669382
0.533333333333 4.18879020479 0.585398337811
0.533333333333 4.39822971503 0.986600656567
0.533333333333 4.60766922527 1.02268380069
0.533333333333 4.8171087355 1.04873574836
0.533333333333 5.02654824574 1.34579311007
0.533333333333 5.23598775598 0.98514020428
0.533333333333 5.44542726622 2.09666939737
0.533333333333 5.65486677646 2.00474963061
0.533333333333 5.8643062867 2.87895445027
0.533333333333 6.07374579694 2.47705171779

0.6 0 2.43264298528
0.6 0.209439510239 3.70158960583
0.6 0.418879020479 2.07865694307
0.6 0.628318530718 2.05886117242
0.6 0.837758040957 3.23023477899
0.6 1.0471975512 3.79072086903
0.6 1.25663706144 2.31263498559
0.6 1.46607657168 1.10274390702
0.6 1.67551608191 0.535338464558
0.6 1.88495559215 0.0805189661099
0.6 2.09439510239 0.106682957655
0.6 2.30383461263 0.225751266157
0.6 2.51327412287 1.17126296327
0.6 2.72271363311 1.99613115247
0.6 2.93215314335 0.611954418366
0.6 3.14159265359 0.103201789469
0.6 3.35103216383 0.283612516654
0.6 3.56047167407 0.150304269738
0.6 3.76991118431 0.182669546073
0.6 3.97935069455 0.35702291305
0.6 4.18879020479 0.680435200225
0.6 4.39822971503 1.04433175576
0.6 4.60766922527 0.956396308268
0.6 4.8171087355 1.19095468611
0.6 5.02654824574 1.21291965661
0.6 5.23598775598 0.987637578589
0.6 5.44542726622 2.00372725025
0.6 5.65486677646 1.92364543006
0.6 5.8643062867 2.61788968893
0.6 6.07374579694 2.60932187566

0.666666666667 0 1.82153190088
0.666666666667 0.209439510239 3.57465729611
0.666666666667 0.418879020479 2.85651077777
0.666666666667 0.628318530718 2.00108633297
0.666666666667 0.837758040957 2.33863455695
0.666666666667 1.0471975512 2.45818444888
0.666666666667 1.25663706144 1.66356854929
0.666666666667 1.46607657168 1.20558560975
0.666666666667 1.67551608191 0.468145045928
0.666666666667 1.88495559215 0.0934860081675
0.666666666667 2.09439510239 0.121163851049
0.666666666667 2.30383461263 0.208721958442
0.666666666667 2.51327412287 1.14038044209
0.666666666667 2.72271363311 2.03000647057
0.666666666667 2.93215314335 1.04043238884
0.666666666667 3.14159265359 0.171259712104
0.666666666667 3.35103216383 0.297174519504
0.666666666667 3.56047167407 0.408389382627
0.666666666667 3.76991118431 0.369788429907
0.666666666667 3.97935069455 0.534462686002
0.666666666667 4.18879020479 0.859004510494
0.666666666667 4.39822971503 1.05027379562
0.666666666667 4.60766922527 0.926378171839
0.666666666667 4.8171087355 1.36540530299
0.666666666667 5.02654824574 1.03466655369
0.666666666667 5.23598775598 0.983424557164
0.666666666667 5.44542726622 1.90320367474
0.666666666667 5.65486677646 1.86329294353
0.666666666667 5.8643062867 2.2572625678
0.666666666667 6.07374579694 2.78346985007

0.733333333333 0 1.49067056143
0.733333333333 0.209439510239 2.63349931269
0.733333333333 0.418879020479 3.34414436467
0.733333333333 0.628318530718 2.60487576855
0.733333333333 0.837758040957 2.14469994994
0.733333333333 1.0471975512 1.91763547319
0.733333333333 1.25663706144 1.64699348289
0.733333333333 1.46607657168 1.17709796492
0.733333333333 1.67551608191 0.305943605418
0.733333333333 1.88495559215 0.197475975389
0.733333333333 2.09439510239 0.116522796834
0.733333333333 2.30383461263 0.215866912419
0.733333333333 2.51327412287 1.16710863186
0.733333333333 2.72271363311 2.02814387943
0.733333333333 2.93215314335 1.4343010797
0.733333333333 3.14159265359 0.635854193662
0.733333333333 3.35103216383 0.271864877864
0.733333333333 3.56047167407 0.592757097823
0.733333333333 3.76991118431 0.72760510483
0.733333333333 3.97935069455 0.851251113924
0.733333333333 4.18879020479 1.00284016476
0.733333333333 4.39822971503 0.978597923532
0.733333333333 4.60766922527 1.03470264201
0.733333333333 4.8171087355 1.48346641767
0.733333333333 5.02654824574 0.833210106818
0.733333333333 5.23598775598 0.963555173187
0.733333333333 5.44542726622 1.79653762583
0.733333333333 5.65486677646 1.84139144048
0.733333333333 5.8643062867 1.8076629221
0.733333333333 6.07374579694 2.87356811761

0.8 0 1.81114681022
0.8 0.209439510239 1.30219894673
0.8 0.418879020479 2.38133067502
0.8 0.628318530718 2.73068160824
0.8 0.837758040957 2.42419159593
0.8 1.0471975512 2.00877407869
0.8 1.25663706144 1.46339384596
0.8 1.46607657168 0.614640048062
0.8 1.67551608191 0.329753449173
0.8 1.88495559215 0.365639671086
0.8 2.09439510239 0.0764392579964
0.8 2.30383461263 0.266760437978
0.8 2.51327412287 1.25573490376
0.8 2.72271363311 2.09380741252
0.8 2.93215314335 1.5714260033
0.8 3.14159265359 1.23361951374
0.8 3.35103216383 0.623412375587
0.8 3.56047167407 0.592783353055
0.8 3.76991118431 0.812281469528
0.8 3.97935069455 0.93448056521
0.8 4.18879020479 0.957075176229
0.8 4.39822971503 0.991621369372
0.8 4.60766922527 1.30974617459
0.8 4.8171087355 1.38720095396
0.8 5.02654824574 0.666698224782
0.8 5.23598775598 0.914573777209
0.8 5.44542726622 1.68532065544
0.8 5.65486677646 1.87350893654
0.8 5.8643062867 1.3513680802
0.8 6.07374579694 2.59506468883

0.866666666667 0 2.27030836964
0.866666666667 0.209439510239 1.35368705023
0.866666666667 0.418879020479 0.826707102269
0.866666666667 0.628318530718 0.973237418504
0.866666666667 0.837758040957 1.02302725499
0.866666666667 1.0471975512 0.771148678726
0.866666666667 1.25663706144 0.444917760435
0.866666666667 1.46607657168 0.496961061988
0.866666666667 1.67551608191 0.745642008594
0.866666666667 1.88495559215 0.323214877472
0.866666666667 2.09439510239 0.0800737473652
0.866666666667 2.30383461263 0.398650730148
0.866666666667 2.51327412287 1.30577141071
0.866666666667 2.72271363311 2.28364049391
0.866666666667 2.93215314335 1.75394890951
0.866666666667 3.14159265359 1.31837571475
0.866666666667 3.35103216383 1.10401190354
0.866666666667 3.56047167407 0.878791500152
0.866666666667 3.76991118431 0.843314709839
0.866666666667 3.97935069455 0.918661644575
0.866666666667 4.18879020479 1.04931722257
0.866666666667 4.39822971503 1.26991973962
0.866666666667 4.60766922527 1.40340847477
0.866666666667 4.8171087355 1.05175724577
0.866666666667 5.02654824574 0.614597232719
0.866666666667 5.23598775598 0.827207587045
0.866666666667 5.44542726622 1.57022602664
0.866666666667 5.65486677646 1.95447694667
0.866666666667 5.8643062867 1.10945286795
0.866666666667 6.07374579694 1.66516357651

0.933333333333 0 1.09808375044
0.933333333333 0.209439510239 1.63412365847
0.933333333333 0.418879020479 1.6660981713
0.933333333333 0.628318530718 1.4226755216
0.933333333333 0.837758040957 1.22629431378
0.933333333333 1.0471975512 1.15998055209
0.933333333333 1.25663706144 1.13079206041
0.933333333333 1.46607657168 0.910743139532
0.933333333333 1.67551608191 0.41798828819
0.933333333333 1.88495559215 0.165473699484
0.933333333333 2.09439510239 0.418959309718
0.933333333333 2.30383461263 0.658129898443
0.933333333333 2.51327412287 1.10733931853
0.933333333333 2.72271363311 1.99784638936
0.933333333333 2.93215314335 2.32134437946
0.933333333333 3.14159265359 1.89498359687
0.933333333333 3.35103216383 1.44899077785
0.933333333333 3.56047167407 1.23778043757
0.933333333333 3.76991118431 1.18369866042
0.933333333333 3.97935069455 1.21417775763
0.933333333333 4.18879020479 1.26978913484
0.933333333333 4.39822971503 1.26696819538
0.933333333333 4.60766922527 1.12428359129
0.933333333333 4.8171087355 0.85967075653
0.933333333333 5.02654824574 0.633247128257
0.933333333333 5.23598775598 0.744514624156
0.933333333333 5.44542726622 1.44552239669
0.933333333333 5.65486677646 1.99287706999
0.933333333333 5.8643062867 1.41936401698
0.933333333333 6.07374579694 0.771003068936

