-1 0 0.69685630248
-1 0.209439510239 0.696856302479
-1 0.418879020479 0.696856302479
-1 0.628318530718 0.696856302479
-1 0.837758040957 0.69685630248
-1 1.0471975512 0.69685630248
-1 1.25663706144 0.69685630248
-1 1.46607657168 0.69685630248
-1 1.67551608191 0.696856302479
-1 1.88495559215 0.696856302479
-1 2.09439510239 0.696856302479
-1 2.30383461263 0.69685630248
-1 2.51327412287 0.69685630248
-1 2.72271363311 0.69685630248
-1 2.93215314335 0.69685630248
-1 3.14159265359 0.69685630248
-1 3.35103216383 0.696856302479
-1 3.56047167407 0.696856302479
-1 3.76991118431 0.696856302479
-1 3.97935069455 0.69685630248
-1 4.18879020479 0.69685630248
-1 4.39822971503 0.69685630248
-1 4.60766922527 0.69685630248
-1 4.8171087355 0.696856302479
-1 5.02654824574 0.696856302479
-1 5.23598775598 0.696856302479
-1 5.44542726622 0.69685630248
-1 5.65486677646 0.69685630248
-1 5.8643062867 0.69685630248
-1 6.07374579694 0.69685630248

-0.933333333333 0 0.382461655768
-0.933333333333 0.209439510239 1.04844139435
-0.933333333333 0.418879020479 1.53390454927
-0.933333333333 0.628318530718 1.64131235504
-0.933333333333 0.837758040957 1.49977566304
-0.933333333333 1.0471975512 1.21797329168
-0.933333333333 1.25663706144 0.834620307452
-0.933333333333 1.46607657168 0.417640277881
-0.933333333333 1.67551608191 0.125018117797
-0.933333333333 1.88495559215 0.16565558153
-0.933333333333 2.09439510239 0.701741071221
-0.933333333333 2.30383461263 1.41876606501
-0.933333333333 2.51327412287 1.44029515958
-0.933333333333 2.72271363311 0.820122099705
-0.933333333333 2.93215314335 0.54979631607
-0.933333333333 3.14159265359 0.67920405394
-0.933333333333 3.35103216383 0.69501200912
-0.933333333333 3.56047167407 0.568946657065
-0.933333333333 3.76991118431 0.484456391439
-0.933333333333 3.97935069455 0.496471415187
-0.933333333333 4.18879020479 0.587908004088
-0.933333333333 4.39822971503 0.734840040587
-0.933333333333 4.60766922527 0.887323737366
-0.933333333333 4.8171087355 1.01434780506
-0.933333333333 5.02654824574 1.08845186713
-0.933333333333 5.23598775598 0.848661445143
-0.933333333333 5.44542726622 0.339022886005
-0.933333333333 5.65486677646 0.220215260223
-0.933333333333 5.8643062867 0.27087549608
-0.933333333333 6.07374579694 0.126163034928

-0.866666666667 0 1.22213682593
-0.866666666667 0.209439510239 1.53945963918
-0.866666666667 0.418879020479 1.33294984294
-0.866666666667 0.628318530718 1.20359781955
-0.866666666667 0.837758040957 1.19929581455
-0.866666666667 1.0471975512 1.13976815144
-0.866666666667 1.25663706144 0.938199183599
-0.866666666667 1.46607657168 0.64383344855
-0.866666666667 1.67551608191 0.35400974488
-0.866666666667 1.88495559215 0.157031239529
-0.866666666667 2.09439510239 0.36778733837
-0.866666666667 2.30383461263 1.51785448847
-0.866666666667 2.51327412287 1.64186961076
-0.866666666667 2.72271363311 0.557075020083
-0.866666666667 2.93215314335 0.508000131856
-0.866666666667 3.14159265359 0.461598954302
-0.866666666667 3.35103216383 0.240534072732
-0.866666666667 3.56047167407 0.366566232636
-0.866666666667 3.76991118431 0.590203743616
-0.866666666667 3.97935069455 0.698719469556
-0.866666666667 4.18879020479 0.711670298637
-0.866666666667 4.39822971503 0.770997700905
-0.866666666667 4.60766922527 0.998568510958
-0.866666666667 4.8171087355 1.09377826245
-0.866666666667 5.02654824574 1.01206553116
-0.866666666667 5.23598775598 1.01304079746
-0.866666666667 5.44542726622 0.348697163945
-0.866666666667 5.65486677646 0.182682907314
-0.866666666667 5.8643062867 0.210383114132
-0.866666666667 6.07374579694 0.327369567863

-0.8 0 1.01046459463
-0.8 0.209439510239 0.908523144935
-0.8 0.418879020479 1.00196141563
-0.8 0.628318530718 1.24287465947
-0.8 0.837758040957 1.59031740431
-0.8 1.0471975512 1.75576966199
-0.8 1.25663706144 1.43074305656
-0.8 1.46607657168 0.778972361359
-0.8 1.67551608191 0.302363983175
-0.8 1.88495559215 0.218742104471
-0.8 2.09439510239 0.241616359411
-0.8 2.30383461263 1.50228253898
-0.8 2.51327412287 1.69786949337
-0.8 2.72271363311 0.369274455463
-0.8 2.93215314335 0.454645517769
-0.8 3.14159265359 0.186073647241
-0.8 3.35103216383 0.331022765594
-0.8 3.56047167407 0.656384217361
-0.8 3.76991118431 0.733969333277
-0.8 3.97935069455 0.731532965784
-0.8 4.18879020479 0.709649734105
-0.8 4.39822971503 0.687943237287
-0.8 4.60766922527 1.00263438707
-0.8 4.8171087355 1.49080619565
-0.8 5.02654824574 1.11223770749
-0.8 5.23598775598 0.87614309611
-0.8 5.44542726622 0.34214940474
-0.8 5.65486677646 0.130706016426
-0.8 5.8643062867 0.182273975063
-0.8 6.07374579694 0.732836919238

-0.733333333333 0 0.629244036548
-0.733333333333 0.209439510239 0.874605944169
-0.733333333333 0.418879020479 0.826871815595
-0.733333333333 0.628318530718 0.919420895614
-0.733333333333 0.837758040957 1.4088109426
-0.733333333333 1.0471975512 2.03555869987
-0.733333333333 1.25663706144 2.14643136014
-0.733333333333 1.46607657168 1.32983421328
-0.733333333333 1.67551608191 0.375502566576
-0.733333333333 1.88495559215 0.181620342031
-0.733333333333 2.09439510239 0.237390997808
-0.733333333333 2.30383461263 1.45649288726
-0.733333333333 2.51327412287 1.6766674612
-0.733333333333 2.72271363311 0.265024346953
-0.733333333333 2.93215314335 0.349217058424
-0.733333333333 3.14159265359 0.112090496553
-0.733333333333 3.35103216383 0.478973000474
-0.733333333333 3.56047167407 0.558663948449
-0.733333333333 3.76991118431 0.489821572126
-0.733333333333 3.97935069455 0.534784118633
-0.733333333333 4.18879020479 0.579529640349
-0.733333333333 4.39822971503 0.475491464462
-0.733333333333 4.60766922527 0.628247572119
-0.733333333333 4.8171087355 1.5216476909
-0.733333333333 5.02654824574 1.35094987006
-0.733333333333 5.23598775598 0.724710112562
-0.733333333333 5.44542726622 0.328583758647
-0.733333333333 5.65486677646 0.139101133497
-0.733333333333 5.8643062867 0.474370531792
-0.733333333333 6.07374579694 1.03612495521

-0.666666666667 0 0.475321673655
-0.666666666667 0.209439510239 0.691344409613
-0.666666666667 0.418879020479 0.272450192945
-0.666666666667 0.628318530718 0.338244443217
-0.666666666667 0.837758040957 0.74376882081
-0.666666666667 1.0471975512 1.55621221566
-0.666666666667 1.25663706144 2.32987500523
-0.666666666667 1.46607657168 1.89354911416
-0.666666666667 1.67551608191 0.628816088671
-0.666666666667 1.88495559215 0.116413647408
-0.666666666667 2.09439510239 0.276487609044
-0.666666666667 2.30383461263 1.41054457867
-0.666666666667 2.51327412287 1.61694711858
-0.666666666667 2.72271363311 0.214499825174
-0.666666666667 2.93215314335 0.239835434243
-0.666666666667 3.14159265359 0.152923893404
-0.666666666667 3.35103216383 0.493299048414
-0.666666666667 3.56047167407 0.414298233055
-0.666666666667 3.76991118431 0.436032356426
-0.666666666667 3.97935069455 0.607093266214
-0.666666666667 4.18879020479 0.739102070228
-0.666666666667 4.39822971503 0.562966005674
-0.666666666667 4.60766922527 0.346512969011
-0.666666666667 4.8171087355 1.24252211362
-0.666666666667 5.02654824574 1.49639411038
-0.666666666667 5.23598775598 0.64502762832
-0.666666666667 5.44542726622 0.328382899708
-0.666666666667 5.65486677646 0.235404601271
-0.666666666667 5.8643062867 0.906155291168
-0.666666666667 6.07374579694 1.02232077178

-0.6 0 0.380583351983
-0.6 0.209439510239 0.31881934058
-0.6 0.418879020479 0.081161550296
-0.6 0.628318530718 0.227475594996
-0.6 0.837758040957 0.343234248791
-0.6 1.0471975512 0.933511567188
-0.6 1.25663706144 2.05571727929
-0.6 1.46607657168 2.24347033739
-0.6 1.67551608191 0.951562334677
-0.6 1.88495559215 0.0767800933541
-0.6 2.09439510239 0.319529378456
-0.6 2.30383461263 1.37391269821
-0.6 2.51327412287 1.54220141865
-0.6 2.72271363311 0.193104870134
-0.6 2.93215314335 0.155208081115
-0.6 3.14159265359 0.222660069597
-0.6 3.35103216383 0.455418045347
-0.6 3.56047167407 0.377658572884
-0.6 3.76991118431 0.525904492124
-0.6 3.97935069455 0.766932317752
-0.6 4.18879020479 0.99757034423
-0.6 4.39822971503 0.871695224791
-0.6 4.60766922527 0.333373677422
-0.6 4.8171087355 0.910562725527
-0.6 5.02654824574 1.51939570295
-0.6 5.23598775598 0.618073892626
-0.6 5.44542726622 0.344975926711
-0.6 5.65486677646 0.372457241607
-0.6 5.8643062867 1.24262830728
-0.6 6.07374579694 0.813630689989

-0.533333333333 0 0.258172753226
-0.533333333333 0.209439510239 0.161315195551
-0.533333333333 0.418879020479 0.362707387969
-0.533333333333 0.628318530718 0.418715393529
-0.533333333333 0.837758040957 0.255781787158
-0.533333333333 1.0471975512 0.515996511625
-0.533333333333 1.25663706144 1.61472627966
-0.533333333333 1.46607657168 2.3658803332
-0.533333333333 1.67551608191 1.26344401972
-0.533333333333 1.88495559215 0.0750403943091
-0.533333333333 2.09439510239 0.352560950077
-0.533333333333 2.30383461263 1.34769746821
-0.533333333333 2.51327412287 1.4665010996
-0.533333333333 2.72271363311 0.186478462214
-0.533333333333 2.93215314335 0.0998367129945
-0.533333333333 3.14159265359 0.287242080381
-0.533333333333 3.35103216383 0.4116600165
-0.533333333333 3.56047167407 0.400769337394
-0.533333333333 3.76991118431 0.6120165511
-0.533333333333 3.97935069455 0.848461021037
-0.533333333333 4.18879020479 1.16035639161
-0.533333333333 4.39822971503 1.18682145735
-0.533333333333 4.60766922527 0.502296946969
-0.533333333333 4.8171087355 0.655928470183
-0.533333333333 5.02654824574 1.46776178246
-0.533333333333 5.23598775598 0.617582902035
-0.533333333333 5.44542726622 0.373778880944
-0.533333333333 5.65486677646 0.504314295719
-0.533333333333 5.8643062867 1.41855264573
-0.533333333333 6.07374579694 0.588779910605

-0.466666666667 0 0.150048323605
-0.466666666667 0.209439510239 0.291619466354
-0.466666666667 0.418879020479 0.719981742348
-0.466666666667 0.628318530718 0.561529110797
-0.466666666667 0.837758040957 0.278699363478
-0.466666666667 1.0471975512 0.32440917859
-0.466666666667 1.25663706144 1.20706003986
-0.466666666667 1.46607657168 2.32092756466
-0.466666666667 1.67551608191 1.53111730687
-0.466666666667 1.88495559215 0.104248031166
-0.466666666667 2.09439510239 0.37354093496
-0.466666666667 2.30383461263 1.32987832269
-0.466666666667 2.51327412287 1.39797263646
-0.466666666667 2.72271363311 0.187183787006
-0.466666666667 2.93215314335 0.0676804218497
-0.466666666667 3.14159265359 0.335704859442
-0.466666666667 3.35103216383 0.370104627549
-0.466666666667 3.56047167407 0.436447772885
-0.466666666667 3.76991118431 0.63950957462
-0.466666666667 3.97935069455 0.82370788155
-0.466666666667 4.18879020479 1.18416335154
-0.466666666667 4.39822971503 1.39327999201
-0.466666666667 4.60766922527 0.723410953664
-0.466666666667 4.8171087355 0.502361677784
-0.466666666667 5.02654824574 1.38363878366
-0.466666666667 5.23598775598 0.628783042063
-0.466666666667 5.44542726622 0.409181399038
-0.466666666667 5.65486677646 0.609255741674
-0.466666666667 5.8643062867 1.46810078473
-0.466666666667 6.07374579694 0.428787311203

-0.4 0 0.0982322206145
-0.4 0.209439510239 0.536203810538
-0.4 0.418879020479 0.892853315174
-0.4 0.628318530718 0.554080947218
-0.4 0.837758040957 0.287057583436
-0.4 1.0471975512 0.265620600865
-0.4 1.25663706144 0.913556868165
-0.4 1.46607657168 2.17915667363
-0.4 1.67551608191 1.74560045797
-0.4 1.88495559215 0.153491474126
-0.4 2.09439510239 0.38461805595
-0.4 2.30383461263 1.31761484184
-0.4 2.51327412287 1.34107319914
-0.4 2.72271363311 0.191323863479
-0.4 2.93215314335 0.0509798938125
-0.4 3.14159265359 0.365488881169
-0.4 3.35103216383 0.334104021347
-0.4 3.56047167407 0.465854022006
-0.4 3.76991118431 0.606436760403
-0.4 3.97935069455 0.721977911799
-0.4 4.18879020479 1.10439039557
-0.4 4.39822971503 1.47729444457
-0.4 4.60766922527 0.91733920234
-0.4 4.8171087355 0.429656749829
-0.4 5.02654824574 1.29137554676
-0.4 5.23598775598 0.644851381021
-0.4 5.44542726622 0.446672016426
-0.4 5.65486677646 0.683326449918
-0.4 5.8643062867 1.44429417788
-0.4 6.07374579694 0.340241872381

-0.333333333333 0 0.103686046348
-0.333333333333 0.209439510239 0.740916207922
-0.333333333333 0.418879020479 0.87756380408
-0.333333333333 0.628318530718 0.461108710448
-0.333333333333 0.837758040957 0.2557161807
-0.333333333333 1.0471975512 0.25411911262
-0.333333333333 1.25663706144 0.737856951654
-0.333333333333 1.46607657168 1.99984066729
-0.333333333333 1.67551608191 1.9082453531
-0.333333333333 1.88495559215 0.213351561576
-0.333333333333 2.09439510239 0.388637045402
-0.333333333333 2.30383461263 1.30818011379
-0.333333333333 2.51327412287 1.29807837282
-0.333333333333 2.72271363311 0.196547430377
-0.333333333333 2.93215314335 0.0435263673251
-0.333333333333 3.14159265359 0.378694347331
-0.333333333333 3.35103216383 0.307478641031
-0.333333333333 3.56047167407 0.483633153942
-0.333333333333 3.76991118431 0.531886915927
-0.333333333333 3.97935069455 0.586231671617
-0.333333333333 4.18879020479 0.975965475511
-0.333333333333 4.39822971503 1.47268172754
-0.333333333333 4.60766922527 1.05800840824
-0.333333333333 4.8171087355 0.408605277026
-0.333333333333 5.02654824574 1.20318038928
-0.333333333333 5.23598775598 0.662748288887
-0.333333333333 5.44542726622 0.483049747808
-0.333333333333 5.65486677646 0.730923088341
-0.333333333333 5.8643062867 1.38792670545
-0.333333333333 6.07374579694 0.303733761381

-0.266666666667 0 0.144207307473
-0.266666666667 0.209439510239 0.853124118753
-0.266666666667 0.418879020479 0.772840570278
-0.266666666667 0.628318530718 0.364261366337
-0.266666666667 0.837758040957 0.20349178641
-0.266666666667 1.0471975512 0.245067232427
-0.266666666667 1.25663706144 0.651154776951
-0.266666666667 1.46607657168 1.82376473528
-0.266666666667 1.67551608191 2.0254217054
-0.266666666667 1.88495559215 0.276665500006
-0.266666666667 2.09439510239 0.387913715468
-0.266666666667 2.30383461263 1.29925553763
-0.266666666667 2.51327412287 1.27003613351
-0.266666666667 2.72271363311 0.201130455529
-0.266666666667 2.93215314335 0.0411698070515
-0.266666666667 3.14159265359 0.380183290609
-0.266666666667 3.35103216383 0.291288365762
-0.266666666667 3.56047167407 0.490924582456
-0.266666666667 3.76991118431 0.441472099689
-0.266666666667 3.97935069455 0.454214909467
-0.266666666667 4.18879020479 0.844644449712
-0.266666666667 4.39822971503 1.42129068351
-0.266666666667 4.60766922527 1.14838322587
-0.266666666667 4.8171087355 0.414902564677
-0.266666666667 5.02654824574 1.12453809375
-0.266666666667 5.23598775598 0.681045775351
-0.266666666667 5.44542726622 0.516155102931
-0.266666666667 5.65486677646 0.758912809078
-0.266666666667 5.8643062867 1.32357862223
-0.266666666667 6.07374579694 0.298871480312

-0.2 0 0.195779184284
-0.2 0.209439510239 0.886699306909
-0.2 0.418879020479 0.660038424832
-0.2 0.628318530718 0.302873092564
-0.2 0.837758040957 0.153134743513
-0.2 1.0471975512 0.226446814924
-0.2 1.25663706144 0.621202740483
-0.2 1.46607657168 1.6734373072
-0.2 1.67551608191 2.10625983985
-0.2 1.88495559215 0.337984028771
-0.2 2.09439510239 0.384014823483
-0.2 2.30383461263 1.28894116599
-0.2 2.51327412287 1.25735721091
-0.2 2.72271363311 0.203632508374
-0.2 2.93215314335 0.0414225445963
-0.2 3.14159265359 0.375663778122
-0.2 3.35103216383 0.283187519072
-0.2 3.56047167407 0.492721099092
-0.2 3.76991118431 0.357728716792
-0.2 3.97935069455 0.349474734392
-0.2 4.18879020479 0.736890016857
-0.2 4.39822971503 1.35523145487
-0.2 4.60766922527 1.20053866342
-0.2 4.8171087355 0.432356562827
-0.2 5.02654824574 1.05736431329
-0.2 5.23598775598 0.698985881946
-0.2 5.44542726622 0.544556192342
-0.2 5.65486677646 0.773864199661
-0.2 5.8643062867 1.2638043789
-0.2 6.07374579694 0.311417126865

-0.133333333333 0 0.241699921316
-0.133333333333 0.209439510239 0.875176913718
-0.133333333333 0.418879020479 0.573762831102
-0.133333333333 0.628318530718 0.278202151744
-0.133333333333 0.837758040957 0.116143409957
-0.133333333333 1.0471975512 0.202205738892
-0.133333333333 1.25663706144 0.624684183229
-0.133333333333 1.46607657168 1.55739344977
-0.133333333333 1.67551608191 2.16103021039
-0.133333333333 1.88495559215 0.392987476441
-0.133333333333 2.09439510239 0.377886567051
-0.133333333333 2.30383461263 1.27565537626
-0.133333333333 2.51327412287 1.26015648759
-0.133333333333 2.72271363311 0.202804375788
-0.133333333333 2.93215314335 0.0429517355318
-0.133333333333 3.14159265359 0.370311734435
-0.133333333333 3.35103216383 0.278928842517
-0.133333333333 3.56047167407 0.495415039073
-0.133333333333 3.76991118431 0.295744161632
-0.133333333333 3.97935069455 0.281138040651
-0.133333333333 4.18879020479 0.662056909227
-0.133333333333 4.39822971503 1.29349659079
-0.133333333333 4.60766922527 1.22596277165
-0.133333333333 4.8171087355 0.451711066285
-0.133333333333 5.02654824574 1.00176016439
-0.133333333333 5.23598775598 0.716088069362
-0.133333333333 5.44542726622 0.567289839575
-0.133333333333 5.65486677646 0.781051030205
-0.133333333333 5.8643062867 1.21393538008
-0.133333333333 6.07374579694 0.333143061227

-0.0666666666667 0 0.273091759583
-0.0666666666667 0.209439510239 0.84744258774
-0.0666666666667 0.418879020479 0.516690155088
-0.0666666666667 0.628318530718 0.274386072558
-0.0666666666667 0.837758040957 0.0925891304796
-0.0666666666667 1.0471975512 0.180409932791
-0.0666666666667 1.25663706144 0.648971210421
-0.0666666666667 1.46607657168 1.47551946191
-0.0666666666667 1.67551608191 2.19981402865
-0.0666666666667 1.88495559215 0.438109137276
-0.0666666666667 2.09439510239 0.370043090575
-0.0666666666667 2.30383461263 1.25800925681
-0.0666666666667 2.51327412287 1.27841784343
-0.0666666666667 2.72271363311 0.197602933228
-0.0666666666667 2.93215314335 0.0452071063643
-0.0666666666667 3.14159265359 0.368185198377
-0.0666666666667 3.35103216383 0.273929878833
-0.0666666666667 3.56047167407 0.504641406436
-0.0666666666667 3.76991118431 0.263955518078
-0.0666666666667 3.97935069455 0.249265785192
-0.0666666666667 4.18879020479 0.619612121491
-0.0666666666667 4.39822971503 1.24476860426
-0.0666666666667 4.60766922527 1.23268228533
-0.0666666666667 4.8171087355 0.468408419911
-0.0666666666667 5.02654824574 0.957062175164
-0.0666666666667 5.23598775598 0.731972160139
-0.0666666666667 5.44542726622 0.583668627723
-0.0666666666667 5.65486677646 0.784286208303
-0.0666666666667 5.8643062867 1.17557738559
-0.0666666666667 6.07374579694 0.359930624095

6.12323399574e-17 0 0.286404953456
6.12323399574e-17 0.209439510239 0.821616737101
6.12323399574e-17 0.418879020479 0.479843913536
6.12323399574e-17 0.628318530718 0.274422908748
6.12323399574e-17 0.837758040957 0.076850020021
6.12323399574e-17 1.0471975512 0.168694639598
6.12323399574e-17 1.25663706144 0.68934245586
6.12323399574e-17 1.46607657168 1.42351372739
6.12323399574e-17 1.67551608191 2.23154558696
6.12323399574e-17 1.88495559215 0.47032253005
6.12323399574e-17 2.09439510239 0.360712472669
6.12323399574e-17 2.30383461263 1.23469441956
6.12323399574e-17 2.51327412287 1.31202225027
6.12323399574e-17 2.72271363311 0.187282298734
6.12323399574e-17 2.93215314335 0.0482248204055
6.12323399574e-17 3.14159265359 0.372134531317
6.12323399574e-17 3.35103216383 0.264242241027
6.12323399574e-17 3.56047167407 0.523702781364
6.12323399574e-17 3.76991118431 0.267309381281
6.12323399574e-17 3.97935069455 0.25103721025
6.12323399574e-17 4.18879020479 0.605385543878
6.12323399574e-17 4.39822971503 1.21122103389
6.12323399574e-17 4.60766922527 1.22535803691
6.12323399574e-17 4.8171087355 0.480668738746
6.12323399574e-17 5.02654824574 0.92252345015
6.12323399574e-17 5.23598775598 0.746263603727
6.12323399574e-17 5.44542726622 0.593144201305
6.12323399574e-17 5.65486677646 0.786066740312
6.12323399574e-17 5.8643062867 1.14878435037
6.12323399574e-17 6.07374579694 0.390023567644

0.0666666666667 0 0.281003844895
0.0666666666667 0.209439510239 0.806540106357
0.0666666666667 0.418879020479 0.455371436355
0.0666666666667 0.628318530718 0.267896208128
0.0666666666667 0.837758040957 0.0641280049557
0.0666666666667 1.0471975512 0.174556951274
0.0666666666667 1.25663706144 0.745058499846
0.0666666666667 1.46607657168 1.3960721435
0.0666666666667 1.67551608191 2.2632903136
0.0666666666667 1.88495559215 0.487049925777
0.0666666666667 2.09439510239 0.349920104822
0.0666666666667 2.30383461263 1.20440542704
0.0666666666667 2.51327412287 1.36065470461
0.0666666666667 2.72271363311 0.17159047268
0.0666666666667 2.93215314335 0.0525962572705
0.0666666666667 3.14159265359 0.383701734493
0.0666666666667 3.35103216383 0.2473339669
0.0666666666667 3.56047167407 0.551940427326
0.0666666666667 3.76991118431 0.309460912186
0.0666666666667 3.97935069455 0.284368188119
0.0666666666667 4.18879020479 0.614524119968
0.0666666666667 4.39822971503 1.19129814973
0.0666666666667 4.60766922527 1.20623412317
0.0666666666667 4.8171087355 0.488184386035
0.0666666666667 5.02654824574 0.897789948051
0.0666666666667 5.23598775598 0.758531468393
0.0666666666667 5.44542726622 0.59521714742
0.0666666666667 5.65486677646 0.787777423816
0.0666666666667 5.8643062867 1.13329988966
0.0666666666667 6.07374579694 0.422829461492

0.133333333333 0 0.257862667059
0.133333333333 0.209439510239 0.80427913244
0.133333333333 0.418879020479 0.442026954886
0.133333333333 0.628318530718 0.253575042337
0.133333333333 0.837758040957 0.0557416202488
0.133333333333 1.0471975512 0.207273348254
0.133333333333 1.25663706144 0.815248427129
0.133333333333 1.46607657168 1.38940173085
0.133333333333 1.67551608191 2.29931593251
0.133333333333 1.88495559215 0.48623437766
0.133333333333 2.09439510239 0.337519977343
0.133333333333 2.30383461263 1.16581173262
0.133333333333 2.51327412287 1.42358443701
0.133333333333 2.72271363311 0.151132358682
0.133333333333 2.93215314335 0.0595850769642
0.133333333333 3.14159265359 0.402508322329
0.133333333333 3.35103216383 0.223471978899
0.133333333333 3.56047167407 0.58223337387
0.133333333333 3.76991118431 0.391158938845
0.133333333333 3.97935069455 0.347284037719
0.133333333333 4.18879020479 0.641469837785
0.133333333333 4.39822971503 1.18136980117
0.133333333333 4.60766922527 1.17617276858
0.133333333333 4.8171087355 0.491286082046
0.133333333333 5.02654824574 0.883258048203
0.133333333333 5.23598775598 0.768244559178
0.133333333333 5.44542726622 0.589386108844
0.133333333333 5.65486677646 0.789840754504
0.133333333333 5.8643062867 1.12921319743
0.133333333333 6.07374579694 0.458222454696

0.2 0 0.219436282152
0.2 0.209439510239 0.811160862587
0.2 0.418879020479 0.446001762476
0.2 0.628318530718 0.239887456034
0.2 0.837758040957 0.0622466376361
0.2 1.0471975512 0.27821823494
0.2 1.25663706144 0.894546810132
0.2 1.46607657168 1.40411851901
0.2 1.67551608191 2.33923680889
0.2 1.88495559215 0.466712433772
0.2 2.09439510239 0.323192348693
0.2 2.30383461263 1.11759906025
0.2 2.51327412287 1.4992974865
0.2 2.72271363311 0.127969791699
0.2 2.93215314335 0.0713663945651
0.2 3.14159265359 0.424740860607
0.2 3.35103216383 0.198390953514
0.2 3.56047167407 0.597955178294
0.2 3.76991118431 0.502962709124
0.2 3.97935069455 0.432773236626
0.2 4.18879020479 0.678389275053
0.2 4.39822971503 1.1769277568
0.2 4.60766922527 1.13561172484
0.2 4.8171087355 0.490349408064
0.2 5.02654824574 0.880351513175
0.2 5.23598775598 0.774744275563
0.2 5.44542726622 0.575133687288
0.2 5.65486677646 0.791770188728
0.2 5.8643062867 1.13722956756
0.2 6.07374579694 0.496277805538

0.266666666667 0 0.170392002506
0.266666666667 0.209439510239 0.817334742613
0.266666666667 0.418879020479 0.47814372594
0.266666666667 0.628318530718 0.243804328601
0.266666666667 0.837758040957 0.102457722496
0.266666666667 1.0471975512 0.395914205951
0.266666666667 1.25663706144 0.969480833889
0.266666666667 1.46607657168 1.44923074912
0.266666666667 1.67551608191 2.37437668316
0.266666666667 1.88495559215 0.429107776547
0.266666666667 2.09439510239 0.30643211476
0.266666666667 2.30383461263 1.05861403952
0.266666666667 2.51327412287 1.5849456831
0.266666666667 2.72271363311 0.10651173935
0.266666666667 2.93215314335 0.0913081819997
0.266666666667 3.14159265359 0.440735546017
0.266666666667 3.35103216383 0.187032316844
0.266666666667 3.56047167407 0.572906486486
0.266666666667 3.76991118431 0.613915092422
0.266666666667 3.97935069455 0.521172415259
0.266666666667 4.18879020479 0.71428730816
0.266666666667 4.39822971503 1.17408352367
0.266666666667 4.60766922527 1.08538690375
0.266666666667 4.8171087355 0.485310990884
0.266666666667 5.02654824574 0.89169170304
0.266666666667 5.23598775598 0.777236772663
0.266666666667 5.44542726622 0.551950521032
0.266666666667 5.65486677646 0.792116850683
0.266666666667 5.8643062867 1.15860675225
0.266666666667 6.07374579694 0.53749706264

0.333333333333 0 0.118618916703
0.333333333333 0.209439510239 0.806549472411
0.333333333333 0.418879020479 0.547097398205
0.333333333333 0.628318530718 0.286077476728
0.333333333333 0.837758040957 0.19496286067
0.333333333333 1.0471975512 0.553544985068
0.333333333333 1.25663706144 1.02055717017
0.333333333333 1.46607657168 1.54565963873
0.333333333333 1.67551608191 2.38195999473
0.333333333333 1.88495559215 0.377460954699
0.333333333333 2.09439510239 0.286565411092
0.333333333333 2.30383461263 0.98817743369
0.333333333333 2.51327412287 1.67557294511
0.333333333333 2.72271363311 0.0946666384696
0.333333333333 2.93215314335 0.124053412418
0.333333333333 3.14159265359 0.432901490415
0.333333333333 3.35103216383 0.215343055773
0.333333333333 3.56047167407 0.482757975356
0.333333333333 3.76991118431 0.666544567686
0.333333333333 3.97935069455 0.577043579792
0.333333333333 4.18879020479 0.738218645537
0.333333333333 4.39822971503 1.1716809358
0.333333333333 4.60766922527 1.02719058208
0.333333333333 4.8171087355 0.47538264855
0.333333333333 5.02654824574 0.921041118049
0.333333333333 5.23598775598 0.774810561174
0.333333333333 5.44542726622 0.519403632321
0.333333333333 5.65486677646 0.788321771099
0.333333333333 5.8643062867 1.19466144368
0.333333333333 6.07374579694 0.583742649368

0.4 0 0.0756462273525
0.4 0.209439510239 0.759112450024
0.4 0.418879020479 0.649057104509
0.4 0.628318530718 0.380552948729
0.4 0.837758040957 0.341225539368
0.4 1.0471975512 0.716020129929
0.4 1.25663706144 1.04034082461
0.4 1.46607657168 1.72154815887
0.4 1.67551608191 2.31910122037
0.4 1.88495559215 0.321514025428
0.4 2.09439510239 0.262872156507
0.4 2.30383461263 0.906684708995
0.4 2.51327412287 1.76309247156
0.4 2.72271363311 0.105016961631
0.4 2.93215314335 0.174795770503
0.4 3.14159265359 0.37812944158
0.4 3.35103216383 0.311670585551
0.4 3.56047167407 0.337526684535
0.4 3.76991118431 0.600466686429
0.4 3.97935069455 0.56415137479
0.4 4.18879020479 0.750137605054
0.4 4.39822971503 1.1730450501
0.4 4.60766922527 0.963136797564
0.4 4.8171087355 0.459408132394
0.4 5.02654824574 0.972768802216
0.4 5.23598775598 0.76648649662
0.4 5.44542726622 0.477262768991
0.4 5.65486677646 0.776513284467
0.4 5.8643062867 1.2456071502
0.4 6.07374579694 0.640174704287

0.466666666667 0 0.0557901991153
0.466666666667 0.209439510239 0.66054459197
0.466666666667 0.418879020479 0.760207451631
0.466666666667 0.628318530718 0.521874790165
0.466666666667 0.837758040957 0.513051142444
0.466666666667 1.0471975512 0.833875821259
0.466666666667 1.25663706144 1.07270739322
0.466666666667 1.46607657168 1.98184117079
0.466666666667 1.67551608191 2.12493971565
0.466666666667 1.88495559215 0.278488793923
0.466666666667 2.09439510239 0.23500183883
0.466666666667 2.30383461263 0.816712695367
0.466666666667 2.51327412287 1.83505407948
0.466666666667 2.72271363311 0.155305952604
0.466666666667 2.93215314335 0.246504489081
0.466666666667 3.14159265359 0.263152597211
0.466666666667 3.35103216383 0.475611978941
0.466666666667 3.56047167407 0.224645120768
0.466666666667 3.76991118431 0.423795042902
0.466666666667 3.97935069455 0.490833191909
0.466666666667 4.18879020479 0.777286784363
0.466666666667 4.39822971503 1.18413630734
0.466666666667 4.60766922527 0.893803948802
0.466666666667 4.8171087355 0.437765756742
0.466666666667 5.02654824574 1.05042973823
0.466666666667 5.23598775598 0.751304762636
0.466666666667 5.44542726622 0.4257052533
0.466666666667 5.65486677646 0.751338889451
0.466666666667 5.8643062867 1.30835604453
0.466666666667 6.07374579694 0.718172022945

0.533333333333 0 0.0753544737586
0.533333333333 0.209439510239 0.513411008175
0.533333333333 0.418879020479 0.843441840994
0.533333333333 0.628318530718 0.689828458919
0.533333333333 0.837758040957 0.679362185284
0.533333333333 1.0471975512 0.917066173505
0.533333333333 1.25663706144 1.23536927604
0.533333333333 1.46607657168 2.23663153234
0.533333333333 1.67551608191 1.74987597627
0.533333333333 1.88495559215 0.270618802077
0.533333333333 2.09439510239 0.204148141323
0.533333333333 2.30383461263 0.725021942632
0.533333333333 2.51327412287 1.8734281188
0.533333333333 2.72271363311 0.266597012279
0.533333333333 2.93215314335 0.333365093745
0.533333333333 3.14159265359 0.120833451271
0.533333333333 3.35103216383 0.629666501424
0.533333333333 3.56047167407 0.297780919646
0.533333333333 3.76991118431 0.296086792615
0.533333333333 3.97935069455 0.465658389744
0.533333333333 4.18879020479 0.877068468348
0.533333333333 4.39822971503 1.20331710531
0.533333333333 4.60766922527 0.81489559432
0.533333333333 4.8171087355 0.416984626299
0.533333333333 5.02654824574 1.15392996412
0.533333333333 5.23598775598 0.728448780117
0.533333333333 5.44542726622 0.365635442014
0.533333333333 5.65486677646 0.706014718953
0.533333333333 5.8643062867 1.3729075399
0.533333333333 6.07374579694 0.83785703241

0.6 0 0.158204862979
0.6 0.209439510239 0.341542793877
0.6 0.418879020479 0.868669803627
0.6 0.628318530718 0.883450688688
0.6 0.837758040957 0.888110553389
0.6 1.0471975512 1.11600504915
0.6 1.25663706144 1.60742475055
0.6 1.46607657168 2.23408111655
0.6 1.67551608191 1.23202947749
0.6 1.88495559215 0.31073493349
0.6 2.09439510239 0.176104299339
0.6 2.30383461263 0.646069562108
0.6 2.51327412287 1.85420469738
0.6 2.72271363311 0.455822851511
0.6 2.93215314335 0.410803429063
0.6 3.14159265359 0.0693699231314
0.6 3.35103216383 0.625649537196
0.6 3.56047167407 0.616633090444
0.6 3.76991118431 0.473317226125
0.6 3.97935069455 0.667910561978
0.6 4.18879020479 1.08743539857
0.6 4.39822971503 1.20249387559
0.6 4.60766922527 0.715593694554
0.6 4.8171087355 0.417380233664
0.6 5.02654824574 1.27484879144
0.6 5.23598775598 0.697392457919
0.6 5.44542726622 0.299175668902
0.6 5.65486677646 0.632949294462
0.6 5.8643062867 1.4173105903
0.6 6.07374579694 1.02534055082

0.666666666667 0 0.35666895734
0.666666666667 0.209439510239 0.184897448703
0.666666666667 0.418879020479 0.803302175406
0.666666666667 0.628318530718 1.10954021566
0.666666666667 0.837758040957 1.25533145973
0.666666666667 1.0471975512 1.55357453485
0.666666666667 1.25663706144 1.91947865425
0.666666666667 1.46607657168 1.6947011377
0.666666666667 1.67551608191 0.783600671859
0.666666666667 1.88495559215 0.369105815344
0.666666666667 2.09439510239 0.168543298123
0.666666666667 2.30383461263 0.607517819489
0.666666666667 2.51327412287 1.75030807272
0.666666666667 2.72271363311 0.717327083788
0.666666666667 2.93215314335 0.434185521899
0.666666666667 3.14159265359 0.262523250414
0.666666666667 3.35103216383 0.432166984108
0.666666666667 3.56047167407 0.927665786687
0.666666666667 3.76991118431 0.967986600301
0.666666666667 3.97935069455 1.11311086396
0.666666666667 4.18879020479 1.3141100977
0.666666666667 4.39822971503 1.11745167433
0.666666666667 4.60766922527 0.587704743207
0.666666666667 4.8171087355 0.479927135223
0.666666666667 5.02654824574 1.39019012874
0.666666666667 5.23598775598 0.658040026522
0.666666666667 5.44542726622 0.23042634841
0.666666666667 5.65486677646 0.525602337479
0.666666666667 5.8643062867 1.40254301823
0.666666666667 6.07374579694 1.29351032625

0.733333333333 0 0.769271576755
0.733333333333 0.209439510239 0.144555036637
0.733333333333 0.418879020479 0.563515293936
0.733333333333 0.628318530718 1.16134390103
0.733333333333 0.837758040957 1.54840288871
0.733333333333 1.0471975512 1.7607762974
0.733333333333 1.25663706144 1.51705165717
0.733333333333 1.46607657168 0.826496933178
0.733333333333 1.67551608191 0.687390817776
0.733333333333 1.88495559215 0.345859681252
0.733333333333 2.09439510239 0.225091785246
0.733333333333 2.30383461263 0.655142545604
0.733333333333 2.51327412287 1.54506431999
0.733333333333 2.72271363311 0.990025275371
0.733333333333 2.93215314335 0.383482499129
0.733333333333 3.14159265359 0.634355731579
0.733333333333 3.35103216383 0.364134060076
0.733333333333 3.56047167407 0.871119233922
0.733333333333 3.76991118431 1.2612107717
0.733333333333 3.97935069455 1.39023246626
0.733333333333 4.18879020479 1.29511582156
0.733333333333 4.39822971503 0.889537787451
0.733333333333 4.60766922527 0.460326284185
0.733333333333 4.8171087355 0.658202819176
0.733333333333 5.02654824574 1.45691106315
0.733333333333 5.23598775598 0.610842505305
0.733333333333 5.44542726622 0.166677711265
0.733333333333 5.65486677646 0.382758814159
0.733333333333 5.8643062867 1.27222796479
0.733333333333 6.07374579694 1.59024826742

0.8 0 1.42787894916
0.8 0.209439510239 0.536939799266
0.8 0.418879020479 0.276878890647
0.8 0.628318530718 0.63290725918
0.8 0.837758040957 0.971490637649
0.8 1.0471975512 0.928877988601
0.8 1.25663706144 0.538668318046
0.8 1.46607657168 0.549105574726
0.8 1.67551608191 0.808530053115
0.8 1.88495559215 0.166209456692
0.8 2.09439510239 0.425084020292
0.8 2.30383461263 0.838062914131
0.8 2.51327412287 1.27019217561
0.8 2.72271363311 1.13685835556
0.8 2.93215314335 0.369309770591
0.8 3.14159265359 0.729985202349
0.8 3.35103216383 0.642113250842
0.8 3.56047167407 0.670888111324
0.8 3.76991118431 0.96485883479
0.8 3.97935069455 1.07453661682
0.8 4.18879020479 0.902238867799
0.8 4.39822971503 0.583720954997
0.8 4.60766922527 0.457568373696
0.8 4.8171087355 0.965789411094
0.8 5.02654824574 1.41419956224
0.8 5.23598775598 0.557031386657
0.8 5.44542726622 0.120468344272
0.8 5.65486677646 0.217288526486
0.8 5.8643062867 0.970028039265
0.8 6.07374579694 1.71640379955

0.866666666667 0 1.83609213262
0.866666666667 0.209439510239 1.55783529207
0.866666666667 0.418879020479 0.936195446528
0.866666666667 0.628318530718 0.563446981077
0.866666666667 0.837758040957 0.460959107004
0.866666666667 1.0471975512 0.4884817365
0.866666666667 1.25663706144 0.70636147256
0.866666666667 1.46607657168 0.940801595267
0.866666666667 1.67551608191 0.486028141901
0.866666666667 1.88495559215 0.0835672882328
0.866666666667 2.09439510239 0.813791990067
0.866666666667 2.30383461263 1.11814207375
0.866666666667 2.51327412287 1.05097175794
0.866666666667 2.72271363311 1.05054932213
0.866666666667 2.93215314335 0.585696655391
0.866666666667 3.14159265359 0.485227779048
0.866666666667 3.35103216383 0.645053265534
0.866666666667 3.56047167407 0.640540608421
0.866666666667 3.76991118431 0.624177910168
0.866666666667 3.97935069455 0.600063736355
0.866666666667 4.18879020479 0.524199685008
0.866666666667 4.39822971503 0.504910442058
0.866666666667 4.60766922527 0.764549755072
0.866666666667 4.8171087355 1.25725795156
0.866666666667 5.02654824574 1.20800978595
0.866666666667 5.23598775598 0.499912474199
0.866666666667 5.44542726622 0.113652295226
0.866666666667 5.65486677646 0.073179712733
0.866666666667 5.8643062867 0.502206425451
0.866666666667 6.07374579694 1.32135361544

0.933333333333 0 0.848175365025
0.933333333333 0.209439510239 1.31687986349
0.933333333333 0.418879020479 1.54648452438
0.933333333333 0.628318530718 1.53427343785
0.933333333333 0.837758040957 1.39594605965
0.933333333333 1.0471975512 1.17564094416
0.933333333333 1.25663706144 0.814093612356
0.933333333333 1.46607657168 0.336207612082
0.933333333333 1.67551608191 0.123422009147
0.933333333333 1.88495559215 0.551995182454
0.933333333333 2.09439510239 1.15395643078
0.933333333333 2.30383461263 1.23117779234
0.933333333333 2.51327412287 0.990135685229
0.933333333333 2.72271363311 0.890286628909
0.933333333333 2.93215314335 0.859642336094
0.933333333333 3.14159265359 0.753290831016
0.933333333333 3.35103216383 0.660198876377
0.933333333333 3.56047167407 0.627899849834
0.933333333333 3.76991118431 0.631466287355
0.933333333333 3.97935069455 0.67173736398
0.933333333333 4.18879020479 0.777083519683
0.933333333333 4.39822971503 0.964254365675
0.933333333333 4.60766922527 1.15963094768
0.933333333333 4.8171087355 1.16065058549
0.933333333333 5.02654824574 0.853473035732
0.933333333333 5.23598775598 0.452657873342
0.933333333333 5.44542726622 0.189333875865
0.933333333333 5.65486677646 0.0607061423943
0.933333333333 5.8643062867 0.0920687455379
0.933333333333 6.07374579694 0.364865578312

