-1 0 0.584632246275
-1 0.209439510239 0.584632246274
-1 0.418879020479 0.584632246274
-1 0.628318530718 0.584632246274
-1 0.837758040957 0.584632246274
-1 1.0471975512 0.584632246274
-1 1.25663706144 0.584632246275
-1 1.46607657168 0.584632246275
-1 1.67551608191 0.584632246275
-1 1.88495559215 0.584632246274
-1 2.09439510239 0.584632246274
-1 2.30383461263 0.584632246274
-1 2.51327412287 0.584632246274
-1 2.72271363311 0.584632246275
-1 2.93215314335 0.584632246275
-1 3.14159265359 0.584632246275
-1 3.35103216383 0.584632246274
-1 3.56047167407 0.584632246274
-1 3.76991118431 0.584632246274
-1 3.97935069455 0.584632246274
-1 4.18879020479 0.584632246274
-1 4.39822971503 0.584632246275
-1 4.60766922527 0.584632246275
-1 4.8171087355 0.584632246275
-1 5.02654824574 0.584632246274
-1 5.23598775598 0.584632246274
-1 5.44542726622 0.584632246274
-1 5.65486677646 0.584632246274
-1 5.8643062867 0.584632246275
-1 6.07374579694 0.584632246275

-0.933333333333 0 0.213781762978
-0.933333333333 0.209439510239 0.465217510925
-0.933333333333 0.418879020479 0.577177145272
-0.933333333333 0.628318530718 0.570821095396
-0.933333333333 0.837758040957 0.518707959917
-0.933333333333 1.0471975512 0.43567931096
-0.933333333333 1.25663706144 0.30603812874
-0.933333333333 1.46607657168 0.147963898549
-0.933333333333 1.67551608191 0.0597107888714
-0.933333333333 1.88495559215 0.148798293148
-0.933333333333 2.09439510239 0.339995559168
-0.933333333333 2.30383461263 0.35943426564
-0.933333333333 2.51327412287 0.147613356254
-0.933333333333 2.72271363311 0.122999688997
-0.933333333333 2.93215314335 0.500467730196
-0.933333333333 3.14159265359 0.910135520171
-0.933333333333 3.35103216383 1.01848132968
-0.933333333333 3.56047167407 0.892892013188
-0.933333333333 3.76991118431 0.719404927257
-0.933333333333 3.97935069455 0.589595038301
-0.933333333333 4.18879020479 0.519750393585
-0.933333333333 4.39822971503 0.508480149003
-0.933333333333 4.60766922527 0.52178194727
-0.933333333333 4.8171087355 0.462347128109
-0.933333333333 5.02654824574 0.274054286548
-0.933333333333 5.23598775598 0.152515982967
-0.933333333333 5.44542726622 0.393943147781
-0.933333333333 5.65486677646 0.646666020594
-0.933333333333 5.8643062867 0.392193003319
-0.933333333333 6.07374579694 0.0972306098847

-0.866666666667 0 0.855505507743
-0.866666666667 0.209439510239 0.703345172583
-0.866666666667 0.418879020479 0.46303723442
-0.866666666667 0.628318530718 0.388259037079
-0.866666666667 0.837758040957 0.404687361939
-0.866666666667 1.0471975512 0.459082918787
-0.866666666667 1.25663706144 0.496140209881
-0.866666666667 1.46607657168 0.396457162158
-0.866666666667 1.67551608191 0.160416546435
-0.866666666667 1.88495559215 0.0572001281385
-0.866666666667 2.09439510239 0.215535749713
-0.866666666667 2.30383461263 0.251815052095
-0.866666666667 2.51327412287 0.0490305865457
-0.866666666667 2.72271363311 0.473286687172
-0.866666666667 2.93215314335 1.16278180873
-0.866666666667 3.14159265359 1.08313589063
-0.866666666667 3.35103216383 0.621921407333
-0.866666666667 3.56047167407 0.366813922328
-0.866666666667 3.76991118431 0.342694862582
-0.866666666667 3.97935069455 0.394776017914
-0.866666666667 4.18879020479 0.400657220861
-0.866666666667 4.39822971503 0.307448069075
-0.866666666667 4.60766922527 0.280937035832
-0.866666666667 4.8171087355 0.446493955516
-0.866666666667 5.02654824574 0.524516112276
-0.866666666667 5.23598775598 0.269929950428
-0.866666666667 5.44542726622 0.231271968214
-0.866666666667 5.65486677646 0.462305228437
-0.866666666667 5.8643062867 0.152582481735
-0.866666666667 6.07374579694 0.40899321272

-0.8 0 0.667333444106
-0.8 0.209439510239 0.259463322001
-0.8 0.418879020479 0.257351217006
-0.8 0.628318530718 0.308887716143
-0.8 0.837758040957 0.322064919059
-0.8 1.0471975512 0.363536358546
-0.8 1.25663706144 0.465523447021
-0.8 1.46607657168 0.50992846272
-0.8 1.67551608191 0.269095112441
-0.8 1.88495559215 0.0551539163038
-0.8 2.09439510239 0.159497901054
-0.8 2.30383461263 0.188748071741
-0.8 2.51327412287 0.0803715679654
-0.8 2.72271363311 0.84063057086
-0.8 2.93215314335 1.20399196401
-0.8 3.14159265359 0.610977167824
-0.8 3.35103216383 0.231906232724
-0.8 3.56047167407 0.200190027442
-0.8 3.76991118431 0.246539528087
-0.8 3.97935069455 0.339334986906
-0.8 4.18879020479 0.511247998346
-0.8 4.39822971503 0.595954144771
-0.8 4.60766922527 0.37304445234
-0.8 4.8171087355 0.312705024699
-0.8 5.02654824574 0.529762959993
-0.8 5.23598775598 0.544697536063
-0.8 5.44542726622 0.179586962272
-0.8 5.65486677646 0.275589226706
-0.8 5.8643062867 0.195318634531
-0.8 6.07374579694 0.711151778914

-0.733333333333 0 0.287975555087
-0.733333333333 0.209439510239 0.164712577035
-0.733333333333 0.418879020479 0.307625062161
-0.733333333333 0.628318530718 0.285244512568
-0.733333333333 0.837758040957 0.245760288018
-0.733333333333 1.0471975512 0.265678638191
-0.733333333333 1.25663706144 0.37953666154
-0.733333333333 1.46607657168 0.546843335826
-0.733333333333 1.67551608191 0.378218033985
-0.733333333333 1.88495559215 0.0593242949303
-0.733333333333 2.09439510239 0.137551881099
-0.733333333333 2.30383461263 0.151944855055
-0.733333333333 2.51327412287 0.157869553335
-0.733333333333 2.72271363311 1.03863238228
-0.733333333333 2.93215314335 0.954991111541
-0.733333333333 3.14159265359 0.30262180662
-0.733333333333 3.35103216383 0.130331564722
-0.733333333333 3.56047167407 0.0921253518785
-0.733333333333 3.76991118431 0.06227824537
-0.733333333333 3.97935069455 0.0606131313871
-0.733333333333 4.18879020479 0.167869323547
-0.733333333333 4.39822971503 0.507257179895
-0.733333333333 4.60766922527 0.565992180035
-0.733333333333 4.8171087355 0.329051341567
-0.733333333333 5.02654824574 0.450112549116
-0.733333333333 5.23598775598 0.667838311835
-0.733333333333 5.44542726622 0.191947973591
-0.733333333333 5.65486677646 0.205886438382
-0.733333333333 5.8643062867 0.263398009396
-0.733333333333 6.07374579694 0.664365430452

-0.666666666667 0 0.102025217551
-0.666666666667 0.209439510239 0.188324702927
-0.666666666667 0.418879020479 0.258854399749
-0.666666666667 0.628318530718 0.229229260266
-0.666666666667 0.837758040957 0.190462294901
-0.666666666667 1.0471975512 0.177337454527
-0.666666666667 1.25663706144 0.273729742965
-0.666666666667 1.46607657168 0.506804389554
-0.666666666667 1.67551608191 0.481130337431
-0.666666666667 1.88495559215 0.0651949923698
-0.666666666667 2.09439510239 0.131529282778
-0.666666666667 2.30383461263 0.131489663492
-0.666666666667 2.51327412287 0.240423684611
-0.666666666667 2.72271363311 1.09141459732
-0.666666666667 2.93215314335 0.702481835502
-0.666666666667 3.14159265359 0.192349807276
-0.666666666667 3.35103216383 0.0892498202086
-0.666666666667 3.56047167407 0.0454573597135
-0.666666666667 3.76991118431 0.0852897041373
-0.666666666667 3.97935069455 0.0996752130901
-0.666666666667 4.18879020479 0.0206687939312
-0.666666666667 4.39822971503 0.193587857807
-0.666666666667 4.60766922527 0.571920531005
-0.666666666667 4.8171087355 0.387565707679
-0.666666666667 5.02654824574 0.434363001969
-0.666666666667 5.23598775598 0.653111167779
-0.666666666667 5.44542726622 0.222942556447
-0.666666666667 5.65486677646 0.215768346257
-0.666666666667 5.8643062867 0.267552092252
-0.666666666667 6.07374579694 0.546397953282

-0.6 0 0.0515931198564
-0.6 0.209439510239 0.169930398042
-0.6 0.418879020479 0.207947689529
-0.6 0.628318530718 0.2960209519
-0.6 0.837758040957 0.254692132472
-0.6 1.0471975512 0.154059061888
-0.6 1.25663706144 0.200148141812
-0.6 1.46607657168 0.429544295897
-0.6 1.67551608191 0.553268308185
-0.6 1.88495559215 0.0783142111753
-0.6 2.09439510239 0.132162578445
-0.6 2.30383461263 0.121355482085
-0.6 2.51327412287 0.311303051392
-0.6 2.72271363311 1.06354774553
-0.6 2.93215314335 0.529761094482
-0.6 3.14159265359 0.161629488606
-0.6 3.35103216383 0.0630622372725
-0.6 3.56047167407 0.0808888896145
-0.6 3.76991118431 0.222317104955
-0.6 3.97935069455 0.3007381029
-0.6 4.18879020479 0.18615501833
-0.6 4.39822971503 0.0436616181046
-0.6 4.60766922527 0.45168744508
-0.6 4.8171087355 0.409653848803
-0.6 5.02654824574 0.465959854041
-0.6 5.23598775598 0.593311083318
-0.6 5.44542726622 0.25641402955
-0.6 5.65486677646 0.249739333661
-0.6 5.8643062867 0.248160204591
-0.6 6.07374579694 0.486823222002

-0.533333333333 0 0.0627580924447
-0.533333333333 0.209439510239 0.155627299462
-0.533333333333 0.418879020479 0.244243158081
-0.533333333333 0.628318530718 0.454464153395
-0.533333333333 0.837758040957 0.390576048599
-0.533333333333 1.0471975512 0.18057765678
-0.533333333333 1.25663706144 0.161626958761
-0.533333333333 1.46607657168 0.357119895097
-0.533333333333 1.67551608191 0.587871934449
-0.533333333333 1.88495559215 0.0992089135008
-0.533333333333 2.09439510239 0.135026026671
-0.533333333333 2.30383461263 0.117727758924
-0.533333333333 2.51327412287 0.366158412854
-0.533333333333 2.72271363311 1.00433872942
-0.533333333333 2.93215314335 0.427682450647
-0.533333333333 3.14159265359 0.151002958958
-0.533333333333 3.35103216383 0.0504873260627
-0.533333333333 3.56047167407 0.144502846862
-0.533333333333 3.76991118431 0.316210489326
-0.533333333333 3.97935069455 0.401758303193
-0.533333333333 4.18879020479 0.375567858419
-0.533333333333 4.39822971503 0.103343831575
-0.533333333333 4.60766922527 0.327887564356
-0.533333333333 4.8171087355 0.400253226283
-0.533333333333 5.02654824574 0.495498491888
-0.533333333333 5.23598775598 0.540092007027
-0.533333333333 5.44542726622 0.289308746509
-0.533333333333 5.65486677646 0.281275142546
-0.533333333333 5.8643062867 0.238555317026
-0.533333333333 6.07374579694 0.484697187898

-0.466666666667 0 0.104868459792
-0.466666666667 0.209439510239 0.179152884248
-0.466666666667 0.418879020479 0.333943730414
-0.466666666667 0.628318530718 0.61760343091
-0.466666666667 0.837758040957 0.535071656571
-0.466666666667 1.0471975512 0.232361754851
-0.466666666667 1.25663706144 0.140177761167
-0.466666666667 1.46607657168 0.30571463431
-0.466666666667 1.67551608191 0.593977641917
-0.466666666667 1.88495559215 0.1245120389
-0.466666666667 2.09439510239 0.138167307134
-0.466666666667 2.30383461263 0.118160667089
-0.466666666667 2.51327412287 0.40613428512
-0.466666666667 2.72271363311 0.940969073556
-0.466666666667 2.93215314335 0.368963208906
-0.466666666667 3.14159265359 0.144020346001
-0.466666666667 3.35103216383 0.0492881369781
-0.466666666667 3.56047167407 0.207929727378
-0.466666666667 3.76991118431 0.343270826781
-0.466666666667 3.97935069455 0.373823078497
-0.466666666667 4.18879020479 0.439998822175
-0.466666666667 4.39822971503 0.23781477413
-0.466666666667 4.60766922527 0.25998419204
-0.466666666667 4.8171087355 0.383847873865
-0.466666666667 5.02654824574 0.500361257372
-0.466666666667 5.23598775598 0.508471920024
-0.466666666667 5.44542726622 0.321351201582
-0.466666666667 5.65486677646 0.30308680338
-0.466666666667 5.8643062867 0.247080483624
-0.466666666667 6.07374579694 0.514592051801

-0.4 0 0.158549933105
-0.4 0.209439510239 0.227350015217
-0.4 0.418879020479 0.426564121678
-0.4 0.628318530718 0.747234948514
-0.4 0.837758040957 0.663873950706
-0.4 1.0471975512 0.298884855033
-0.4 1.25663706144 0.127245877211
-0.4 1.46607657168 0.272580548894
-0.4 1.67551608191 0.58454744449
-0.4 1.88495559215 0.150170090249
-0.4 2.09439510239 0.140797769614
-0.4 2.30383461263 0.121087501259
-0.4 2.51327412287 0.434276325293
-0.4 2.72271363311 0.88503484352
-0.4 2.93215314335 0.333376190884
-0.4 3.14159265359 0.137546106505
-0.4 3.35103216383 0.0584131027501
-0.4 3.56047167407 0.264643306558
-0.4 3.76991118431 0.331941217646
-0.4 3.97935069455 0.289108072817
-0.4 4.18879020479 0.398454553569
-0.4 4.39822971503 0.346080687258
-0.4 4.60766922527 0.245473659397
-0.4 4.8171087355 0.37425670742
-0.4 5.02654824574 0.481179895634
-0.4 5.23598775598 0.497353830453
-0.4 5.44542726622 0.352232911461
-0.4 5.65486677646 0.315386895134
-0.4 5.8643062867 0.270418933865
-0.4 6.07374579694 0.556723589768

-0.333333333333 0 0.209358884081
-0.333333333333 0.209439510239 0.276814336455
-0.333333333333 0.418879020479 0.497999733586
-0.333333333333 0.628318530718 0.841818833688
-0.333333333333 0.837758040957 0.773644854658
-0.333333333333 1.0471975512 0.372813036627
-0.333333333333 1.25663706144 0.12268993639
-0.333333333333 1.46607657168 0.250311353809
-0.333333333333 1.67551608191 0.569624519222
-0.333333333333 1.88495559215 0.173217656097
-0.333333333333 2.09439510239 0.142619814243
-0.333333333333 2.30383461263 0.125513823362
-0.333333333333 2.51327412287 0.453843995176
-0.333333333333 2.72271363311 0.839691983263
-0.333333333333 2.93215314335 0.310012121393
-0.333333333333 3.14159265359 0.131025747819
-0.333333333333 3.35103216383 0.076587212849
-0.333333333333 3.56047167407 0.310063056072
-0.333333333333 3.76991118431 0.305302558235
-0.333333333333 3.97935069455 0.205790757458
-0.333333333333 4.18879020479 0.31684672198
-0.333333333333 4.39822971503 0.401043037333
-0.333333333333 4.60766922527 0.259589320934
-0.333333333333 4.8171087355 0.373868635576
-0.333333333333 5.02654824574 0.447343254441
-0.333333333333 5.23598775598 0.501007138619
-0.333333333333 5.44542726622 0.381323869882
-0.333333333333 5.65486677646 0.320338928392
-0.333333333333 5.8643062867 0.302498280224
-0.333333333333 6.07374579694 0.599289321953

-0.266666666667 0 0.249495199932
-0.266666666667 0.209439510239 0.314199653179
-0.266666666667 0.418879020479 0.542631905135
-0.266666666667 0.628318530718 0.907855658781
-0.266666666667 0.837758040957 0.864229020387
-0.266666666667 1.0471975512 0.44412953711
-0.266666666667 1.25663706144 0.126620194575
-0.266666666667 1.46607657168 0.233825401548
-0.266666666667 1.67551608191 0.554873510267
-0.266666666667 1.88495559215 0.192127198818
-0.266666666667 2.09439510239 0.143509291291
-0.266666666667 2.30383461263 0.130816853608
-0.266666666667 2.51327412287 0.467640807192
-0.266666666667 2.72271363311 0.804428189554
-0.266666666667 2.93215314335 0.293720693487
-0.266666666667 3.14159265359 0.124421742712
-0.266666666667 3.35103216383 0.100267973154
-0.266666666667 3.56047167407 0.3400142331
-0.266666666667 3.76991118431 0.273818155306
-0.266666666667 3.97935069455 0.144726969058
-0.266666666667 4.18879020479 0.241606809622
-0.266666666667 4.39822971503 0.415704344711
-0.266666666667 4.60766922527 0.281688714414
-0.266666666667 4.8171087355 0.379758303267
-0.266666666667 5.02654824574 0.408368122547
-0.266666666667 5.23598775598 0.513615189097
-0.266666666667 5.44542726622 0.407871816255
-0.266666666667 5.65486677646 0.320076341375
-0.266666666667 5.8643062867 0.337936655401
-0.266666666667 6.07374579694 0.636256466495

-0.2 0 0.276980384416
-0.2 0.209439510239 0.336660546745
-0.2 0.418879020479 0.562065875293
-0.2 0.628318530718 0.947560506552
-0.2 0.837758040957 0.932821745521
-0.2 1.0471975512 0.502304778497
-0.2 1.25663706144 0.136455204012
-0.2 1.46607657168 0.221031467845
-0.2 1.67551608191 0.542656571443
-0.2 1.88495559215 0.206465203224
-0.2 2.09439510239 0.1433812758
-0.2 2.30383461263 0.136610482675
-0.2 2.51327412287 0.477844051137
-0.2 2.72271363311 0.777626138703
-0.2 2.93215314335 0.281980108022
-0.2 3.14159265359 0.117989536223
-0.2 3.35103216383 0.124498141769
-0.2 3.56047167407 0.353855071719
-0.2 3.76991118431 0.242037436179
-0.2 3.97935069455 0.105169067411
-0.2 4.18879020479 0.190114640417
-0.2 4.39822971503 0.411291758978
-0.2 4.60766922527 0.301403607017
-0.2 4.8171087355 0.388149920039
-0.2 5.02654824574 0.370993740706
-0.2 5.23598775598 0.530603506721
-0.2 5.44542726622 0.431184170841
-0.2 5.65486677646 0.316180829127
-0.2 5.8643062867 0.373004217779
-0.2 6.07374579694 0.665102118589

-0.133333333333 0 0.293361852984
-0.133333333333 0.209439510239 0.346718815821
-0.133333333333 0.418879020479 0.560044580341
-0.133333333333 0.628318530718 0.959095698051
-0.133333333333 0.837758040957 0.973970946552
-0.133333333333 1.0471975512 0.539026323212
-0.133333333333 1.25663706144 0.148222026855
-0.133333333333 1.46607657168 0.211417483824
-0.133333333333 1.67551608191 0.533572622952
-0.133333333333 1.88495559215 0.216399293419
-0.133333333333 2.09439510239 0.142144184053
-0.133333333333 2.30383461263 0.142652582143
-0.133333333333 2.51327412287 0.486051848045
-0.133333333333 2.72271363311 0.75770526255
-0.133333333333 2.93215314335 0.273231839565
-0.133333333333 3.14159265359 0.112141564125
-0.133333333333 3.35103216383 0.144766927177
-0.133333333333 3.56047167407 0.354482950448
-0.133333333333 3.76991118431 0.212912117019
-0.133333333333 3.97935069455 0.0808451674057
-0.133333333333 4.18879020479 0.162939329635
-0.133333333333 4.39822971503 0.403120104738
-0.133333333333 4.60766922527 0.315805131143
-0.133333333333 4.8171087355 0.396260420531
-0.133333333333 5.02654824574 0.339117353114
-0.133333333333 5.23598775598 0.548728016239
-0.133333333333 5.44542726622 0.450726984412
-0.133333333333 5.65486677646 0.309673551013
-0.133333333333 5.8643062867 0.405668967412
-0.133333333333 6.07374579694 0.685100812619

-0.0666666666667 0 0.301669680037
-0.0666666666667 0.209439510239 0.348247744138
-0.0666666666667 0.418879020479 0.54061529736
-0.0666666666667 0.628318530718 0.939756633739
-0.0666666666667 0.837758040957 0.980708030249
-0.0666666666667 1.0471975512 0.548699519622
-0.0666666666667 1.25663706144 0.15866744178
-0.0666666666667 1.46607657168 0.204802142715
-0.0666666666667 1.67551608191 0.527599151616
-0.0666666666667 1.88495559215 0.22229998196
-0.0666666666667 2.09439510239 0.139693343299
-0.0666666666667 2.30383461263 0.148779527105
-0.0666666666667 2.51327412287 0.493402604378
-0.0666666666667 2.72271363311 0.743506599762
-0.0666666666667 2.93215314335 0.266226114714
-0.0666666666667 3.14159265359 0.107318222679
-0.0666666666667 3.35103216383 0.158063287787
-0.0666666666667 3.56047167407 0.34612394035
-0.0666666666667 3.76991118431 0.188651083235
-0.0666666666667 3.97935069455 0.0670411176709
-0.0666666666667 4.18879020479 0.155573245791
-0.0666666666667 4.39822971503 0.398684402171
-0.0666666666667 4.60766922527 0.325479032491
-0.0666666666667 4.8171087355 0.402539642134
-0.0666666666667 5.02654824574 0.314657403955
-0.0666666666667 5.23598775598 0.565770977657
-0.0666666666667 5.44542726622 0.466165294838
-0.0666666666667 5.65486677646 0.301154884477
-0.0666666666667 5.8643062867 0.435334679945
-0.0666666666667 6.07374579694 0.696157350669

6.12323399574e-17 0 0.305151561059
6.12323399574e-17 0.209439510239 0.344464210691
6.12323399574e-17 0.418879020479 0.507389422235
6.12323399574e-17 0.628318530718 0.887564011942
6.12323399574e-17 0.837758040957 0.945602558446
6.12323399574e-17 1.0471975512 0.527892870342
6.12323399574e-17 1.25663706144 0.166588509958
6.12323399574e-17 1.46607657168 0.200699458787
6.12323399574e-17 1.67551608191 0.524712500816
6.12323399574e-17 1.88495559215 0.224491547117
6.12323399574e-17 2.09439510239 0.135920579248
6.12323399574e-17 2.30383461263 0.154858040168
6.12323399574e-17 2.51327412287 0.500698881348
6.12323399574e-17 2.72271363311 0.734341618257
6.12323399574e-17 2.93215314335 0.259841159752
6.12323399574e-17 3.14159265359 0.103949257383
6.12323399574e-17 3.35103216383 0.162911423492
6.12323399574e-17 3.56047167407 0.332129635046
6.12323399574e-17 3.76991118431 0.170424693808
6.12323399574e-17 3.97935069455 0.0619315140327
6.12323399574e-17 4.18879020479 0.16409049754
6.12323399574e-17 4.39822971503 0.400150752958
6.12323399574e-17 4.60766922527 0.3319782539
6.12323399574e-17 4.8171087355 0.406298539146
6.12323399574e-17 5.02654824574 0.298485636064
6.12323399574e-17 5.23598775598 0.580171586562
6.12323399574e-17 5.44542726622 0.47737615789
6.12323399574e-17 5.65486677646 0.290964894455
6.12323399574e-17 5.8643062867 0.462491695103
6.12323399574e-17 6.07374579694 0.698087758515

0.0666666666667 0 0.306680203014
0.0666666666667 0.209439510239 0.337239748607
0.0666666666667 0.418879020479 0.463500348173
0.0666666666667 0.628318530718 0.801764059464
0.0666666666667 0.837758040957 0.862457377853
0.0666666666667 1.0471975512 0.475583823626
0.0666666666667 1.25663706144 0.173326676365
0.0666666666667 1.46607657168 0.198081096371
0.0666666666667 1.67551608191 0.525118655464
0.0666666666667 1.88495559215 0.223130073574
0.0666666666667 2.09439510239 0.130729904506
0.0666666666667 2.30383461263 0.160747011371
0.0666666666667 2.51327412287 0.508504686519
0.0666666666667 2.72271363311 0.729932970539
0.0666666666667 2.93215314335 0.253061132149
0.0666666666667 3.14159265359 0.102484111599
0.0666666666667 3.35103216383 0.158971368541
0.0666666666667 3.56047167407 0.313672786123
0.0666666666667 3.76991118431 0.158045382518
0.0666666666667 3.97935069455 0.0658856492336
0.0666666666667 4.18879020479 0.186442195332
0.0666666666667 4.39822971503 0.406897334108
0.0666666666667 4.60766922527 0.336636140427
0.0666666666667 4.8171087355 0.407275134465
0.0666666666667 5.02654824574 0.291143202177
0.0666666666667 5.23598775598 0.590700682323
0.0666666666667 5.44542726622 0.484454632018
0.0666666666667 5.65486677646 0.279326867771
0.0666666666667 5.8643062867 0.488350254544
0.0666666666667 6.07374579694 0.690269335105

0.133333333333 0 0.30852417934
0.133333333333 0.209439510239 0.327076571289
0.133333333333 0.418879020479 0.412247520677
0.133333333333 0.628318530718 0.684031841695
0.133333333333 0.837758040957 0.72962365323
0.133333333333 1.0471975512 0.395290527662
0.133333333333 1.25663706144 0.182631272574
0.133333333333 1.46607657168 0.195328808959
0.133333333333 1.67551608191 0.529214748003
0.133333333333 1.88495559215 0.218174285015
0.133333333333 2.09439510239 0.124054576089
0.133333333333 2.30383461263 0.16626435455
0.133333333333 2.51327412287 0.517200480485
0.133333333333 2.72271363311 0.730355893968
0.133333333333 2.93215314335 0.244985254933
0.133333333333 3.14159265359 0.103410695624
0.133333333333 3.35103216383 0.146818338846
0.133333333333 3.56047167407 0.289325807376
0.133333333333 3.76991118431 0.14962532153
0.133333333333 3.97935069455 0.0802423821042
0.133333333333 4.18879020479 0.221664581408
0.133333333333 4.39822971503 0.416849262351
0.133333333333 4.60766922527 0.340175453232
0.133333333333 4.8171087355 0.405352819153
0.133333333333 5.02654824574 0.293288062622
0.133333333333 5.23598775598 0.596210648712
0.133333333333 5.44542726622 0.487727109172
0.133333333333 5.65486677646 0.266469663136
0.133333333333 5.8643062867 0.514453866987
0.133333333333 6.07374579694 0.671644603966

0.2 0 0.312130966771
0.2 0.209439510239 0.313400337975
0.2 0.418879020479 0.358053237297
0.2 0.628318530718 0.541178985884
0.2 0.837758040957 0.555119899761
0.2 1.0471975512 0.298804047294
0.2 1.25663706144 0.199551275902
0.2 1.46607657168 0.190439594433
0.2 1.67551608191 0.537277213824
0.2 1.88495559215 0.209430842602
0.2 2.09439510239 0.115872757117
0.2 2.30383461263 0.1711542262
0.2 2.51327412287 0.526982945617
0.2 2.72271363311 0.736022154952
0.2 2.93215314335 0.234854791176
0.2 3.14159265359 0.107159268351
0.2 3.35103216383 0.128302704034
0.2 3.56047167407 0.255552344729
0.2 3.76991118431 0.141092182099
0.2 3.97935069455 0.10566684786
0.2 4.18879020479 0.268137898276
0.2 4.39822971503 0.426717123807
0.2 4.60766922527 0.342723946556
0.2 4.8171087355 0.400476543633
0.2 5.02654824574 0.305872360089
0.2 5.23598775598 0.595468460962
0.2 5.44542726622 0.487778467675
0.2 5.65486677646 0.252736305726
0.2 5.8643062867 0.542227179751
0.2 6.07374579694 0.641142219526

0.266666666667 0 0.317582789919
0.266666666667 0.209439510239 0.295093834622
0.266666666667 0.418879020479 0.30686824061
0.266666666667 0.628318530718 0.388522405686
0.266666666667 0.837758040957 0.362003943813
0.266666666667 1.0471975512 0.209022168808
0.266666666667 1.25663706144 0.227321736451
0.266666666667 1.46607657168 0.181903949393
0.266666666667 1.67551608191 0.548733441146
0.266666666667 1.88495559215 0.196678037329
0.266666666667 2.09439510239 0.106218537767
0.266666666667 2.30383461263 0.175052548688
0.266666666667 2.51327412287 0.53778636295
0.266666666667 2.72271363311 0.747708080575
0.266666666667 2.93215314335 0.222163412737
0.266666666667 3.14159265359 0.113753902352
0.266666666667 3.35103216383 0.107612978231
0.266666666667 3.56047167407 0.208860134454
0.266666666667 3.76991118431 0.126171009963
0.266666666667 3.97935069455 0.140024935774
0.266666666667 4.18879020479 0.321353755417
0.266666666667 4.39822971503 0.431615583004
0.266666666667 4.60766922527 0.344182118905
0.266666666667 4.8171087355 0.392745717198
0.266666666667 5.02654824574 0.330020836006
0.266666666667 5.23598775598 0.587085000533
0.266666666667 5.44542726622 0.485495975614
0.266666666667 5.65486677646 0.23868968584
0.266666666667 5.8643062867 0.57239257593
0.266666666667 6.07374579694 0.598642151595

0.333333333333 0 0.322489337449
0.333333333333 0.209439510239 0.271376399673
0.333333333333 0.418879020479 0.264803887599
0.333333333333 0.628318530718 0.251162776699
0.333333333333 0.837758040957 0.189786758497
0.333333333333 1.0471975512 0.156546181718
0.333333333333 1.25663706144 0.261443362532
0.333333333333 1.46607657168 0.170882061365
0.333333333333 1.67551608191 0.560796145088
0.333333333333 1.88495559215 0.179886116953
0.333333333333 2.09439510239 0.0951857704027
0.333333333333 2.30383461263 0.177450063818
0.333333333333 2.51327412287 0.549085754767
0.333333333333 2.72271363311 0.766576561288
0.333333333333 2.93215314335 0.207020334387
0.333333333333 3.14159265359 0.122048000818
0.333333333333 3.35103216383 0.0925244363662
0.333333333333 3.56047167407 0.151101573698
0.333333333333 3.76991118431 0.0988154220372
0.333333333333 3.97935069455 0.176623523513
0.333333333333 4.18879020479 0.371837160835
0.333333333333 4.39822971503 0.424744004586
0.333333333333 4.60766922527 0.345173000176
0.333333333333 4.8171087355 0.382606431985
0.333333333333 5.02654824574 0.366527742527
0.333333333333 5.23598775598 0.56957306176
0.333333333333 5.44542726622 0.482128598972
0.333333333333 5.65486677646 0.225225430631
0.333333333333 5.8643062867 0.604195973177
0.333333333333 6.07374579694 0.546604967432

0.4 0 0.320509950291
0.4 0.209439510239 0.243038281844
0.4 0.418879020479 0.234182901507
0.4 0.628318530718 0.158404456996
0.4 0.837758040957 0.0849797829932
0.4 1.0471975512 0.16383942977
0.4 1.25663706144 0.283412754717
0.4 1.46607657168 0.16470605069
0.4 1.67551608191 0.566449580657
0.4 1.88495559215 0.159542579662
0.4 2.09439510239 0.0829248951716
0.4 2.30383461263 0.177658689355
0.4 2.51327412287 0.559519872542
0.4 2.72271363311 0.794026149434
0.4 2.93215314335 0.191127114937
0.4 3.14159265359 0.128517381365
0.4 3.35103216383 0.0937702368916
0.4 3.56047167407 0.0981937670455
0.4 3.76991118431 0.0609735977512
0.4 3.97935069455 0.205343521895
0.4 4.18879020479 0.404721392939
0.4 4.39822971503 0.398384626156
0.4 4.60766922527 0.348847973668
0.4 4.8171087355 0.370980337801
0.4 5.02654824574 0.414859060805
0.4 5.23598775598 0.541595985249
0.4 5.44542726622 0.479354382933
0.4 5.65486677646 0.213700850187
0.4 5.8643062867 0.6344350409
0.4 6.07374579694 0.492305440085

0.466666666667 0 0.300889421161
0.466666666667 0.209439510239 0.213252264815
0.466666666667 0.418879020479 0.208849085302
0.466666666667 0.628318530718 0.126574803752
0.466666666667 0.837758040957 0.0743889798198
0.466666666667 1.0471975512 0.218007807622
0.466666666667 1.25663706144 0.264238051713
0.466666666667 1.46607657168 0.179198802558
0.466666666667 1.67551608191 0.552710466186
0.466666666667 1.88495559215 0.137023530569
0.466666666667 2.09439510239 0.06964775617
0.466666666667 2.30383461263 0.174801279788
0.466666666667 2.51327412287 0.566259688828
0.466666666667 2.72271363311 0.83092709583
0.466666666667 2.93215314335 0.180018024856
0.466666666667 3.14159265359 0.126406371148
0.466666666667 3.35103216383 0.118264377515
0.466666666667 3.56047167407 0.0851380900644
0.466666666667 3.76991118431 0.0348524017943
0.466666666667 3.97935069455 0.219514939685
0.466666666667 4.18879020479 0.403124344207
0.466666666667 4.39822971503 0.348588060157
0.466666666667 4.60766922527 0.36314796093
0.466666666667 4.8171087355 0.359064555409
0.466666666667 5.02654824574 0.471622771163
0.466666666667 5.23598775598 0.502504994371
0.466666666667 5.44542726622 0.479337822112
0.466666666667 5.65486677646 0.206084868239
0.466666666667 5.8643062867 0.656416437903
0.466666666667 6.07374579694 0.450032900708

0.533333333333 0 0.252602131884
0.533333333333 0.209439510239 0.185546037444
0.533333333333 0.418879020479 0.175608091251
0.533333333333 0.628318530718 0.13531982296
0.533333333333 0.837758040957 0.127927881477
0.533333333333 1.0471975512 0.255320423403
0.533333333333 1.25663706144 0.191983184114
0.533333333333 1.46607657168 0.232555423746
0.533333333333 1.67551608191 0.502087432605
0.533333333333 1.88495559215 0.114789731836
0.533333333333 2.09439510239 0.0556936421539
0.533333333333 2.30383461263 0.167879012061
0.533333333333 2.51327412287 0.564108142617
0.533333333333 2.72271363311 0.875269723149
0.533333333333 2.93215314335 0.187291825904
0.533333333333 3.14159265359 0.108572077235
0.533333333333 3.35103216383 0.153074759933
0.533333333333 3.56047167407 0.14632454549
0.533333333333 3.76991118431 0.0639025036137
0.533333333333 3.97935069455 0.224783132354
0.533333333333 4.18879020479 0.356721226028
0.533333333333 4.39822971503 0.286528762391
0.533333333333 4.60766922527 0.400808899869
0.533333333333 4.8171087355 0.347578115557
0.533333333333 5.02654824574 0.528783727456
0.533333333333 5.23598775598 0.453286645958
0.533333333333 5.44542726622 0.484741489528
0.533333333333 5.65486677646 0.20512918226
0.533333333333 5.8643062867 0.659232568198
0.533333333333 6.07374579694 0.441286685448

0.6 0 0.178533004671
0.6 0.209439510239 0.156213268715
0.6 0.418879020479 0.128272662033
0.6 0.628318530718 0.128507928406
0.6 0.837758040957 0.154845532745
0.6 1.0471975512 0.204897598552
0.6 1.25663706144 0.113688479151
0.6 1.46607657168 0.321579767235
0.6 1.67551608191 0.4017903203
0.6 1.88495559215 0.0959110248982
0.6 2.09439510239 0.0418000650415
0.6 2.30383461263 0.156052496094
0.6 2.51327412287 0.544621798992
0.6 2.72271363311 0.916606471013
0.6 2.93215314335 0.239783779647
0.6 3.14159265359 0.0818474480022
0.6 3.35103216383 0.152962013988
0.6 3.56047167407 0.255008864162
0.6 3.76991118431 0.170023914307
0.6 3.97935069455 0.233143372415
0.6 4.18879020479 0.276746451299
0.6 4.39822971503 0.254507149736
0.6 4.60766922527 0.470137598427
0.6 4.8171087355 0.335712036498
0.6 5.02654824574 0.572598265937
0.6 5.23598775598 0.3980190516
0.6 5.44542726622 0.498623439252
0.6 5.65486677646 0.214550743216
0.6 5.8643062867 0.62822909553
0.6 6.07374579694 0.488598031336

0.666666666667 0 0.120965990715
0.666666666667 0.209439510239 0.10779548026
0.666666666667 0.418879020479 0.0815101400056
0.666666666667 0.628318530718 0.0755739490743
0.666666666667 0.837758040957 0.0955175389427
0.666666666667 1.0471975512 0.0971791441632
0.666666666667 1.25663706144 0.125296109274
0.666666666667 1.46607657168 0.389315121838
0.666666666667 1.67551608191 0.261301323985
0.666666666667 1.88495559215 0.0822333528611
0.666666666667 2.09439510239 0.0299054612999
0.666666666667 2.30383461263 0.139449922172
0.666666666667 2.51327412287 0.496502770724
0.666666666667 2.72271363311 0.92654213429
0.666666666667 2.93215314335 0.373995872952
0.666666666667 3.14159265359 0.0986212053097
0.666666666667 3.35103216383 0.0818323736393
0.666666666667 3.56047167407 0.282736233388
0.666666666667 3.76991118431 0.276682487578
0.666666666667 3.97935069455 0.239825795498
0.666666666667 4.18879020479 0.220533136339
0.666666666667 4.39822971503 0.322575857759
0.666666666667 4.60766922527 0.549155317388
0.666666666667 4.8171087355 0.321292712314
0.666666666667 5.02654824574 0.585268324056
0.666666666667 5.23598775598 0.345756364224
0.666666666667 5.44542726622 0.524090829498
0.666666666667 5.65486677646 0.23919551869
0.666666666667 5.8643062867 0.548357251583
0.666666666667 6.07374579694 0.596288570287

0.733333333333 0 0.176850728273
0.733333333333 0.209439510239 0.0390465727896
0.733333333333 0.418879020479 0.0506281305339
0.733333333333 0.628318530718 0.0354675498061
0.733333333333 0.837758040957 0.0417847609003
0.733333333333 1.0471975512 0.0874428118726
0.733333333333 1.25663706144 0.241351560797
0.733333333333 1.46607657168 0.344657925284
0.733333333333 1.67551608191 0.124900669556
0.733333333333 1.88495559215 0.0713427609943
0.733333333333 2.09439510239 0.0250755073661
0.733333333333 2.30383461263 0.12115756748
0.733333333333 2.51327412287 0.410453052644
0.733333333333 2.72271363311 0.852954123151
0.733333333333 2.93215314335 0.594646291188
0.733333333333 3.14159265359 0.272018318471
0.733333333333 3.35103216383 0.0454910271981
0.733333333333 3.56047167407 0.155345557126
0.733333333333 3.76991118431 0.255902500898
0.733333333333 3.97935069455 0.248252029193
0.733333333333 4.18879020479 0.295843868504
0.733333333333 4.39822971503 0.506998558067
0.733333333333 4.60766922527 0.55998024946
0.733333333333 4.8171087355 0.305801157598
0.733333333333 5.02654824574 0.552061374682
0.733333333333 5.23598775598 0.312218146825
0.733333333333 5.44542726622 0.563460527378
0.733333333333 5.65486677646 0.285094362189
0.733333333333 5.8643062867 0.413437224592
0.733333333333 6.07374579694 0.715681969414

0.8 0 0.42081291037
0.8 0.209439510239 0.0690536719036
0.8 0.418879020479 0.0351407140574
0.8 0.628318530718 0.0647297040677
0.8 0.837758040957 0.110737250047
0.8 1.0471975512 0.202351840123
0.8 1.25663706144 0.28938910563
0.8 1.46607657168 0.187521894293
0.8 1.67551608191 0.0488160288174
0.8 1.88495559215 0.0567356353068
0.8 2.09439510239 0.0390896091074
0.8 2.30383461263 0.111320810477
0.8 2.51327412287 0.292204993214
0.8 2.72271363311 0.648961782816
0.8 2.93215314335 0.780355360771
0.8 3.14159265359 0.650147548588
0.8 3.35103216383 0.312955964322
0.8 3.56047167407 0.160201018179
0.8 3.76991118431 0.235705337731
0.8 3.97935069455 0.353066011377
0.8 4.18879020479 0.511480509357
0.8 4.39822971503 0.6184207056
0.8 4.60766922527 0.424990785769
0.8 4.8171087355 0.307111123022
0.8 5.02654824574 0.47577332889
0.8 5.23598775598 0.319362049387
0.8 5.44542726622 0.616402050231
0.8 5.65486677646 0.3591136709
0.8 5.8643062867 0.245954239259
0.8 6.07374579694 0.717595490809

0.866666666667 0 0.626841125548
0.866666666667 0.209439510239 0.386243552329
0.866666666667 0.418879020479 0.192560708929
0.866666666667 0.628318530718 0.158365775817
0.866666666667 0.837758040957 0.194628332183
0.866666666667 1.0471975512 0.228122617668
0.866666666667 1.25663706144 0.187431157721
0.866666666667 1.46607657168 0.0762526545719
0.866666666667 1.67551608191 0.0264168579264
0.866666666667 1.88495559215 0.0458598101981
0.866666666667 2.09439510239 0.0945547291922
0.866666666667 2.30383461263 0.132381679901
0.866666666667 2.51327412287 0.17757589649
0.866666666667 2.72271363311 0.360000259922
0.866666666667 2.93215314335 0.69538089107
0.866666666667 3.14159265359 0.925441664683
0.866666666667 3.35103216383 0.825328282582
0.866666666667 3.56047167407 0.599028588303
0.866666666667 3.76991118431 0.508058301032
0.866666666667 3.97935069455 0.536151193073
0.866666666667 4.18879020479 0.547922570228
0.866666666667 4.39822971503 0.429311270137
0.866666666667 4.60766922527 0.282313290977
0.866666666667 4.8171087355 0.355872083221
0.866666666667 5.02654824574 0.395166587913
0.866666666667 5.23598775598 0.388273855975
0.866666666667 5.44542726622 0.675726324739
0.866666666667 5.65486677646 0.466961355865
0.866666666667 5.8643062867 0.130533963889
0.866666666667 6.07374579694 0.454546534999

0.933333333333 0 0.243160435385
0.933333333333 0.209439510239 0.383021124144
0.933333333333 0.418879020479 0.397571241866
0.933333333333 0.628318530718 0.344748397625
0.933333333333 0.837758040957 0.275407069573
0.933333333333 1.0471975512 0.192527573676
0.933333333333 1.25663706144 0.094717753834
0.933333333333 1.46607657168 0.0158937528948
0.933333333333 1.67551608191 0.0188966790327
0.933333333333 1.88495559215 0.121399289911
0.933333333333 2.09439510239 0.22579095201
0.933333333333 2.30383461263 0.219224650269
0.933333333333 2.51327412287 0.143116149911
0.933333333333 2.72271363311 0.143652081278
0.933333333333 2.93215314335 0.322605276052
0.933333333333 3.14159265359 0.606609875398
0.933333333333 3.35103216383 0.794833634479
0.933333333333 3.56047167407 0.807342971606
0.933333333333 3.76991118431 0.713152102614
0.933333333333 3.97935069455 0.591807414444
0.933333333333 4.18879020479 0.48253229307
0.933333333333 4.39822971503 0.41659922313
0.933333333333 4.60766922527 0.408204737104
0.933333333333 4.8171087355 0.401742055398
0.933333333333 5.02654824574 0.387309431049
0.933333333333 5.23598775598 0.515358977241
0.933333333333 5.44542726622 0.715543528575
0.933333333333 5.65486677646 0.602465757892
0.933333333333 5.8643062867 0.242393895858
0.933333333333 6.07374579694 0.100370411607

