-1 0 0.504069553853
-1 0.209439510239 0.504069553852
-1 0.418879020479 0.504069553851
-1 0.628318530718 0.504069553851
-1 0.837758040957 0.504069553852
-1 1.0471975512 0.504069553853
-1 1.25663706144 0.504069553853
-1 1.46607657168 0.504069553853
-1 1.67551608191 0.504069553852
-1 1.88495559215 0.504069553851
-1 2.09439510239 0.504069553851
-1 2.30383461263 0.504069553852
-1 2.51327412287 0.504069553853
-1 2.72271363311 0.504069553853
-1 2.93215314335 0.504069553853
-1 3.14159265359 0.504069553853
-1 3.35103216383 0.504069553852
-1 3.56047167407 0.504069553851
-1 3.76991118431 0.504069553851
-1 3.97935069455 0.504069553852
-1 4.18879020479 0.504069553853
-1 4.39822971503 0.504069553853
-1 4.60766922527 0.504069553853
-1 4.8171087355 0.504069553852
-1 5.02654824574 0.504069553851
-1 5.23598775598 0.504069553851
-1 5.44542726622 0.504069553852
-1 5.65486677646 0.504069553853
-1 5.8643062867 0.504069553853
-1 6.07374579694 0.504069553853

-0.933333333333 0 0.282893517467
-0.933333333333 0.209439510239 0.321336610735
-0.933333333333 0.418879020479 0.29725998119
-0.933333333333 0.628318530718 0.246149576729
-0.933333333333 0.837758040957 0.180890802853
-0.933333333333 1.0471975512 0.141493186392
-0.933333333333 1.25663706144 0.240296896843
-0.933333333333 1.46607657168 0.592963757182
-0.933333333333 1.67551608191 1.04915409702
-0.933333333333 1.88495559215 1.14270238487
-0.933333333333 2.09439510239 0.738772355785
-0.933333333333 2.30383461263 0.316938838188
-0.933333333333 2.51327412287 0.140551507489
-0.933333333333 2.72271363311 0.0464667643472
-0.933333333333 2.93215314335 0.0105633214296
-0.933333333333 3.14159265359 0.0833818262798
-0.933333333333 3.35103216383 0.202076728474
-0.933333333333 3.56047167407 0.286001400593
-0.933333333333 3.76991118431 0.320029808854
-0.933333333333 3.97935069455 0.3318677662
-0.933333333333 4.18879020479 0.338317683155
-0.933333333333 4.39822971503 0.310714873027
-0.933333333333 4.60766922527 0.200531191871
-0.933333333333 4.8171087355 0.0842796721558
-0.933333333333 5.02654824574 0.183909171854
-0.933333333333 5.23598775598 0.441135484934
-0.933333333333 5.44542726622 0.513117935031
-0.933333333333 5.65486677646 0.335570169372
-0.933333333333 5.8643062867 0.161909821716
-0.933333333333 6.07374579694 0.180464978268

-0.866666666667 0 0.502434505254
-0.866666666667 0.209439510239 0.528629854611
-0.866666666667 0.418879020479 0.605721446417
-0.866666666667 0.628318530718 0.627065178115
-0.866666666667 0.837758040957 0.570288601369
-0.866666666667 1.0471975512 0.437212891528
-0.866666666667 1.25663706144 0.192274838512
-0.866666666667 1.46607657168 0.0282986873248
-0.866666666667 1.67551608191 0.484780048691
-0.866666666667 1.88495559215 1.20062847108
-0.866666666667 2.09439510239 0.936541197407
-0.866666666667 2.30383461263 0.318608360699
-0.866666666667 2.51327412287 0.101242769553
-0.866666666667 2.72271363311 0.00658236897591
-0.866666666667 2.93215314335 0.0718466021473
-0.866666666667 3.14159265359 0.206679446815
-0.866666666667 3.35103216383 0.247148794415
-0.866666666667 3.56047167407 0.177722152528
-0.866666666667 3.76991118431 0.0982109467008
-0.866666666667 3.97935069455 0.0547787417026
-0.866666666667 4.18879020479 0.040932498453
-0.866666666667 4.39822971503 0.0695509271845
-0.866666666667 4.60766922527 0.171454475368
-0.866666666667 4.8171087355 0.18228339258
-0.866666666667 5.02654824574 0.118227599501
-0.866666666667 5.23598775598 0.227695737513
-0.866666666667 5.44542726622 0.334915744406
-0.866666666667 5.65486677646 0.392579021903
-0.866666666667 5.8643062867 0.236246116059
-0.866666666667 6.07374579694 0.390656179197

-0.8 0 0.550388930504
-0.8 0.209439510239 0.760767787208
-0.8 0.418879020479 0.861128655583
-0.8 0.628318530718 0.70346538017
-0.8 0.837758040957 0.552645482429
-0.8 1.0471975512 0.505299155937
-0.8 1.25663706144 0.456860629371
-0.8 1.46607657168 0.17089603189
-0.8 1.67551608191 0.114955726877
-0.8 1.88495559215 0.978871612205
-0.8 2.09439510239 1.01975279981
-0.8 2.30383461263 0.350419583708
-0.8 2.51327412287 0.0991717671069
-0.8 2.72271363311 0.0145568285005
-0.8 2.93215314335 0.128572747629
-0.8 3.14159265359 0.253524929596
-0.8 3.35103216383 0.192047842776
-0.8 3.56047167407 0.0916593837814
-0.8 3.76991118431 0.0662674694641
-0.8 3.97935069455 0.0855940631354
-0.8 4.18879020479 0.125281952387
-0.8 4.39822971503 0.123197206053
-0.8 4.60766922527 0.0681162614272
-0.8 4.8171087355 0.121604535179
-0.8 5.02654824574 0.113065172364
-0.8 5.23598775598 0.213908461586
-0.8 5.44542726622 0.186419680859
-0.8 5.65486677646 0.522505190704
-0.8 5.8643062867 0.35267344245
-0.8 6.07374579694 0.569328959013

-0.733333333333 0 0.601214762113
-0.733333333333 0.209439510239 0.975376532115
-0.733333333333 0.418879020479 0.772194208141
-0.733333333333 0.628318530718 0.445035637992
-0.733333333333 0.837758040957 0.28710353503
-0.733333333333 1.0471975512 0.25516737082
-0.733333333333 1.25663706144 0.357554399596
-0.733333333333 1.46607657168 0.338705800762
-0.733333333333 1.67551608191 0.0562431569579
-0.733333333333 1.88495559215 0.726037914649
-0.733333333333 2.09439510239 1.03700284374
-0.733333333333 2.30383461263 0.38767172068
-0.733333333333 2.51327412287 0.0993011342824
-0.733333333333 2.72271363311 0.0391736005282
-0.733333333333 2.93215314335 0.181592123446
-0.733333333333 3.14159265359 0.246746643379
-0.733333333333 3.35103216383 0.105296079425
-0.733333333333 3.56047167407 0.0694118718425
-0.733333333333 3.76991118431 0.0803402675045
-0.733333333333 3.97935069455 0.0898895654751
-0.733333333333 4.18879020479 0.112094745084
-0.733333333333 4.39822971503 0.196667905817
-0.733333333333 4.60766922527 0.171614014212
-0.733333333333 4.8171087355 0.142997377381
-0.733333333333 5.02654824574 0.0796867601819
-0.733333333333 5.23598775598 0.277380386527
-0.733333333333 5.44542726622 0.109174922896
-0.733333333333 5.65486677646 0.595527014177
-0.733333333333 5.8643062867 0.440218689946
-0.733333333333 6.07374579694 0.600858741035

-0.666666666667 0 0.668691655099
-0.666666666667 0.209439510239 0.869771598444
-0.666666666667 0.418879020479 0.421567249764
-0.666666666667 0.628318530718 0.211923268819
-0.666666666667 0.837758040957 0.181802242781
-0.666666666667 1.0471975512 0.128598836481
-0.666666666667 1.25663706144 0.175601086581
-0.666666666667 1.46607657168 0.338442237672
-0.666666666667 1.67551608191 0.119857640656
-0.666666666667 1.88495559215 0.526249600588
-0.666666666667 2.09439510239 1.02060028407
-0.666666666667 2.30383461263 0.421553749047
-0.666666666667 2.51327412287 0.100111048907
-0.666666666667 2.72271363311 0.0689110032285
-0.666666666667 2.93215314335 0.222519415414
-0.666666666667 3.14159265359 0.178380543784
-0.666666666667 3.35103216383 0.0830617431426
-0.666666666667 3.56047167407 0.111713981114
-0.666666666667 3.76991118431 0.108993009993
-0.666666666667 3.97935069455 0.122883122207
-0.666666666667 4.18879020479 0.0847518924489
-0.666666666667 4.39822971503 0.094781071624
-0.666666666667 4.60766922527 0.188361851531
-0.666666666667 4.8171087355 0.19308669867
-0.666666666667 5.02654824574 0.0824541431158
-0.666666666667 5.23598775598 0.32476631359
-0.666666666667 5.44542726622 0.0809883343238
-0.666666666667 5.65486677646 0.615691056245
-0.666666666667 5.8643062867 0.497631253977
-0.666666666667 6.07374579694 0.535765938735

-0.6 0 0.655339899405
-0.6 0.209439510239 0.579680718393
-0.6 0.418879020479 0.193684675534
-0.6 0.628318530718 0.213142223558
-0.6 0.837758040957 0.281468627116
-0.6 1.0471975512 0.189740945066
-0.6 1.25663706144 0.0915791803578
-0.6 1.46607657168 0.260908760851
-0.6 1.67551608191 0.187992630216
-0.6 1.88495559215 0.390095890347
-0.6 2.09439510239 0.988480346555
-0.6 2.30383461263 0.448994580405
-0.6 2.51327412287 0.104774426255
-0.6 2.72271363311 0.0955188177248
-0.6 2.93215314335 0.237163335153
-0.6 3.14159265359 0.110424534324
-0.6 3.35103216383 0.140377280643
-0.6 3.56047167407 0.128279359994
-0.6 3.76991118431 0.113204636218
-0.6 3.97935069455 0.16527820629
-0.6 4.18879020479 0.126569179459
-0.6 4.39822971503 0.0251966518482
-0.6 4.60766922527 0.126464142637
-0.6 4.8171087355 0.209893475927
-0.6 5.02654824574 0.114110999556
-0.6 5.23598775598 0.340742324845
-0.6 5.44542726622 0.0756633160901
-0.6 5.65486677646 0.612613672155
-0.6 5.8643062867 0.521111969354
-0.6 6.07374579694 0.448902886131

-0.533333333333 0 0.572044068111
-0.533333333333 0.209439510239 0.376024306686
-0.533333333333 0.418879020479 0.232239571378
-0.533333333333 0.628318530718 0.3610688404
-0.533333333333 0.837758040957 0.443308406828
-0.533333333333 1.0471975512 0.332857642322
-0.533333333333 1.25663706144 0.103850768269
-0.533333333333 1.46607657168 0.186795326765
-0.533333333333 1.67551608191 0.227498799127
-0.533333333333 1.88495559215 0.30468873418
-0.533333333333 2.09439510239 0.950307019089
-0.533333333333 2.30383461263 0.46933520641
-0.533333333333 2.51327412287 0.114962979475
-0.533333333333 2.72271363311 0.114829926372
-0.533333333333 2.93215314335 0.225550069385
-0.533333333333 3.14159265359 0.0905192364536
-0.533333333333 3.35103216383 0.20369466683
-0.533333333333 3.56047167407 0.101714989372
-0.533333333333 3.76991118431 0.131205319865
-0.533333333333 3.97935069455 0.197406100467
-0.533333333333 4.18879020479 0.158876044486
-0.533333333333 4.39822971503 0.0298713573434
-0.533333333333 4.60766922527 0.0768615980388
-0.533333333333 4.8171087355 0.214303853328
-0.533333333333 5.02654824574 0.150442271862
-0.533333333333 5.23598775598 0.335500651664
-0.533333333333 5.44542726622 0.07910543755
-0.533333333333 5.65486677646 0.604494568427
-0.533333333333 5.8643062867 0.515683217789
-0.533333333333 6.07374579694 0.379135239155

-0.466666666667 0 0.483205035009
-0.466666666667 0.209439510239 0.346389798458
-0.466666666667 0.418879020479 0.406378651139
-0.466666666667 0.628318530718 0.490162691248
-0.466666666667 0.837758040957 0.551032747762
-0.466666666667 1.0471975512 0.465804646619
-0.466666666667 1.25663706144 0.162367514394
-0.466666666667 1.46607657168 0.139937904418
-0.466666666667 1.67551608191 0.24263339842
-0.466666666667 1.88495559215 0.254141015923
-0.466666666667 2.09439510239 0.911396762522
-0.466666666667 2.30383461263 0.482946484093
-0.466666666667 2.51327412287 0.130402365841
-0.466666666667 2.72271363311 0.126168300099
-0.466666666667 2.93215314335 0.197774805588
-0.466666666667 3.14159265359 0.120180838053
-0.466666666667 3.35103216383 0.225528277263
-0.466666666667 3.56047167407 0.0843987529501
-0.466666666667 3.76991118431 0.207180155417
-0.466666666667 3.97935069455 0.247614477267
-0.466666666667 4.18879020479 0.163400083816
-0.466666666667 4.39822971503 0.0526140702714
-0.466666666667 4.60766922527 0.0619471308097
-0.466666666667 4.8171087355 0.228864651365
-0.466666666667 5.02654824574 0.18091174685
-0.466666666667 5.23598775598 0.320250854362
-0.466666666667 5.44542726622 0.0854121171648
-0.466666666667 5.65486677646 0.598629904286
-0.466666666667 5.8643062867 0.492602271927
-0.466666666667 6.07374579694 0.331976829414

-0.4 0 0.427284853786
-0.4 0.209439510239 0.427686061705
-0.4 0.418879020479 0.560139307209
-0.4 0.628318530718 0.533162217687
-0.4 0.837758040957 0.578134610943
-0.4 1.0471975512 0.552927200745
-0.4 1.25663706144 0.23096242435
-0.4 1.46607657168 0.116170098116
-0.4 1.67551608191 0.244728337776
-0.4 1.88495559215 0.225807947508
-0.4 2.09439510239 0.874781868867
-0.4 2.30383461263 0.490594173849
-0.4 2.51327412287 0.149656725351
-0.4 2.72271363311 0.13082070905
-0.4 2.93215314335 0.165210942409
-0.4 3.14159265359 0.176061925061
-0.4 3.35103216383 0.207471597984
-0.4 3.56047167407 0.111362248646
-0.4 3.76991118431 0.329934137017
-0.4 3.97935069455 0.329767097644
-0.4 4.18879020479 0.176267772308
-0.4 4.39822971503 0.0658473491778
-0.4 4.60766922527 0.0660863054157
-0.4 4.8171087355 0.254698649255
-0.4 5.02654824574 0.204391547228
-0.4 5.23598775598 0.302322259201
-0.4 5.44542726622 0.0923791406371
-0.4 5.65486677646 0.596807943366
-0.4 5.8643062867 0.46259965226
-0.4 6.07374579694 0.301215125813

-0.333333333333 0 0.407596054619
-0.333333333333 0.209439510239 0.534243690749
-0.333333333333 0.418879020479 0.634648552456
-0.333333333333 0.628318530718 0.504806645172
-0.333333333333 0.837758040957 0.546727215705
-0.333333333333 1.0471975512 0.594498859478
-0.333333333333 1.25663706144 0.293335833775
-0.333333333333 1.46607657168 0.106149348731
-0.333333333333 1.67551608191 0.241935605692
-0.333333333333 1.88495559215 0.211073915701
-0.333333333333 2.09439510239 0.842230468146
-0.333333333333 2.30383461263 0.493134059151
-0.333333333333 2.51327412287 0.170887268034
-0.333333333333 2.72271363311 0.130723281532
-0.333333333333 2.93215314335 0.135810066747
-0.333333333333 3.14159265359 0.234499650152
-0.333333333333 3.35103216383 0.17113905831
-0.333333333333 3.56047167407 0.176725313171
-0.333333333333 3.76991118431 0.45806270221
-0.333333333333 3.97935069455 0.426897068013
-0.333333333333 4.18879020479 0.21722925467
-0.333333333333 4.39822971503 0.0727020376404
-0.333333333333 4.60766922527 0.0737186376311
-0.333333333333 4.8171087355 0.284256883339
-0.333333333333 5.02654824574 0.222398252733
-0.333333333333 5.23598775598 0.285663677567
-0.333333333333 5.44542726622 0.0992127627838
-0.333333333333 5.65486677646 0.598701446989
-0.333333333333 5.8643062867 0.432756103132
-0.333333333333 6.07374579694 0.280731452402

-0.266666666667 0 0.411199462061
-0.266666666667 0.209439510239 0.61847853522
-0.266666666667 0.418879020479 0.640399857641
-0.266666666667 0.628318530718 0.441850204424
-0.266666666667 0.837758040957 0.486929628218
-0.266666666667 1.0471975512 0.603310196245
-0.266666666667 1.25663706144 0.344341724761
-0.266666666667 1.46607657168 0.103248273328
-0.266666666667 1.67551608191 0.238336824553
-0.266666666667 1.88495559215 0.2045296461
-0.266666666667 2.09439510239 0.814757150088
-0.266666666667 2.30383461263 0.491362580615
-0.266666666667 2.51327412287 0.192327621897
-0.266666666667 2.72271363311 0.127694607935
-0.266666666667 2.93215314335 0.113334225164
-0.266666666667 3.14159265359 0.281566785204
-0.266666666667 3.35103216383 0.134729296418
-0.266666666667 3.56047167407 0.255386579586
-0.266666666667 3.76991118431 0.558216119675
-0.266666666667 3.97935069455 0.51373577918
-0.266666666667 4.18879020479 0.274836356942
-0.266666666667 4.39822971503 0.0797156451152
-0.266666666667 4.60766922527 0.0782330408059
-0.266666666667 4.8171087355 0.311482650574
-0.266666666667 5.02654824574 0.236248657815
-0.266666666667 5.23598775598 0.272076549398
-0.266666666667 5.44542726622 0.105590459469
-0.266666666667 5.65486677646 0.603415996415
-0.266666666667 5.8643062867 0.406409157619
-0.266666666667 6.07374579694 0.266966245883

-0.2 0 0.424006594464
-0.2 0.209439510239 0.66875331998
-0.2 0.418879020479 0.607254807548
-0.2 0.628318530718 0.372304081493
-0.2 0.837758040957 0.420685795852
-0.2 1.0471975512 0.593017556771
-0.2 1.25663706144 0.383199770598
-0.2 1.46607657168 0.103947619127
-0.2 1.67551608191 0.23546275569
-0.2 1.88495559215 0.202952747127
-0.2 2.09439510239 0.792898580437
-0.2 2.30383461263 0.48594552645
-0.2 2.51327412287 0.212506690161
-0.2 2.72271363311 0.123126968645
-0.2 2.93215314335 0.0984414366498
-0.2 3.14159265359 0.31270279228
-0.2 3.35103216383 0.106364957637
-0.2 3.56047167407 0.324777526563
-0.2 3.76991118431 0.618212071899
-0.2 3.97935069455 0.575065548422
-0.2 4.18879020479 0.327646152396
-0.2 4.39822971503 0.0876883096435
-0.2 4.60766922527 0.0786594197734
-0.2 4.8171087355 0.334098672971
-0.2 5.02654824574 0.246510592479
-0.2 5.23598775598 0.262180256466
-0.2 5.44542726622 0.111324058964
-0.2 5.65486677646 0.610054572644
-0.2 5.8643062867 0.384256881926
-0.2 6.07374579694 0.258217376657

-0.133333333333 0 0.436379281426
-0.133333333333 0.209439510239 0.690785065006
-0.133333333333 0.418879020479 0.559626026437
-0.133333333333 0.628318530718 0.309975628053
-0.133333333333 0.837758040957 0.360095730258
-0.133333333333 1.0471975512 0.574284384961
-0.133333333333 1.25663706144 0.410349742952
-0.133333333333 1.46607657168 0.106484617963
-0.133333333333 1.67551608191 0.233680682028
-0.133333333333 1.88495559215 0.204504057424
-0.133333333333 2.09439510239 0.776876212071
-0.133333333333 2.30383461263 0.47738409849
-0.133333333333 2.51327412287 0.230306458074
-0.133333333333 2.72271363311 0.117949456789
-0.133333333333 2.93215314335 0.090124488665
-0.133333333333 3.14159265359 0.329002275563
-0.133333333333 3.35103216383 0.0866002680616
-0.133333333333 3.56047167407 0.372640545879
-0.133333333333 3.76991118431 0.641802650314
-0.133333333333 3.97935069455 0.608533518654
-0.133333333333 4.18879020479 0.36143255446
-0.133333333333 4.39822971503 0.0944488195061
-0.133333333333 4.60766922527 0.075953638499
-0.133333333333 4.8171087355 0.352520388252
-0.133333333333 5.02654824574 0.253193331032
-0.133333333333 5.23598775598 0.256028704679
-0.133333333333 5.44542726622 0.116261773229
-0.133333333333 5.65486677646 0.617847367656
-0.133333333333 5.8643062867 0.365576860458
-0.133333333333 6.07374579694 0.253764919735

-0.0666666666667 0 0.443114639639
-0.0666666666667 0.209439510239 0.694607987269
-0.0666666666667 0.418879020479 0.511588662566
-0.0666666666667 0.628318530718 0.258979713911
-0.0666666666667 0.837758040957 0.310527330451
-0.0666666666667 1.0471975512 0.554173705301
-0.0666666666667 1.25663706144 0.426269389177
-0.0666666666667 1.46607657168 0.109856345977
-0.0666666666667 1.67551608191 0.232980478765
-0.0666666666667 1.88495559215 0.208190335862
-0.0666666666667 2.09439510239 0.766694891066
-0.0666666666667 2.30383461263 0.466000682631
-0.0666666666667 2.51327412287 0.244931357614
-0.0666666666667 2.72271363311 0.112713143337
-0.0666666666667 2.93215314335 0.0868351773807
-0.0666666666667 3.14159265359 0.333894305604
-0.0666666666667 3.35103216383 0.0727160748018
-0.0666666666667 3.56047167407 0.395677919805
-0.0666666666667 3.76991118431 0.639217350409
-0.0666666666667 3.97935069455 0.619234268378
-0.0666666666667 4.18879020479 0.372341685411
-0.0666666666667 4.39822971503 0.0982550674437
-0.0666666666667 4.60766922527 0.0712801906408
-0.0666666666667 4.8171087355 0.368367146998
-0.0666666666667 5.02654824574 0.256016572192
-0.0666666666667 5.23598775598 0.25346577063
-0.0666666666667 5.44542726622 0.12027913184
-0.0666666666667 5.65486677646 0.626117691932
-0.0666666666667 5.8643062867 0.349162677294
-0.0666666666667 6.07374579694 0.253435750629

6.12323399574e-17 0 0.441717952734
6.12323399574e-17 0.209439510239 0.689127570433
6.12323399574e-17 0.418879020479 0.469831444403
6.12323399574e-17 0.628318530718 0.219107194851
6.12323399574e-17 0.837758040957 0.273731144592
6.12323399574e-17 1.0471975512 0.536467503727
6.12323399574e-17 1.25663706144 0.431020534243
6.12323399574e-17 1.46607657168 0.113413192433
6.12323399574e-17 1.67551608191 0.233313760025
6.12323399574e-17 1.88495559215 0.213541002682
6.12323399574e-17 2.09439510239 0.762191335732
6.12323399574e-17 2.30383461263 0.451932767542
6.12323399574e-17 2.51327412287 0.255840166662
6.12323399574e-17 2.72271363311 0.107708527938
6.12323399574e-17 2.93215314335 0.0871505975946
6.12323399574e-17 3.14159265359 0.331181600991
6.12323399574e-17 3.35103216383 0.0617303999151
6.12323399574e-17 3.56047167407 0.395755101094
6.12323399574e-17 3.76991118431 0.620346022827
6.12323399574e-17 3.97935069455 0.613479680649
6.12323399574e-17 4.18879020479 0.362798279861
6.12323399574e-17 4.39822971503 0.0987654740986
6.12323399574e-17 4.60766922527 0.0656108443699
6.12323399574e-17 4.8171087355 0.383448302072
6.12323399574e-17 5.02654824574 0.254585864946
6.12323399574e-17 5.23598775598 0.254308801684
6.12323399574e-17 5.44542726622 0.123301693428
6.12323399574e-17 5.65486677646 0.634198850787
6.12323399574e-17 5.8643062867 0.333932728964
6.12323399574e-17 6.07374579694 0.257459805539

0.0666666666667 0 0.430876194304
0.0666666666667 0.209439510239 0.680768158374
0.0666666666667 0.418879020479 0.437770374219
0.0666666666667 0.628318530718 0.189248100787
0.0666666666667 0.837758040957 0.249593801625
0.0666666666667 1.0471975512 0.521921841261
0.0666666666667 1.25663706144 0.424077588007
0.0666666666667 1.46607657168 0.116799627644
0.0666666666667 1.67551608191 0.234700654005
0.0666666666667 1.88495559215 0.220433587864
0.0666666666667 2.09439510239 0.763030928874
0.0666666666667 2.30383461263 0.435130804785
0.0666666666667 2.51327412287 0.262671527016
0.0666666666667 2.72271363311 0.10307364019
0.0666666666667 2.93215314335 0.0900607594879
0.0666666666667 3.14159265359 0.324239672778
0.0666666666667 3.35103216383 0.0518102671607
0.0666666666667 3.56047167407 0.377004830658
0.0666666666667 3.76991118431 0.591450601584
0.0666666666667 3.97935069455 0.59473656983
0.0666666666667 4.18879020479 0.337045828934
0.0666666666667 4.39822971503 0.0965320994491
0.0666666666667 4.60766922527 0.0598767003288
0.0666666666667 4.8171087355 0.399212152841
0.0666666666667 5.02654824574 0.248488516973
0.0666666666667 5.23598775598 0.25841827093
0.0666666666667 5.44542726622 0.125341920348
0.0666666666667 5.65486677646 0.641348466583
0.0666666666667 5.8643062867 0.319291203695
0.0666666666667 6.07374579694 0.266391664685

0.133333333333 0 0.409734461554
0.133333333333 0.209439510239 0.673260351443
0.133333333333 0.418879020479 0.418608394637
0.133333333333 0.628318530718 0.16919434106
0.133333333333 0.837758040957 0.236707679037
0.133333333333 1.0471975512 0.508206347088
0.133333333333 1.25663706144 0.4044394827
0.133333333333 1.46607657168 0.120028600651
0.133333333333 1.67551608191 0.237239663109
0.133333333333 1.88495559215 0.229019348478
0.133333333333 2.09439510239 0.768639654082
0.133333333333 2.30383461263 0.415360484238
0.133333333333 2.51327412287 0.265177550564
0.133333333333 2.72271363311 0.0988802419618
0.133333333333 2.93215314335 0.0950012648674
0.133333333333 3.14159265359 0.315925456505
0.133333333333 3.35103216383 0.0426305749084
0.133333333333 3.56047167407 0.344513229872
0.133333333333 3.76991118431 0.554168093962
0.133333333333 3.97935069455 0.5619402447
0.133333333333 4.18879020479 0.298757171846
0.133333333333 4.39822971503 0.0921751364191
0.133333333333 4.60766922527 0.055316328115
0.133333333333 4.8171087355 0.416430050851
0.133333333333 5.02654824574 0.237379526745
0.133333333333 5.23598775598 0.265685611462
0.133333333333 5.44542726622 0.126547748313
0.133333333333 5.65486677646 0.646673852295
0.133333333333 5.8643062867 0.305336129669
0.133333333333 6.07374579694 0.28094086643

0.2 0 0.37810677627
0.2 0.209439510239 0.667062206992
0.2 0.418879020479 0.416857861066
0.2 0.628318530718 0.160848014899
0.2 0.837758040957 0.232524350527
0.2 1.0471975512 0.489955873146
0.2 1.25663706144 0.371241500431
0.2 1.46607657168 0.12358195513
0.2 1.67551608191 0.241072853026
0.2 1.88495559215 0.239715548623
0.2 2.09439510239 0.778046141255
0.2 2.30383461263 0.39221215617
0.2 2.51327412287 0.263174090319
0.2 2.72271363311 0.0952003076376
0.2 2.93215314335 0.101727527167
0.2 3.14159265359 0.308811134734
0.2 3.35103216383 0.0351980212004
0.2 3.56047167407 0.304002514426
0.2 3.76991118431 0.50577511192
0.2 3.97935069455 0.509756072439
0.2 4.18879020479 0.250469124498
0.2 4.39822971503 0.0858037239413
0.2 4.60766922527 0.0538919609397
0.2 4.8171087355 0.434897028895
0.2 5.02654824574 0.221144288882
0.2 5.23598775598 0.275949609988
0.2 5.44542726622 0.127267449277
0.2 5.65486677646 0.64907488058
0.2 5.8643062867 0.2929795614
0.2 6.07374579694 0.301604273443

0.266666666667 0 0.337680497327
0.266666666667 0.209439510239 0.65803378336
0.266666666667 0.418879020479 0.437778789978
0.266666666667 0.628318530718 0.169413345171
0.266666666667 0.837758040957 0.234262868364
0.266666666667 1.0471975512 0.460163114642
0.266666666667 1.25663706144 0.325121313522
0.266666666667 1.46607657168 0.128490525698
0.266666666667 1.67551608191 0.246302557397
0.266666666667 1.88495559215 0.253238323283
0.266666666667 2.09439510239 0.789592098559
0.266666666667 2.30383461263 0.365129920266
0.266666666667 2.51327412287 0.256509005439
0.266666666667 2.72271363311 0.0921660651015
0.266666666667 2.93215314335 0.110084153069
0.266666666667 3.14159265359 0.305442022791
0.266666666667 3.35103216383 0.0314993971177
0.266666666667 3.56047167407 0.261501768944
0.266666666667 3.76991118431 0.440816905968
0.266666666667 3.97935069455 0.430936609094
0.266666666667 4.18879020479 0.194164485301
0.266666666667 4.39822971503 0.077011914788
0.266666666667 4.60766922527 0.0586689758187
0.266666666667 4.8171087355 0.452980916875
0.266666666667 5.02654824574 0.200233205008
0.266666666667 5.23598775598 0.288838391669
0.266666666667 5.44542726622 0.128137333082
0.266666666667 5.65486677646 0.647210615615
0.266666666667 5.8643062867 0.283997040938
0.266666666667 6.07374579694 0.328024994042

0.333333333333 0 0.294140566829
0.333333333333 0.209439510239 0.636092662445
0.333333333333 0.418879020479 0.48349450796
0.333333333333 0.628318530718 0.203789206851
0.333333333333 0.837758040957 0.24162295386
0.333333333333 1.0471975512 0.414394803238
0.333333333333 1.25663706144 0.270220083249
0.333333333333 1.46607657168 0.136353202796
0.333333333333 1.67551608191 0.252819555622
0.333333333333 1.88495559215 0.270631686041
0.333333333333 2.09439510239 0.800451990203
0.333333333333 2.30383461263 0.33348404757
0.333333333333 2.51327412287 0.245049984612
0.333333333333 2.72271363311 0.0900468657551
0.333333333333 2.93215314335 0.119693300769
0.333333333333 3.14159265359 0.308294656745
0.333333333333 3.35103216383 0.0343528376608
0.333333333333 3.56047167407 0.222176009474
0.333333333333 3.76991118431 0.355336698788
0.333333333333 3.97935069455 0.321765505089
0.333333333333 4.18879020479 0.132972133834
0.333333333333 4.39822971503 0.0658016086727
0.333333333333 4.60766922527 0.0739015303223
0.333333333333 4.8171087355 0.466947766717
0.333333333333 5.02654824574 0.176251288331
0.333333333333 5.23598775598 0.303531050817
0.333333333333 5.44542726622 0.130199011199
0.333333333333 5.65486677646 0.639504400288
0.333333333333 5.8643062867 0.280965419002
0.333333333333 6.07374579694 0.358065695898

0.4 0 0.259542469897
0.4 0.209439510239 0.586170033782
0.4 0.418879020479 0.54481967525
0.4 0.628318530718 0.272761475597
0.4 0.837758040957 0.259964617428
0.4 1.0471975512 0.356928049638
0.4 1.25663706144 0.215586902683
0.4 1.46607657168 0.149214224601
0.4 1.67551608191 0.259990606046
0.4 1.88495559215 0.293179354339
0.4 2.09439510239 0.80589481981
0.4 2.30383461263 0.296737547515
0.4 2.51327412287 0.228692069223
0.4 2.72271363311 0.0893858789389
0.4 2.93215314335 0.129587303814
0.4 3.14159265359 0.318964240098
0.4 3.35103216383 0.0478976369373
0.4 3.56047167407 0.188638732516
0.4 3.76991118431 0.254682266902
0.4 3.97935069455 0.191408170351
0.4 4.18879020479 0.0744017877229
0.4 4.39822971503 0.054484326146
0.4 4.60766922527 0.104244323051
0.4 4.8171087355 0.470244281041
0.4 5.02654824574 0.152799440597
0.4 5.23598775598 0.318452741511
0.4 5.44542726622 0.135049949745
0.4 5.65486677646 0.624212962588
0.4 5.8643062867 0.286977409038
0.4 6.07374579694 0.386760246777

0.466666666667 0 0.252939701669
0.466666666667 0.209439510239 0.495754265601
0.466666666667 0.418879020479 0.591569853009
0.466666666667 0.628318530718 0.37159975701
0.466666666667 0.837758040957 0.296721596175
0.466666666667 1.0471975512 0.30167712663
0.466666666667 1.25663706144 0.173537958624
0.466666666667 1.46607657168 0.169189983566
0.466666666667 1.67551608191 0.266199159728
0.466666666667 1.88495559215 0.321895168764
0.466666666667 2.09439510239 0.798277106195
0.466666666667 2.30383461263 0.254804933019
0.466666666667 2.51327412287 0.20738532922
0.466666666667 2.72271363311 0.0912589325721
0.466666666667 2.93215314335 0.13789342672
0.466666666667 3.14159265359 0.335927236155
0.466666666667 3.35103216383 0.0784700703814
0.466666666667 3.56047167407 0.161243171365
0.466666666667 3.76991118431 0.161783564296
0.466666666667 3.97935069455 0.0721131177103
0.466666666667 4.18879020479 0.0338331491345
0.466666666667 4.39822971503 0.049381411738
0.466666666667 4.60766922527 0.152108981447
0.466666666667 4.8171087355 0.453563930804
0.466666666667 5.02654824574 0.136282737933
0.466666666667 5.23598775598 0.330979251995
0.466666666667 5.44542726622 0.145022993675
0.466666666667 5.65486677646 0.599609412493
0.466666666667 5.8643062867 0.304938013489
0.466666666667 6.07374579694 0.405697648586

0.533333333333 0 0.295479062548
0.533333333333 0.209439510239 0.373278972606
0.533333333333 0.418879020479 0.573204908964
0.533333333333 0.628318530718 0.460644545181
0.533333333333 0.837758040957 0.342078616467
0.533333333333 1.0471975512 0.259135439052
0.533333333333 1.25663706144 0.153947775542
0.533333333333 1.46607657168 0.197858592053
0.533333333333 1.67551608191 0.268406457085
0.533333333333 1.88495559215 0.35589436493
0.533333333333 2.09439510239 0.766053058093
0.533333333333 2.30383461263 0.20878744831
0.533333333333 2.51327412287 0.181191175629
0.533333333333 2.72271363311 0.0976851786889
0.533333333333 2.93215314335 0.142010301312
0.533333333333 3.14159265359 0.350499548205
0.533333333333 3.35103216383 0.133174550695
0.533333333333 3.56047167407 0.142496519382
0.533333333333 3.76991118431 0.114005773421
0.533333333333 3.97935069455 0.0163237763612
0.533333333333 4.18879020479 0.0312052252415
0.533333333333 4.39822971503 0.0593017575976
0.533333333333 4.60766922527 0.212231949109
0.533333333333 4.8171087355 0.407721636614
0.533333333333 5.02654824574 0.135755662788
0.533333333333 5.23598775598 0.33737223172
0.533333333333 5.44542726622 0.163369696007
0.533333333333 5.65486677646 0.564359017964
0.533333333333 5.8643062867 0.336170032173
0.533333333333 6.07374579694 0.404019352626

0.6 0 0.395287035773
0.6 0.209439510239 0.271958770146
0.6 0.418879020479 0.452661863295
0.6 0.628318530718 0.462971862739
0.6 0.837758040957 0.348845288883
0.6 1.0471975512 0.220906232837
0.6 1.25663706144 0.160410891385
0.6 1.46607657168 0.234855906799
0.6 1.67551608191 0.262162755591
0.6 1.88495559215 0.388519613594
0.6 2.09439510239 0.694127212042
0.6 2.30383461263 0.1623863951
0.6 2.51327412287 0.150418158903
0.6 2.72271363311 0.111897049256
0.6 2.93215314335 0.140635686766
0.6 3.14159265359 0.342914390192
0.6 3.35103216383 0.210715657344
0.6 3.56047167407 0.138294052008
0.6 3.76991118431 0.131577137191
0.6 3.97935069455 0.0563537290922
0.6 4.18879020479 0.0702825436061
0.6 4.39822971503 0.0877451606167
0.6 4.60766922527 0.264751874787
0.6 4.8171087355 0.332407339659
0.6 5.02654824574 0.159791223831
0.6 5.23598775598 0.333451391542
0.6 5.44542726622 0.194377369702
0.6 5.65486677646 0.518222005199
0.6 5.8643062867 0.378067230414
0.6 6.07374579694 0.372748131935

0.666666666667 0 0.521129103692
0.666666666667 0.209439510239 0.28651966777
0.666666666667 0.418879020479 0.28738470525
0.666666666667 0.628318530718 0.336639667212
0.666666666667 0.837758040957 0.271791311943
0.666666666667 1.0471975512 0.182703605831
0.666666666667 1.25663706144 0.201577830242
0.666666666667 1.46607657168 0.270610961444
0.666666666667 1.67551608191 0.242237699981
0.666666666667 1.88495559215 0.401426080703
0.666666666667 2.09439510239 0.56988087404
0.666666666667 2.30383461263 0.124277322016
0.666666666667 2.51327412287 0.116078271975
0.666666666667 2.72271363311 0.136919895845
0.666666666667 2.93215314335 0.140203283003
0.666666666667 3.14159265359 0.287032782154
0.666666666667 3.35103216383 0.282870486514
0.666666666667 3.56047167407 0.146193123959
0.666666666667 3.76991118431 0.167904910355
0.666666666667 3.97935069455 0.135489376025
0.666666666667 4.18879020479 0.111730205694
0.666666666667 4.39822971503 0.121193299312
0.666666666667 4.60766922527 0.276174873788
0.666666666667 4.8171087355 0.251327650829
0.666666666667 5.02654824574 0.207576335436
0.666666666667 5.23598775598 0.316985582289
0.666666666667 5.44542726622 0.243249438904
0.666666666667 5.65486677646 0.463286179068
0.666666666667 5.8643062867 0.42087612016
0.666666666667 6.07374579694 0.313467536658

0.733333333333 0 0.582659814181
0.733333333333 0.209439510239 0.467683880686
0.733333333333 0.418879020479 0.275658683658
0.733333333333 0.628318530718 0.227148543919
0.733333333333 0.837758040957 0.203748623824
0.733333333333 1.0471975512 0.215510082072
0.733333333333 1.25663706144 0.293268912872
0.733333333333 1.46607657168 0.267591959298
0.733333333333 1.67551608191 0.203663824585
0.733333333333 1.88495559215 0.367207677996
0.733333333333 2.09439510239 0.405045681191
0.733333333333 2.30383461263 0.110607476493
0.733333333333 2.51327412287 0.0814650085581
0.733333333333 2.72271363311 0.168222561432
0.733333333333 2.93215314335 0.163917114356
0.733333333333 3.14159265359 0.179896368512
0.733333333333 3.35103216383 0.286525338675
0.733333333333 3.56047167407 0.15398945953
0.733333333333 3.76991118431 0.137010466126
0.733333333333 3.97935069455 0.128140064874
0.733333333333 4.18879020479 0.0970663822647
0.733333333333 4.39822971503 0.129972920712
0.733333333333 4.60766922527 0.231916870265
0.733333333333 4.8171087355 0.219818390869
0.733333333333 5.02654824574 0.254311936224
0.733333333333 5.23598775598 0.293332111767
0.733333333333 5.44542726622 0.315354185389
0.733333333333 5.65486677646 0.406019505537
0.733333333333 5.8643062867 0.444978753803
0.733333333333 6.07374579694 0.248447129473

0.8 0 0.480525537339
0.8 0.209439510239 0.651444388132
0.8 0.418879020479 0.52856646423
0.8 0.628318530718 0.404192026696
0.8 0.837758040957 0.367919413598
0.8 1.0471975512 0.387896944738
0.8 1.25663706144 0.347954816426
0.8 1.46607657168 0.167424050442
0.8 1.67551608191 0.157501467346
0.8 1.88495559215 0.300232790162
0.8 2.09439510239 0.279275385601
0.8 2.30383461263 0.141322000544
0.8 2.51327412287 0.0560660997805
0.8 2.72271363311 0.17838601245
0.8 2.93215314335 0.234213679959
0.8 3.14159265359 0.100501884582
0.8 3.35103216383 0.180681458859
0.8 3.56047167407 0.145990722336
0.8 3.76991118431 0.0739817446442
0.8 3.97935069455 0.0459468588383
0.8 4.18879020479 0.0514564752966
0.8 4.39822971503 0.118436963507
0.8 4.60766922527 0.208867875632
0.8 4.8171087355 0.276742729971
0.8 5.02654824574 0.245985183329
0.8 5.23598775598 0.285543163423
0.8 5.44542726622 0.41389792518
0.8 5.65486677646 0.360440749737
0.8 5.8643062867 0.423624992047
0.8 6.07374579694 0.220511633998

0.866666666667 0 0.284279490719
0.866666666667 0.209439510239 0.491518529396
0.866666666667 0.418879020479 0.602736028867
0.866666666667 0.628318530718 0.583791063833
0.866666666667 0.837758040957 0.505424211065
0.866666666667 1.0471975512 0.36836627235
0.866666666667 1.25663706144 0.163817216117
0.866666666667 1.46607657168 0.058012653684
0.866666666667 1.67551608191 0.223796348905
0.866666666667 1.88495559215 0.363396942654
0.866666666667 2.09439510239 0.328409838914
0.866666666667 2.30383461263 0.214663898529
0.866666666667 2.51327412287 0.0591637276722
0.866666666667 2.72271363311 0.126308045521
0.866666666667 2.93215314335 0.280339346656
0.866666666667 3.14159265359 0.185873029155
0.866666666667 3.35103216383 0.110470288558
0.866666666667 3.56047167407 0.116121030924
0.866666666667 3.76991118431 0.0978672226451
0.866666666667 3.97935069455 0.0876889562276
0.866666666667 4.18879020479 0.127014167633
0.866666666667 4.39822971503 0.220765303408
0.866666666667 4.60766922527 0.319764098561
0.866666666667 4.8171087355 0.294662438438
0.866666666667 5.02654824574 0.156190428301
0.866666666667 5.23598775598 0.344671438869
0.866666666667 5.44542726622 0.533496117234
0.866666666667 5.65486677646 0.352165542583
0.866666666667 5.8643062867 0.34436613035
0.866666666667 6.07374579694 0.257828207712

0.933333333333 0 0.304648229899
0.933333333333 0.209439510239 0.292501667517
0.933333333333 0.418879020479 0.287136760094
0.933333333333 0.628318530718 0.267569904543
0.933333333333 0.837758040957 0.226598700452
0.933333333333 1.0471975512 0.201454199176
0.933333333333 1.25663706144 0.265118680174
0.933333333333 1.46607657168 0.450207341076
0.933333333333 1.67551608191 0.632878879258
0.933333333333 1.88495559215 0.636026205629
0.933333333333 2.09439510239 0.477578107938
0.933333333333 2.30383461263 0.282128093977
0.933333333333 2.51327412287 0.123906787795
0.933333333333 2.72271363311 0.0732226596158
0.933333333333 2.93215314335 0.14346653031
0.933333333333 3.14159265359 0.21571879579
0.933333333333 3.35103216383 0.232210358227
0.933333333333 3.56047167407 0.238169911415
0.933333333333 3.76991118431 0.260037073328
0.933333333333 3.97935069455 0.291894034872
0.933333333333 4.18879020479 0.316212415849
0.933333333333 4.39822971503 0.29564959561
0.933333333333 4.60766922527 0.193475239306
0.933333333333 4.8171087355 0.0812568750299
0.933333333333 5.02654824574 0.188578970244
0.933333333333 5.23598775598 0.525822829351
0.933333333333 5.44542726622 0.640486317676
0.933333333333 5.65486677646 0.418781020606
0.933333333333 5.8643062867 0.278695719641
0.933333333333 6.07374579694 0.297654442468

