-1 0 0.359615311484
-1 0.209439510239 0.359615311484
-1 0.418879020479 0.359615311484
-1 0.628318530718 0.359615311484
-1 0.837758040957 0.359615311484
-1 1.0471975512 0.359615311485
-1 1.25663706144 0.359615311484
-1 1.46607657168 0.359615311484
-1 1.67551608191 0.359615311484
-1 1.88495559215 0.359615311484
-1 2.09439510239 0.359615311484
-1 2.30383461263 0.359615311484
-1 2.51327412287 0.359615311485
-1 2.72271363311 0.359615311485
-1 2.93215314335 0.359615311484
-1 3.14159265359 0.359615311484
-1 3.35103216383 0.359615311484
-1 3.56047167407 0.359615311484
-1 3.76991118431 0.359615311484
-1 3.97935069455 0.359615311484
-1 4.18879020479 0.359615311485
-1 4.39822971503 0.359615311484
-1 4.60766922527 0.359615311484
-1 4.8171087355 0.359615311484
-1 5.02654824574 0.359615311484
-1 5.23598775598 0.359615311484
-1 5.44542726622 0.359615311484
-1 5.65486677646 0.359615311485
-1 5.8643062867 0.359615311485
-1 6.07374579694 0.359615311484

-0.933333333333 0 0.682589530143
-0.933333333333 0.209439510239 0.852644921816
-0.933333333333 0.418879020479 0.924069144466
-0.933333333333 0.628318530718 0.907913059438
-0.933333333333 0.837758040957 0.83596799641
-0.933333333333 1.0471975512 0.696588841244
-0.933333333333 1.25663706144 0.475696229709
-0.933333333333 1.46607657168 0.230797533837
-0.933333333333 1.67551608191 0.0922671527939
-0.933333333333 1.88495559215 0.133909999614
-0.933333333333 2.09439510239 0.286940862755
-0.933333333333 2.30383461263 0.406789256584
-0.933333333333 2.51327412287 0.389361009814
-0.933333333333 2.72271363311 0.281917263248
-0.933333333333 2.93215314335 0.182347196993
-0.933333333333 3.14159265359 0.0999217992416
-0.933333333333 3.35103216383 0.0404444132107
-0.933333333333 3.56047167407 0.0228640814632
-0.933333333333 3.76991118431 0.0293516370974
-0.933333333333 3.97935069455 0.0299970257119
-0.933333333333 4.18879020479 0.0242854694759
-0.933333333333 4.39822971503 0.0648012160638
-0.933333333333 4.60766922527 0.237081236958
-0.933333333333 4.8171087355 0.499266489967
-0.933333333333 5.02654824574 0.584317144355
-0.933333333333 5.23598775598 0.440849296057
-0.933333333333 5.44542726622 0.419046454018
-0.933333333333 5.65486677646 0.520629050308
-0.933333333333 5.8643062867 0.517925546882
-0.933333333333 6.07374579694 0.530510453323

-0.866666666667 0 0.750227379249
-0.866666666667 0.209439510239 0.762662886095
-0.866666666667 0.418879020479 0.771038159888
-0.866666666667 0.628318530718 0.832364535792
-0.866666666667 0.837758040957 0.895956251636
-0.866666666667 1.0471975512 0.912357151083
-0.866666666667 1.25663706144 0.810173962367
-0.866666666667 1.46607657168 0.510511002004
-0.866666666667 1.67551608191 0.162348522559
-0.866666666667 1.88495559215 0.0844086568695
-0.866666666667 2.09439510239 0.216953864966
-0.866666666667 2.30383461263 0.419509205219
-0.866666666667 2.51327412287 0.391055329639
-0.866666666667 2.72271363311 0.152339536339
-0.866666666667 2.93215314335 0.0408615646166
-0.866666666667 3.14159265359 0.0391062602661
-0.866666666667 3.35103216383 0.161950327685
-0.866666666667 3.56047167407 0.312929948916
-0.866666666667 3.76991118431 0.410825579673
-0.866666666667 3.97935069455 0.445018893691
-0.866666666667 4.18879020479 0.396952179569
-0.866666666667 4.39822971503 0.243059196252
-0.866666666667 4.60766922527 0.0914482417736
-0.866666666667 4.8171087355 0.296015235201
-0.866666666667 5.02654824574 0.595376195399
-0.866666666667 5.23598775598 0.4322576715
-0.866666666667 5.44542726622 0.546647604004
-0.866666666667 5.65486677646 0.649435971058
-0.866666666667 5.8643062867 0.539514009131
-0.866666666667 6.07374579694 0.613930869119

-0.8 0 0.645326644273
-0.8 0.209439510239 0.818514932917
-0.8 0.418879020479 0.996171134139
-0.8 0.628318530718 1.12293049883
-0.8 0.837758040957 1.11384223078
-0.8 1.0471975512 1.03073341043
-0.8 1.25663706144 0.946329967592
-0.8 1.46607657168 0.737898978914
-0.8 1.67551608191 0.278091734292
-0.8 1.88495559215 0.0652579720381
-0.8 2.09439510239 0.200072701791
-0.8 2.30383461263 0.416971023526
-0.8 2.51327412287 0.356429600028
-0.8 2.72271363311 0.056779386877
-0.8 2.93215314335 0.034303493805
-0.8 3.14159265359 0.151704707036
-0.8 3.35103216383 0.321253868549
-0.8 3.56047167407 0.410846284716
-0.8 3.76991118431 0.49363451654
-0.8 3.97935069455 0.590644447608
-0.8 4.18879020479 0.660315835726
-0.8 4.39822971503 0.601717257419
-0.8 4.60766922527 0.313642108385
-0.8 4.8171087355 0.270800030568
-0.8 5.02654824574 0.57703212957
-0.8 5.23598775598 0.331483578527
-0.8 5.44542726622 0.666448837311
-0.8 5.65486677646 0.559044620269
-0.8 5.8643062867 0.386057614715
-0.8 6.07374579694 0.487201491268

-0.733333333333 0 0.833330402513
-0.733333333333 0.209439510239 1.04659491527
-0.733333333333 0.418879020479 1.27948375439
-0.733333333333 0.628318530718 1.43825333655
-0.733333333333 0.837758040957 1.41583189628
-0.733333333333 1.0471975512 1.23260047527
-0.733333333333 1.25663706144 0.969706529007
-0.733333333333 1.46607657168 0.777159018652
-0.733333333333 1.67551608191 0.416178839234
-0.733333333333 1.88495559215 0.0470135865036
-0.733333333333 2.09439510239 0.211646844983
-0.733333333333 2.30383461263 0.407034043288
-0.733333333333 2.51327412287 0.303473116424
-0.733333333333 2.72271363311 0.0208946475955
-0.733333333333 2.93215314335 0.0718980095193
-0.733333333333 3.14159265359 0.206966533371
-0.733333333333 3.35103216383 0.263906767229
-0.733333333333 3.56047167407 0.320514598053
-0.733333333333 3.76991118431 0.453430429984
-0.733333333333 3.97935069455 0.555180433942
-0.733333333333 4.18879020479 0.659469641765
-0.733333333333 4.39822971503 0.787657379649
-0.733333333333 4.60766922527 0.571971421447
-0.733333333333 4.8171087355 0.321144426862
-0.733333333333 5.02654824574 0.625765231363
-0.733333333333 5.23598775598 0.238327040036
-0.733333333333 5.44542726622 0.748254306752
-0.733333333333 5.65486677646 0.439831851856
-0.733333333333 5.8643062867 0.358471125688
-0.733333333333 6.07374579694 0.553119085501

-0.666666666667 0 0.905012549404
-0.666666666667 0.209439510239 0.988206643514
-0.666666666667 0.418879020479 1.2129246901
-0.666666666667 0.628318530718 1.3613596153
-0.666666666667 0.837758040957 1.52885774893
-0.666666666667 1.0471975512 1.59096572277
-0.666666666667 1.25663706144 1.23023070624
-0.666666666667 1.46607657168 0.741545925733
-0.666666666667 1.67551608191 0.480574631088
-0.666666666667 1.88495559215 0.0499194059461
-0.666666666667 2.09439510239 0.229468812957
-0.666666666667 2.30383461263 0.394667239029
-0.666666666667 2.51327412287 0.247900269294
-0.666666666667 2.72271363311 0.0250363205029
-0.666666666667 2.93215314335 0.097468345585
-0.666666666667 3.14159265359 0.177251567227
-0.666666666667 3.35103216383 0.189302307273
-0.666666666667 3.56047167407 0.39074356143
-0.666666666667 3.76991118431 0.557802155053
-0.666666666667 3.97935069455 0.541103446489
-0.666666666667 4.18879020479 0.529860978833
-0.666666666667 4.39822971503 0.75411173695
-0.666666666667 4.60766922527 0.781900866465
-0.666666666667 4.8171087355 0.365456159588
-0.666666666667 5.02654824574 0.691956042243
-0.666666666667 5.23598775598 0.189629919354
-0.666666666667 5.44542726622 0.804496564389
-0.666666666667 5.65486677646 0.402439959992
-0.666666666667 5.8643062867 0.458139935155
-0.666666666667 6.07374579694 0.675300146178

-0.6 0 0.763498349336
-0.6 0.209439510239 0.723881681006
-0.6 0.418879020479 0.805086786471
-0.6 0.628318530718 0.883748227301
-0.6 0.837758040957 1.24883470321
-0.6 1.0471975512 1.75740115039
-0.6 1.25663706144 1.70095236016
-0.6 1.46607657168 0.867513561329
-0.6 1.67551608191 0.451513723375
-0.6 1.88495559215 0.0781031106209
-0.6 2.09439510239 0.241519673174
-0.6 2.30383461263 0.382831807826
-0.6 2.51327412287 0.198722705943
-0.6 2.72271363311 0.0453274107659
-0.6 2.93215314335 0.102295930335
-0.6 3.14159265359 0.124394026253
-0.6 3.35103216383 0.246724823594
-0.6 3.56047167407 0.60656342839
-0.6 3.76991118431 0.668742032284
-0.6 3.97935069455 0.484668797274
-0.6 4.18879020479 0.362332591932
-0.6 4.39822971503 0.562886539422
-0.6 4.60766922527 0.875268482332
-0.6 4.8171087355 0.415161036014
-0.6 5.02654824574 0.731981691251
-0.6 5.23598775598 0.179476494498
-0.6 5.44542726622 0.846695010404
-0.6 5.65486677646 0.428193583245
-0.6 5.8643062867 0.567677128191
-0.6 6.07374579694 0.677034684197

-0.533333333333 0 0.568452392273
-0.533333333333 0.209439510239 0.455446867447
-0.533333333333 0.418879020479 0.407814985088
-0.533333333333 0.628318530718 0.482017958885
-0.533333333333 0.837758040957 0.845130592473
-0.533333333333 1.0471975512 1.58999860973
-0.533333333333 1.25663706144 2.08894791345
-0.533333333333 1.46607657168 1.20329977495
-0.533333333333 1.67551608191 0.384659643244
-0.533333333333 1.88495559215 0.121143106875
-0.533333333333 2.09439510239 0.243759709378
-0.533333333333 2.30383461263 0.37313853393
-0.533333333333 2.51327412287 0.159617309231
-0.533333333333 2.72271363311 0.0667300358946
-0.533333333333 2.93215314335 0.095415529769
-0.533333333333 3.14159265359 0.100789889495
-0.533333333333 3.35103216383 0.415256714399
-0.533333333333 3.56047167407 0.795922349373
-0.533333333333 3.76991118431 0.655745622259
-0.533333333333 3.97935069455 0.348138018595
-0.533333333333 4.18879020479 0.2045623287
-0.533333333333 4.39822971503 0.346986400834
-0.533333333333 4.60766922527 0.833132756505
-0.533333333333 4.8171087355 0.474591939492
-0.533333333333 5.02654824574 0.735889850326
-0.533333333333 5.23598775598 0.194311994849
-0.533333333333 5.44542726622 0.878264473724
-0.533333333333 5.65486677646 0.475926185207
-0.533333333333 5.8643062867 0.627307573666
-0.533333333333 6.07374579694 0.570729319884

-0.466666666667 0 0.433822381607
-0.466666666667 0.209439510239 0.312120842644
-0.466666666667 0.418879020479 0.319826276084
-0.466666666667 0.628318530718 0.471660078719
-0.466666666667 0.837758040957 0.6202850034
-0.466666666667 1.0471975512 1.25453456239
-0.466666666667 1.25663706144 2.21923226808
-0.466666666667 1.46607657168 1.64528487674
-0.466666666667 1.67551608191 0.343511671598
-0.466666666667 1.88495559215 0.166527583176
-0.466666666667 2.09439510239 0.236740873962
-0.466666666667 2.30383461263 0.366333585375
-0.466666666667 2.51327412287 0.131020721206
-0.466666666667 2.72271363311 0.0829507383675
-0.466666666667 2.93215314335 0.0865223275529
-0.466666666667 3.14159265359 0.121917871245
-0.466666666667 3.35103216383 0.609949713855
-0.466666666667 3.56047167407 0.872192041179
-0.466666666667 3.76991118431 0.551489426159
-0.466666666667 3.97935069455 0.20618214774
-0.466666666667 4.18879020479 0.0960037137582
-0.466666666667 4.39822971503 0.207866867137
-0.466666666667 4.60766922527 0.703470159399
-0.466666666667 4.8171087355 0.529744118706
-0.466666666667 5.02654824574 0.711717104171
-0.466666666667 5.23598775598 0.223379160076
-0.466666666667 5.44542726622 0.899576126178
-0.466666666667 5.65486677646 0.520509143016
-0.466666666667 5.8643062867 0.635220772104
-0.466666666667 6.07374579694 0.439204013554

-0.4 0 0.379632125539
-0.4 0.209439510239 0.310110458893
-0.4 0.418879020479 0.52282058338
-0.4 0.628318530718 0.766018442578
-0.4 0.837758040957 0.624602234029
-0.4 1.0471975512 0.93956063713
-0.4 1.25663706144 2.11544626593
-0.4 1.46607657168 2.0694657582
-0.4 1.67551608191 0.359465136905
-0.4 1.88495559215 0.205769870805
-0.4 2.09439510239 0.222996324487
-0.4 2.30383461263 0.362637805977
-0.4 2.51327412287 0.111744787654
-0.4 2.72271363311 0.0929987429841
-0.4 2.93215314335 0.0811141660494
-0.4 3.14159265359 0.177713896059
-0.4 3.35103216383 0.767900992939
-0.4 3.56047167407 0.851656399415
-0.4 3.76991118431 0.44430308234
-0.4 3.97935069455 0.142091047796
-0.4 4.18879020479 0.0672017440494
-0.4 4.39822971503 0.167098674505
-0.4 4.60766922527 0.558857463958
-0.4 4.8171087355 0.568317346877
-0.4 5.02654824574 0.672209014743
-0.4 5.23598775598 0.259428533798
-0.4 5.44542726622 0.910830269825
-0.4 5.65486677646 0.552390318424
-0.4 5.8643062867 0.610449766198
-0.4 6.07374579694 0.339784613089

-0.333333333333 0 0.380999444806
-0.333333333333 0.209439510239 0.391181968535
-0.333333333333 0.418879020479 0.821759086199
-0.333333333333 0.628318530718 1.10839417247
-0.333333333333 0.837758040957 0.746101458696
-0.333333333333 1.0471975512 0.72664852722
-0.333333333333 1.25663706144 1.88678528671
-0.333333333333 1.46607657168 2.40074808545
-0.333333333333 1.67551608191 0.431292979031
-0.333333333333 1.88495559215 0.235170274045
-0.333333333333 2.09439510239 0.205440376249
-0.333333333333 2.30383461263 0.361973057333
-0.333333333333 2.51327412287 0.0999922280709
-0.333333333333 2.72271363311 0.0981646842233
-0.333333333333 2.93215314335 0.0808751638604
-0.333333333333 3.14159265359 0.250202398768
-0.333333333333 3.35103216383 0.867617089273
-0.333333333333 3.56047167407 0.785059938333
-0.333333333333 3.76991118431 0.387178632396
-0.333333333333 3.97935069455 0.178131432288
-0.333333333333 4.18879020479 0.119007578087
-0.333333333333 4.39822971503 0.198080148888
-0.333333333333 4.60766922527 0.448489714866
-0.333333333333 4.8171087355 0.587202572097
-0.333333333333 5.02654824574 0.628235281501
-0.333333333333 5.23598775598 0.297829570345
-0.333333333333 5.44542726622 0.912719219565
-0.333333333333 5.65486677646 0.570719482517
-0.333333333333 5.8643062867 0.571972009714
-0.333333333333 6.07374579694 0.289130062923

-0.266666666667 0 0.406885510277
-0.266666666667 0.209439510239 0.48805243468
-0.266666666667 0.418879020479 1.0494387691
-0.266666666667 0.628318530718 1.31629670461
-0.266666666667 0.837758040957 0.865932186448
-0.266666666667 1.0471975512 0.61425245243
-0.266666666667 1.25663706144 1.63026477443
-0.266666666667 1.46607657168 2.6212397006
-0.266666666667 1.67551608191 0.540312383152
-0.266666666667 1.88495559215 0.254472701421
-0.266666666667 2.09439510239 0.186565107059
-0.266666666667 2.30383461263 0.36410647315
-0.266666666667 2.51327412287 0.0939163751856
-0.266666666667 2.72271363311 0.100224503342
-0.266666666667 2.93215314335 0.0852936091213
-0.266666666667 3.14159265359 0.323990645366
-0.266666666667 3.35103216383 0.915101912367
-0.266666666667 3.56047167407 0.712617847535
-0.266666666667 3.76991118431 0.386481052357
-0.266666666667 3.97935069455 0.284478920255
-0.266666666667 4.18879020479 0.222862003455
-0.266666666667 4.39822971503 0.263946096236
-0.266666666667 4.60766922527 0.386334118168
-0.266666666667 4.8171087355 0.590245526469
-0.266666666667 5.02654824574 0.586715890059
-0.266666666667 5.23598775598 0.335798000791
-0.266666666667 5.44542726622 0.906308050066
-0.266666666667 5.65486677646 0.578358324067
-0.266666666667 5.8643062867 0.532493203773
-0.266666666667 6.07374579694 0.279812928966

-0.2 0 0.435560584403
-0.2 0.209439510239 0.559256839204
-0.2 0.418879020479 1.14507254838
-0.2 0.628318530718 1.35379160001
-0.2 0.837758040957 0.930292076154
-0.2 1.0471975512 0.570867772664
-0.2 1.25663706144 1.40208281872
-0.2 1.46607657168 2.74961313692
-0.2 1.67551608191 0.663644490966
-0.2 1.88495559215 0.265254795142
-0.2 2.09439510239 0.168152662167
-0.2 2.30383461263 0.36873780454
-0.2 2.51327412287 0.0918886828198
-0.2 2.72271363311 0.100632801364
-0.2 2.93215314335 0.0930119772424
-0.2 3.14159265359 0.389573537628
-0.2 3.35103216383 0.926224392278
-0.2 3.56047167407 0.654215214904
-0.2 3.76991118431 0.425077348536
-0.2 3.97935069455 0.417102805411
-0.2 4.18879020479 0.341637638943
-0.2 4.39822971503 0.33587574367
-0.2 4.60766922527 0.364140922313
-0.2 4.8171087355 0.583999455279
-0.2 5.02654824574 0.550877680307
-0.2 5.23598775598 0.371853762487
-0.2 5.44542726622 0.892781527027
-0.2 5.65486677646 0.579183457626
-0.2 5.8643062867 0.498627457464
-0.2 6.07374579694 0.296789400939

-0.133333333333 0 0.456427897594
-0.133333333333 0.209439510239 0.591600356853
-0.133333333333 0.418879020479 1.12921042432
-0.133333333333 0.628318530718 1.27691403028
-0.133333333333 0.837758040957 0.942527379051
-0.133333333333 1.0471975512 0.567277586022
-0.133333333333 1.25663706144 1.22527897583
-0.133333333333 1.46607657168 2.81770020257
-0.133333333333 1.67551608191 0.781145359743
-0.133333333333 1.88495559215 0.269725589376
-0.133333333333 2.09439510239 0.151272837052
-0.133333333333 2.30383461263 0.375547361903
-0.133333333333 2.51327412287 0.0925990708826
-0.133333333333 2.72271363311 0.100293207238
-0.133333333333 2.93215314335 0.102604679328
-0.133333333333 3.14159265359 0.442809479058
-0.133333333333 3.35103216383 0.916339236005
-0.133333333333 3.56047167407 0.614942415916
-0.133333333333 3.76991118431 0.48360815337
-0.133333333333 3.97935069455 0.543840345881
-0.133333333333 4.18879020479 0.447657499468
-0.133333333333 4.39822971503 0.39746361756
-0.133333333333 4.60766922527 0.366526031358
-0.133333333333 4.8171087355 0.574696910633
-0.133333333333 5.02654824574 0.521338584015
-0.133333333333 5.23598775598 0.405432825579
-0.133333333333 5.44542726622 0.873244200424
-0.133333333333 5.65486677646 0.576840385226
-0.133333333333 5.8643062867 0.47280233646
-0.133333333333 6.07374579694 0.3262238148

-0.0666666666667 0 0.466918878838
-0.0666666666667 0.209439510239 0.589402272691
-0.0666666666667 0.418879020479 1.05086058642
-0.0666666666667 0.628318530718 1.15919971942
-0.0666666666667 0.837758040957 0.929731061442
-0.0666666666667 1.0471975512 0.585941164011
-0.0666666666667 1.25663706144 1.10456872195
-0.0666666666667 1.46607657168 2.85550010861
-0.0666666666667 1.67551608191 0.877553794493
-0.0666666666667 1.88495559215 0.270028888951
-0.0666666666667 2.09439510239 0.136408714911
-0.0666666666667 2.30383461263 0.384216055616
-0.0666666666667 2.51327412287 0.0950718298087
-0.0666666666667 2.72271363311 0.0995936017202
-0.0666666666667 2.93215314335 0.112897053515
-0.0666666666667 3.14159265359 0.483183535
-0.0666666666667 3.35103216383 0.896747812292
-0.0666666666667 3.56047167407 0.592419321744
-0.0666666666667 3.76991118431 0.549331776525
-0.0666666666667 3.97935069455 0.650104258864
-0.0666666666667 4.18879020479 0.527661118291
-0.0666666666667 4.39822971503 0.442360919702
-0.0666666666667 4.60766922527 0.379591114677
-0.0666666666667 4.8171087355 0.566917811262
-0.0666666666667 5.02654824574 0.497214925302
-0.0666666666667 5.23598775598 0.436603376537
-0.0666666666667 5.44542726622 0.848600733733
-0.0666666666667 5.65486677646 0.5742697713
-0.0666666666667 5.8643062867 0.455088839605
-0.0666666666667 6.07374579694 0.358433235754

6.12323399574e-17 0 0.468992604134
6.12323399574e-17 0.209439510239 0.563512300009
6.12323399574e-17 0.418879020479 0.952317371943
6.12323399574e-17 0.628318530718 1.05212101987
6.12323399574e-17 0.837758040957 0.918488670323
6.12323399574e-17 1.0471975512 0.618936571478
6.12323399574e-17 1.25663706144 1.03778382616
6.12323399574e-17 1.46607657168 2.88444959953
6.12323399574e-17 1.67551608191 0.942295413434
6.12323399574e-17 1.88495559215 0.267933183366
6.12323399574e-17 2.09439510239 0.123618831024
6.12323399574e-17 2.30383461263 0.394424578144
6.12323399574e-17 2.51327412287 0.0986469167171
6.12323399574e-17 2.72271363311 0.0985290946256
6.12323399574e-17 2.93215314335 0.123007985884
6.12323399574e-17 3.14159265359 0.512142649015
6.12323399574e-17 3.35103216383 0.874813716919
6.12323399574e-17 3.56047167407 0.581501277704
6.12323399574e-17 3.76991118431 0.615674919878
6.12323399574e-17 3.97935069455 0.733031783391
6.12323399574e-17 4.18879020479 0.578933543425
6.12323399574e-17 4.39822971503 0.470061985326
6.12323399574e-17 4.60766922527 0.393944566233
6.12323399574e-17 4.8171087355 0.563404752345
6.12323399574e-17 5.02654824574 0.476944223271
6.12323399574e-17 5.23598775598 0.465858613241
6.12323399574e-17 5.44542726622 0.819500226508
6.12323399574e-17 5.65486677646 0.573601421425
6.12323399574e-17 5.8643062867 0.444488598404
6.12323399574e-17 6.07374579694 0.387853663324

0.0666666666667 0 0.46676007817
0.0666666666667 0.209439510239 0.524555912646
0.0666666666667 0.418879020479 0.857885550194
0.0666666666667 0.628318530718 0.978368025792
0.0666666666667 0.837758040957 0.925101228692
0.0666666666667 1.0471975512 0.663412884243
0.0666666666667 1.25663706144 1.02249053332
0.0666666666667 1.46607657168 2.91500093783
0.0666666666667 1.67551608191 0.968764459991
0.0666666666667 1.88495559215 0.264745119304
0.0666666666667 2.09439510239 0.112690252559
0.0666666666667 2.30383461263 0.405833879862
0.0666666666667 2.51327412287 0.102956535653
0.0666666666667 2.72271363311 0.0968339336315
0.0666666666667 2.93215314335 0.132254545856
0.0666666666667 3.14159265359 0.531860431705
0.0666666666667 3.35103216383 0.855427289829
0.0666666666667 3.56047167407 0.576469672596
0.0666666666667 3.76991118431 0.678061787888
0.0666666666667 3.97935069455 0.793431910136
0.0666666666667 4.18879020479 0.603480466112
0.0666666666667 4.39822971503 0.482459937113
0.0666666666667 4.60766922527 0.40488689869
0.0666666666667 4.8171087355 0.565357770517
0.0666666666667 5.02654824574 0.458782778931
0.0666666666667 5.23598775598 0.493968060909
0.0666666666667 5.44542726622 0.786324583477
0.0666666666667 5.65486677646 0.576194510274
0.0666666666667 5.8643062867 0.439695180633
0.0666666666667 6.07374579694 0.411939212208

0.133333333333 0 0.465297752417
0.133333333333 0.209439510239 0.480347002567
0.133333333333 0.418879020479 0.776172377943
0.133333333333 0.628318530718 0.9393223115
0.133333333333 0.837758040957 0.954229818183
0.133333333333 1.0471975512 0.718392382097
0.133333333333 1.25663706144 1.05857025294
0.133333333333 1.46607657168 2.94516962286
0.133333333333 1.67551608191 0.954198551209
0.133333333333 1.88495559215 0.261313480255
0.133333333333 2.09439510239 0.10326585106
0.133333333333 2.30383461263 0.41804562653
0.133333333333 2.51327412287 0.107913044045
0.133333333333 2.72271363311 0.0941018826982
0.133333333333 2.93215314335 0.140005086487
0.133333333333 3.14159265359 0.544309260877
0.133333333333 3.35103216383 0.842710989186
0.133333333333 3.56047167407 0.572227935126
0.133333333333 3.76991118431 0.72974008458
0.133333333333 3.97935069455 0.830009060671
0.133333333333 4.18879020479 0.603943153932
0.133333333333 4.39822971503 0.481992521837
0.133333333333 4.60766922527 0.411703959924
0.133333333333 4.8171087355 0.572759319841
0.133333333333 5.02654824574 0.441044542693
0.133333333333 5.23598775598 0.521864382937
0.133333333333 5.44542726622 0.749206719187
0.133333333333 5.65486677646 0.582708991278
0.133333333333 5.8643062867 0.439469360212
0.133333333333 6.07374579694 0.42993769205

0.2 0 0.470197627328
0.2 0.209439510239 0.436055173529
0.2 0.418879020479 0.706466998791
0.2 0.628318530718 0.924404332608
0.2 0.837758040957 1.00084745257
0.2 1.0471975512 0.783949109484
0.2 1.25663706144 1.14679713744
0.2 1.46607657168 2.95867025844
0.2 1.67551608191 0.900662335987
0.2 1.88495559215 0.258046876882
0.2 2.09439510239 0.0949454245138
0.2 2.30383461263 0.43053704055
0.2 2.51327412287 0.113717654655
0.2 2.72271363311 0.0899069074087
0.2 2.93215314335 0.145540370148
0.2 3.14159265359 0.550335479182
0.2 3.35103216383 0.841357187071
0.2 3.56047167407 0.566158041235
0.2 3.76991118431 0.759937553171
0.2 3.97935069455 0.837092136635
0.2 4.18879020479 0.582158416399
0.2 4.39822971503 0.471306262804
0.2 4.60766922527 0.416915182877
0.2 4.8171087355 0.584538243916
0.2 5.02654824574 0.422182310777
0.2 5.23598775598 0.550540123592
0.2 5.44542726622 0.708069883806
0.2 5.65486677646 0.593148322164
0.2 5.8643062867 0.44276521071
0.2 6.07374579694 0.441911918467

0.266666666667 0 0.487223263365
0.266666666667 0.209439510239 0.395907276585
0.266666666667 0.418879020479 0.644702858755
0.266666666667 0.628318530718 0.918817342085
0.266666666667 0.837758040957 1.05412919251
0.266666666667 1.0471975512 0.862420484691
0.266666666667 1.25663706144 1.28191814153
0.266666666667 1.46607657168 2.92370245065
0.266666666667 1.67551608191 0.816903247602
0.266666666667 1.88495559215 0.254942958076
0.266666666667 2.09439510239 0.0873683845723
0.266666666667 2.30383461263 0.442559694326
0.266666666667 2.51327412287 0.120892536679
0.266666666667 2.72271363311 0.0839554746709
0.266666666667 2.93215314335 0.14799216841
0.266666666667 3.14159265359 0.548465371714
0.266666666667 3.35103216383 0.856639795036
0.266666666667 3.56047167407 0.561649716917
0.266666666667 3.76991118431 0.756581463639
0.266666666667 3.97935069455 0.806449825704
0.266666666667 4.18879020479 0.540304856337
0.266666666667 4.39822971503 0.454086121906
0.266666666667 4.60766922527 0.42551965898
0.266666666667 4.8171087355 0.598559026785
0.266666666667 5.02654824574 0.400831207065
0.266666666667 5.23598775598 0.580917014715
0.266666666667 5.44542726622 0.662686991103
0.266666666667 5.65486677646 0.606844491415
0.266666666667 5.8643062867 0.448706249558
0.266666666667 6.07374579694 0.448123167449

0.333333333333 0 0.521292769065
0.333333333333 0.209439510239 0.365750667925
0.333333333333 0.418879020479 0.587560370492
0.333333333333 0.628318530718 0.910165130706
0.333333333333 0.837758040957 1.10356474489
0.333333333333 1.0471975512 0.958432070295
0.333333333333 1.25663706144 1.43894422955
0.333333333333 1.46607657168 2.79667049034
0.333333333333 1.67551608191 0.719585559147
0.333333333333 1.88495559215 0.251737897932
0.333333333333 2.09439510239 0.080286196209
0.333333333333 2.30383461263 0.45298604925
0.333333333333 2.51327412287 0.13033058406
0.333333333333 2.72271363311 0.0763168349978
0.333333333333 2.93215314335 0.14647351154
0.333333333333 3.14159265359 0.533524620596
0.333333333333 3.35103216383 0.890975341768
0.333333333333 3.56047167407 0.572062388419
0.333333333333 3.76991118431 0.715087456943
0.333333333333 3.97935069455 0.733985144689
0.333333333333 4.18879020479 0.484332294425
0.333333333333 4.39822971503 0.436392923006
0.333333333333 4.60766922527 0.443803753727
0.333333333333 4.8171087355 0.611512812984
0.333333333333 5.02654824574 0.375976555382
0.333333333333 5.23598775598 0.613641319041
0.333333333333 5.44542726622 0.612763452242
0.333333333333 5.65486677646 0.622373532717
0.333333333333 5.8643062867 0.456474445773
0.333333333333 6.07374579694 0.448832475184

0.4 0 0.57389817972
0.4 0.209439510239 0.355934918328
0.4 0.418879020479 0.534381714167
0.4 0.628318530718 0.892569750801
0.4 0.837758040957 1.14389135789
0.4 1.0471975512 1.06876998569
0.4 1.25663706144 1.55776413906
0.4 1.46607657168 2.53848007304
0.4 1.67551608191 0.630673552685
0.4 1.88495559215 0.248436476138
0.4 2.09439510239 0.0736276067051
0.4 2.30383461263 0.460081845363
0.4 2.51327412287 0.143334374583
0.4 2.72271363311 0.0677970452315
0.4 2.93215314335 0.140575503644
0.4 3.14159265359 0.496104983937
0.4 3.35103216383 0.933876819524
0.4 3.56047167407 0.618684496359
0.4 3.76991118431 0.650197517219
0.4 3.97935069455 0.630356514546
0.4 4.18879020479 0.428089018106
0.4 4.39822971503 0.427087587406
0.4 4.60766922527 0.477210854865
0.4 4.8171087355 0.618740412708
0.4 5.02654824574 0.347483922776
0.4 5.23598775598 0.648742833593
0.4 5.44542726622 0.558052239276
0.4 5.65486677646 0.637402918215
0.4 5.8643062867 0.465146297831
0.4 6.07374579694 0.444613262475

0.466666666667 0 0.638412839125
0.466666666667 0.209439510239 0.382926035654
0.466666666667 0.418879020479 0.488025200781
0.466666666667 0.628318530718 0.862145786225
0.466666666667 0.837758040957 1.16609076501
0.466666666667 1.0471975512 1.15358230056
0.466666666667 1.25663706144 1.54621529636
0.466666666667 1.46607657168 2.14884074942
0.466666666667 1.67551608191 0.567066871823
0.466666666667 1.88495559215 0.246586727028
0.466666666667 2.09439510239 0.0675410106894
0.466666666667 2.30383461263 0.461184643157
0.466666666667 2.51327412287 0.161557280006
0.466666666667 2.72271363311 0.0605415816061
0.466666666667 2.93215314335 0.131390157162
0.466666666667 3.14159265359 0.42563662346
0.466666666667 3.35103216383 0.945899124964
0.466666666667 3.56047167407 0.709444235707
0.466666666667 3.76991118431 0.597974306242
0.466666666667 3.97935069455 0.527952145955
0.466666666667 4.18879020479 0.392956207373
0.466666666667 4.39822971503 0.435159068285
0.466666666667 4.60766922527 0.527363891898
0.466666666667 4.8171087355 0.613778872628
0.466666666667 5.02654824574 0.317311403495
0.466666666667 5.23598775598 0.6850880831
0.466666666667 5.44542726622 0.498516712147
0.466666666667 5.65486677646 0.648492507266
0.466666666667 5.8643062867 0.473488399517
0.466666666667 6.07374579694 0.4372913954

0.533333333333 0 0.694527093619
0.533333333333 0.209439510239 0.465051010295
0.533333333333 0.418879020479 0.458645325964
0.533333333333 0.628318530718 0.80259790613
0.533333333333 0.837758040957 1.12542048828
0.533333333333 1.0471975512 1.11308798119
0.533333333333 1.25663706144 1.33149210046
0.533333333333 1.46607657168 1.70031187443
0.533333333333 1.67551608191 0.523581683096
0.533333333333 1.88495559215 0.251324041508
0.533333333333 2.09439510239 0.0623686381374
0.533333333333 2.30383461263 0.452308097547
0.533333333333 2.51327412287 0.186611089951
0.533333333333 2.72271363311 0.0589432445357
0.533333333333 2.93215314335 0.122856644905
0.533333333333 3.14159265359 0.321486065233
0.533333333333 3.35103216383 0.855484160446
0.533333333333 3.56047167407 0.790989703719
0.533333333333 3.76991118431 0.585207330467
0.533333333333 3.97935069455 0.465980448602
0.533333333333 4.18879020479 0.394338021324
0.533333333333 4.39822971503 0.463584420352
0.533333333333 4.60766922527 0.589451744881
0.533333333333 4.8171087355 0.587120189504
0.533333333333 5.02654824574 0.291692266708
0.533333333333 5.23598775598 0.719572713585
0.533333333333 5.44542726622 0.434561024126
0.533333333333 5.65486677646 0.650905023112
0.533333333333 5.8643062867 0.479700683756
0.533333333333 6.07374579694 0.43141415565

0.6 0 0.707738926741
0.6 0.209439510239 0.603542879126
0.6 0.418879020479 0.472235728786
0.6 0.628318530718 0.690339409561
0.6 0.837758040957 0.937464555797
0.6 1.0471975512 0.853727038476
0.6 1.25663706144 0.95686616503
0.6 1.46607657168 1.30396142083
0.6 1.67551608191 0.467495160571
0.6 1.88495559215 0.272386804989
0.6 2.09439510239 0.0585012177725
0.6 2.30383461263 0.427884220052
0.6 2.51327412287 0.218760711968
0.6 2.72271363311 0.0707179919855
0.6 2.93215314335 0.122064212756
0.6 3.14159265359 0.213991339678
0.6 3.35103216383 0.613876852449
0.6 3.56047167407 0.726858689048
0.6 3.76991118431 0.56272471557
0.6 3.97935069455 0.44000228125
0.6 4.18879020479 0.417404107734
0.6 4.39822971503 0.507209712505
0.6 4.60766922527 0.651281425708
0.6 4.8171087355 0.524460524295
0.6 5.02654824574 0.284097463635
0.6 5.23598775598 0.74607257114
0.6 5.44542726622 0.367358339632
0.6 5.65486677646 0.638550808199
0.6 5.8643062867 0.481061651991
0.6 6.07374579694 0.435233322196

0.666666666667 0 0.646953283364
0.666666666667 0.209439510239 0.743172452061
0.666666666667 0.418879020479 0.562879116929
0.666666666667 0.628318530718 0.559398604895
0.666666666667 0.837758040957 0.609105212414
0.666666666667 1.0471975512 0.463951487976
0.666666666667 1.25663706144 0.617412976186
0.666666666667 1.46607657168 0.964463031927
0.666666666667 1.67551608191 0.383230249023
0.666666666667 1.88495559215 0.317398082016
0.666666666667 2.09439510239 0.0563146272992
0.666666666667 2.30383461263 0.381597922988
0.666666666667 2.51327412287 0.253555415816
0.666666666667 2.72271363311 0.106853204921
0.666666666667 2.93215314335 0.135443037981
0.666666666667 3.14159265359 0.177289815242
0.666666666667 3.35103216383 0.316431058952
0.666666666667 3.56047167407 0.44656883764
0.666666666667 3.76991118431 0.417015097542
0.666666666667 3.97935069455 0.380530130055
0.666666666667 4.18879020479 0.428523510554
0.666666666667 4.39822971503 0.567057434318
0.666666666667 4.60766922527 0.690708841146
0.666666666667 4.8171087355 0.409674465031
0.666666666667 5.02654824574 0.317044773695
0.666666666667 5.23598775598 0.75438382367
0.666666666667 5.44542726622 0.299319384842
0.666666666667 5.65486677646 0.604327358768
0.666666666667 5.8643062867 0.473384537314
0.666666666667 6.07374579694 0.457964198337

0.733333333333 0 0.530446510514
0.733333333333 0.209439510239 0.749144768802
0.733333333333 0.418879020479 0.691672493449
0.733333333333 0.628318530718 0.525060474628
0.733333333333 0.837758040957 0.368379300758
0.733333333333 1.0471975512 0.233283247389
0.733333333333 1.25663706144 0.4350403679
0.733333333333 1.46607657168 0.561249484091
0.733333333333 1.67551608191 0.356702325516
0.733333333333 1.88495559215 0.365340794789
0.733333333333 2.09439510239 0.0577557973069
0.733333333333 2.30383461263 0.311578550569
0.733333333333 2.51327412287 0.275658922104
0.733333333333 2.72271363311 0.175100439138
0.733333333333 2.93215314335 0.159221596462
0.733333333333 3.14159265359 0.266882208644
0.733333333333 3.35103216383 0.237568013622
0.733333333333 3.56047167407 0.210857012559
0.733333333333 3.76991118431 0.232750616169
0.733333333333 3.97935069455 0.314650651524
0.733333333333 4.18879020479 0.470747501384
0.733333333333 4.39822971503 0.659563622813
0.733333333333 4.60766922527 0.657465904935
0.733333333333 4.8171087355 0.248292133866
0.733333333333 5.02654824574 0.416312033496
0.733333333333 5.23598775598 0.729880006535
0.733333333333 5.44542726622 0.234772029127
0.733333333333 5.65486677646 0.541386557324
0.733333333333 5.8643062867 0.450239193285
0.733333333333 6.07374579694 0.497187179107

0.8 0 0.4593669135
0.8 0.209439510239 0.547088949943
0.8 0.418879020479 0.631797506147
0.8 0.628318530718 0.530937834045
0.8 0.837758040957 0.338714488813
0.8 1.0471975512 0.207768161195
0.8 1.25663706144 0.226712989279
0.8 1.46607657168 0.254762691108
0.8 1.67551608191 0.492308470898
0.8 1.88495559215 0.333934342859
0.8 2.09439510239 0.0746691766837
0.8 2.30383461263 0.236896655814
0.8 2.51327412287 0.258068493928
0.8 2.72271363311 0.256455453518
0.8 2.93215314335 0.175516934858
0.8 3.14159265359 0.363095098029
0.8 3.35103216383 0.477796795582
0.8 3.56047167407 0.428171207983
0.8 3.76991118431 0.407121743248
0.8 3.97935069455 0.501652377815
0.8 4.18879020479 0.658968401109
0.8 4.39822971503 0.717326415371
0.8 4.60766922527 0.453799751224
0.8 4.8171087355 0.126884355864
0.8 5.02654824574 0.583648071558
0.8 5.23598775598 0.655722210403
0.8 5.44542726622 0.181007024775
0.8 5.65486677646 0.446441310202
0.8 5.8643062867 0.402498515481
0.8 6.07374579694 0.513640201105

0.866666666667 0 0.48140091887
0.866666666667 0.209439510239 0.410212730009
0.866666666667 0.418879020479 0.366507942876
0.866666666667 0.628318530718 0.313226148893
0.866666666667 0.837758040957 0.21491310487
0.866666666667 1.0471975512 0.137384921184
0.866666666667 1.25663706144 0.181358419255
0.866666666667 1.46607657168 0.405291040604
0.866666666667 1.67551608191 0.51716025459
0.866666666667 1.88495559215 0.171707080011
0.866666666667 2.09439510239 0.144142724224
0.866666666667 2.30383461263 0.218539428077
0.866666666667 2.51327412287 0.203870112549
0.866666666667 2.72271363311 0.28366900988
0.866666666667 2.93215314335 0.186141288181
0.866666666667 3.14159265359 0.246247869191
0.866666666667 3.35103216383 0.4790656858
0.866666666667 3.56047167407 0.657762271413
0.866666666667 3.76991118431 0.729274532945
0.866666666667 3.97935069455 0.738588892251
0.866666666667 4.18879020479 0.660914854492
0.866666666667 4.39822971503 0.421418441801
0.866666666667 4.60766922527 0.127004847005
0.866666666667 4.8171087355 0.248277830135
0.866666666667 5.02654824574 0.735718434368
0.866666666667 5.23598775598 0.521959303902
0.866666666667 5.44542726622 0.150183474151
0.866666666667 5.65486677646 0.327663133149
0.866666666667 5.8643062867 0.321723957035
0.866666666667 6.07374579694 0.421613469598

0.933333333333 0 0.28287429915
0.933333333333 0.209439510239 0.368572022278
0.933333333333 0.418879020479 0.390023357065
0.933333333333 0.628318530718 0.373666925996
0.933333333333 0.837758040957 0.359976482151
0.933333333333 1.0471975512 0.366395657175
0.933333333333 1.25663706144 0.365150535542
0.933333333333 1.46607657168 0.280421224466
0.933333333333 1.67551608191 0.126607110703
0.933333333333 1.88495559215 0.123304273356
0.933333333333 2.09439510239 0.295081533667
0.933333333333 2.30383461263 0.306184932698
0.933333333333 2.51327412287 0.224698590826
0.933333333333 2.72271363311 0.249312181842
0.933333333333 2.93215314335 0.246750290716
0.933333333333 3.14159265359 0.169175782403
0.933333333333 3.35103216383 0.120575412656
0.933333333333 3.56047167407 0.131917933654
0.933333333333 3.76991118431 0.150475137057
0.933333333333 3.97935069455 0.131742036552
0.933333333333 4.18879020479 0.0909777692535
0.933333333333 4.39822971503 0.117121086951
0.933333333333 4.60766922527 0.315631707655
0.933333333333 4.8171087355 0.608707145127
0.933333333333 5.02654824574 0.654092355689
0.933333333333 5.23598775598 0.352144298793
0.933333333333 5.44542726622 0.16462583236
0.933333333333 5.65486677646 0.224852689912
0.933333333333 5.8643062867 0.224082207635
0.933333333333 6.07374579694 0.202418193221

