-1 0 0.0144278482664
-1 0.209439510239 0.0144278482664
-1 0.418879020479 0.0144278482665
-1 0.628318530718 0.0144278482666
-1 0.837758040957 0.0144278482666
-1 1.0471975512 0.0144278482666
-1 1.25663706144 0.0144278482665
-1 1.46607657168 0.0144278482664
-1 1.67551608191 0.0144278482664
-1 1.88495559215 0.0144278482664
-1 2.09439510239 0.0144278482665
-1 2.30383461263 0.0144278482666
-1 2.51327412287 0.0144278482666
-1 2.72271363311 0.0144278482666
-1 2.93215314335 0.0144278482665
-1 3.14159265359 0.0144278482664
-1 3.35103216383 0.0144278482664
-1 3.56047167407 0.0144278482665
-1 3.76991118431 0.0144278482666
-1 3.97935069455 0.0144278482666
-1 4.18879020479 0.0144278482666
-1 4.39822971503 0.0144278482665
-1 4.60766922527 0.0144278482664
-1 4.8171087355 0.0144278482664
-1 5.02654824574 0.0144278482664
-1 5.23598775598 0.0144278482665
-1 5.44542726622 0.0144278482666
-1 5.65486677646 0.0144278482666
-1 5.8643062867 0.0144278482666
-1 6.07374579694 0.0144278482665

-0.933333333333 0 0.256373424558
-0.933333333333 0.209439510239 0.250550128628
-0.933333333333 0.418879020479 0.236189735921
-0.933333333333 0.628318530718 0.215644547808
-0.933333333333 0.837758040957 0.21127843247
-0.933333333333 1.0471975512 0.233174624557
-0.933333333333 1.25663706144 0.280521076491
-0.933333333333 1.46607657168 0.327267573109
-0.933333333333 1.67551608191 0.320636670182
-0.933333333333 1.88495559215 0.241755624094
-0.933333333333 2.09439510239 0.11954913585
-0.933333333333 2.30383461263 0.0119808715132
-0.933333333333 2.51327412287 0.0509965252818
-0.933333333333 2.72271363311 0.217304817538
-0.933333333333 2.93215314335 0.284792885091
-0.933333333333 3.14159265359 0.166433446994
-0.933333333333 3.35103216383 0.0623025315297
-0.933333333333 3.56047167407 0.0287696613781
-0.933333333333 3.76991118431 0.0271809775837
-0.933333333333 3.97935069455 0.0338401459297
-0.933333333333 4.18879020479 0.0379165986588
-0.933333333333 4.39822971503 0.0375423780981
-0.933333333333 4.60766922527 0.0498999795288
-0.933333333333 4.8171087355 0.122186012147
-0.933333333333 5.02654824574 0.206186231807
-0.933333333333 5.23598775598 0.134802630108
-0.933333333333 5.44542726622 0.0342609540259
-0.933333333333 5.65486677646 0.171316366576
-0.933333333333 5.8643062867 0.326771990308
-0.933333333333 6.07374579694 0.30011726165

-0.866666666667 0 0.33298135552
-0.866666666667 0.209439510239 0.217363735673
-0.866666666667 0.418879020479 0.11609654548
-0.866666666667 0.628318530718 0.0884257861726
-0.866666666667 0.837758040957 0.0807619410685
-0.866666666667 1.0471975512 0.0857108018559
-0.866666666667 1.25663706144 0.114385851193
-0.866666666667 1.46607657168 0.206315304197
-0.866666666667 1.67551608191 0.355231724721
-0.866666666667 1.88495559215 0.337961931372
-0.866666666667 2.09439510239 0.140534581471
-0.866666666667 2.30383461263 0.0182785972278
-0.866666666667 2.51327412287 0.0714126136617
-0.866666666667 2.72271363311 0.220776296143
-0.866666666667 2.93215314335 0.147439333375
-0.866666666667 3.14159265359 0.0862848954286
-0.866666666667 3.35103216383 0.119773343706
-0.866666666667 3.56047167407 0.182990373748
-0.866666666667 3.76991118431 0.304770785847
-0.866666666667 3.97935069455 0.620575585599
-0.866666666667 4.18879020479 0.674284897836
-0.866666666667 4.39822971503 0.352722045257
-0.866666666667 4.60766922527 0.229856949708
-0.866666666667 4.8171087355 0.140564072007
-0.866666666667 5.02654824574 0.0660619059558
-0.866666666667 5.23598775598 0.127079546307
-0.866666666667 5.44542726622 0.0567673167909
-0.866666666667 5.65486677646 0.228569799394
-0.866666666667 5.8643062867 0.281564270999
-0.866666666667 6.07374579694 0.238331190609

-0.8 0 0.336380291216
-0.8 0.209439510239 0.112767886611
-0.8 0.418879020479 0.0952812057814
-0.8 0.628318530718 0.0625556190602
-0.8 0.837758040957 0.0379302587576
-0.8 1.0471975512 0.0435021072107
-0.8 1.25663706144 0.0686768899841
-0.8 1.46607657168 0.112030978764
-0.8 1.67551608191 0.263350271495
-0.8 1.88495559215 0.411952936927
-0.8 2.09439510239 0.1705211977
-0.8 2.30383461263 0.0208798178903
-0.8 2.51327412287 0.0776901987563
-0.8 2.72271363311 0.178760364416
-0.8 2.93215314335 0.120837702561
-0.8 3.14159265359 0.163317293039
-0.8 3.35103216383 0.145947495856
-0.8 3.56047167407 0.0869782089287
-0.8 3.76991118431 0.160078222892
-0.8 3.97935069455 0.255630747848
-0.8 4.18879020479 0.404479810152
-0.8 4.39822971503 0.416062007166
-0.8 4.60766922527 0.248740187272
-0.8 4.8171087355 0.206463605281
-0.8 5.02654824574 0.0623249259344
-0.8 5.23598775598 0.109738198528
-0.8 5.44542726622 0.108357948192
-0.8 5.65486677646 0.226346788966
-0.8 5.8643062867 0.206816784818
-0.8 6.07374579694 0.353481284759

-0.733333333333 0 0.216069022022
-0.733333333333 0.209439510239 0.0931812092348
-0.733333333333 0.418879020479 0.0795896115577
-0.733333333333 0.628318530718 0.0348743619123
-0.733333333333 0.837758040957 0.0167734593115
-0.733333333333 1.0471975512 0.0072419892965
-0.733333333333 1.25663706144 0.0275671100836
-0.733333333333 1.46607657168 0.0745901363984
-0.733333333333 1.67551608191 0.181619815982
-0.733333333333 1.88495559215 0.419966691369
-0.733333333333 2.09439510239 0.215171658398
-0.733333333333 2.30383461263 0.021092616476
-0.733333333333 2.51327412287 0.0779275311881
-0.733333333333 2.72271363311 0.14181911211
-0.733333333333 2.93215314335 0.155705556164
-0.733333333333 3.14159265359 0.174252956085
-0.733333333333 3.35103216383 0.0761409412749
-0.733333333333 3.56047167407 0.145212829864
-0.733333333333 3.76991118431 0.228930109638
-0.733333333333 3.97935069455 0.292063844795
-0.733333333333 4.18879020479 0.312678422222
-0.733333333333 4.39822971503 0.641770997904
-0.733333333333 4.60766922527 0.295169757983
-0.733333333333 4.8171087355 0.139522643177
-0.733333333333 5.02654824574 0.0577982146174
-0.733333333333 5.23598775598 0.0995096582613
-0.733333333333 5.44542726622 0.166388382654
-0.733333333333 5.65486677646 0.204513120631
-0.733333333333 5.8643062867 0.167013089219
-0.733333333333 6.07374579694 0.439843682355

-0.666666666667 0 0.112867836932
-0.666666666667 0.209439510239 0.102889506012
-0.666666666667 0.418879020479 0.0781611902866
-0.666666666667 0.628318530718 0.121573161754
-0.666666666667 0.837758040957 0.0859570207581
-0.666666666667 1.0471975512 0.0243576052999
-0.666666666667 1.25663706144 0.0142239654687
-0.666666666667 1.46607657168 0.0397830949157
-0.666666666667 1.67551608191 0.134792994973
-0.666666666667 1.88495559215 0.386974256604
-0.666666666667 2.09439510239 0.263526094485
-0.666666666667 2.30383461263 0.0203732132331
-0.666666666667 2.51327412287 0.0763108610844
-0.666666666667 2.72271363311 0.120301893074
-0.666666666667 2.93215314335 0.189804500208
-0.666666666667 3.14159265359 0.124471216655
-0.666666666667 3.35103216383 0.104508677216
-0.666666666667 3.56047167407 0.190806751942
-0.666666666667 3.76991118431 0.285198928887
-0.666666666667 3.97935069455 0.593604077523
-0.666666666667 4.18879020479 0.566154563245
-0.666666666667 4.39822971503 0.273082704422
-0.666666666667 4.60766922527 0.339288738204
-0.666666666667 4.8171087355 0.137308487785
-0.666666666667 5.02654824574 0.0614236756324
-0.666666666667 5.23598775598 0.092595993722
-0.666666666667 5.44542726622 0.206904985132
-0.666666666667 5.65486677646 0.180727873679
-0.666666666667 5.8643062867 0.14994433831
-0.666666666667 6.07374579694 0.443106895111

-0.6 0 0.0847886095552
-0.6 0.209439510239 0.0918940982
-0.6 0.418879020479 0.161868793226
-0.6 0.628318530718 0.251736299407
-0.6 0.837758040957 0.153660584554
-0.6 1.0471975512 0.0492157095178
-0.6 1.25663706144 0.0246855813262
-0.6 1.46607657168 0.0280769272187
-0.6 1.67551608191 0.099656899035
-0.6 1.88495559215 0.343148226279
-0.6 2.09439510239 0.305625162398
-0.6 2.30383461263 0.0195739578788
-0.6 2.51327412287 0.0748074757901
-0.6 2.72271363311 0.111314849059
-0.6 2.93215314335 0.203002748922
-0.6 3.14159265359 0.0956794647117
-0.6 3.35103216383 0.138071220399
-0.6 3.56047167407 0.190216887344
-0.6 3.76991118431 0.253696934869
-0.6 3.97935069455 0.371678111575
-0.6 4.18879020479 0.333415328314
-0.6 4.39822971503 0.375016088584
-0.6 4.60766922527 0.164210376289
-0.6 4.8171087355 0.127446780601
-0.6 5.02654824574 0.0802582965851
-0.6 5.23598775598 0.095889119702
-0.6 5.44542726622 0.226321879356
-0.6 5.65486677646 0.158944331363
-0.6 5.8643062867 0.137750230665
-0.6 6.07374579694 0.404863235661

-0.533333333333 0 0.0958970426504
-0.533333333333 0.209439510239 0.0814703411509
-0.533333333333 0.418879020479 0.267348730739
-0.533333333333 0.628318530718 0.295340155035
-0.533333333333 0.837758040957 0.17863007471
-0.533333333333 1.0471975512 0.069963664505
-0.533333333333 1.25663706144 0.0312805668172
-0.533333333333 1.46607657168 0.0428940223988
-0.533333333333 1.67551608191 0.0688275877415
-0.533333333333 1.88495559215 0.303986858819
-0.533333333333 2.09439510239 0.336510765387
-0.533333333333 2.30383461263 0.0190360729743
-0.533333333333 2.51327412287 0.0741757332183
-0.533333333333 2.72271363311 0.109516717981
-0.533333333333 2.93215314335 0.19891396131
-0.533333333333 3.14159265359 0.0954658882275
-0.533333333333 3.35103216383 0.153967047271
-0.533333333333 3.56047167407 0.178307940729
-0.533333333333 3.76991118431 0.319612723119
-0.533333333333 3.97935069455 0.51271791611
-0.533333333333 4.18879020479 0.537398171218
-0.533333333333 4.39822971503 0.287073703241
-0.533333333333 4.60766922527 0.192764230871
-0.533333333333 4.8171087355 0.115516461411
-0.533333333333 5.02654824574 0.0880652523884
-0.533333333333 5.23598775598 0.110720639333
-0.533333333333 5.44542726622 0.230507885723
-0.533333333333 5.65486677646 0.139630140293
-0.533333333333 5.8643062867 0.126625078468
-0.533333333333 6.07374579694 0.367079743438

-0.466666666667 0 0.107086844933
-0.466666666667 0.209439510239 0.0900803396578
-0.466666666667 0.418879020479 0.308223878088
-0.466666666667 0.628318530718 0.259093940763
-0.466666666667 0.837758040957 0.19609998424
-0.466666666667 1.0471975512 0.108923099438
-0.466666666667 1.25663706144 0.0331800623235
-0.466666666667 1.46607657168 0.0667122921249
-0.466666666667 1.67551608191 0.0476123714176
-0.466666666667 1.88495559215 0.273858880815
-0.466666666667 2.09439510239 0.355537985961
-0.466666666667 2.30383461263 0.0187906982925
-0.466666666667 2.51327412287 0.0745511920251
-0.466666666667 2.72271363311 0.110753504405
-0.466666666667 2.93215314335 0.186914748006
-0.466666666667 3.14159265359 0.106106687622
-0.466666666667 3.35103216383 0.153823882333
-0.466666666667 3.56047167407 0.197425163876
-0.466666666667 3.76991118431 0.324515425529
-0.466666666667 3.97935069455 0.435051641401
-0.466666666667 4.18879020479 0.975482878918
-0.466666666667 4.39822971503 0.326699059747
-0.466666666667 4.60766922527 0.23041174979
-0.466666666667 4.8171087355 0.103397084337
-0.466666666667 5.02654824574 0.0862045534676
-0.466666666667 5.23598775598 0.132629218559
-0.466666666667 5.44542726622 0.225795394367
-0.466666666667 5.65486677646 0.122783062437
-0.466666666667 5.8643062867 0.117669073386
-0.466666666667 6.07374579694 0.346458563554

-0.4 0 0.104988579044
-0.4 0.209439510239 0.108180245724
-0.4 0.418879020479 0.281388622919
-0.4 0.628318530718 0.204819281716
-0.4 0.837758040957 0.22732470203
-0.4 1.0471975512 0.166748883799
-0.4 1.25663706144 0.0415117108843
-0.4 1.46607657168 0.0841536767508
-0.4 1.67551608191 0.0396696261682
-0.4 1.88495559215 0.251888673814
-0.4 2.09439510239 0.364477846632
-0.4 2.30383461263 0.0187195083327
-0.4 2.51327412287 0.0757858486051
-0.4 2.72271363311 0.112618920413
-0.4 2.93215314335 0.173860820436
-0.4 3.14159265359 0.116667291679
-0.4 3.35103216383 0.147859837078
-0.4 3.56047167407 0.210056873469
-0.4 3.76991118431 0.315923790588
-0.4 3.97935069455 0.389679815544
-0.4 4.18879020479 0.291131629808
-0.4 4.39822971503 0.374116022332
-0.4 4.60766922527 0.232499045511
-0.4 4.8171087355 0.0999033642274
-0.4 5.02654824574 0.0816184742828
-0.4 5.23598775598 0.156295380675
-0.4 5.44542726622 0.216652592377
-0.4 5.65486677646 0.108337425853
-0.4 5.8643062867 0.111790920432
-0.4 6.07374579694 0.34127941815

-0.333333333333 0 0.0922637022706
-0.333333333333 0.209439510239 0.123250077696
-0.333333333333 0.418879020479 0.223923844861
-0.333333333333 0.628318530718 0.169044175622
-0.333333333333 0.837758040957 0.265052003124
-0.333333333333 1.0471975512 0.224446086192
-0.333333333333 1.25663706144 0.0592088282166
-0.333333333333 1.46607657168 0.0903455884221
-0.333333333333 1.67551608191 0.043468445449
-0.333333333333 1.88495559215 0.235810842694
-0.333333333333 2.09439510239 0.365912608173
-0.333333333333 2.30383461263 0.0186565137006
-0.333333333333 2.51327412287 0.0776375119501
-0.333333333333 2.72271363311 0.114014440471
-0.333333333333 2.93215314335 0.16307467949
-0.333333333333 3.14159265359 0.123869938231
-0.333333333333 3.35103216383 0.145011224673
-0.333333333333 3.56047167407 0.210330771393
-0.333333333333 3.76991118431 0.351227366105
-0.333333333333 3.97935069455 0.470740169172
-0.333333333333 4.18879020479 0.338540258892
-0.333333333333 4.39822971503 0.322162928582
-0.333333333333 4.60766922527 0.225826779749
-0.333333333333 4.8171087355 0.105387067035
-0.333333333333 5.02654824574 0.0779518379006
-0.333333333333 5.23598775598 0.177954007954
-0.333333333333 5.44542726622 0.205808200502
-0.333333333333 5.65486677646 0.096151223333
-0.333333333333 5.8643062867 0.108956968439
-0.333333333333 6.07374579694 0.344981677909

-0.266666666667 0 0.0754291551087
-0.266666666667 0.209439510239 0.130870337315
-0.266666666667 0.418879020479 0.167298350105
-0.266666666667 0.628318530718 0.155529580644
-0.266666666667 0.837758040957 0.294454705306
-0.266666666667 1.0471975512 0.265285211637
-0.266666666667 1.25663706144 0.0806122831721
-0.266666666667 1.46607657168 0.0875092728274
-0.266666666667 1.67551608191 0.0546122264237
-0.266666666667 1.88495559215 0.223727108473
-0.266666666667 2.09439510239 0.362294348664
-0.266666666667 2.30383461263 0.0184439716354
-0.266666666667 2.51327412287 0.0798677137883
-0.266666666667 2.72271363311 0.114599811483
-0.266666666667 2.93215314335 0.155546911783
-0.266666666667 3.14159265359 0.127933854336
-0.266666666667 3.35103216383 0.146362617583
-0.266666666667 3.56047167407 0.210698263813
-0.266666666667 3.76991118431 0.391352056505
-0.266666666667 3.97935069455 0.576548868007
-0.266666666667 4.18879020479 0.419642716947
-0.266666666667 4.39822971503 0.227207023776
-0.266666666667 4.60766922527 0.221000345567
-0.266666666667 4.8171087355 0.114521788423
-0.266666666667 5.02654824574 0.0761998930208
-0.266666666667 5.23598775598 0.19570602412
-0.266666666667 5.44542726622 0.194806524405
-0.266666666667 5.65486677646 0.0860059471724
-0.266666666667 5.8643062867 0.108530505733
-0.266666666667 6.07374579694 0.352417633892

-0.2 0 0.0592421359825
-0.2 0.209439510239 0.132127107516
-0.2 0.418879020479 0.125667411535
-0.2 0.628318530718 0.153436423857
-0.2 0.837758040957 0.307579700105
-0.2 1.0471975512 0.283883833544
-0.2 1.25663706144 0.0984793585421
-0.2 1.46607657168 0.0797574963998
-0.2 1.67551608191 0.0685180210717
-0.2 1.88495559215 0.214530459281
-0.2 2.09439510239 0.355543638652
-0.2 2.30383461263 0.0179585364175
-0.2 2.51327412287 0.0822854375538
-0.2 2.72271363311 0.114401293938
-0.2 2.93215314335 0.151174490374
-0.2 3.14159265359 0.129754314474
-0.2 3.35103216383 0.149899034074
-0.2 3.56047167407 0.21812437481
-0.2 3.76991118431 0.41031138151
-0.2 3.97935069455 0.755540482061
-0.2 4.18879020479 0.469723860562
-0.2 4.39822971503 0.199312878443
-0.2 4.60766922527 0.216234393066
-0.2 4.8171087355 0.123417882491
-0.2 5.02654824574 0.0762192698871
-0.2 5.23598775598 0.209037687536
-0.2 5.44542726622 0.184469086257
-0.2 5.65486677646 0.0776329447653
-0.2 5.8643062867 0.109649268951
-0.2 6.07374579694 0.360877556681

-0.133333333333 0 0.0459287092582
-0.133333333333 0.209439510239 0.129786862788
-0.133333333333 0.418879020479 0.100866369703
-0.133333333333 0.628318530718 0.153031080378
-0.133333333333 0.837758040957 0.305575568854
-0.133333333333 1.0471975512 0.283505703293
-0.133333333333 1.25663706144 0.108369846317
-0.133333333333 1.46607657168 0.0703807265571
-0.133333333333 1.67551608191 0.0818430152255
-0.133333333333 1.88495559215 0.207745774842
-0.133333333333 2.09439510239 0.346964956111
-0.133333333333 2.30383461263 0.0171206028557
-0.133333333333 2.51327412287 0.084760558776
-0.133333333333 2.72271363311 0.113593451297
-0.133333333333 2.93215314335 0.149533079612
-0.133333333333 3.14159265359 0.129915241657
-0.133333333333 3.35103216383 0.154331300392
-0.133333333333 3.56047167407 0.228669459078
-0.133333333333 3.76991118431 0.405170950513
-0.133333333333 3.97935069455 0.943846476023
-0.133333333333 4.18879020479 0.490740784632
-0.133333333333 4.39822971503 0.210393227489
-0.133333333333 4.60766922527 0.210279803631
-0.133333333333 4.8171087355 0.130574706945
-0.133333333333 5.02654824574 0.0775933010001
-0.133333333333 5.23598775598 0.218234345643
-0.133333333333 5.44542726622 0.175199518378
-0.133333333333 5.65486677646 0.0707413646713
-0.133333333333 5.8643062867 0.111484312285
-0.133333333333 6.07374579694 0.369477959584

-0.0666666666667 0 0.036073943651
-0.0666666666667 0.209439510239 0.126281156828
-0.0666666666667 0.418879020479 0.0899879815746
-0.0666666666667 0.628318530718 0.150946774919
-0.0666666666667 0.837758040957 0.294578818292
-0.0666666666667 1.0471975512 0.270444778092
-0.0666666666667 1.25663706144 0.109197765593
-0.0666666666667 1.46607657168 0.0613002406224
-0.0666666666667 1.67551608191 0.0928158898324
-0.0666666666667 1.88495559215 0.2032418639
-0.0666666666667 2.09439510239 0.337308691863
-0.0666666666667 2.30383461263 0.0158955758552
-0.0666666666667 2.51327412287 0.0872217237827
-0.0666666666667 2.72271363311 0.112405285948
-0.0666666666667 2.93215314335 0.150225185834
-0.0666666666667 3.14159265359 0.128636244625
-0.0666666666667 3.35103216383 0.159778738325
-0.0666666666667 3.56047167407 0.237085950343
-0.0666666666667 3.76991118431 0.390580430085
-0.0666666666667 3.97935069455 0.565539450165
-0.0666666666667 4.18879020479 0.490803768482
-0.0666666666667 4.39822971503 0.224907455438
-0.0666666666667 4.60766922527 0.204190577686
-0.0666666666667 4.8171087355 0.135653739965
-0.0666666666667 5.02654824574 0.0799865878326
-0.0666666666667 5.23598775598 0.223923587338
-0.0666666666667 5.44542726622 0.16716810151
-0.0666666666667 5.65486677646 0.0650376484321
-0.0666666666667 5.8643062867 0.113404826311
-0.0666666666667 6.07374579694 0.378350323582

6.12323399574e-17 0 0.0295815695927
6.12323399574e-17 0.209439510239 0.123039775225
6.12323399574e-17 0.418879020479 0.0897771787339
6.12323399574e-17 0.628318530718 0.148589925845
6.12323399574e-17 0.837758040957 0.281123261262
6.12323399574e-17 1.0471975512 0.250084107744
6.12323399574e-17 1.25663706144 0.102074110562
6.12323399574e-17 1.46607657168 0.0534238242746
6.12323399574e-17 1.67551608191 0.101008663578
6.12323399574e-17 1.88495559215 0.200993018344
6.12323399574e-17 2.09439510239 0.326882180487
6.12323399574e-17 2.30383461263 0.0142925976895
6.12323399574e-17 2.51327412287 0.0896471552924
6.12323399574e-17 2.72271363311 0.111103447671
6.12323399574e-17 2.93215314335 0.152948877918
6.12323399574e-17 3.14159265359 0.125933386132
6.12323399574e-17 3.35103216383 0.167228562086
6.12323399574e-17 3.56047167407 0.240999889564
6.12323399574e-17 3.76991118431 0.385936596285
6.12323399574e-17 3.97935069455 0.488860650957
6.12323399574e-17 4.18879020479 0.483572102436
6.12323399574e-17 4.39822971503 0.23267193165
6.12323399574e-17 4.60766922527 0.199542835215
6.12323399574e-17 4.8171087355 0.138634806257
6.12323399574e-17 5.02654824574 0.0832425627329
6.12323399574e-17 5.23598775598 0.226783956782
6.12323399574e-17 5.44542726622 0.160417603122
6.12323399574e-17 5.65486677646 0.0602359906785
6.12323399574e-17 5.8643062867 0.115087666056
6.12323399574e-17 6.07374579694 0.387944716684

0.0666666666667 0 0.0263482267254
0.0666666666667 0.209439510239 0.12046688724
0.0666666666667 0.418879020479 0.0977673345394
0.0666666666667 0.628318530718 0.148838985333
0.0666666666667 0.837758040957 0.2692826449
0.0666666666667 1.0471975512 0.225242204302
0.0666666666667 1.25663706144 0.0892224767219
0.0666666666667 1.46607657168 0.0471277755947
0.0666666666667 1.67551608191 0.106967793174
0.0666666666667 1.88495559215 0.200909783703
0.0666666666667 2.09439510239 0.315665106698
0.0666666666667 2.30383461263 0.0123640405054
0.0666666666667 2.51327412287 0.0920536441166
0.0666666666667 2.72271363311 0.110021646006
0.0666666666667 2.93215314335 0.15739384304
0.0666666666667 3.14159265359 0.121835246273
0.0666666666667 3.35103216383 0.177645869632
0.0666666666667 3.56047167407 0.239143617451
0.0666666666667 3.76991118431 0.40520093206
0.0666666666667 3.97935069455 0.593476759593
0.0666666666667 4.18879020479 0.474840712033
0.0666666666667 4.39822971503 0.232953611596
0.0666666666667 4.60766922527 0.197444591429
0.0666666666667 4.8171087355 0.13949392748
0.0666666666667 5.02654824574 0.0873773227662
0.0666666666667 5.23598775598 0.227387716838
0.0666666666667 5.44542726622 0.154920907466
0.0666666666667 5.65486677646 0.0560636106467
0.0666666666667 5.8643062867 0.116601318186
0.0666666666667 6.07374579694 0.398441848025

0.133333333333 0 0.0267388333442
0.133333333333 0.209439510239 0.118128672791
0.133333333333 0.418879020479 0.111741193528
0.133333333333 0.628318530718 0.153371109738
0.133333333333 0.837758040957 0.259247990016
0.133333333333 1.0471975512 0.196109055723
0.133333333333 1.25663706144 0.0736121974499
0.133333333333 1.46607657168 0.0425924789432
0.133333333333 1.67551608191 0.111898068809
0.133333333333 1.88495559215 0.20270377222
0.133333333333 2.09439510239 0.303413381255
0.133333333333 2.30383461263 0.0102074534832
0.133333333333 2.51327412287 0.094488459
0.133333333333 2.72271363311 0.109614294745
0.133333333333 2.93215314335 0.163019369671
0.133333333333 3.14159265359 0.116697481476
0.133333333333 3.35103216383 0.190544349143
0.133333333333 3.56047167407 0.229317023153
0.133333333333 3.76991118431 0.445392406805
0.133333333333 3.97935069455 0.735867100168
0.133333333333 4.18879020479 0.460296130167
0.133333333333 4.39822971503 0.227920997319
0.133333333333 4.60766922527 0.198545823571
0.133333333333 4.8171087355 0.13812821789
0.133333333333 5.02654824574 0.0925386301826
0.133333333333 5.23598775598 0.226134788175
0.133333333333 5.44542726622 0.150609234604
0.133333333333 5.65486677646 0.0522645743277
0.133333333333 5.8643062867 0.118480503629
0.133333333333 6.07374579694 0.409206952648

0.2 0 0.0319851246425
0.2 0.209439510239 0.114984572923
0.2 0.418879020479 0.12879370551
0.2 0.628318530718 0.160871992481
0.2 0.837758040957 0.246713065243
0.2 1.0471975512 0.161278333795
0.2 1.25663706144 0.0591491433518
0.2 1.46607657168 0.0399768949374
0.2 1.67551608191 0.117393043032
0.2 1.88495559215 0.205748781953
0.2 2.09439510239 0.289749812531
0.2 2.30383461263 0.00797108288687
0.2 2.51327412287 0.0970307969333
0.2 2.72271363311 0.110507055416
0.2 2.93215314335 0.168761907753
0.2 3.14159265359 0.111633676008
0.2 3.35103216383 0.201929170143
0.2 3.56047167407 0.208888333801
0.2 3.76991118431 0.46298195086
0.2 3.97935069455 0.659320268087
0.2 4.18879020479 0.432761330911
0.2 4.39822971503 0.220936610548
0.2 4.60766922527 0.203209138383
0.2 4.8171087355 0.134397800062
0.2 5.02654824574 0.0989468237679
0.2 5.23598775598 0.223241913692
0.2 5.44542726622 0.147382324812
0.2 5.65486677646 0.0486068358738
0.2 5.8643062867 0.121788562209
0.2 6.07374579694 0.418249195907

0.266666666667 0 0.0444862362969
0.266666666667 0.209439510239 0.109672981221
0.266666666667 0.418879020479 0.144858416397
0.266666666667 0.628318530718 0.166204554923
0.266666666667 0.837758040957 0.223455397889
0.266666666667 1.0471975512 0.119902403445
0.266666666667 1.25663706144 0.0507348953861
0.266666666667 1.46607657168 0.0395319028407
0.266666666667 1.67551608191 0.125052234227
0.266666666667 1.88495559215 0.208923636259
0.266666666667 2.09439510239 0.274243015931
0.266666666667 2.30383461263 0.00586290145266
0.266666666667 2.51327412287 0.0998140052755
0.266666666667 2.72271363311 0.113493257072
0.266666666667 2.93215314335 0.172797466892
0.266666666667 3.14159265359 0.109002808817
0.266666666667 3.35103216383 0.203570019058
0.266666666667 3.56047167407 0.186716122791
0.266666666667 3.76991118431 0.4386744725
0.266666666667 3.97935069455 0.548170881659
0.266666666667 4.18879020479 0.389990715382
0.266666666667 4.39822971503 0.2148651967
0.266666666667 4.60766922527 0.211165320597
0.266666666667 4.8171087355 0.128283354993
0.266666666667 5.02654824574 0.106802970969
0.266666666667 5.23598775598 0.21876805659
0.266666666667 5.44542726622 0.145106413873
0.266666666667 5.65486677646 0.0448976753209
0.266666666667 5.8643062867 0.128134371423
0.266666666667 6.07374579694 0.421756339038

0.333333333333 0 0.0676958553496
0.333333333333 0.209439510239 0.100973665989
0.333333333333 0.418879020479 0.155381163275
0.333333333333 0.628318530718 0.1616463207
0.333333333333 0.837758040957 0.180867791316
0.333333333333 1.0471975512 0.0749777087006
0.333333333333 1.25663706144 0.0530747248188
0.333333333333 1.46607657168 0.0418128725772
0.333333333333 1.67551608191 0.135729109763
0.333333333333 1.88495559215 0.210469347184
0.333333333333 2.09439510239 0.256470529285
0.333333333333 2.30383461263 0.00416248810973
0.333333333333 2.51327412287 0.103087538209
0.333333333333 2.72271363311 0.119381028771
0.333333333333 2.93215314335 0.172663620823
0.333333333333 3.14159265359 0.112930398064
0.333333333333 3.35103216383 0.187525483257
0.333333333333 3.56047167407 0.25644119444
0.333333333333 3.76991118431 0.389296884893
0.333333333333 3.97935069455 0.462299865404
0.333333333333 4.18879020479 0.340831423059
0.333333333333 4.39822971503 0.210020330652
0.333333333333 4.60766922527 0.22032770748
0.333333333333 4.8171087355 0.120233186942
0.333333333333 5.02654824574 0.11612576857
0.333333333333 5.23598775598 0.212671349217
0.333333333333 5.44542726622 0.143603316014
0.333333333333 5.65486677646 0.0410137576668
0.333333333333 5.8643062867 0.139564864804
0.333333333333 6.07374579694 0.414007131678

0.4 0 0.104847094377
0.4 0.209439510239 0.0886544725104
0.4 0.418879020479 0.157257205217
0.4 0.628318530718 0.142000675658
0.4 0.837758040957 0.118168029151
0.4 1.0471975512 0.0365726520771
0.4 1.25663706144 0.0672299694689
0.4 1.46607657168 0.0480703059774
0.4 1.67551608191 0.148234355654
0.4 1.88495559215 0.20798292736
0.4 2.09439510239 0.236051230446
0.4 2.30383461263 0.00323341104796
0.4 2.51327412287 0.107345054556
0.4 2.72271363311 0.128550953203
0.4 2.93215314335 0.166250912381
0.4 3.14159265359 0.130200510895
0.4 3.35103216383 0.156998615667
0.4 3.56047167407 0.465590456721
0.4 3.76991118431 0.354045210192
0.4 3.97935069455 0.396219340873
0.4 4.18879020479 0.309785219413
0.4 4.39822971503 0.206256440535
0.4 4.60766922527 0.225366169501
0.4 4.8171087355 0.111813826453
0.4 5.02654824574 0.126462025368
0.4 5.23598775598 0.204908568746
0.4 5.44542726622 0.142631745257
0.4 5.65486677646 0.0369539909696
0.4 5.8643062867 0.158189576171
0.4 6.07374579694 0.388346628341

0.466666666667 0 0.155461076179
0.466666666667 0.209439510239 0.0749232068274
0.466666666667 0.418879020479 0.150540101532
0.466666666667 0.628318530718 0.112788852404
0.466666666667 0.837758040957 0.0525852378834
0.466666666667 1.0471975512 0.0211871272597
0.466666666667 1.25663706144 0.0857447976813
0.466666666667 1.46607657168 0.0602724163566
0.466666666667 1.67551608191 0.157864202605
0.466666666667 1.88495559215 0.198827212182
0.466666666667 2.09439510239 0.212605699587
0.466666666667 2.30383461263 0.00352981065754
0.466666666667 2.51327412287 0.113542113626
0.466666666667 2.72271363311 0.140115865002
0.466666666667 2.93215314335 0.154103765617
0.466666666667 3.14159265359 0.170498876746
0.466666666667 3.35103216383 0.138884366913
0.466666666667 3.56047167407 0.422998020759
0.466666666667 3.76991118431 0.947170212439
0.466666666667 3.97935069455 0.412335590511
0.466666666667 4.18879020479 0.304520009435
0.466666666667 4.39822971503 0.211123818855
0.466666666667 4.60766922527 0.218764519669
0.466666666667 4.8171087355 0.106699972587
0.466666666667 5.02654824574 0.136429193876
0.466666666667 5.23598775598 0.19559705836
0.466666666667 5.44542726622 0.14186050355
0.466666666667 5.65486677646 0.0329242359106
0.466666666667 5.8643062867 0.185316239804
0.466666666667 6.07374579694 0.340304513781

0.533333333333 0 0.209270167017
0.533333333333 0.209439510239 0.0661878391805
0.533333333333 0.418879020479 0.136961483163
0.533333333333 0.628318530718 0.0926857850008
0.533333333333 0.837758040957 0.0189378711352
0.533333333333 1.0471975512 0.0403906905007
0.533333333333 1.25663706144 0.0918423836865
0.533333333333 1.46607657168 0.078655158042
0.533333333333 1.67551608191 0.156441345882
0.533333333333 1.88495559215 0.181386062983
0.533333333333 2.09439510239 0.185567676439
0.533333333333 2.30383461263 0.00558060444771
0.533333333333 2.51327412287 0.123373673216
0.533333333333 2.72271363311 0.150877508712
0.533333333333 2.93215314335 0.142574029032
0.533333333333 3.14159265359 0.231196606153
0.533333333333 3.35103216383 0.156549367303
0.533333333333 3.56047167407 0.280965529362
0.533333333333 3.76991118431 0.582968162155
0.533333333333 3.97935069455 0.444978474307
0.533333333333 4.18879020479 0.284772131469
0.533333333333 4.39822971503 0.238513551684
0.533333333333 4.60766922527 0.196475415024
0.533333333333 4.8171087355 0.111416145042
0.533333333333 5.02654824574 0.143199017039
0.533333333333 5.23598775598 0.185252574402
0.533333333333 5.44542726622 0.140832605761
0.533333333333 5.65486677646 0.029461852344
0.533333333333 5.8643062867 0.219847515287
0.533333333333 6.07374579694 0.273621118495

0.6 0 0.240746718528
0.6 0.209439510239 0.0723608830994
0.6 0.418879020479 0.115200214131
0.6 0.628318530718 0.0955709766885
0.6 0.837758040957 0.040386162393
0.6 1.0471975512 0.0771426935223
0.6 1.25663706144 0.0726848361115
0.6 1.46607657168 0.0945909417392
0.6 1.67551608191 0.137539605693
0.6 1.88495559215 0.157257376698
0.6 2.09439510239 0.153758138104
0.6 2.30383461263 0.00990372494362
0.6 2.51327412287 0.139362723668
0.6 2.72271363311 0.155165778981
0.6 2.93215314335 0.145270230888
0.6 3.14159265359 0.255514969514
0.6 3.35103216383 0.186772084178
0.6 3.56047167407 0.240105725398
0.6 3.76991118431 0.356552572925
0.6 3.97935069455 0.355353826188
0.6 4.18879020479 0.266363367264
0.6 4.39822971503 0.258095614088
0.6 4.60766922527 0.161171004414
0.6 4.8171087355 0.133076544704
0.6 5.02654824574 0.142551328816
0.6 5.23598775598 0.175069205551
0.6 5.44542726622 0.138916620585
0.6 5.65486677646 0.0275988011591
0.6 5.8643062867 0.255929722597
0.6 6.07374579694 0.207370846159

0.666666666667 0 0.217168003312
0.666666666667 0.209439510239 0.0960881630028
0.666666666667 0.418879020479 0.0835165589323
0.666666666667 0.628318530718 0.0979828788951
0.666666666667 0.837758040957 0.0790048486826
0.666666666667 1.0471975512 0.0816524804265
0.666666666667 1.25663706144 0.0399797773384
0.666666666667 1.46607657168 0.0865190572151
0.666666666667 1.67551608191 0.110708049678
0.666666666667 1.88495559215 0.132532605522
0.666666666667 2.09439510239 0.114995384131
0.666666666667 2.30383461263 0.0167114148884
0.666666666667 2.51327412287 0.163875553563
0.666666666667 2.72271363311 0.147989969795
0.666666666667 2.93215314335 0.178769566494
0.666666666667 3.14159265359 0.200397591044
0.666666666667 3.35103216383 0.519277810503
0.666666666667 3.56047167407 0.302897205096
0.666666666667 3.76991118431 0.573359137668
0.666666666667 3.97935069455 0.45138349761
0.666666666667 4.18879020479 0.310070591574
0.666666666667 4.39822971503 0.224513428876
0.666666666667 4.60766922527 0.124996445231
0.666666666667 4.8171087355 0.168711745057
0.666666666667 5.02654824574 0.130986767653
0.666666666667 5.23598775598 0.167072976593
0.666666666667 5.44542726622 0.13523895899
0.666666666667 5.65486677646 0.0290260592003
0.666666666667 5.8643062867 0.280932979797
0.666666666667 6.07374579694 0.176750500144

0.733333333333 0 0.144209211898
0.733333333333 0.209439510239 0.110045303109
0.733333333333 0.418879020479 0.0574766437267
0.733333333333 0.628318530718 0.0620113742191
0.733333333333 0.837758040957 0.0603813792255
0.733333333333 1.0471975512 0.0392660867973
0.733333333333 1.25663706144 0.0192494980596
0.733333333333 1.46607657168 0.0461548102312
0.733333333333 1.67551608191 0.113277719175
0.733333333333 1.88495559215 0.113422562624
0.733333333333 2.09439510239 0.0681115667564
0.733333333333 2.30383461263 0.0250508687905
0.733333333333 2.51327412287 0.195173739874
0.733333333333 2.72271363311 0.13309065783
0.733333333333 2.93215314335 0.252670701983
0.733333333333 3.14159265359 0.159629034146
0.733333333333 3.35103216383 0.560309917072
0.733333333333 3.56047167407 0.578189994545
0.733333333333 3.76991118431 0.335741270743
0.733333333333 3.97935069455 0.309507544871
0.733333333333 4.18879020479 0.250339199407
0.733333333333 4.39822971503 0.161910611832
0.733333333333 4.60766922527 0.130291025855
0.733333333333 4.8171087355 0.19055007752
0.733333333333 5.02654824574 0.11131342066
0.733333333333 5.23598775598 0.163701896091
0.733333333333 5.44542726622 0.128583166949
0.733333333333 5.65486677646 0.0361057434208
0.733333333333 5.8643062867 0.277542445348
0.733333333333 6.07374579694 0.215353906186

0.8 0 0.124274786637
0.8 0.209439510239 0.0784348583254
0.8 0.418879020479 0.0513939723688
0.8 0.628318530718 0.032930123631
0.8 0.837758040957 0.0270403672267
0.8 1.0471975512 0.0220080725967
0.8 1.25663706144 0.0190518980011
0.8 1.46607657168 0.0402844768221
0.8 1.67551608191 0.170198093493
0.8 1.88495559215 0.0982145474251
0.8 2.09439510239 0.0238430590165
0.8 2.30383461263 0.0310025389422
0.8 2.51327412287 0.220530055671
0.8 2.72271363311 0.13211449435
0.8 2.93215314335 0.297840675022
0.8 3.14159265359 0.252353360017
0.8 3.35103216383 0.247315371125
0.8 3.56047167407 0.49110900297
0.8 3.76991118431 0.365504798348
0.8 3.97935069455 0.247247373974
0.8 4.18879020479 0.16431792461
0.8 4.39822971503 0.130593126136
0.8 4.60766922527 0.191945243827
0.8 4.8171087355 0.161256305486
0.8 5.02654824574 0.100822033176
0.8 5.23598775598 0.165897138299
0.8 5.44542726622 0.11722857949
0.8 5.65486677646 0.0512086074536
0.8 5.8643062867 0.23659775254
0.8 6.07374579694 0.309284009702

0.866666666667 0 0.251634374815
0.866666666667 0.209439510239 0.110322982641
0.866666666667 0.418879020479 0.0606495814174
0.866666666667 0.628318530718 0.0522316499683
0.866666666667 0.837758040957 0.0530358385353
0.866666666667 1.0471975512 0.0513777120924
0.866666666667 1.25663706144 0.057641014073
0.866666666667 1.46607657168 0.13108230188
0.866666666667 1.67551608191 0.211926590689
0.866666666667 1.88495559215 0.0985706736562
0.866666666667 2.09439510239 0.0172412260793
0.866666666667 2.30383461263 0.0275806259544
0.866666666667 2.51327412287 0.216299724046
0.866666666667 2.72271363311 0.191155185675
0.866666666667 2.93215314335 0.203770209901
0.866666666667 3.14159265359 0.29070948757
0.866666666667 3.35103216383 0.298027782057
0.866666666667 3.56047167407 0.422588127894
0.866666666667 3.76991118431 0.65092174058
0.866666666667 3.97935069455 0.372384830345
0.866666666667 4.18879020479 0.220375525716
0.866666666667 4.39822971503 0.189892523057
0.866666666667 4.60766922527 0.151893934203
0.866666666667 4.8171087355 0.103925986175
0.866666666667 5.02654824574 0.135167053652
0.866666666667 5.23598775598 0.168002280906
0.866666666667 5.44542726622 0.0986682513209
0.866666666667 5.65486677646 0.0736866090526
0.866666666667 5.8643062867 0.180639541511
0.866666666667 6.07374579694 0.345009083897

0.933333333333 0 0.30637258199
0.933333333333 0.209439510239 0.275600725376
0.933333333333 0.418879020479 0.206380645195
0.933333333333 0.628318530718 0.154374302619
0.933333333333 0.837758040957 0.130692507952
0.933333333333 1.0471975512 0.133130670607
0.933333333333 1.25663706144 0.164754148614
0.933333333333 1.46607657168 0.211852858315
0.933333333333 1.67551608191 0.22056404294
0.933333333333 1.88495559215 0.164806871853
0.933333333333 2.09439510239 0.061942564227
0.933333333333 2.30383461263 0.0152003303799
0.933333333333 2.51327412287 0.154368962129
0.933333333333 2.72271363311 0.281842849251
0.933333333333 2.93215314335 0.227461873195
0.933333333333 3.14159265359 0.159902022915
0.933333333333 3.35103216383 0.13880235604
0.933333333333 3.56047167407 0.126070731656
0.933333333333 3.76991118431 0.116509291467
0.933333333333 3.97935069455 0.105754093231
0.933333333333 4.18879020479 0.0942108905819
0.933333333333 4.39822971503 0.0882568313585
0.933333333333 4.60766922527 0.105680487035
0.933333333333 4.8171087355 0.170348531015
0.933333333333 5.02654824574 0.218338005129
0.933333333333 5.23598775598 0.14560639271
0.933333333333 5.44542726622 0.0690036565604
0.933333333333 5.65486677646 0.0888192371499
0.933333333333 5.8643062867 0.163188646721
0.933333333333 6.07374579694 0.253350270733

