-1 0 0.47198897487
-1 0.209439510239 0.47198897487
-1 0.418879020479 0.47198897487
-1 0.628318530718 0.47198897487
-1 0.837758040957 0.47198897487
-1 1.0471975512 0.47198897487
-1 1.25663706144 0.47198897487
-1 1.46607657168 0.47198897487
-1 1.67551608191 0.47198897487
-1 1.88495559215 0.47198897487
-1 2.09439510239 0.47198897487
-1 2.30383461263 0.47198897487
-1 2.51327412287 0.47198897487
-1 2.72271363311 0.47198897487
-1 2.93215314335 0.47198897487
-1 3.14159265359 0.47198897487
-1 3.35103216383 0.47198897487
-1 3.56047167407 0.47198897487
-1 3.76991118431 0.47198897487
-1 3.97935069455 0.47198897487
-1 4.18879020479 0.47198897487
-1 4.39822971503 0.47198897487
-1 4.60766922527 0.47198897487
-1 4.8171087355 0.47198897487
-1 5.02654824574 0.47198897487
-1 5.23598775598 0.47198897487
-1 5.44542726622 0.47198897487
-1 5.65486677646 0.47198897487
-1 5.8643062867 0.47198897487
-1 6.07374579694 0.47198897487

-0.933333333333 0 1.05378445031
-0.933333333333 0.209439510239 1.2538736285
-0.933333333333 0.418879020479 1.3237242196
-0.933333333333 0.628318530718 1.29107844219
-0.933333333333 0.837758040957 1.19496475467
-0.933333333333 1.0471975512 1.06062280966
-0.933333333333 1.25663706144 0.935561388254
-0.933333333333 1.46607657168 0.870613633422
-0.933333333333 1.67551608191 0.811930928803
-0.933333333333 1.88495559215 0.633162428525
-0.933333333333 2.09439510239 0.350441888201
-0.933333333333 2.30383461263 0.126721044729
-0.933333333333 2.51327412287 0.0556043323817
-0.933333333333 2.72271363311 0.13190283149
-0.933333333333 2.93215314335 0.286615778298
-0.933333333333 3.14159265359 0.364105771226
-0.933333333333 3.35103216383 0.33263454789
-0.933333333333 3.56047167407 0.285478673899
-0.933333333333 3.76991118431 0.275728605041
-0.933333333333 3.97935069455 0.296070048695
-0.933333333333 4.18879020479 0.320011513317
-0.933333333333 4.39822971503 0.322496970703
-0.933333333333 4.60766922527 0.310547589625
-0.933333333333 4.8171087355 0.336099330159
-0.933333333333 5.02654824574 0.420406421528
-0.933333333333 5.23598775598 0.549457644196
-0.933333333333 5.44542726622 0.721749886246
-0.933333333333 5.65486677646 0.799657013843
-0.933333333333 5.8643062867 0.741265572772
-0.933333333333 6.07374579694 0.815730903059

-0.866666666667 0 1.52940916068
-0.866666666667 0.209439510239 1.53937986556
-0.866666666667 0.418879020479 1.44564133124
-0.866666666667 0.628318530718 1.43944991399
-0.866666666667 0.837758040957 1.59121734928
-0.866666666667 1.0471975512 1.72597686759
-0.866666666667 1.25663706144 1.53868050398
-0.866666666667 1.46607657168 1.0224336075
-0.866666666667 1.67551608191 0.708875937613
-0.866666666667 1.88495559215 0.67363252997
-0.866666666667 2.09439510239 0.358023561227
-0.866666666667 2.30383461263 0.0590500964503
-0.866666666667 2.51327412287 0.0998912927561
-0.866666666667 2.72271363311 0.242582533765
-0.866666666667 2.93215314335 0.392847749786
-0.866666666667 3.14159265359 0.307813179991
-0.866666666667 3.35103216383 0.196109752835
-0.866666666667 3.56047167407 0.180092429622
-0.866666666667 3.76991118431 0.200799584129
-0.866666666667 3.97935069455 0.253490838246
-0.866666666667 4.18879020479 0.358912167368
-0.866666666667 4.39822971503 0.488009630914
-0.866666666667 4.60766922527 0.515537620977
-0.866666666667 4.8171087355 0.465793060762
-0.866666666667 5.02654824574 0.594329779174
-0.866666666667 5.23598775598 0.688495300788
-0.866666666667 5.44542726622 0.58622683557
-0.866666666667 5.65486677646 0.542432156361
-0.866666666667 5.8643062867 0.845398355712
-0.866666666667 6.07374579694 1.32328302412

-0.8 0 1.2976989078
-0.8 0.209439510239 0.8893756672
-0.8 0.418879020479 0.578598372061
-0.8 0.628318530718 0.620452960254
-0.8 0.837758040957 0.880490345802
-0.8 1.0471975512 1.43736217473
-0.8 1.25663706144 2.09029383669
-0.8 1.46607657168 1.94257774092
-0.8 1.67551608191 0.950313508979
-0.8 1.88495559215 0.553039693978
-0.8 2.09439510239 0.37313851625
-0.8 2.30383461263 0.0331628046303
-0.8 2.51327412287 0.155016871764
-0.8 2.72271363311 0.2996448817
-0.8 2.93215314335 0.394023105907
-0.8 3.14159265359 0.175895530214
-0.8 3.35103216383 0.0875191802536
-0.8 3.56047167407 0.0612866630099
-0.8 3.76991118431 0.0569764509771
-0.8 3.97935069455 0.0950087870142
-0.8 4.18879020479 0.20619585729
-0.8 4.39822971503 0.423482863163
-0.8 4.60766922527 0.601440962867
-0.8 4.8171087355 0.624025545639
-0.8 5.02654824574 0.757039347219
-0.8 5.23598775598 0.690094395
-0.8 5.44542726622 0.464228695913
-0.8 5.65486677646 0.564901481416
-0.8 5.8643062867 1.16275124901
-0.8 6.07374579694 1.45507046836

-0.733333333333 0 0.686953716523
-0.733333333333 0.209439510239 0.357536547809
-0.733333333333 0.418879020479 0.660641768701
-0.733333333333 0.628318530718 0.74796234793
-0.733333333333 0.837758040957 0.557482764918
-0.733333333333 1.0471975512 0.641339624891
-0.733333333333 1.25663706144 1.48358687042
-0.733333333333 1.46607657168 2.41423272661
-0.733333333333 1.67551608191 1.6370331974
-0.733333333333 1.88495559215 0.504689161684
-0.733333333333 2.09439510239 0.367704061498
-0.733333333333 2.30383461263 0.0214996719779
-0.733333333333 2.51327412287 0.200714437429
-0.733333333333 2.72271363311 0.339820719604
-0.733333333333 2.93215314335 0.324735799297
-0.733333333333 3.14159265359 0.0656748783667
-0.733333333333 3.35103216383 0.0262198376881
-0.733333333333 3.56047167407 0.0339233952655
-0.733333333333 3.76991118431 0.0953801189895
-0.733333333333 3.97935069455 0.132213989679
-0.733333333333 4.18879020479 0.182130547753
-0.733333333333 4.39822971503 0.423891900772
-0.733333333333 4.60766922527 0.650784734029
-0.733333333333 4.8171087355 0.620797174658
-0.733333333333 5.02654824574 0.90577215435
-0.733333333333 5.23598775598 0.664657730674
-0.733333333333 5.44542726622 0.439696686801
-0.733333333333 5.65486677646 0.714249322536
-0.733333333333 5.8643062867 1.23446355985
-0.733333333333 6.07374579694 1.1573226423

-0.666666666667 0 0.360284418947
-0.666666666667 0.209439510239 0.965673082652
-0.666666666667 0.418879020479 1.63835900736
-0.666666666667 0.628318530718 1.23752981213
-0.666666666667 0.837758040957 0.709971583931
-0.666666666667 1.0471975512 0.360509214687
-0.666666666667 1.25663706144 0.696005398514
-0.666666666667 1.46607657168 2.0945143008
-0.666666666667 1.67551608191 2.28412896517
-0.666666666667 1.88495559215 0.624200944855
-0.666666666667 2.09439510239 0.345644837987
-0.666666666667 2.30383461263 0.0150939435792
-0.666666666667 2.51327412287 0.237910544928
-0.666666666667 2.72271363311 0.365270555449
-0.666666666667 2.93215314335 0.221583428451
-0.666666666667 3.14159265359 0.0181116218813
-0.666666666667 3.35103216383 0.0244347904709
-0.666666666667 3.56047167407 0.123844637688
-0.666666666667 3.76991118431 0.258572888102
-0.666666666667 3.97935069455 0.292219967982
-0.666666666667 4.18879020479 0.228013821426
-0.666666666667 4.39822971503 0.416549156422
-0.666666666667 4.60766922527 0.807066619232
-0.666666666667 4.8171087355 0.567589957626
-0.666666666667 5.02654824574 0.96158143254
-0.666666666667 5.23598775598 0.67959810443
-0.666666666667 5.44542726622 0.464162958409
-0.666666666667 5.65486677646 0.797699102249
-0.666666666667 5.8643062867 1.09225696359
-0.666666666667 6.07374579694 0.757631070936

-0.6 0 0.572779056851
-0.6 0.209439510239 1.89297920442
-0.6 0.418879020479 1.79699956782
-0.6 0.628318530718 1.00548226854
-0.6 0.837758040957 0.653065324711
-0.6 1.0471975512 0.353705124153
-0.6 1.25663706144 0.274858983009
-0.6 1.46607657168 1.47504871806
-0.6 1.67551608191 2.60058427693
-0.6 1.88495559215 0.871881147233
-0.6 2.09439510239 0.316438630154
-0.6 2.30383461263 0.0109372120517
-0.6 2.51327412287 0.269102750216
-0.6 2.72271363311 0.372856133986
-0.6 2.93215314335 0.128107004323
-0.6 3.14159265359 0.0146800733416
-0.6 3.35103216383 0.0577960991908
-0.6 3.56047167407 0.227749823427
-0.6 3.76991118431 0.402371711897
-0.6 3.97935069455 0.48753487803
-0.6 4.18879020479 0.357090043197
-0.6 4.39822971503 0.335895115937
-0.6 4.60766922527 0.918485204671
-0.6 4.8171087355 0.580239232278
-0.6 5.02654824574 0.930322076227
-0.6 5.23598775598 0.730366249355
-0.6 5.44542726622 0.492216606368
-0.6 5.65486677646 0.792066131407
-0.6 5.8643062867 0.912238404966
-0.6 6.07374579694 0.487170348474

-0.533333333333 0 1.02136213242
-0.533333333333 0.209439510239 2.09732969202
-0.533333333333 0.418879020479 1.0782249507
-0.533333333333 0.628318530718 0.631184426019
-0.533333333333 0.837758040957 0.563267333977
-0.533333333333 1.0471975512 0.37404198901
-0.533333333333 1.25663706144 0.159442850532
-0.533333333333 1.46607657168 0.930844090603
-0.533333333333 1.67551608191 2.59853177714
-0.533333333333 1.88495559215 1.17290173208
-0.533333333333 2.09439510239 0.287173116067
-0.533333333333 2.30383461263 0.00817553688556
-0.533333333333 2.51327412287 0.295967711696
-0.533333333333 2.72271363311 0.364060375871
-0.533333333333 2.93215314335 0.0653017501442
-0.533333333333 3.14159265359 0.0262602496957
-0.533333333333 3.35103216383 0.0937241568544
-0.533333333333 3.56047167407 0.28516713755
-0.533333333333 3.76991118431 0.498095801243
-0.533333333333 3.97935069455 0.681780429572
-0.533333333333 4.18879020479 0.581268392753
-0.533333333333 4.39822971503 0.288445957473
-0.533333333333 4.60766922527 0.897318148589
-0.533333333333 4.8171087355 0.654643795015
-0.533333333333 5.02654824574 0.855867814237
-0.533333333333 5.23598775598 0.796033818626
-0.533333333333 5.44542726622 0.508015055837
-0.533333333333 5.65486677646 0.738580819417
-0.533333333333 5.8643062867 0.782417337651
-0.533333333333 6.07374579694 0.396047913113

-0.466666666667 0 1.35724906997
-0.466666666667 0.209439510239 1.59211859206
-0.466666666667 0.418879020479 0.468991044427
-0.466666666667 0.628318530718 0.746939115514
-0.466666666667 0.837758040957 0.687161590058
-0.466666666667 1.0471975512 0.407835482628
-0.466666666667 1.25663706144 0.172527871787
-0.466666666667 1.46607657168 0.57456725387
-0.466666666667 1.67551608191 2.41377840679
-0.466666666667 1.88495559215 1.46754667897
-0.466666666667 2.09439510239 0.261386257906
-0.466666666667 2.30383461263 0.00668234416985
-0.466666666667 2.51327412287 0.31950093048
-0.466666666667 2.72271363311 0.343882472633
-0.466666666667 2.93215314335 0.0329788502726
-0.466666666667 3.14159265359 0.036836155999
-0.466666666667 3.35103216383 0.115194783854
-0.466666666667 3.56047167407 0.309510640789
-0.466666666667 3.76991118431 0.585590802515
-0.466666666667 3.97935069455 0.856210776361
-0.466666666667 4.18879020479 0.822121734648
-0.466666666667 4.39822971503 0.341815477961
-0.466666666667 4.60766922527 0.784469070829
-0.466666666667 4.8171087355 0.741574053702
-0.466666666667 5.02654824574 0.773004814152
-0.466666666667 5.23598775598 0.860878977791
-0.466666666667 5.44542726622 0.510965694319
-0.466666666667 5.65486677646 0.674105786575
-0.466666666667 5.8643062867 0.713156098815
-0.466666666667 6.07374579694 0.426710388896

-0.4 0 1.45179744389
-0.4 0.209439510239 0.916239105526
-0.4 0.418879020479 0.450810520412
-0.4 0.628318530718 1.27593480789
-0.4 0.837758040957 0.970981295018
-0.4 1.0471975512 0.472166389872
-0.4 1.25663706144 0.212906416187
-0.4 1.46607657168 0.381347816426
-0.4 1.67551608191 2.16742816158
-0.4 1.88495559215 1.72273653025
-0.4 2.09439510239 0.239971489767
-0.4 2.30383461263 0.00650342341833
-0.4 2.51327412287 0.340352728449
-0.4 2.72271363311 0.318062996602
-0.4 2.93215314335 0.0219248120996
-0.4 3.14159265359 0.0423778174206
-0.4 3.35103216383 0.122923560814
-0.4 3.56047167407 0.337265609171
-0.4 3.76991118431 0.69554349473
-0.4 3.97935069455 0.997293703796
-0.4 4.18879020479 0.996256078985
-0.4 4.39822971503 0.461043562357
-0.4 4.60766922527 0.65070882307
-0.4 4.8171087355 0.806006740855
-0.4 5.02654824574 0.700053325017
-0.4 5.23598775598 0.916541801664
-0.4 5.44542726622 0.505018741792
-0.4 5.65486677646 0.618095483103
-0.4 5.8643062867 0.686157298989
-0.4 6.07374579694 0.5072626227

-0.333333333333 0 1.35463224848
-0.333333333333 0.209439510239 0.43509943455
-0.333333333333 0.418879020479 0.852151206448
-0.333333333333 0.628318530718 1.83223108745
-0.333333333333 0.837758040957 1.24575451153
-0.333333333333 1.0471975512 0.552883564212
-0.333333333333 1.25663706144 0.247525883334
-0.333333333333 1.46607657168 0.291275391606
-0.333333333333 1.67551608191 1.92934778878
-0.333333333333 1.88495559215 1.92766472779
-0.333333333333 2.09439510239 0.222341932692
-0.333333333333 2.30383461263 0.00765803532919
-0.333333333333 2.51327412287 0.359017259404
-0.333333333333 2.72271363311 0.291338627443
-0.333333333333 2.93215314335 0.0224493038313
-0.333333333333 3.14159265359 0.0441983026773
-0.333333333333 3.35103216383 0.125494777969
-0.333333333333 3.56047167407 0.389563874961
-0.333333333333 3.76991118431 0.823422515093
-0.333333333333 3.97935069455 1.09106911246
-0.333333333333 4.18879020479 1.07065434984
-0.333333333333 4.39822971503 0.580541901809
-0.333333333333 4.60766922527 0.541362662771
-0.333333333333 4.8171087355 0.836915938834
-0.333333333333 5.02654824574 0.643909108429
-0.333333333333 5.23598775598 0.959829947763
-0.333333333333 5.44542726622 0.494411218593
-0.333333333333 5.65486677646 0.577156140899
-0.333333333333 5.8643062867 0.680896748155
-0.333333333333 6.07374579694 0.590453425427

-0.266666666667 0 1.1684008222
-0.266666666667 0.209439510239 0.221299338763
-0.266666666667 0.418879020479 1.31945108004
-0.266666666667 0.628318530718 2.15351390242
-0.266666666667 0.837758040957 1.40774673465
-0.266666666667 1.0471975512 0.626690202564
-0.266666666667 1.25663706144 0.271911569604
-0.266666666667 1.46607657168 0.255113757494
-0.266666666667 1.67551608191 1.7286499243
-0.266666666667 1.88495559215 2.08535772557
-0.266666666667 2.09439510239 0.207294443528
-0.266666666667 2.30383461263 0.0100874349584
-0.266666666667 2.51327412287 0.375895881235
-0.266666666667 2.72271363311 0.266866598215
-0.266666666667 2.93215314335 0.027672754769
-0.266666666667 3.14159265359 0.0445761112526
-0.266666666667 3.35103216383 0.130456609644
-0.266666666667 3.56047167407 0.465658239054
-0.266666666667 3.76991118431 0.946718204429
-0.266666666667 3.97935069455 1.13074884767
-0.266666666667 4.18879020479 1.05750747145
-0.266666666667 4.39822971503 0.661404464105
-0.266666666667 4.60766922527 0.470089217604
-0.266666666667 4.8171087355 0.837548635497
-0.266666666667 5.02654824574 0.605192020857
-0.266666666667 5.23598775598 0.990521711089
-0.266666666667 5.44542726622 0.482468654732
-0.266666666667 5.65486677646 0.551074207732
-0.266666666667 5.8643062867 0.683070720943
-0.266666666667 6.07374579694 0.65469275028

-0.2 0 0.973216399472
-0.2 0.209439510239 0.19540408161
-0.2 0.418879020479 1.63314835108
-0.2 0.628318530718 2.20229808945
-0.2 0.837758040957 1.44869196917
-0.2 1.0471975512 0.681729393629
-0.2 1.25663706144 0.288503501748
-0.2 1.46607657168 0.243254993429
-0.2 1.67551608191 1.57154658946
-0.2 1.88495559215 2.20515897829
-0.2 2.09439510239 0.193516319056
-0.2 2.30383461263 0.0136610538099
-0.2 2.51327412287 0.391294494775
-0.2 2.72271363311 0.24635099537
-0.2 2.93215314335 0.033774861036
-0.2 3.14159265359 0.0450941148859
-0.2 3.35103216383 0.140741143474
-0.2 3.56047167407 0.552949301338
-0.2 3.76991118431 1.04626212269
-0.2 3.97935069455 1.12177032606
-0.2 4.18879020479 0.989706701395
-0.2 4.39822971503 0.697026240383
-0.2 4.60766922527 0.431859692601
-0.2 4.8171087355 0.816140764255
-0.2 5.02654824574 0.581588802568
-0.2 5.23598775598 1.00986153215
-0.2 5.44542726622 0.471494299852
-0.2 5.65486677646 0.536852752454
-0.2 5.8643062867 0.685111233559
-0.2 6.07374579694 0.694381533258

-0.133333333333 0 0.810172404467
-0.133333333333 0.209439510239 0.253935210367
-0.133333333333 0.418879020479 1.74754858667
-0.133333333333 0.628318530718 2.06777674635
-0.133333333333 0.837758040957 1.4093873585
-0.133333333333 1.0471975512 0.718641903304
-0.133333333333 1.25663706144 0.299668296541
-0.133333333333 1.46607657168 0.240833615828
-0.133333333333 1.67551608191 1.45436424608
-0.133333333333 1.88495559215 2.29765283752
-0.133333333333 2.09439510239 0.179834495002
-0.133333333333 2.30383461263 0.0182018688447
-0.133333333333 2.51327412287 0.405392992411
-0.133333333333 2.72271363311 0.230445971406
-0.133333333333 2.93215314335 0.0391639499452
-0.133333333333 3.14159265359 0.0463988168625
-0.133333333333 3.35103216383 0.155002256796
-0.133333333333 3.56047167407 0.637123056045
-0.133333333333 3.76991118431 1.11399771473
-0.133333333333 3.97935069455 1.07805225441
-0.133333333333 4.18879020479 0.899829999172
-0.133333333333 4.39822971503 0.697744022405
-0.133333333333 4.60766922527 0.415935248352
-0.133333333333 4.8171087355 0.780994010802
-0.133333333333 5.02654824574 0.569753755219
-0.133333333333 5.23598775598 1.01964599273
-0.133333333333 5.44542726622 0.462962524482
-0.133333333333 5.65486677646 0.530885868077
-0.133333333333 5.8643062867 0.684316307925
-0.133333333333 6.07374579694 0.711324715508

-0.0666666666667 0 0.691587771023
-0.0666666666667 0.209439510239 0.325232716389
-0.0666666666667 0.418879020479 1.70969511326
-0.0666666666667 0.628318530718 1.85796227661
-0.0666666666667 0.837758040957 1.33639549622
-0.0666666666667 1.0471975512 0.743511883274
-0.0666666666667 1.25663706144 0.306518189327
-0.0666666666667 1.46607657168 0.241264864867
-0.0666666666667 1.67551608191 1.37098345855
-0.0666666666667 1.88495559215 2.37183211582
-0.0666666666667 2.09439510239 0.165325134699
-0.0666666666667 2.30383461263 0.0235161345144
-0.0666666666667 2.51327412287 0.418205340835
-0.0666666666667 2.72271363311 0.219188595347
-0.0666666666667 2.93215314335 0.0435829731997
-0.0666666666667 3.14159265359 0.0484414043332
-0.0666666666667 3.35103216383 0.169330000058
-0.0666666666667 3.56047167407 0.706471290956
-0.0666666666667 3.76991118431 1.14985175024
-0.0666666666667 3.97935069455 1.01429855698
-0.0666666666667 4.18879020479 0.809649525128
-0.0666666666667 4.39822971503 0.677268189368
-0.0666666666667 4.60766922527 0.412705687403
-0.0666666666667 4.8171087355 0.738646422681
-0.0666666666667 5.02654824574 0.566257443328
-0.0666666666667 5.23598775598 1.02170436214
-0.0666666666667 5.44542726622 0.457750247605
-0.0666666666667 5.65486677646 0.529951845319
-0.0666666666667 5.8643062867 0.680856504386
-0.0666666666667 6.07374579694 0.709515752986

6.12323399574e-17 0 0.614906091921
6.12323399574e-17 0.209439510239 0.376337594809
6.12323399574e-17 0.418879020479 1.58514294335
6.12323399574e-17 0.628318530718 1.64867088448
6.12323399574e-17 0.837758040957 1.26330774152
6.12323399574e-17 1.0471975512 0.761944800652
6.12323399574e-17 1.25663706144 0.309085131782
6.12323399574e-17 1.46607657168 0.24176259847
6.12323399574e-17 1.67551608191 1.31658895282
6.12323399574e-17 1.88495559215 2.4337122343
6.12323399574e-17 2.09439510239 0.149374797305
6.12323399574e-17 2.30383461263 0.0294234620172
6.12323399574e-17 2.51327412287 0.429533999767
6.12323399574e-17 2.72271363311 0.212361323402
6.12323399574e-17 2.93215314335 0.0475038725167
6.12323399574e-17 3.14159265359 0.0507924184732
6.12323399574e-17 3.35103216383 0.178817765749
6.12323399574e-17 3.56047167407 0.751386490922
6.12323399574e-17 3.76991118431 1.15459281549
6.12323399574e-17 3.97935069455 0.939614260666
6.12323399574e-17 4.18879020479 0.728746868
6.12323399574e-17 4.39822971503 0.646213318148
6.12323399574e-17 4.60766922527 0.415589406628
6.12323399574e-17 4.8171087355 0.693673671314
6.12323399574e-17 5.02654824574 0.567938124487
6.12323399574e-17 5.23598775598 1.01762661972
6.12323399574e-17 5.44542726622 0.45632686958
6.12323399574e-17 5.65486677646 0.531562746771
6.12323399574e-17 5.8643062867 0.6763290887
6.12323399574e-17 6.07374579694 0.692605251338

0.0666666666667 0 0.572170550632
0.0666666666667 0.209439510239 0.401348798385
0.0666666666667 0.418879020479 1.42380068143
0.0666666666667 0.628318530718 1.47600786479
0.0666666666667 0.837758040957 1.20764965816
0.0666666666667 1.0471975512 0.775754685631
0.0666666666667 1.25663706144 0.306663250145
0.0666666666667 1.46607657168 0.240799738453
0.0666666666667 1.67551608191 1.28950467506
0.0666666666667 1.88495559215 2.48561586453
0.0666666666667 2.09439510239 0.13175510622
0.0666666666667 2.30383461263 0.0357889263286
0.0666666666667 2.51327412287 0.438916764602
0.0666666666667 2.72271363311 0.209768926134
0.0666666666667 2.93215314335 0.0518382606984
0.0666666666667 3.14159265359 0.0529145610813
0.0666666666667 3.35103216383 0.178683692612
0.0666666666667 3.56047167407 0.761860236542
0.0666666666667 3.76991118431 1.12343099951
0.0666666666667 3.97935069455 0.854743504318
0.0666666666667 4.18879020479 0.657719186795
0.0666666666667 4.39822971503 0.610897093832
0.0666666666667 4.60766922527 0.420571580757
0.0666666666667 4.8171087355 0.649260463201
0.0666666666667 5.02654824574 0.571897076152
0.0666666666667 5.23598775598 1.00863897549
0.0666666666667 5.44542726622 0.458888833317
0.0666666666667 5.65486677646 0.534002033672
0.0666666666667 5.8643062867 0.672892899706
0.0666666666667 6.07374579694 0.663002984852

0.133333333333 0 0.554541953631
0.133333333333 0.209439510239 0.40839079092
0.133333333333 0.418879020479 1.25419676028
0.133333333333 0.628318530718 1.34552997564
0.133333333333 0.837758040957 1.17197357703
0.133333333333 1.0471975512 0.781012533858
0.133333333333 1.25663706144 0.298387292053
0.133333333333 1.46607657168 0.236800756874
0.133333333333 1.67551608191 1.29215950701
0.133333333333 1.88495559215 2.52561480653
0.133333333333 2.09439510239 0.112747336839
0.133333333333 2.30383461263 0.0425624463057
0.133333333333 2.51327412287 0.445561438458
0.133333333333 2.72271363311 0.211451541225
0.133333333333 2.93215314335 0.0578770053403
0.133333333333 3.14159265359 0.0543950523723
0.133333333333 3.35103216383 0.165402111129
0.133333333333 3.56047167407 0.725792458719
0.133333333333 3.76991118431 1.043236325
0.133333333333 3.97935069455 0.753181585709
0.133333333333 4.18879020479 0.592540125369
0.133333333333 4.39822971503 0.574722722669
0.133333333333 4.60766922527 0.42498197795
0.133333333333 4.8171087355 0.608116956543
0.133333333333 5.02654824574 0.575305705008
0.133333333333 5.23598775598 0.995566963158
0.133333333333 5.44542726622 0.465443470407
0.133333333333 5.65486677646 0.536234038143
0.133333333333 5.8643062867 0.67281320621
0.133333333333 6.07374579694 0.621883289501

0.2 0 0.553439361669
0.2 0.209439510239 0.41041720263
0.2 0.418879020479 1.09028621907
0.2 0.628318530718 1.24341874002
0.2 0.837758040957 1.14450714409
0.2 1.0471975512 0.767322185171
0.2 1.25663706144 0.284347167382
0.2 1.46607657168 0.227763703816
0.2 1.67551608191 1.3313441121
0.2 1.88495559215 2.54698022595
0.2 2.09439510239 0.0933321002263
0.2 2.30383461263 0.0498338166547
0.2 2.51327412287 0.448263427154
0.2 2.72271363311 0.217861363615
0.2 2.93215314335 0.0673441495953
0.2 3.14159265359 0.0551699254059
0.2 3.35103216383 0.138574143714
0.2 3.56047167407 0.631086198628
0.2 3.76991118431 0.896190804009
0.2 3.97935069455 0.626107351002
0.2 4.18879020479 0.528977069719
0.2 4.39822971503 0.540390133119
0.2 4.60766922527 0.426129615055
0.2 4.8171087355 0.573539842684
0.2 5.02654824574 0.57514815853
0.2 5.23598775598 0.978848662118
0.2 5.44542726622 0.475851142666
0.2 5.65486677646 0.537779228066
0.2 5.8643062867 0.678217017885
0.2 6.07374579694 0.56975033649

0.266666666667 0 0.559909856289
0.266666666667 0.209439510239 0.419215289618
0.266666666667 0.418879020479 0.941349845961
0.266666666667 0.628318530718 1.14719673261
0.266666666667 0.837758040957 1.10160056348
0.266666666667 1.0471975512 0.72054595597
0.266666666667 1.25663706144 0.267089321536
0.266666666667 1.46607657168 0.212334177847
0.266666666667 1.67551608191 1.41679443146
0.266666666667 1.88495559215 2.53794954648
0.266666666667 2.09439510239 0.0754272203142
0.266666666667 2.30383461263 0.0579172197187
0.266666666667 2.51327412287 0.445305675054
0.266666666667 2.72271363311 0.230012606982
0.266666666667 2.93215314335 0.0824375546275
0.266666666667 3.14159265359 0.0557667788716
0.266666666667 3.35103216383 0.103984292739
0.266666666667 3.56047167407 0.474786232614
0.266666666667 3.76991118431 0.673038077886
0.266666666667 3.97935069455 0.47162708012
0.266666666667 4.18879020479 0.467424061117
0.266666666667 4.39822971503 0.511819535391
0.266666666667 4.60766922527 0.420060687127
0.266666666667 4.8171087355 0.550438701457
0.266666666667 5.02654824574 0.568020310568
0.266666666667 5.23598775598 0.958575233418
0.266666666667 5.44542726622 0.489834066743
0.266666666667 5.65486677646 0.538599764141
0.266666666667 5.8643062867 0.690877763046
0.266666666667 6.07374579694 0.507514869285

0.333333333333 0 0.563496611823
0.333333333333 0.209439510239 0.440579835169
0.333333333333 0.418879020479 0.819313717775
0.333333333333 0.628318530718 1.03865998176
0.333333333333 0.837758040957 1.01755824447
0.333333333333 1.0471975512 0.632272119293
0.333333333333 1.25663706144 0.251906335134
0.333333333333 1.46607657168 0.19379941482
0.333333333333 1.67551608191 1.55574529647
0.333333333333 1.88495559215 2.48277954739
0.333333333333 2.09439510239 0.0621030172164
0.333333333333 2.30383461263 0.0674874961242
0.333333333333 2.51327412287 0.43434976126
0.333333333333 2.72271363311 0.249565639856
0.333333333333 2.93215314335 0.105700681984
0.333333333333 3.14159265359 0.0575899784734
0.333333333333 3.35103216383 0.0768861951367
0.333333333333 3.56047167407 0.280504112896
0.333333333333 3.76991118431 0.396428210343
0.333333333333 3.97935069455 0.308121500187
0.333333333333 4.18879020479 0.418107077174
0.333333333333 4.39822971503 0.494253126874
0.333333333333 4.60766922527 0.401063798805
0.333333333333 4.8171087355 0.545909781379
0.333333333333 5.02654824574 0.550148472693
0.333333333333 5.23598775598 0.934540346014
0.333333333333 5.44542726622 0.506958741581
0.333333333333 5.65486677646 0.539014979395
0.333333333333 5.8643062867 0.711874716288
0.333333333333 6.07374579694 0.438207198936

0.4 0 0.551767103142
0.4 0.209439510239 0.469778159274
0.4 0.418879020479 0.737441958433
0.4 0.628318530718 0.918714791742
0.4 0.837758040957 0.884309377232
0.4 1.0471975512 0.514816381452
0.4 1.25663706144 0.242922661968
0.4 1.46607657168 0.18840316971
0.4 1.67551608191 1.74026285091
0.4 1.88495559215 2.36590100135
0.4 2.09439510239 0.0576062797783
0.4 2.30383461263 0.079805460679
0.4 2.51327412287 0.412356497426
0.4 2.72271363311 0.278700504898
0.4 2.93215314335 0.139540185317
0.4 3.14159265359 0.0633249528436
0.4 3.35103216383 0.0812898655228
0.4 3.56047167407 0.11615374246
0.4 3.76991118431 0.144908639109
0.4 3.97935069455 0.186598781261
0.4 4.18879020479 0.403523720256
0.4 4.39822971503 0.489801092334
0.4 4.60766922527 0.363547585448
0.4 4.8171087355 0.568345634498
0.4 5.02654824574 0.517874060109
0.4 5.23598775598 0.90627901035
0.4 5.44542726622 0.526597284263
0.4 5.65486677646 0.539654371483
0.4 5.8643062867 0.740994732095
0.4 6.07374579694 0.369436584284

0.466666666667 0 0.511881548117
0.466666666667 0.209439510239 0.489418653669
0.466666666667 0.418879020479 0.695420952879
0.466666666667 0.628318530718 0.811452142699
0.466666666667 0.837758040957 0.729820562904
0.466666666667 1.0471975512 0.405636200646
0.466666666667 1.25663706144 0.237513300433
0.466666666667 1.46607657168 0.234802553205
0.466666666667 1.67551608191 1.92685144877
0.466666666667 1.88495559215 2.1814641879
0.466666666667 2.09439510239 0.0668759973287
0.466666666667 2.30383461263 0.0970931953134
0.466666666667 2.51327412287 0.375647679565
0.466666666667 2.72271363311 0.319421979151
0.466666666667 2.93215314335 0.185234289682
0.466666666667 3.14159265359 0.07767618967
0.466666666667 3.35103216383 0.137380666333
0.466666666667 3.56047167407 0.0845019826582
0.466666666667 3.76991118431 0.0486889768316
0.466666666667 3.97935069455 0.185367859952
0.466666666667 4.18879020479 0.448717624386
0.466666666667 4.39822971503 0.486401776234
0.466666666667 4.60766922527 0.308898233791
0.466666666667 4.8171087355 0.623258147171
0.466666666667 5.02654824574 0.468950589734
0.466666666667 5.23598775598 0.873067947524
0.466666666667 5.44542726622 0.547871062068
0.466666666667 5.65486677646 0.541451353566
0.466666666667 5.8643062867 0.77578961174
0.466666666667 6.07374579694 0.316318860437

0.533333333333 0 0.43613346453
0.533333333333 0.209439510239 0.475960168404
0.533333333333 0.418879020479 0.659195399185
0.533333333333 0.628318530718 0.733158989765
0.533333333333 0.837758040957 0.600848794403
0.533333333333 1.0471975512 0.335144666201
0.533333333333 1.25663706144 0.241529239126
0.533333333333 1.46607657168 0.386940940384
0.533333333333 1.67551608191 2.0196266426
0.533333333333 1.88495559215 1.94852846918
0.533333333333 2.09439510239 0.0940963554723
0.533333333333 2.30383461263 0.123143861346
0.533333333333 2.51327412287 0.320410950015
0.533333333333 2.72271363311 0.371597445152
0.533333333333 2.93215314335 0.241447178778
0.533333333333 3.14159265359 0.108656144988
0.533333333333 3.35103216383 0.234000653656
0.533333333333 3.56047167407 0.24744832611
0.533333333333 3.76991118431 0.210518573532
0.533333333333 3.97935069455 0.35670975866
0.533333333333 4.18879020479 0.545875512714
0.533333333333 4.39822971503 0.447752608186
0.533333333333 4.60766922527 0.25865508203
0.533333333333 4.8171087355 0.703970499042
0.533333333333 5.02654824574 0.404998765077
0.533333333333 5.23598775598 0.833851769829
0.533333333333 5.44542726622 0.569578100495
0.533333333333 5.65486677646 0.545676139116
0.533333333333 5.8643062867 0.810331690949
0.533333333333 6.07374579694 0.303451021848

0.6 0 0.334135805443
0.6 0.209439510239 0.420638889657
0.6 0.418879020479 0.572746839906
0.6 0.628318530718 0.641186226331
0.6 0.837758040957 0.496681417506
0.6 1.0471975512 0.298753993281
0.6 1.25663706144 0.325024117016
0.6 1.46607657168 0.653492971053
0.6 1.67551608191 1.89289072683
0.6 1.88495559215 1.72287817806
0.6 2.09439510239 0.140035216112
0.6 2.30383461263 0.164206150208
0.6 2.51327412287 0.244404876095
0.6 2.72271363311 0.428817435065
0.6 2.93215314335 0.302585482155
0.6 3.14159265359 0.168401409802
0.6 3.35103216383 0.309379343326
0.6 3.56047167407 0.503961988312
0.6 3.76991118431 0.547849859215
0.6 3.97935069455 0.616612400692
0.6 4.18879020479 0.603575960415
0.6 4.39822971503 0.333250951495
0.6 4.60766922527 0.266855747627
0.6 4.8171087355 0.778740061923
0.6 5.02654824574 0.335030850205
0.6 5.23598775598 0.787067197581
0.6 5.44542726622 0.590098283926
0.6 5.65486677646 0.553991761116
0.6 5.8643062867 0.834044961011
0.6 6.07374579694 0.362141305292

0.666666666667 0 0.252661300695
0.666666666667 0.209439510239 0.351652276661
0.666666666667 0.418879020479 0.442667552531
0.666666666667 0.628318530718 0.495385475093
0.666666666667 0.837758040957 0.405968055129
0.666666666667 1.0471975512 0.37354624208
0.666666666667 1.25663706144 0.622244200732
0.666666666667 1.46607657168 0.877986140383
0.666666666667 1.67551608191 1.50728435532
0.666666666667 1.88495559215 1.57618932737
0.666666666667 2.09439510239 0.199541596975
0.666666666667 2.30383461263 0.229717859108
0.666666666667 2.51327412287 0.15152157659
0.666666666667 2.72271363311 0.47252459136
0.666666666667 2.93215314335 0.357846495401
0.666666666667 3.14159265359 0.267108505052
0.666666666667 3.35103216383 0.297649595446
0.666666666667 3.56047167407 0.589101959583
0.666666666667 3.76991118431 0.729215459336
0.666666666667 3.97935069455 0.696014874559
0.666666666667 4.18879020479 0.474654808028
0.666666666667 4.39822971503 0.179756402028
0.666666666667 4.60766922527 0.401876942669
0.666666666667 4.8171087355 0.785754346694
0.666666666667 5.02654824574 0.278358153529
0.666666666667 5.23598775598 0.730398893519
0.666666666667 5.44542726622 0.607256185463
0.666666666667 5.65486677646 0.568466286209
0.666666666667 5.8643062867 0.83174826813
0.666666666667 6.07374579694 0.515723353097

0.733333333333 0 0.289304220508
0.733333333333 0.209439510239 0.321388225072
0.733333333333 0.418879020479 0.411300528598
0.733333333333 0.628318530718 0.470782701887
0.733333333333 0.837758040957 0.538804694826
0.733333333333 1.0471975512 0.780739916641
0.733333333333 1.25663706144 1.07353564396
0.733333333333 1.46607657168 0.738928806149
0.733333333333 1.67551608191 1.08427974787
0.733333333333 1.88495559215 1.50138275963
0.733333333333 2.09439510239 0.26561667188
0.733333333333 2.30383461263 0.330182628628
0.733333333333 2.51327412287 0.06139766398
0.733333333333 2.72271363311 0.471682563099
0.733333333333 2.93215314335 0.393761427656
0.733333333333 3.14159265359 0.385117908092
0.733333333333 3.35103216383 0.256540304346
0.733333333333 3.56047167407 0.37380699445
0.733333333333 3.76991118431 0.485427101367
0.733333333333 3.97935069455 0.404751826131
0.733333333333 4.18879020479 0.194435065699
0.733333333333 4.39822971503 0.183222453073
0.733333333333 4.60766922527 0.647632773168
0.733333333333 4.8171087355 0.661239871206
0.733333333333 5.02654824574 0.26163210243
0.733333333333 5.23598775598 0.660706644969
0.733333333333 5.44542726622 0.618077304669
0.733333333333 5.65486677646 0.591320692146
0.733333333333 5.8643062867 0.787563985448
0.733333333333 6.07374579694 0.744622255645

0.8 0 0.542926133761
0.8 0.209439510239 0.38097506717
0.8 0.418879020479 0.543088085478
0.8 0.628318530718 0.760155448443
0.8 0.837758040957 1.02595332748
0.8 1.0471975512 1.28521592223
0.8 1.25663706144 1.02682601898
0.8 1.46607657168 0.253577278721
0.8 1.67551608191 0.979755423176
0.8 1.88495559215 1.29753915574
0.8 2.09439510239 0.350803368009
0.8 2.30383461263 0.462393862193
0.8 2.51327412287 0.0191375525354
0.8 2.72271363311 0.406858401544
0.8 2.93215314335 0.410002955759
0.8 3.14159265359 0.439685553415
0.8 3.35103216383 0.34309459968
0.8 3.56047167407 0.224724982685
0.8 3.76991118431 0.179919813729
0.8 3.97935069455 0.145712522628
0.8 4.18879020479 0.201243306011
0.8 4.39822971503 0.500410552571
0.8 4.60766922527 0.771449876533
0.8 4.8171087355 0.4247552514
0.8 5.02654824574 0.300736860067
0.8 5.23598775598 0.574877734416
0.8 5.44542726622 0.618259939918
0.8 5.65486677646 0.623720639419
0.8 5.8643062867 0.697727696439
0.8 6.07374579694 0.936130607141

0.866666666667 0 0.894238212543
0.866666666667 0.209439510239 0.628052264137
0.866666666667 0.418879020479 0.578776880026
0.866666666667 0.628318530718 0.738345296733
0.866666666667 0.837758040957 0.872002657281
0.866666666667 1.0471975512 0.716104877225
0.866666666667 1.25663706144 0.233891048681
0.866666666667 1.46607657168 0.211583209937
0.866666666667 1.67551608191 0.993594384069
0.866666666667 1.88495559215 0.80593624888
0.866666666667 2.09439510239 0.499556204136
0.866666666667 2.30383461263 0.570542668233
0.866666666667 2.51327412287 0.0683192444021
0.866666666667 2.72271363311 0.30838350511
0.866666666667 2.93215314335 0.44918087801
0.866666666667 3.14159265359 0.405893505231
0.866666666667 3.35103216383 0.43394373565
0.866666666667 3.56047167407 0.422043394912
0.866666666667 3.76991118431 0.407371114789
0.866666666667 3.97935069455 0.459361379589
0.866666666667 4.18879020479 0.592337805016
0.866666666667 4.39822971503 0.686787265344
0.866666666667 4.60766922527 0.520010763227
0.866666666667 4.8171087355 0.265160130663
0.866666666667 5.02654824574 0.362387362726
0.866666666667 5.23598775598 0.473465933174
0.866666666667 5.44542726622 0.600821404864
0.866666666667 5.65486677646 0.66133098525
0.866666666667 5.8643062867 0.59811953594
0.866666666667 6.07374579694 0.887878099324

0.933333333333 0 0.749139159037
0.933333333333 0.209439510239 0.816353278322
0.933333333333 0.418879020479 0.727673645129
0.933333333333 0.628318530718 0.582805433405
0.933333333333 0.837758040957 0.446359388654
0.933333333333 1.0471975512 0.358958329913
0.933333333333 1.25663706144 0.398299777233
0.933333333333 1.46607657168 0.544720125489
0.933333333333 1.67551608191 0.572858743981
0.933333333333 1.88495559215 0.530932711996
0.933333333333 2.09439510239 0.66437938753
0.933333333333 2.30383461263 0.546705568624
0.933333333333 2.51327412287 0.166023515094
0.933333333333 2.72271363311 0.193367413891
0.933333333333 2.93215314335 0.443408508076
0.933333333333 3.14159265359 0.498922429997
0.933333333333 3.35103216383 0.452142887107
0.933333333333 3.56047167407 0.434626129684
0.933333333333 3.76991118431 0.448178653586
0.933333333333 3.97935069455 0.458964256729
0.933333333333 4.18879020479 0.436510497961
0.933333333333 4.39822971503 0.374443191662
0.933333333333 4.60766922527 0.320120342279
0.933333333333 4.8171087355 0.323064266855
0.933333333333 5.02654824574 0.335309883056
0.933333333333 5.23598775598 0.371364821128
0.933333333333 5.44542726622 0.551818561079
0.933333333333 5.65486677646 0.677068683611
0.933333333333 5.8643062867 0.5915736668
0.933333333333 6.07374579694 0.59399807515

