-1 0 0.499517132973
-1 0.209439510239 0.499517132972
-1 0.418879020479 0.499517132972
-1 0.628318530718 0.499517132973
-1 0.837758040957 0.499517132974
-1 1.0471975512 0.499517132974
-1 1.25663706144 0.499517132974
-1 1.46607657168 0.499517132973
-1 1.67551608191 0.499517132973
-1 1.88495559215 0.499517132972
-1 2.09439510239 0.499517132973
-1 2.30383461263 0.499517132974
-1 2.51327412287 0.499517132974
-1 2.72271363311 0.499517132974
-1 2.93215314335 0.499517132974
-1 3.14159265359 0.499517132973
-1 3.35103216383 0.499517132972
-1 3.56047167407 0.499517132972
-1 3.76991118431 0.499517132973
-1 3.97935069455 0.499517132974
-1 4.18879020479 0.499517132974
-1 4.39822971503 0.499517132974
-1 4.60766922527 0.499517132973
-1 4.8171087355 0.499517132973
-1 5.02654824574 0.499517132972
-1 5.23598775598 0.499517132973
-1 5.44542726622 0.499517132974
-1 5.65486677646 0.499517132974
-1 5.8643062867 0.499517132974
-1 6.07374579694 0.499517132974

-0.933333333333 0 0.38130543606
-0.933333333333 0.209439510239 0.385936883367
-0.933333333333 0.418879020479 0.386074120144
-0.933333333333 0.628318530718 0.369303561523
-0.933333333333 0.837758040957 0.305337028961
-0.933333333333 1.0471975512 0.191184502506
-0.933333333333 1.25663706144 0.0936840959647
-0.933333333333 1.46607657168 0.196243419534
-0.933333333333 1.67551608191 0.644096084636
-0.933333333333 1.88495559215 1.13317580881
-0.933333333333 2.09439510239 1.09564670843
-0.933333333333 2.30383461263 0.610352426801
-0.933333333333 2.51327412287 0.250458703441
-0.933333333333 2.72271363311 0.119983722356
-0.933333333333 2.93215314335 0.0400078779055
-0.933333333333 3.14159265359 0.014625914857
-0.933333333333 3.35103216383 0.0773739236414
-0.933333333333 3.56047167407 0.175653726116
-0.933333333333 3.76991118431 0.250100822405
-0.933333333333 3.97935069455 0.278642969953
-0.933333333333 4.18879020479 0.251511641027
-0.933333333333 4.39822971503 0.161077650418
-0.933333333333 4.60766922527 0.0710693929952
-0.933333333333 4.8171087355 0.151864685879
-0.933333333333 5.02654824574 0.402645909674
-0.933333333333 5.23598775598 0.518919397871
-0.933333333333 5.44542726622 0.38732317287
-0.933333333333 5.65486677646 0.214406577395
-0.933333333333 5.8643062867 0.204840800764
-0.933333333333 6.07374579694 0.317767352447

-0.866666666667 0 0.523194676167
-0.866666666667 0.209439510239 0.66211138198
-0.866666666667 0.418879020479 0.766739201649
-0.866666666667 0.628318530718 0.721925607213
-0.866666666667 0.837758040957 0.638934061016
-0.866666666667 1.0471975512 0.57195100513
-0.866666666667 1.25663706144 0.432292731774
-0.866666666667 1.46607657168 0.133812811229
-0.866666666667 1.67551608191 0.099128376703
-0.866666666667 1.88495559215 0.837449959922
-0.866666666667 2.09439510239 1.22531095547
-0.866666666667 2.30383461263 0.611083488847
-0.866666666667 2.51327412287 0.18601936548
-0.866666666667 2.72271363311 0.0464866006951
-0.866666666667 2.93215314335 0.0142548034157
-0.866666666667 3.14159265359 0.128176015397
-0.866666666667 3.35103216383 0.246326791577
-0.866666666667 3.56047167407 0.254994886078
-0.866666666667 3.76991118431 0.194652638779
-0.866666666667 3.97935069455 0.148091837257
-0.866666666667 4.18879020479 0.158217907925
-0.866666666667 4.39822971503 0.23030542384
-0.866666666667 4.60766922527 0.247956008148
-0.866666666667 4.8171087355 0.119258003852
-0.866666666667 5.02654824574 0.175588754004
-0.866666666667 5.23598775598 0.294802532577
-0.866666666667 5.44542726622 0.399549839857
-0.866666666667 5.65486677646 0.350361942221
-0.866666666667 5.8643062867 0.369346787232
-0.866666666667 6.07374579694 0.522170588766

-0.8 0 0.646731722289
-0.8 0.209439510239 0.933789054783
-0.8 0.418879020479 0.762664806916
-0.8 0.628318530718 0.488615927289
-0.8 0.837758040957 0.344482380843
-0.8 1.0471975512 0.328678922321
-0.8 1.25663706144 0.417369436142
-0.8 1.46607657168 0.369018502856
-0.8 1.67551608191 0.0518111283255
-0.8 1.88495559215 0.506833045537
-0.8 2.09439510239 1.20696856762
-0.8 2.30383461263 0.607683484841
-0.8 2.51327412287 0.18840285082
-0.8 2.72271363311 0.0251719015585
-0.8 2.93215314335 0.0563865485875
-0.8 3.14159265359 0.204458001711
-0.8 3.35103216383 0.246291105638
-0.8 3.56047167407 0.152044257159
-0.8 3.76991118431 0.0811357908752
-0.8 3.97935069455 0.0685505921355
-0.8 4.18879020479 0.0706136259638
-0.8 4.39822971503 0.0544734459879
-0.8 4.60766922527 0.118405803984
-0.8 4.8171087355 0.134704394431
-0.8 5.02654824574 0.169139213162
-0.8 5.23598775598 0.169865567468
-0.8 5.44542726622 0.373710906556
-0.8 5.65486677646 0.485234559455
-0.8 5.8643062867 0.521996981332
-0.8 6.07374579694 0.565020105723

-0.733333333333 0 0.779340175055
-0.733333333333 0.209439510239 0.818109053891
-0.733333333333 0.418879020479 0.384222050187
-0.733333333333 0.628318530718 0.206258717012
-0.733333333333 0.837758040957 0.167114878355
-0.733333333333 1.0471975512 0.122652213347
-0.733333333333 1.25663706144 0.17925946412
-0.733333333333 1.46607657168 0.353196429835
-0.733333333333 1.67551608191 0.165859361875
-0.733333333333 1.88495559215 0.297928306337
-0.733333333333 2.09439510239 1.1340410312
-0.733333333333 2.30383461263 0.608000013567
-0.733333333333 2.51327412287 0.199463912087
-0.733333333333 2.72271363311 0.0264572906423
-0.733333333333 2.93215314335 0.101692047262
-0.733333333333 3.14159265359 0.255012396555
-0.733333333333 3.35103216383 0.189613597361
-0.733333333333 3.56047167407 0.0819825008298
-0.733333333333 3.76991118431 0.0700500418785
-0.733333333333 3.97935069455 0.101873389101
-0.733333333333 4.18879020479 0.166814199937
-0.733333333333 4.39822971503 0.190091717674
-0.733333333333 4.60766922527 0.113365792034
-0.733333333333 4.8171087355 0.129235336104
-0.733333333333 5.02654824574 0.1554641026
-0.733333333333 5.23598775598 0.193128014319
-0.733333333333 5.44542726622 0.323749794231
-0.733333333333 5.65486677646 0.548887003747
-0.733333333333 5.8643062867 0.612929230605
-0.733333333333 6.07374579694 0.506107931148

-0.666666666667 0 0.74161867877
-0.666666666667 0.209439510239 0.456798428361
-0.666666666667 0.418879020479 0.17797163138
-0.666666666667 0.628318530718 0.261614459492
-0.666666666667 0.837758040957 0.304504170826
-0.666666666667 1.0471975512 0.196887425636
-0.666666666667 1.25663706144 0.0801000786828
-0.666666666667 1.46607657168 0.230057666174
-0.666666666667 1.67551608191 0.244655889354
-0.666666666667 1.88495559215 0.194346160449
-0.666666666667 2.09439510239 1.04526002766
-0.666666666667 2.30383461263 0.612362555838
-0.666666666667 2.51327412287 0.204211781668
-0.666666666667 2.72271363311 0.0443573811017
-0.666666666667 2.93215314335 0.145637718301
-0.666666666667 3.14159265359 0.254651467898
-0.666666666667 3.35103216383 0.106850495314
-0.666666666667 3.56047167407 0.0728568080903
-0.666666666667 3.76991118431 0.0868419873512
-0.666666666667 3.97935069455 0.0947117035877
-0.666666666667 4.18879020479 0.119590603102
-0.666666666667 4.39822971503 0.224021863281
-0.666666666667 4.60766922527 0.189088765574
-0.666666666667 4.8171087355 0.173191913815
-0.666666666667 5.02654824574 0.12196845762
-0.666666666667 5.23598775598 0.266613039951
-0.666666666667 5.44542726622 0.273682367175
-0.666666666667 5.65486677646 0.57054961612
-0.666666666667 5.8643062867 0.634993827588
-0.666666666667 6.07374579694 0.423128867919

-0.6 0 0.58394611967
-0.6 0.209439510239 0.258483378047
-0.6 0.418879020479 0.32669798757
-0.6 0.628318530718 0.487954781956
-0.6 0.837758040957 0.512966540514
-0.6 1.0471975512 0.38122225787
-0.6 1.25663706144 0.123710955021
-0.6 1.46607657168 0.135938143637
-0.6 1.67551608191 0.264173073421
-0.6 1.88495559215 0.153811694507
-0.6 2.09439510239 0.957090428025
-0.6 2.30383461263 0.619411297924
-0.6 2.51327412287 0.202699807835
-0.6 2.72271363311 0.0702780892856
-0.6 2.93215314335 0.182111838217
-0.6 3.14159265359 0.202616218043
-0.6 3.35103216383 0.0820312765794
-0.6 3.56047167407 0.118377476613
-0.6 3.76991118431 0.11340753306
-0.6 3.97935069455 0.115839185735
-0.6 4.18879020479 0.0732017661775
-0.6 4.39822971503 0.126226385644
-0.6 4.60766922527 0.207193281725
-0.6 4.8171087355 0.217604401813
-0.6 5.02654824574 0.103144053251
-0.6 5.23598775598 0.33152016456
-0.6 5.44542726622 0.231521373429
-0.6 5.65486677646 0.576630786364
-0.6 5.8643062867 0.60727265997
-0.6 6.07374579694 0.352601427494

-0.533333333333 0 0.444966352964
-0.533333333333 0.209439510239 0.326100061654
-0.533333333333 0.418879020479 0.585373335425
-0.533333333333 0.628318530718 0.620483693654
-0.533333333333 0.837758040957 0.609306641005
-0.533333333333 1.0471975512 0.525423925609
-0.533333333333 1.25663706144 0.219092272821
-0.533333333333 1.46607657168 0.0939198194537
-0.533333333333 1.67551608191 0.252522452987
-0.533333333333 1.88495559215 0.144572987962
-0.533333333333 2.09439510239 0.876436556295
-0.533333333333 2.30383461263 0.627618661264
-0.533333333333 2.51327412287 0.198529451618
-0.533333333333 2.72271363311 0.096076604892
-0.533333333333 2.93215314335 0.204403814474
-0.533333333333 3.14159265359 0.138976848258
-0.533333333333 3.35103216383 0.127400968624
-0.533333333333 3.56047167407 0.148677332293
-0.533333333333 3.76991118431 0.12204673965
-0.533333333333 3.97935069455 0.149801965332
-0.533333333333 4.18879020479 0.0859222052058
-0.533333333333 4.39822971503 0.0444346722197
-0.533333333333 4.60766922527 0.181274600481
-0.533333333333 4.8171087355 0.244923688275
-0.533333333333 5.02654824574 0.102767079157
-0.533333333333 5.23598775598 0.373026645955
-0.533333333333 5.44542726622 0.197824896205
-0.533333333333 5.65486677646 0.57869539708
-0.533333333333 5.8643062867 0.55822442532
-0.533333333333 6.07374579694 0.300237235139

-0.466666666667 0 0.385246630134
-0.466666666667 0.209439510239 0.516653064728
-0.466666666667 0.418879020479 0.736468493373
-0.466666666667 0.628318530718 0.602310362311
-0.466666666667 0.837758040957 0.584707622508
-0.466666666667 1.0471975512 0.591557353057
-0.466666666667 1.25663706144 0.312247723673
-0.466666666667 1.46607657168 0.0843118463837
-0.466666666667 1.67551608191 0.233384480969
-0.466666666667 1.88495559215 0.148463401309
-0.466666666667 2.09439510239 0.805943277023
-0.466666666667 2.30383461263 0.635737581391
-0.466666666667 2.51327412287 0.194840606816
-0.466666666667 2.72271363311 0.116763205449
-0.466666666667 2.93215314335 0.210918325895
-0.466666666667 3.14159265359 0.0990685294651
-0.466666666667 3.35103216383 0.195239690769
-0.466666666667 3.56047167407 0.139636300435
-0.466666666667 3.76991118431 0.131446812206
-0.466666666667 3.97935069455 0.17950511611
-0.466666666667 4.18879020479 0.110686721049
-0.466666666667 4.39822971503 0.0221096782529
-0.466666666667 4.60766922527 0.152576049414
-0.466666666667 4.8171087355 0.267370002293
-0.466666666667 5.02654824574 0.112289489969
-0.466666666667 5.23598775598 0.393728787077
-0.466666666667 5.44542726622 0.171342191371
-0.466666666667 5.65486677646 0.580593957508
-0.466666666667 5.8643062867 0.508956110162
-0.466666666667 6.07374579694 0.262734898749

-0.4 0 0.39187912989
-0.4 0.209439510239 0.68742317847
-0.4 0.418879020479 0.747134603934
-0.4 0.628318530718 0.500145436405
-0.4 0.837758040957 0.497802998349
-0.4 1.0471975512 0.596892190142
-0.4 1.25663706144 0.387544541442
-0.4 1.46607657168 0.0884870815193
-0.4 1.67551608191 0.217096762895
-0.4 1.88495559215 0.156664903777
-0.4 2.09439510239 0.746289346907
-0.4 2.30383461263 0.642887705189
-0.4 2.51327412287 0.193363245082
-0.4 2.72271363311 0.130529652412
-0.4 2.93215314335 0.204840950362
-0.4 3.14159265359 0.0936725127006
-0.4 3.35103216383 0.243882980431
-0.4 3.56047167407 0.115085718398
-0.4 3.76991118431 0.169035650274
-0.4 3.97935069455 0.215655258816
-0.4 4.18879020479 0.1227963019
-0.4 4.39822971503 0.0316368292239
-0.4 4.60766922527 0.13527287875
-0.4 4.8171087355 0.294462692191
-0.4 5.02654824574 0.124677492383
-0.4 5.23598775598 0.400137170585
-0.4 5.44542726622 0.150622048503
-0.4 5.65486677646 0.583445208807
-0.4 5.8643062867 0.46964888434
-0.4 6.07374579694 0.237073279104

-0.333333333333 0 0.430217228276
-0.333333333333 0.209439510239 0.786160045686
-0.333333333333 0.418879020479 0.674728631809
-0.333333333333 0.628318530718 0.384925575702
-0.333333333333 0.837758040957 0.39862266287
-0.333333333333 1.0471975512 0.567902478529
-0.333333333333 1.25663706144 0.444725154605
-0.333333333333 1.46607657168 0.0974858323698
-0.333333333333 1.67551608191 0.20576385546
-0.333333333333 1.88495559215 0.165525866153
-0.333333333333 2.09439510239 0.697230659298
-0.333333333333 2.30383461263 0.648511042856
-0.333333333333 2.51327412287 0.194563938857
-0.333333333333 2.72271363311 0.137675529461
-0.333333333333 2.93215314335 0.191276729094
-0.333333333333 3.14159265359 0.115225703979
-0.333333333333 3.35103216383 0.260461759461
-0.333333333333 3.56047167407 0.101696159601
-0.333333333333 3.76991118431 0.236937872792
-0.333333333333 3.97935069455 0.268154558678
-0.333333333333 4.18879020479 0.131169345418
-0.333333333333 4.39822971503 0.0467479949307
-0.333333333333 4.60766922527 0.126883858745
-0.333333333333 4.8171087355 0.326428198038
-0.333333333333 5.02654824574 0.136282386829
-0.333333333333 5.23598775598 0.39818872628
-0.333333333333 5.44542726622 0.13435225955
-0.333333333333 5.65486677646 0.587667212076
-0.333333333333 5.8643062867 0.442514086388
-0.333333333333 6.07374579694 0.220926460857

-0.266666666667 0 0.473696861904
-0.266666666667 0.209439510239 0.820285722655
-0.266666666667 0.418879020479 0.578681979036
-0.266666666667 0.628318530718 0.291141428443
-0.266666666667 0.837758040957 0.311105051309
-0.266666666667 1.0471975512 0.52481041032
-0.266666666667 1.25663706144 0.486733282978
-0.266666666667 1.46607657168 0.108174076807
-0.266666666667 1.67551608191 0.198431968396
-0.266666666667 1.88495559215 0.173854549102
-0.266666666667 2.09439510239 0.658110381445
-0.266666666667 2.30383461263 0.652286576586
-0.266666666667 2.51327412287 0.19806670876
-0.266666666667 2.72271363311 0.139508137864
-0.266666666667 2.93215314335 0.174957877438
-0.266666666667 3.14159265359 0.15016745672
-0.266666666667 3.35103216383 0.251336041658
-0.266666666667 3.56047167407 0.10787853862
-0.266666666667 3.76991118431 0.317311249218
-0.266666666667 3.97935069455 0.331948871694
-0.266666666667 4.18879020479 0.146374429475
-0.266666666667 4.39822971503 0.0583324164214
-0.266666666667 4.60766922527 0.122214131237
-0.266666666667 4.8171087355 0.359478198042
-0.266666666667 5.02654824574 0.145538067378
-0.266666666667 5.23598775598 0.392247116703
-0.266666666667 5.44542726622 0.121416442791
-0.266666666667 5.65486677646 0.593585334417
-0.266666666667 5.8643062867 0.425603350983
-0.266666666667 6.07374579694 0.211851230883

-0.2 0 0.509441512042
-0.2 0.209439510239 0.814085548276
-0.2 0.418879020479 0.491864077697
-0.2 0.628318530718 0.224240120427
-0.2 0.837758040957 0.24124728281
-0.2 1.0471975512 0.480079173723
-0.2 1.25663706144 0.516392941245
-0.2 1.46607657168 0.1192849579
-0.2 1.67551608191 0.193727348166
-0.2 1.88495559215 0.181470230298
-0.2 2.09439510239 0.628128828387
-0.2 2.30383461263 0.654039431539
-0.2 2.51327412287 0.203045235215
-0.2 2.72271363311 0.137584528965
-0.2 2.93215314335 0.159245012727
-0.2 3.14159265359 0.186921343638
-0.2 3.35103216383 0.228317838647
-0.2 3.56047167407 0.127443718191
-0.2 3.76991118431 0.389681570028
-0.2 3.97935069455 0.393105185084
-0.2 4.18879020479 0.16699468355
-0.2 4.39822971503 0.0658794558197
-0.2 4.60766922527 0.118282718879
-0.2 4.8171087355 0.390218280441
-0.2 5.02654824574 0.151844060389
-0.2 5.23598775598 0.38520014285
-0.2 5.44542726622 0.110898117001
-0.2 5.65486677646 0.601521196096
-0.2 5.8643062867 0.415505053939
-0.2 6.07374579694 0.207295761072

-0.133333333333 0 0.533947937392
-0.133333333333 0.209439510239 0.788223483408
-0.133333333333 0.418879020479 0.424475523455
-0.133333333333 0.628318530718 0.177937668601
-0.133333333333 0.837758040957 0.187748165529
-0.133333333333 1.0471975512 0.440628226669
-0.133333333333 1.25663706144 0.536009644047
-0.133333333333 1.46607657168 0.12973201797
-0.133333333333 1.67551608191 0.19068920369
-0.133333333333 1.88495559215 0.188529737496
-0.133333333333 2.09439510239 0.606493367175
-0.133333333333 2.30383461263 0.653657881098
-0.133333333333 2.51327412287 0.208502302386
-0.133333333333 2.72271363311 0.133307473858
-0.133333333333 2.93215314335 0.146054806991
-0.133333333333 3.14159265359 0.21848665205
-0.133333333333 3.35103216383 0.201148354439
-0.133333333333 3.56047167407 0.149664066286
-0.133333333333 3.76991118431 0.440836306582
-0.133333333333 3.97935069455 0.438626045978
-0.133333333333 4.18879020479 0.184778313539
-0.133333333333 4.39822971503 0.070445419585
-0.133333333333 4.60766922527 0.114390700744
-0.133333333333 4.8171087355 0.416954761037
-0.133333333333 5.02654824574 0.155010604188
-0.133333333333 5.23598775598 0.378810295794
-0.133333333333 5.44542726622 0.102079060881
-0.133333333333 5.65486677646 0.611738310463
-0.133333333333 5.8643062867 0.408791260309
-0.133333333333 6.07374579694 0.20505131462

-0.0666666666667 0 0.547917737519
-0.0666666666667 0.209439510239 0.755566824381
-0.0666666666667 0.418879020479 0.375212755631
-0.0666666666667 0.628318530718 0.144774882588
-0.0666666666667 0.837758040957 0.147898293932
-0.0666666666667 1.0471975512 0.410140891632
-0.0666666666667 1.25663706144 0.54729225404
-0.0666666666667 1.46607657168 0.13833981509
-0.0666666666667 1.67551608191 0.188806836797
-0.0666666666667 1.88495559215 0.19525698235
-0.0666666666667 2.09439510239 0.592500281891
-0.0666666666667 2.30383461263 0.651021249257
-0.0666666666667 2.51327412287 0.213437837963
-0.0666666666667 2.72271363311 0.127772230677
-0.0666666666667 2.93215314335 0.136201978859
-0.0666666666667 3.14159265359 0.241990563319
-0.0666666666667 3.35103216383 0.175672061138
-0.0666666666667 3.56047167407 0.165881742207
-0.0666666666667 3.76991118431 0.465854472224
-0.0666666666667 3.97935069455 0.460944490994
-0.0666666666667 4.18879020479 0.192450475745
-0.0666666666667 4.39822971503 0.0726233215935
-0.0666666666667 4.60766922527 0.111141041142
-0.0666666666667 4.8171087355 0.439329773064
-0.0666666666667 5.02654824574 0.155050398307
-0.0666666666667 5.23598775598 0.374048164034
-0.0666666666667 5.44542726622 0.0944407383338
-0.0666666666667 5.65486677646 0.624369309689
-0.0666666666667 5.8643062867 0.402604524831
-0.0666666666667 6.07374579694 0.203664703164

6.12323399574e-17 0 0.55293381142
6.12323399574e-17 0.209439510239 0.723200166752
6.12323399574e-17 0.418879020479 0.339394529113
6.12323399574e-17 0.628318530718 0.119614365353
6.12323399574e-17 0.837758040957 0.119796801348
6.12323399574e-17 1.0471975512 0.390603206028
6.12323399574e-17 1.25663706144 0.551098460701
6.12323399574e-17 1.46607657168 0.144050407053
6.12323399574e-17 1.67551608191 0.187855579641
6.12323399574e-17 1.88495559215 0.201856809008
6.12323399574e-17 2.09439510239 0.585568521374
6.12323399574e-17 2.30383461263 0.645936748902
6.12323399574e-17 2.51327412287 0.216932210336
6.12323399574e-17 2.72271363311 0.121755714013
6.12323399574e-17 2.93215314335 0.129811032256
6.12323399574e-17 3.14159265359 0.257312760969
6.12323399574e-17 3.35103216383 0.154712608637
6.12323399574e-17 3.56047167407 0.171701243741
6.12323399574e-17 3.76991118431 0.465080490054
6.12323399574e-17 3.97935069455 0.457356789197
6.12323399574e-17 4.18879020479 0.186852759962
6.12323399574e-17 4.39822971503 0.0725900369703
6.12323399574e-17 4.60766922527 0.109769473385
6.12323399574e-17 4.8171087355 0.457541883967
6.12323399574e-17 5.02654824574 0.15214272097
6.12323399574e-17 5.23598775598 0.371338215165
6.12323399574e-17 5.44542726622 0.0876726134256
6.12323399574e-17 5.65486677646 0.639352345873
6.12323399574e-17 5.8643062867 0.394783376899
6.12323399574e-17 6.07374579694 0.202669727175

0.0666666666667 0 0.549813729409
0.0666666666667 0.209439510239 0.695303135941
0.0666666666667 0.418879020479 0.313004453325
0.0666666666667 0.628318530718 0.099913547977
0.0666666666667 0.837758040957 0.102973927987
0.0666666666667 1.0471975512 0.382974884631
0.0666666666667 1.25663706144 0.547095992812
0.0666666666667 1.46607657168 0.146165634394
0.0666666666667 1.67551608191 0.187766489975
0.0666666666667 1.88495559215 0.208503223296
0.0666666666667 2.09439510239 0.585232532927
0.0666666666667 2.30383461263 0.638081580251
0.0666666666667 2.51327412287 0.218173607575
0.0666666666667 2.72271363311 0.115770973981
0.0666666666667 2.93215314335 0.126635257181
0.0666666666667 3.14159265359 0.265834475225
0.0666666666667 3.35103216383 0.139525732876
0.0666666666667 3.56047167407 0.166769578747
0.0666666666667 3.76991118431 0.440877674929
0.0666666666667 3.97935069455 0.427645933006
0.0666666666667 4.18879020479 0.168367887015
0.0666666666667 4.39822971503 0.0703930978585
0.0666666666667 4.60766922527 0.111904045134
0.0666666666667 4.8171087355 0.471656148435
0.0666666666667 5.02654824574 0.146694827445
0.0666666666667 5.23598775598 0.370709888298
0.0666666666667 5.44542726622 0.0816891978771
0.0666666666667 5.65486677646 0.656372949255
0.0666666666667 5.8643062867 0.383804051442
0.0666666666667 6.07374579694 0.202683489475

0.133333333333 0 0.537920115885
0.133333333333 0.209439510239 0.675063133989
0.133333333333 0.418879020479 0.294430333513
0.133333333333 0.628318530718 0.0851669457318
0.133333333333 0.837758040957 0.0981577317289
0.133333333333 1.0471975512 0.386895136286
0.133333333333 1.25663706144 0.533501431656
0.133333333333 1.46607657168 0.144517669219
0.133333333333 1.67551608191 0.188582023655
0.133333333333 1.88495559215 0.215353186586
0.133333333333 2.09439510239 0.591088532413
0.133333333333 2.30383461263 0.626946258033
0.133333333333 2.51327412287 0.216453498926
0.133333333333 2.72271363311 0.110141572618
0.133333333333 2.93215314335 0.126236879803
0.133333333333 3.14159265359 0.269595300818
0.133333333333 3.35103216383 0.130926746896
0.133333333333 3.56047167407 0.153786544216
0.133333333333 3.76991118431 0.395850826035
0.133333333333 3.97935069455 0.372473941413
0.133333333333 4.18879020479 0.139412724547
0.133333333333 4.39822971503 0.066138489755
0.133333333333 4.60766922527 0.119540209207
0.133333333333 4.8171087355 0.481083068221
0.133333333333 5.02654824574 0.139481281275
0.133333333333 5.23598775598 0.371865826461
0.133333333333 5.44542726622 0.0766582659983
0.133333333333 5.65486677646 0.674800670607
0.133333333333 5.8643062867 0.368704092498
0.133333333333 6.07374579694 0.205425977068

0.2 0 0.515029373352
0.2 0.209439510239 0.66510193949
0.2 0.418879020479 0.285481940167
0.2 0.628318530718 0.0764474262433
0.2 0.837758040957 0.106119485568
0.2 1.0471975512 0.399354084898
0.2 1.25663706144 0.507140447155
0.2 1.46607657168 0.139574793892
0.2 1.67551608191 0.19048677622
0.2 1.88495559215 0.222569132467
0.2 2.09439510239 0.602673931291
0.2 2.30383461263 0.611777028818
0.2 2.51327412287 0.211146913021
0.2 2.72271363311 0.105077776473
0.2 2.93215314335 0.128039067093
0.2 3.14159265359 0.270770205279
0.2 3.35103216383 0.129924025941
0.2 3.56047167407 0.137361686369
0.2 3.76991118431 0.333021570825
0.2 3.97935069455 0.293855368817
0.2 4.18879020479 0.103651027795
0.2 4.39822971503 0.0602878889786
0.2 4.60766922527 0.134981210312
0.2 4.8171087355 0.484186855412
0.2 5.02654824574 0.13185797504
0.2 5.23598775598 0.374186248212
0.2 5.44542726622 0.0730411944628
0.2 5.65486677646 0.693611961447
0.2 5.8643062867 0.349077624147
0.2 6.07374579694 0.213646457008

0.266666666667 0 0.477874397985
0.266666666667 0.209439510239 0.666094996893
0.266666666667 0.418879020479 0.292208895973
0.266666666667 0.628318530718 0.0766320702977
0.266666666667 0.837758040957 0.125876233342
0.266666666667 1.0471975512 0.412895233612
0.266666666667 1.25663706144 0.46430018905
0.266666666667 1.46607657168 0.13248722093
0.266666666667 1.67551608191 0.193885766506
0.266666666667 1.88495559215 0.230344189108
0.266666666667 2.09439510239 0.619240354214
0.266666666667 2.30383461263 0.591517863083
0.266666666667 2.51327412287 0.201691861534
0.266666666667 2.72271363311 0.100753725017
0.266666666667 2.93215314335 0.131284178254
0.266666666667 3.14159265359 0.271237049274
0.266666666667 3.35103216383 0.137963606407
0.266666666667 3.56047167407 0.122736198447
0.266666666667 3.76991118431 0.257971900133
0.266666666667 3.97935069455 0.19809361299
0.266666666667 4.18879020479 0.0663877482339
0.266666666667 4.39822971503 0.0542496434929
0.266666666667 4.60766922527 0.160467486291
0.266666666667 4.8171087355 0.47804360587
0.266666666667 5.02654824574 0.126021059219
0.266666666667 5.23598775598 0.376696917192
0.266666666667 5.44542726622 0.0716442987632
0.266666666667 5.65486677646 0.711295652159
0.266666666667 5.8643062867 0.325185682535
0.266666666667 6.07374579694 0.230830676784

0.333333333333 0 0.423951048521
0.333333333333 0.209439510239 0.673421432846
0.333333333333 0.418879020479 0.324498188678
0.333333333333 0.628318530718 0.0918950714817
0.333333333333 0.837758040957 0.153805983933
0.333333333333 1.0471975512 0.415456105061
0.333333333333 1.25663706144 0.403033176224
0.333333333333 1.46607657168 0.125053086723
0.333333333333 1.67551608191 0.19947937946
0.333333333333 1.88495559215 0.238927983508
0.333333333333 2.09439510239 0.63934288876
0.333333333333 2.30383461263 0.564762670373
0.333333333333 2.51327412287 0.187581582172
0.333333333333 2.72271363311 0.0974007647713
0.333333333333 2.93215314335 0.134951061685
0.333333333333 3.14159265359 0.271965006284
0.333333333333 3.35103216383 0.156860063377
0.333333333333 3.56047167407 0.114487080453
0.333333333333 3.76991118431 0.182265525957
0.333333333333 3.97935069455 0.100416904568
0.333333333333 4.18879020479 0.0357611246771
0.333333333333 4.39822971503 0.0511130301505
0.333333333333 4.60766922527 0.197147742255
0.333333333333 4.8171087355 0.458567766128
0.333333333333 5.02654824574 0.125196453058
0.333333333333 5.23598775598 0.378048078063
0.333333333333 5.44542726622 0.0736761318076
0.333333333333 5.65486677646 0.725743899355
0.333333333333 5.8643062867 0.29818874364
0.333333333333 6.07374579694 0.260451263063

0.4 0 0.355343858678
0.4 0.209439510239 0.672770427165
0.4 0.418879020479 0.391302415172
0.4 0.628318530718 0.133879114471
0.4 0.837758040957 0.186341576498
0.4 1.0471975512 0.395464021598
0.4 1.25663706144 0.32696979896
0.4 1.46607657168 0.119635471907
0.4 1.67551608191 0.208211571477
0.4 1.88495559215 0.248637616276
0.4 2.09439510239 0.660121748921
0.4 2.30383461263 0.529748718037
0.4 2.51327412287 0.168393527383
0.4 2.72271363311 0.0954360190528
0.4 2.93215314335 0.137738188393
0.4 3.14159265359 0.271996237754
0.4 3.35103216383 0.188169358571
0.4 3.56047167407 0.115765675
0.4 3.76991118431 0.125452793223
0.4 3.97935069455 0.0278764854759
0.4 4.18879020479 0.02299285759
0.4 4.39822971503 0.0557777502868
0.4 4.60766922527 0.243036537001
0.4 4.8171087355 0.421557400672
0.4 5.02654824574 0.133473545739
0.4 5.23598775598 0.376593820106
0.4 5.44542726622 0.080797563688
0.4 5.65486677646 0.734144217453
0.4 5.8643062867 0.270464075308
0.4 6.07374579694 0.304454496201

0.466666666667 0 0.284529575974
0.466666666667 0.209439510239 0.638480510158
0.466666666667 0.418879020479 0.487292453479
0.466666666667 0.628318530718 0.21748747112
0.466666666667 0.837758040957 0.226577565643
0.466666666667 1.0471975512 0.353036779981
0.466666666667 1.25663706144 0.248006419549
0.466666666667 1.46607657168 0.11924928368
0.466666666667 1.67551608191 0.220809362412
0.466666666667 1.88495559215 0.259789384783
0.466666666667 2.09439510239 0.676101150324
0.466666666667 2.30383461263 0.484475771825
0.466666666667 2.51327412287 0.143909308778
0.466666666667 2.72271363311 0.0956202735331
0.466666666667 2.93215314335 0.13837924465
0.466666666667 3.14159265359 0.267053284218
0.466666666667 3.35103216383 0.231146847333
0.466666666667 3.56047167407 0.127913672838
0.466666666667 3.76991118431 0.109599229793
0.466666666667 3.97935069455 0.0123651591626
0.466666666667 4.18879020479 0.0379240537716
0.466666666667 4.39822971503 0.0731396631352
0.466666666667 4.60766922527 0.290014725901
0.466666666667 4.8171087355 0.365555754873
0.466666666667 5.02654824574 0.154742458227
0.466666666667 5.23598775598 0.370732369988
0.466666666667 5.44542726622 0.0951368519196
0.466666666667 5.65486677646 0.732907684361
0.466666666667 5.8643062867 0.245888437168
0.466666666667 6.07374579694 0.360760114557

0.533333333333 0 0.239306434645
0.533333333333 0.209439510239 0.542873512758
0.533333333333 0.418879020479 0.572787393499
0.533333333333 0.628318530718 0.342356705639
0.533333333333 0.837758040957 0.283964799094
0.533333333333 1.0471975512 0.305042261695
0.533333333333 1.25663706144 0.182073189882
0.533333333333 1.46607657168 0.128194318266
0.533333333333 1.67551608191 0.236412720745
0.533333333333 1.88495559215 0.272303542472
0.533333333333 2.09439510239 0.677381392191
0.533333333333 2.30383461263 0.427157727503
0.533333333333 2.51327412287 0.114457857637
0.533333333333 2.72271363311 0.0991036275609
0.533333333333 2.93215314335 0.136902206655
0.533333333333 3.14159265359 0.248647025522
0.533333333333 3.35103216383 0.278028170351
0.533333333333 3.56047167407 0.148048760281
0.533333333333 3.76991118431 0.139368563688
0.533333333333 3.97935069455 0.0643054579555
0.533333333333 4.18879020479 0.0769558037381
0.533333333333 4.39822971503 0.103305299307
0.533333333333 4.60766922527 0.321572712861
0.533333333333 4.8171087355 0.297207060533
0.533333333333 5.02654824574 0.190007988166
0.533333333333 5.23598775598 0.359768760533
0.533333333333 5.44542726622 0.119216505683
0.533333333333 5.65486677646 0.717706107814
0.533333333333 5.8643062867 0.229824515091
0.533333333333 6.07374579694 0.420050971241

0.6 0 0.259025709685
0.6 0.209439510239 0.387172947963
0.6 0.418879020479 0.569212412975
0.6 0.628318530718 0.454112366914
0.6 0.837758040957 0.344768154664
0.6 1.0471975512 0.262136489499
0.6 1.25663706144 0.138789361778
0.6 1.46607657168 0.153235149059
0.6 1.67551608191 0.249790365391
0.6 1.88495559215 0.284243369914
0.6 2.09439510239 0.647698165514
0.6 2.30383461263 0.357509708536
0.6 2.51327412287 0.0817980871146
0.6 2.72271363311 0.1067989359
0.6 2.93215314335 0.137703108599
0.6 3.14159265359 0.206529332692
0.6 3.35103216383 0.307312700851
0.6 3.56047167407 0.165566748101
0.6 3.76991118431 0.17606617844
0.6 3.97935069455 0.137321993937
0.6 4.18879020479 0.111719236724
0.6 4.39822971503 0.13559808424
0.6 4.60766922527 0.316951613395
0.6 4.8171087355 0.237485516569
0.6 5.02654824574 0.232795218348
0.6 5.23598775598 0.345643739599
0.6 5.44542726622 0.155694042243
0.6 5.65486677646 0.683764606969
0.6 5.8643062867 0.228324718082
0.6 6.07374579694 0.463501228032

0.666666666667 0 0.370569708291
0.666666666667 0.209439510239 0.248658331796
0.666666666667 0.418879020479 0.418575557631
0.666666666667 0.628318530718 0.4376279037
0.666666666667 0.837758040957 0.335251705355
0.666666666667 1.0471975512 0.202809373199
0.666666666667 1.25663706144 0.125061779449
0.666666666667 1.46607657168 0.202315185678
0.666666666667 1.67551608191 0.247768524237
0.666666666667 1.88495559215 0.287886724479
0.666666666667 2.09439510239 0.56552564272
0.666666666667 2.30383461263 0.28001641831
0.666666666667 2.51327412287 0.0511573197695
0.666666666667 2.72271363311 0.116725795629
0.666666666667 2.93215314335 0.153401052765
0.666666666667 3.14159265359 0.140735931131
0.666666666667 3.35103216383 0.284068256236
0.666666666667 3.56047167407 0.168614193484
0.666666666667 3.76991118431 0.15588216461
0.666666666667 3.97935069455 0.142513787443
0.666666666667 4.18879020479 0.104320716146
0.666666666667 4.39822971503 0.150113055282
0.666666666667 4.60766922527 0.271822573785
0.666666666667 4.8171087355 0.220203266928
0.666666666667 5.02654824574 0.264712655309
0.666666666667 5.23598775598 0.335756975185
0.666666666667 5.44542726622 0.206742743592
0.666666666667 5.65486677646 0.626693444936
0.666666666667 5.8643062867 0.24579350299
0.666666666667 6.07374579694 0.465647458287

0.733333333333 0 0.537903722476
0.733333333333 0.209439510239 0.277447950298
0.733333333333 0.418879020479 0.23137168869
0.733333333333 0.628318530718 0.26186432765
0.733333333333 0.837758040957 0.211846953849
0.733333333333 1.0471975512 0.141445110406
0.733333333333 1.25663706144 0.175901377248
0.733333333333 1.46607657168 0.264217254258
0.733333333333 1.67551608191 0.209113094029
0.733333333333 1.88495559215 0.264994833506
0.733333333333 2.09439510239 0.420107333806
0.733333333333 2.30383461263 0.211231222368
0.733333333333 2.51327412287 0.0348267523868
0.733333333333 2.72271363311 0.118375848253
0.733333333333 2.93215314335 0.198568866526
0.733333333333 3.14159265359 0.0892878300421
0.733333333333 3.35103216383 0.186686493349
0.733333333333 3.56047167407 0.152938923139
0.733333333333 3.76991118431 0.0879025977799
0.733333333333 3.97935069455 0.066231015747
0.733333333333 4.18879020479 0.063892825819
0.733333333333 4.39822971503 0.143777152253
0.733333333333 4.60766922527 0.234766176258
0.733333333333 4.8171087355 0.262615685816
0.733333333333 5.02654824574 0.259337900805
0.733333333333 5.23598775598 0.346250060578
0.733333333333 5.44542726622 0.272769971295
0.733333333333 5.65486677646 0.544419529832
0.733333333333 5.8643062867 0.280287846775
0.733333333333 6.07374579694 0.408725658762

0.8 0 0.614903148133
0.8 0.209439510239 0.522064498355
0.8 0.418879020479 0.315669907109
0.8 0.628318530718 0.223277007567
0.8 0.837758040957 0.200103447902
0.8 1.0471975512 0.236743388253
0.8 1.25663706144 0.314205845464
0.8 1.46607657168 0.257093178408
0.8 1.67551608191 0.120962006283
0.8 1.88495559215 0.20628637496
0.8 2.09439510239 0.26693570643
0.8 2.30383461263 0.190672226053
0.8 2.51327412287 0.0535981862871
0.8 2.72271363311 0.0929707140308
0.8 2.93215314335 0.249297249173
0.8 3.14159265359 0.136352581199
0.8 3.35103216383 0.0793448934804
0.8 3.56047167407 0.110754523302
0.8 3.76991118431 0.0702188409055
0.8 3.97935069455 0.0454871882518
0.8 4.18879020479 0.0820981623757
0.8 4.39822971503 0.184262855696
0.8 4.60766922527 0.290970606414
0.8 4.8171087355 0.297115913045
0.8 5.02654824574 0.212359956784
0.8 5.23598775598 0.402079909991
0.8 5.44542726622 0.349958640479
0.8 5.65486677646 0.441340558487
0.8 5.8643062867 0.31682207697
0.8 6.07374579694 0.309977731214

0.866666666667 0 0.448137000574
0.866666666667 0.209439510239 0.6323013029
0.866666666667 0.418879020479 0.615346772348
0.866666666667 0.628318530718 0.532645512639
0.866666666667 0.837758040957 0.47853127383
0.866666666667 1.0471975512 0.432203958483
0.866666666667 1.25663706144 0.301482119571
0.866666666667 1.46607657168 0.0897091221138
0.866666666667 1.67551608191 0.0580042541785
0.866666666667 1.88495559215 0.219309082557
0.866666666667 2.09439510239 0.288701590734
0.866666666667 2.30383461263 0.271010094782
0.866666666667 2.51327412287 0.122547393362
0.866666666667 2.72271363311 0.052234717942
0.866666666667 2.93215314335 0.204705503094
0.866666666667 3.14159265359 0.253176996851
0.866666666667 3.35103216383 0.153187239779
0.866666666667 3.56047167407 0.128259662235
0.866666666667 3.76991118431 0.149329087939
0.866666666667 3.97935069455 0.18441278094
0.866666666667 4.18879020479 0.253434553249
0.866666666667 4.39822971503 0.33537632105
0.866666666667 4.60766922527 0.330096934726
0.866666666667 4.8171087355 0.181826691706
0.866666666667 5.02654824574 0.214252480587
0.866666666667 5.23598775598 0.521582514164
0.866666666667 5.44542726622 0.42578688339
0.866666666667 5.65486677646 0.337082057829
0.866666666667 5.8643062867 0.325135001252
0.866666666667 6.07374579694 0.243318977576

0.933333333333 0 0.277757569695
0.933333333333 0.209439510239 0.309145947452
0.933333333333 0.418879020479 0.346165359095
0.933333333333 0.628318530718 0.335975893664
0.933333333333 0.837758040957 0.268957820409
0.933333333333 1.0471975512 0.167268363882
0.933333333333 1.25663706144 0.0957219418534
0.933333333333 1.46607657168 0.156143087294
0.933333333333 1.67551608191 0.365608227143
0.933333333333 1.88495559215 0.551556259578
0.933333333333 2.09439510239 0.561261917252
0.933333333333 2.30383461263 0.424869130353
0.933333333333 2.51327412287 0.238211574556
0.933333333333 2.72271363311 0.10682470794
0.933333333333 2.93215314335 0.0898916344435
0.933333333333 3.14159265359 0.14332381457
0.933333333333 3.35103216383 0.181559191693
0.933333333333 3.56047167407 0.198112581974
0.933333333333 3.76991118431 0.216372148245
0.933333333333 3.97935069455 0.229887415767
0.933333333333 4.18879020479 0.211489834438
0.933333333333 4.39822971503 0.142192172925
0.933333333333 4.60766922527 0.0721310957032
0.933333333333 4.8171087355 0.161630955381
0.933333333333 5.02654824574 0.466941160994
0.933333333333 5.23598775598 0.650386352655
0.933333333333 5.44542726622 0.471367592256
0.933333333333 5.65486677646 0.285665881439
0.933333333333 5.8643062867 0.291924362605
0.933333333333 6.07374579694 0.294591583427

