-1 0 0.212619402349
-1 0.209439510239 0.212619402349
-1 0.418879020479 0.212619402349
-1 0.628318530718 0.212619402349
-1 0.837758040957 0.212619402349
-1 1.0471975512 0.212619402349
-1 1.25663706144 0.212619402349
-1 1.46607657168 0.212619402349
-1 1.67551608191 0.212619402349
-1 1.88495559215 0.212619402349
-1 2.09439510239 0.212619402349
-1 2.30383461263 0.212619402349
-1 2.51327412287 0.212619402349
-1 2.72271363311 0.212619402349
-1 2.93215314335 0.212619402349
-1 3.14159265359 0.212619402349
-1 3.35103216383 0.212619402349
-1 3.56047167407 0.212619402349
-1 3.76991118431 0.212619402349
-1 3.97935069455 0.212619402349
-1 4.18879020479 0.212619402349
-1 4.39822971503 0.212619402349
-1 4.60766922527 0.212619402349
-1 4.8171087355 0.212619402349
-1 5.02654824574 0.212619402349
-1 5.23598775598 0.212619402349
-1 5.44542726622 0.212619402349
-1 5.65486677646 0.212619402349
-1 5.8643062867 0.212619402349
-1 6.07374579694 0.212619402349

-0.933333333333 0 0.809200680579
-0.933333333333 0.209439510239 0.966691407144
-0.933333333333 0.418879020479 1.09247795026
-0.933333333333 0.628318530718 1.12178574699
-0.933333333333 0.837758040957 1.07275301104
-0.933333333333 1.0471975512 0.993722257368
-0.933333333333 1.25663706144 0.925448663461
-0.933333333333 1.46607657168 0.854614446223
-0.933333333333 1.67551608191 0.705000015437
-0.933333333333 1.88495559215 0.444583798583
-0.933333333333 2.09439510239 0.182551601223
-0.933333333333 2.30383461263 0.0632647336915
-0.933333333333 2.51327412287 0.108655395054
-0.933333333333 2.72271363311 0.262754406967
-0.933333333333 2.93215314335 0.372652999833
-0.933333333333 3.14159265359 0.349167770401
-0.933333333333 3.35103216383 0.283174088064
-0.933333333333 3.56047167407 0.25837349705
-0.933333333333 3.76991118431 0.276724211163
-0.933333333333 3.97935069455 0.31891072638
-0.933333333333 4.18879020479 0.367125890527
-0.933333333333 4.39822971503 0.390548924392
-0.933333333333 4.60766922527 0.367576678571
-0.933333333333 4.8171087355 0.354062250911
-0.933333333333 5.02654824574 0.413677730018
-0.933333333333 5.23598775598 0.493875104159
-0.933333333333 5.44542726622 0.602702607049
-0.933333333333 5.65486677646 0.76693481263
-0.933333333333 5.8643062867 0.8164026076
-0.933333333333 6.07374579694 0.757028923598

-0.866666666667 0 1.37266537063
-0.866666666667 0.209439510239 1.54374511203
-0.866666666667 0.418879020479 1.57389358279
-0.866666666667 0.628318530718 1.55279664075
-0.866666666667 0.837758040957 1.535360977
-0.866666666667 1.0471975512 1.41720530009
-0.866666666667 1.25663706144 1.11419902906
-0.866666666667 1.46607657168 0.831711799969
-0.866666666667 1.67551608191 0.759408884844
-0.866666666667 1.88495559215 0.562604284102
-0.866666666667 2.09439510239 0.157377350277
-0.866666666667 2.30383461263 0.0627932299405
-0.866666666667 2.51327412287 0.168623963327
-0.866666666667 2.72271363311 0.354370018452
-0.866666666667 2.93215314335 0.380022002936
-0.866666666667 3.14159265359 0.222848737556
-0.866666666667 3.35103216383 0.146036156221
-0.866666666667 3.56047167407 0.121439594235
-0.866666666667 3.76991118431 0.113869652469
-0.866666666667 3.97935069455 0.14627049868
-0.866666666667 4.18879020479 0.249305692927
-0.866666666667 4.39822971503 0.43280815969
-0.866666666667 4.60766922527 0.568268165297
-0.866666666667 4.8171087355 0.509958900453
-0.866666666667 5.02654824574 0.555394127822
-0.866666666667 5.23598775598 0.687226181959
-0.866666666667 5.44542726622 0.623692224173
-0.866666666667 5.65486677646 0.546785081972
-0.866666666667 5.8643062867 0.635518072058
-0.866666666667 6.07374579694 1.00933871514

-0.8 0 1.45784842246
-0.8 0.209439510239 1.33887968927
-0.8 0.418879020479 1.07956310414
-0.8 0.628318530718 1.05068166611
-0.8 0.837758040957 1.34123059731
-0.8 1.0471975512 1.78484774648
-0.8 1.25663706144 1.90293205508
-0.8 1.46607657168 1.29365339809
-0.8 1.67551608191 0.684200636375
-0.8 1.88495559215 0.564778296873
-0.8 2.09439510239 0.16786357013
-0.8 2.30383461263 0.0773758897261
-0.8 2.51327412287 0.204326968566
-0.8 2.72271363311 0.404299404664
-0.8 2.93215314335 0.295560574913
-0.8 3.14159265359 0.0896441593943
-0.8 3.35103216383 0.0391894828272
-0.8 3.56047167407 0.0265208508324
-0.8 3.76991118431 0.0566000807307
-0.8 3.97935069455 0.0824048193735
-0.8 4.18879020479 0.122874111081
-0.8 4.39822971503 0.305463510529
-0.8 4.60766922527 0.583265839198
-0.8 4.8171087355 0.591653643132
-0.8 5.02654824574 0.69568742174
-0.8 5.23598775598 0.762503227242
-0.8 5.44542726622 0.513114442288
-0.8 5.65486677646 0.456824864827
-0.8 5.8643062867 0.847169329419
-0.8 6.07374579694 1.37467441368

-0.733333333333 0 1.0308130637
-0.733333333333 0.209439510239 0.599912465486
-0.733333333333 0.418879020479 0.403434645155
-0.733333333333 0.628318530718 0.503314507376
-0.733333333333 0.837758040957 0.668334679565
-0.733333333333 1.0471975512 1.18814974729
-0.733333333333 1.25663706144 2.04349425844
-0.733333333333 1.46607657168 2.09785443134
-0.733333333333 1.67551608191 0.956469315187
-0.733333333333 1.88495559215 0.471474730298
-0.733333333333 2.09439510239 0.192296680659
-0.733333333333 2.30383461263 0.0925428543263
-0.733333333333 2.51327412287 0.22907461912
-0.733333333333 2.72271363311 0.423656632792
-0.733333333333 2.93215314335 0.17239805737
-0.733333333333 3.14159265359 0.0247771413192
-0.733333333333 3.35103216383 0.0267135842242
-0.733333333333 3.56047167407 0.120816207581
-0.733333333333 3.76991118431 0.239308996799
-0.733333333333 3.97935069455 0.268587601792
-0.733333333333 4.18879020479 0.202659037983
-0.733333333333 4.39822971503 0.274618587145
-0.733333333333 4.60766922527 0.647010972038
-0.733333333333 4.8171087355 0.597546066123
-0.733333333333 5.02654824574 0.738536485044
-0.733333333333 5.23598775598 0.81439461835
-0.733333333333 5.44542726622 0.43964331771
-0.733333333333 5.65486677646 0.564928511423
-0.733333333333 5.8643062867 1.02809418156
-0.733333333333 6.07374579694 1.29634945555

-0.666666666667 0 0.534287627905
-0.666666666667 0.209439510239 0.381092958289
-0.666666666667 0.418879020479 0.858829519595
-0.666666666667 0.628318530718 0.895219283636
-0.666666666667 0.837758040957 0.57708766818
-0.666666666667 1.0471975512 0.572645742402
-0.666666666667 1.25663706144 1.43771008809
-0.666666666667 1.46607657168 2.44509370979
-0.666666666667 1.67551608191 1.51739235992
-0.666666666667 1.88495559215 0.398528375564
-0.666666666667 2.09439510239 0.218494601228
-0.666666666667 2.30383461263 0.103655399009
-0.666666666667 2.51327412287 0.248919990508
-0.666666666667 2.72271363311 0.410045687347
-0.666666666667 2.93215314335 0.07405847805
-0.666666666667 3.14159265359 0.0198858396441
-0.666666666667 3.35103216383 0.0810947337136
-0.666666666667 3.56047167407 0.258505155528
-0.666666666667 3.76991118431 0.423164044877
-0.666666666667 3.97935069455 0.509242103607
-0.666666666667 4.18879020479 0.404286729965
-0.666666666667 4.39822971503 0.262459067263
-0.666666666667 4.60766922527 0.699445086151
-0.666666666667 4.8171087355 0.668792380658
-0.666666666667 5.02654824574 0.685697803004
-0.666666666667 5.23598775598 0.871132280313
-0.666666666667 5.44542726622 0.428677828066
-0.666666666667 5.65486677646 0.689245630013
-0.666666666667 5.8643062867 0.98938847625
-0.666666666667 6.07374579694 0.983650030323

-0.6 0 0.356096945787
-0.6 0.209439510239 0.968267627929
-0.6 0.418879020479 1.69696328984
-0.6 0.628318530718 1.24227869125
-0.6 0.837758040957 0.679483979655
-0.6 1.0471975512 0.346628047793
-0.6 1.25663706144 0.775243514801
-0.6 1.46607657168 2.23118804456
-0.6 1.67551608191 2.08669764487
-0.6 1.88495559215 0.410935405752
-0.6 2.09439510239 0.241675474232
-0.6 2.30383461263 0.109708004707
-0.6 2.51327412287 0.265666784908
-0.6 2.72271363311 0.3721746801
-0.6 2.93215314335 0.0232637873467
-0.6 3.14159265359 0.036207775919
-0.6 3.35103216383 0.137343939879
-0.6 3.56047167407 0.326431408687
-0.6 3.76991118431 0.530493956261
-0.6 3.97935069455 0.725362074553
-0.6 4.18879020479 0.696367164015
-0.6 4.39822971503 0.33535679922
-0.6 4.60766922527 0.645630699463
-0.6 4.8171087355 0.790420915859
-0.6 5.02654824574 0.600629527121
-0.6 5.23598775598 0.924551617642
-0.6 5.44542726622 0.450304907299
-0.6 5.65486677646 0.74951516818
-0.6 5.8643062867 0.84019294304
-0.6 6.07374579694 0.695184281387

-0.533333333333 0 0.507531172335
-0.533333333333 0.209439510239 1.65958645463
-0.533333333333 0.418879020479 1.77650026186
-0.533333333333 0.628318530718 0.964503274932
-0.533333333333 0.837758040957 0.587163325808
-0.533333333333 1.0471975512 0.306926696646
-0.533333333333 1.25663706144 0.368774264849
-0.533333333333 1.46607657168 1.76350013732
-0.533333333333 1.67551608191 2.47440650234
-0.533333333333 1.88495559215 0.509929597639
-0.533333333333 2.09439510239 0.260422257649
-0.533333333333 2.30383461263 0.11116563199
-0.533333333333 2.51327412287 0.279854304403
-0.533333333333 2.72271363311 0.323193625833
-0.533333333333 2.93215314335 0.0102139761994
-0.533333333333 3.14159265359 0.0509119759313
-0.533333333333 3.35103216383 0.163513457747
-0.533333333333 3.56047167407 0.345402646929
-0.533333333333 3.76991118431 0.618042060614
-0.533333333333 3.97935069455 0.896494412937
-0.533333333333 4.18879020479 0.968919331055
-0.533333333333 4.39822971503 0.52460347012
-0.533333333333 4.60766922527 0.53278625358
-0.533333333333 4.8171087355 0.892108193861
-0.533333333333 5.02654824574 0.525650096118
-0.533333333333 5.23598775598 0.96485132407
-0.533333333333 5.44542726622 0.481136651523
-0.533333333333 5.65486677646 0.751711799026
-0.533333333333 5.8643062867 0.698882974048
-0.533333333333 6.07374579694 0.524348577479

-0.466666666667 0 0.781487106508
-0.466666666667 0.209439510239 1.86409195068
-0.466666666667 0.418879020479 1.15840042652
-0.466666666667 0.628318530718 0.530487256933
-0.466666666667 0.837758040957 0.456586056566
-0.466666666667 1.0471975512 0.300116548435
-0.466666666667 1.25663706144 0.196694666272
-0.466666666667 1.46607657168 1.29502458408
-0.466666666667 1.67551608191 2.64284094055
-0.466666666667 1.88495559215 0.666784875193
-0.466666666667 2.09439510239 0.274550066174
-0.466666666667 2.30383461263 0.108992690022
-0.466666666667 2.51327412287 0.291921199111
-0.466666666667 2.72271363311 0.274108526856
-0.466666666667 2.93215314335 0.0169542750737
-0.466666666667 3.14159265359 0.058344731284
-0.466666666667 3.35103216383 0.166145232556
-0.466666666667 3.56047167407 0.376936147906
-0.466666666667 3.76991118431 0.731542673289
-0.466666666667 3.97935069455 1.0139396857
-0.466666666667 4.18879020479 1.12386720175
-0.466666666667 4.39822971503 0.741306866596
-0.466666666667 4.60766922527 0.43858416921
-0.466666666667 4.8171087355 0.940441772146
-0.466666666667 5.02654824574 0.475945001439
-0.466666666667 5.23598775598 0.988096448562
-0.466666666667 5.44542726622 0.510544550672
-0.466666666667 5.65486677646 0.72249187809
-0.466666666667 5.8643062867 0.611137302691
-0.466666666667 6.07374579694 0.45923603312

-0.4 0 1.00242737632
-0.4 0.209439510239 1.58629417623
-0.4 0.418879020479 0.500979682103
-0.4 0.628318530718 0.417488837116
-0.4 0.837758040957 0.476476682897
-0.4 1.0471975512 0.307798394635
-0.4 1.25663706144 0.152371812218
-0.4 1.46607657168 0.931667673562
-0.4 1.67551608191 2.64523114583
-0.4 1.88495559215 0.849130768975
-0.4 2.09439510239 0.284231026767
-0.4 2.30383461263 0.104204225971
-0.4 2.51327412287 0.302479719609
-0.4 2.72271363311 0.23155221497
-0.4 2.93215314335 0.0298090513926
-0.4 3.14159265359 0.0604685235626
-0.4 3.35103216383 0.165450785312
-0.4 3.56047167407 0.450360716497
-0.4 3.76991118431 0.857833776091
-0.4 3.97935069455 1.06461814061
-0.4 4.18879020479 1.13938386097
-0.4 4.39822971503 0.892486730181
-0.4 4.60766922527 0.396620860193
-0.4 4.8171087355 0.93806533196
-0.4 5.02654824574 0.451766069022
-0.4 5.23598775598 0.994738449649
-0.4 5.44542726622 0.535070725175
-0.4 5.65486677646 0.683135827817
-0.4 5.8643062867 0.575926017872
-0.4 6.07374579694 0.456326493489

-0.333333333333 0 1.10343247125
-0.333333333333 0.209439510239 1.11999653669
-0.333333333333 0.418879020479 0.189817805332
-0.333333333333 0.628318530718 0.664313005791
-0.333333333333 0.837758040957 0.652538367626
-0.333333333333 1.0471975512 0.340271894635
-0.333333333333 1.25663706144 0.157935345492
-0.333333333333 1.46607657168 0.686102431644
-0.333333333333 1.67551608191 2.55485376621
-0.333333333333 1.88495559215 1.03210145577
-0.333333333333 2.09439510239 0.289700600112
-0.333333333333 2.30383461263 0.0976750189252
-0.333333333333 2.51327412287 0.312276695122
-0.333333333333 2.72271363311 0.198255408657
-0.333333333333 2.93215314335 0.0416535267842
-0.333333333333 3.14159265359 0.0606597824195
-0.333333333333 3.35103216383 0.176177573081
-0.333333333333 3.56047167407 0.556505018505
-0.333333333333 3.76991118431 0.960589634115
-0.333333333333 3.97935069455 1.04513933028
-0.333333333333 4.18879020479 1.0518240156
-0.333333333333 4.39822971503 0.948991118254
-0.333333333333 4.60766922527 0.398386305947
-0.333333333333 4.8171087355 0.901286142984
-0.333333333333 5.02654824574 0.447470583942
-0.333333333333 5.23598775598 0.987384391652
-0.333333333333 5.44542726622 0.554314569196
-0.333333333333 5.65486677646 0.64558805168
-0.333333333333 5.8643062867 0.576372349398
-0.333333333333 6.07374579694 0.477989352435

-0.266666666667 0 1.09698836494
-0.266666666667 0.209439510239 0.700508984501
-0.266666666667 0.418879020479 0.216054777026
-0.266666666667 0.628318530718 1.06053357905
-0.266666666667 0.837758040957 0.88988217642
-0.266666666667 1.0471975512 0.393814063906
-0.266666666667 1.25663706144 0.176033458608
-0.266666666667 1.46607657168 0.533587244892
-0.266666666667 1.67551608191 2.42970002553
-0.266666666667 1.88495559215 1.20032678001
-0.266666666667 2.09439510239 0.291189015158
-0.266666666667 2.30383461263 0.0900780787677
-0.266666666667 2.51327412287 0.322088458968
-0.266666666667 2.72271363311 0.174390211144
-0.266666666667 2.93215314335 0.0501019789312
-0.266666666667 3.14159265359 0.0613696791738
-0.266666666667 3.35103216383 0.202359164095
-0.266666666667 3.56047167407 0.671703983272
-0.266666666667 3.76991118431 1.01775349711
-0.266666666667 3.97935069455 0.971268988798
-0.266666666667 4.18879020479 0.917194133175
-0.266666666667 4.39822971503 0.931001560967
-0.266666666667 4.60766922527 0.421719916891
-0.266666666667 4.8171087355 0.846898948604
-0.266666666667 5.02654824574 0.456382958199
-0.266666666667 5.23598775598 0.969331959325
-0.266666666667 5.44542726622 0.568955895501
-0.266666666667 5.65486677646 0.614816936719
-0.266666666667 5.8643062867 0.595351973993
-0.266666666667 6.07374579694 0.501723129655

-0.2 0 1.02563755191
-0.2 0.209439510239 0.417385965366
-0.2 0.418879020479 0.404722392303
-0.2 0.628318530718 1.40209929896
-0.2 0.837758040957 1.09936000878
-0.2 1.0471975512 0.454552709996
-0.2 1.25663706144 0.193091335927
-0.2 1.46607657168 0.44343952442
-0.2 1.67551608191 2.30582880579
-0.2 1.88495559215 1.34610517633
-0.2 2.09439510239 0.288925520429
-0.2 2.30383461263 0.0818857486559
-0.2 2.51327412287 0.332632270205
-0.2 2.72271363311 0.158824534126
-0.2 2.93215314335 0.0551726778856
-0.2 3.14159265359 0.0637042368911
-0.2 3.35103216383 0.240357956561
-0.2 3.56047167407 0.777005978149
-0.2 3.76991118431 1.03111594656
-0.2 3.97935069455 0.871632552447
-0.2 4.18879020479 0.78212330581
-0.2 4.39822971503 0.874181155081
-0.2 4.60766922527 0.449056433176
-0.2 4.8171087355 0.787332634954
-0.2 5.02654824574 0.472953082117
-0.2 5.23598775598 0.943784251492
-0.2 5.44542726622 0.579939762113
-0.2 5.65486677646 0.591746730428
-0.2 5.8643062867 0.620588817425
-0.2 6.07374579694 0.517255068139

-0.133333333333 0 0.929684878175
-0.133333333333 0.209439510239 0.264632723636
-0.133333333333 0.418879020479 0.600463716074
-0.133333333333 0.628318530718 1.59629852451
-0.133333333333 0.837758040957 1.23886770751
-0.133333333333 1.0471975512 0.509250200819
-0.133333333333 1.25663706144 0.205523102034
-0.133333333333 1.46607657168 0.391174194171
-0.133333333333 1.67551608191 2.20246688962
-0.133333333333 1.88495559215 1.46658763393
-0.133333333333 2.09439510239 0.283161453631
-0.133333333333 2.30383461263 0.0733985697526
-0.133333333333 2.51327412287 0.344508554571
-0.133333333333 2.72271363311 0.149987896832
-0.133333333333 2.93215314335 0.0576755185988
-0.133333333333 3.14159265359 0.0676903715355
-0.133333333333 3.35103216383 0.283476658568
-0.133333333333 3.56047167407 0.864204196808
-0.133333333333 3.76991118431 1.01804550391
-0.133333333333 3.97935069455 0.775155239813
-0.133333333333 4.18879020479 0.672800043199
-0.133333333333 4.39822971503 0.808073375003
-0.133333333333 4.60766922527 0.471429227297
-0.133333333333 4.8171087355 0.729893034935
-0.133333333333 5.02654824574 0.493388653573
-0.133333333333 5.23598775598 0.913488356739
-0.133333333333 5.44542726622 0.588179826656
-0.133333333333 5.65486677646 0.575385431247
-0.133333333333 5.8643062867 0.644993982554
-0.133333333333 6.07374579694 0.521435761413

-0.0666666666667 0 0.835513312795
-0.0666666666667 0.209439510239 0.202549273031
-0.0666666666667 0.418879020479 0.72642134689
-0.0666666666667 0.628318530718 1.64384080687
-0.0666666666667 0.837758040957 1.30495096812
-0.0666666666667 1.0471975512 0.549525893764
-0.0666666666667 1.25663706144 0.213012389316
-0.0666666666667 1.46607657168 0.360384583614
-0.0666666666667 1.67551608191 2.12894108069
-0.0666666666667 1.88495559215 1.56118460815
-0.0666666666667 2.09439510239 0.274201470734
-0.0666666666667 2.30383461263 0.0647846402492
-0.0666666666667 2.51327412287 0.358164021483
-0.0666666666667 2.72271363311 0.146364084352
-0.0666666666667 2.93215314335 0.058416839538
-0.0666666666667 3.14159265359 0.0726819618296
-0.0666666666667 3.35103216383 0.324893787578
-0.0666666666667 3.56047167407 0.933411596238
-0.0666666666667 3.76991118431 0.999662748471
-0.0666666666667 3.97935069455 0.701723504174
-0.0666666666667 4.18879020479 0.597304597384
-0.0666666666667 4.39822971503 0.749512354311
-0.0666666666667 4.60766922527 0.486132874196
-0.0666666666667 4.8171087355 0.677695310116
-0.0666666666667 5.02654824574 0.515538880404
-0.0666666666667 5.23598775598 0.880610419955
-0.0666666666667 5.44542726622 0.594472709668
-0.0666666666667 5.65486677646 0.564107230883
-0.0666666666667 5.8643062867 0.665426610265
-0.0666666666667 6.07374579694 0.514433900719

6.12323399574e-17 0 0.755829184564
6.12323399574e-17 0.209439510239 0.192880597396
6.12323399574e-17 0.418879020479 0.768686595692
6.12323399574e-17 0.628318530718 1.58531831015
6.12323399574e-17 0.837758040957 1.31059385104
6.12323399574e-17 1.0471975512 0.570526904607
6.12323399574e-17 1.25663706144 0.216156471805
6.12323399574e-17 1.46607657168 0.340973441606
6.12323399574e-17 1.67551608191 2.0900051315
6.12323399574e-17 1.88495559215 1.62959266532
6.12323399574e-17 2.09439510239 0.262444479386
6.12323399574e-17 2.30383461263 0.0561221228728
6.12323399574e-17 2.51327412287 0.373860429706
6.12323399574e-17 2.72271363311 0.146723336784
6.12323399574e-17 2.93215314335 0.0579636777894
6.12323399574e-17 3.14159265359 0.0777121399834
6.12323399574e-17 3.35103216383 0.358539869004
6.12323399574e-17 3.56047167407 0.987635270837
6.12323399574e-17 3.76991118431 0.992122266774
6.12323399574e-17 3.97935069455 0.658989451756
6.12323399574e-17 4.18879020479 0.552661835699
6.12323399574e-17 4.39822971503 0.704471552482
6.12323399574e-17 4.60766922527 0.493592268456
6.12323399574e-17 4.8171087355 0.631048000713
6.12323399574e-17 5.02654824574 0.538481263333
6.12323399574e-17 5.23598775598 0.846735710591
6.12323399574e-17 5.44542726622 0.599487425409
6.12323399574e-17 5.65486677646 0.556331742566
6.12323399574e-17 5.8643062867 0.681251473272
6.12323399574e-17 6.07374579694 0.497642935291

0.0666666666667 0 0.693755333989
0.0666666666667 0.209439510239 0.210507565971
0.0666666666667 0.418879020479 0.744599026553
0.0666666666667 0.628318530718 1.46254585826
0.0666666666667 0.837758040957 1.26865378474
0.0666666666667 1.0471975512 0.56829407368
0.0666666666667 1.25663706144 0.216047894406
0.0666666666667 1.46607657168 0.327082313637
0.0666666666667 1.67551608191 2.08898023805
0.0666666666667 1.88495559215 1.67049809241
0.0666666666667 2.09439510239 0.248439710188
0.0666666666667 2.30383461263 0.0474437193265
0.0666666666667 2.51327412287 0.391632537176
0.0666666666667 2.72271363311 0.150207428399
0.0666666666667 2.93215314335 0.0567159956571
0.0666666666667 3.14159265359 0.0817686875335
0.0666666666667 3.35103216383 0.378689257034
0.0666666666667 3.56047167407 1.02708464721
0.0666666666667 3.76991118431 1.00119462176
0.0666666666667 3.97935069455 0.643410297861
0.0666666666667 4.18879020479 0.530881376524
0.0666666666667 4.39822971503 0.672187178478
0.0666666666667 4.60766922527 0.495268146085
0.0666666666667 4.8171087355 0.588720659171
0.0666666666667 5.02654824574 0.562025513337
0.0666666666667 5.23598775598 0.812928417254
0.0666666666667 5.44542726622 0.603772738167
0.0666666666667 5.65486677646 0.550832782621
0.0666666666667 5.8643062867 0.693159269026
0.0666666666667 6.07374579694 0.472849442058

0.133333333333 0 0.646664394517
0.133333333333 0.209439510239 0.242757551051
0.133333333333 0.418879020479 0.680863639427
0.133333333333 0.628318530718 1.30370776274
0.133333333333 0.837758040957 1.18487654645
0.133333333333 1.0471975512 0.53880874916
0.133333333333 1.25663706144 0.214483205781
0.133333333333 1.46607657168 0.316067872725
0.133333333333 1.67551608191 2.12876573537
0.133333333333 1.88495559215 1.68096521421
0.133333333333 2.09439510239 0.232956744408
0.133333333333 2.30383461263 0.038785664326
0.133333333333 2.51327412287 0.41122127122
0.133333333333 2.72271363311 0.156353067393
0.133333333333 2.93215314335 0.0551381452103
0.133333333333 3.14159265359 0.0840495682311
0.133333333333 3.35103216383 0.379296208756
0.133333333333 3.56047167407 1.04407388809
0.133333333333 3.76991118431 1.01829385355
0.133333333333 3.97935069455 0.642457297135
0.133333333333 4.18879020479 0.522217404612
0.133333333333 4.39822971503 0.648598367491
0.133333333333 4.60766922527 0.49263842432
0.133333333333 4.8171087355 0.548967456298
0.133333333333 5.02654824574 0.586197581413
0.133333333333 5.23598775598 0.77981885882
0.133333333333 5.44542726622 0.607758562859
0.133333333333 5.65486677646 0.546841142797
0.133333333333 5.8643062867 0.702322393435
0.133333333333 6.07374579694 0.44220754098

0.2 0 0.608614846212
0.2 0.209439510239 0.284271175502
0.2 0.418879020479 0.603952560435
0.2 0.628318530718 1.12483946139
0.2 0.837758040957 1.05927520923
0.2 1.0471975512 0.480340786201
0.2 1.25663706144 0.214000440671
0.2 1.46607657168 0.309151947366
0.2 1.67551608191 2.21050546706
0.2 1.88495559215 1.65664415938
0.2 2.09439510239 0.217060657519
0.2 2.30383461263 0.0302475465685
0.2 2.51327412287 0.431964469994
0.2 2.72271363311 0.165111220607
0.2 2.93215314335 0.0540875787496
0.2 3.14159265359 0.0842744755972
0.2 3.35103216383 0.354245297291
0.2 3.56047167407 1.01963832551
0.2 3.76991118431 1.017674839
0.2 3.97935069455 0.636421024901
0.2 4.18879020479 0.516339686138
0.2 4.39822971503 0.628683060843
0.2 4.60766922527 0.486745900125
0.2 4.8171087355 0.510442484769
0.2 5.02654824574 0.610685232881
0.2 5.23598775598 0.747702281584
0.2 5.44542726622 0.611740909209
0.2 5.65486677646 0.5440451774
0.2 5.8643062867 0.70981656637
0.2 6.07374579694 0.408742699035

0.266666666667 0 0.571686803071
0.266666666667 0.209439510239 0.33129066259
0.266666666667 0.418879020479 0.536802507055
0.266666666667 0.628318530718 0.938999641426
0.266666666667 0.837758040957 0.89444602152
0.266666666667 1.0471975512 0.399229413581
0.266666666667 1.25663706144 0.217090023156
0.266666666667 1.46607657168 0.314138195875
0.266666666667 1.67551608191 2.32926637018
0.266666666667 1.88495559215 1.5931487367
0.266666666667 2.09439510239 0.202168358875
0.266666666667 2.30383461263 0.0220739528321
0.266666666667 2.51327412287 0.452628529499
0.266666666667 2.72271363311 0.176897523584
0.266666666667 2.93215314335 0.0552184144616
0.266666666667 3.14159265359 0.0830769851121
0.266666666667 3.35103216383 0.299973631051
0.266666666667 3.56047167407 0.925445736793
0.266666666667 3.76991118431 0.958507634205
0.266666666667 3.97935069455 0.601113071712
0.266666666667 4.18879020479 0.503372812475
0.266666666667 4.39822971503 0.608404070838
0.266666666667 4.60766922527 0.4776735696
0.266666666667 4.8171087355 0.473274994147
0.266666666667 5.02654824574 0.634198171835
0.266666666667 5.23598775598 0.716645824934
0.266666666667 5.44542726622 0.615846000555
0.266666666667 5.65486677646 0.542548052282
0.266666666667 5.8643062867 0.716206235789
0.266666666667 6.07374579694 0.377231254952

0.333333333333 0 0.527084508839
0.333333333333 0.209439510239 0.377081773369
0.333333333333 0.418879020479 0.495375207274
0.333333333333 0.628318530718 0.765337761159
0.333333333333 0.837758040957 0.707521281953
0.333333333333 1.0471975512 0.315270970096
0.333333333333 1.25663706144 0.224931731789
0.333333333333 1.46607657168 0.349595267644
0.333333333333 1.67551608191 2.46626520113
0.333333333333 1.88495559215 1.48909351062
0.333333333333 2.09439510239 0.190049098272
0.333333333333 2.30383461263 0.0147753735489
0.333333333333 2.51327412287 0.471159184505
0.333333333333 2.72271363311 0.192683213307
0.333333333333 2.93215314335 0.0614154873429
0.333333333333 3.14159265359 0.0823497537053
0.333333333333 3.35103216383 0.221850225573
0.333333333333 3.56047167407 0.737769369631
0.333333333333 3.76991118431 0.799893127534
0.333333333333 3.97935069455 0.515842112342
0.333333333333 4.18879020479 0.477360720757
0.333333333333 4.39822971503 0.586954306851
0.333333333333 4.60766922527 0.463349189565
0.333333333333 4.8171087355 0.440572947251
0.333333333333 5.02654824574 0.653731221406
0.333333333333 5.23598775598 0.686602334824
0.333333333333 5.44542726622 0.619970399449
0.333333333333 5.65486677646 0.542810762884
0.333333333333 5.8643062867 0.721213200045
0.333333333333 6.07374579694 0.355269752593

0.4 0 0.467169311176
0.4 0.209439510239 0.410090614701
0.4 0.418879020479 0.48199166061
0.4 0.628318530718 0.628423787132
0.4 0.837758040957 0.535282863473
0.4 1.0471975512 0.257121728585
0.4 1.25663706144 0.239590929891
0.4 1.46607657168 0.446131322829
0.4 1.67551608191 2.57923077599
0.4 1.88495559215 1.35096910362
0.4 2.09439510239 0.18272947426
0.4 2.30383461263 0.00931680464996
0.4 2.51327412287 0.484335462877
0.4 2.72271363311 0.214085413246
0.4 2.93215314335 0.0771069631022
0.4 3.14159265359 0.0851797849729
0.4 3.35103216383 0.143449346744
0.4 3.56047167407 0.469033759147
0.4 3.76991118431 0.535916379892
0.4 3.97935069455 0.381613859324
0.4 4.18879020479 0.443885638669
0.4 4.39822971503 0.56860805613
0.4 4.60766922527 0.437682259334
0.4 4.8171087355 0.420354256869
0.4 5.02654824574 0.663840076306
0.4 5.23598775598 0.65752558734
0.4 5.44542726622 0.623696392792
0.4 5.65486677646 0.545588429559
0.4 5.8643062867 0.723437631567
0.4 6.07374579694 0.35408096517

0.466666666667 0 0.389857776337
0.466666666667 0.209439510239 0.417170599788
0.466666666667 0.418879020479 0.479480727061
0.466666666667 0.628318530718 0.540780875054
0.466666666667 0.837758040957 0.416504397636
0.466666666667 1.0471975512 0.244016239944
0.466666666667 1.25663706144 0.277302597125
0.466666666667 1.46607657168 0.632194127714
0.466666666667 1.67551608191 2.59817935696
0.466666666667 1.88495559215 1.19853583122
0.466666666667 2.09439510239 0.182320372184
0.466666666667 2.30383461263 0.00741735020379
0.466666666667 2.51327412287 0.487340921809
0.466666666667 2.72271363311 0.243285895247
0.466666666667 2.93215314335 0.108084501232
0.466666666667 3.14159265359 0.0949335100461
0.466666666667 3.35103216383 0.110193287965
0.466666666667 3.56047167407 0.206816708872
0.466666666667 3.76991118431 0.242322737151
0.466666666667 3.97935069455 0.246981715347
0.466666666667 4.18879020479 0.428802678315
0.466666666667 4.39822971503 0.560026826613
0.466666666667 4.60766922527 0.390146316387
0.466666666667 4.8171087355 0.426972350548
0.466666666667 5.02654824574 0.656295769703
0.466666666667 5.23598775598 0.62946215299
0.466666666667 5.44542726622 0.626181959518
0.466666666667 5.65486677646 0.551846962026
0.466666666667 5.8643062867 0.720193417921
0.466666666667 6.07374579694 0.387995202202

0.533333333333 0 0.306698408856
0.533333333333 0.209439510239 0.392710277803
0.533333333333 0.418879020479 0.459690154423
0.533333333333 0.628318530718 0.484713999558
0.533333333333 0.837758040957 0.361053259576
0.533333333333 1.0471975512 0.284366891667
0.533333333333 1.25663706144 0.389026003048
0.533333333333 1.46607657168 0.886469592249
0.533333333333 1.67551608191 2.44379642658
0.533333333333 1.88495559215 1.06579398408
0.533333333333 2.09439510239 0.191000360104
0.533333333333 2.30383461263 0.0120128419501
0.533333333333 2.51327412287 0.473391642517
0.533333333333 2.72271363311 0.282305917551
0.533333333333 2.93215314335 0.160123309479
0.533333333333 3.14159265359 0.113774802108
0.533333333333 3.35103216383 0.166870711884
0.533333333333 3.56047167407 0.111444464093
0.533333333333 3.76991118431 0.0916762658582
0.533333333333 3.97935069455 0.217379120203
0.533333333333 4.18879020479 0.473105830463
0.533333333333 4.39822971503 0.55519529001
0.533333333333 4.60766922527 0.312778193414
0.533333333333 4.8171087355 0.478902151678
0.533333333333 5.02654824574 0.620910234169
0.533333333333 5.23598775598 0.60255631731
0.533333333333 5.44542726622 0.626027199671
0.533333333333 5.65486677646 0.56261920909
0.533333333333 5.8643062867 0.707678706595
0.533333333333 6.07374579694 0.47061839797

0.6 0 0.253667072193
0.6 0.209439510239 0.347895197431
0.6 0.418879020479 0.419378730358
0.6 0.628318530718 0.442720472753
0.6 0.837758040957 0.374356924856
0.6 1.0471975512 0.428708048065
0.6 1.25663706144 0.643009127444
0.6 1.46607657168 1.06966093681
0.6 1.67551608191 2.09106477367
0.6 1.88495559215 0.987151911682
0.6 2.09439510239 0.211934551458
0.6 2.30383461263 0.0278738841176
0.6 2.51327412287 0.433969311779
0.6 2.72271363311 0.330626298363
0.6 2.93215314335 0.235283039328
0.6 3.14159265359 0.143082713909
0.6 3.35103216383 0.296768853295
0.6 3.56047167407 0.289397055124
0.6 3.76991118431 0.250538390398
0.6 3.97935069455 0.389677774378
0.6 4.18879020479 0.583793290482
0.6 4.39822971503 0.510453454968
0.6 4.60766922527 0.222145856406
0.6 4.8171087355 0.586552571321
0.6 5.02654824574 0.548890297269
0.6 5.23598775598 0.57684021547
0.6 5.44542726622 0.621122765638
0.6 5.65486677646 0.578710434648
0.6 5.8643062867 0.681969302661
0.6 6.07374579694 0.604985917507

0.666666666667 0 0.295207491656
0.666666666667 0.209439510239 0.311328367553
0.666666666667 0.418879020479 0.415167965794
0.666666666667 0.628318530718 0.478440477182
0.666666666667 0.837758040957 0.543582701133
0.666666666667 1.0471975512 0.775721630775
0.666666666667 1.25663706144 0.989780058952
0.666666666667 1.46607657168 0.953541474653
0.666666666667 1.67551608191 1.66198166168
0.666666666667 1.88495559215 0.957854732664
0.666666666667 2.09439510239 0.252675456617
0.666666666667 2.30383461263 0.0619617792953
0.666666666667 2.51327412287 0.36138533565
0.666666666667 2.72271363311 0.380026533213
0.666666666667 2.93215314335 0.324370209612
0.666666666667 3.14159265359 0.190183705362
0.666666666667 3.35103216383 0.381254670626
0.666666666667 3.56047167407 0.575122549348
0.666666666667 3.76991118431 0.615837888081
0.666666666667 3.97935069455 0.666813467687
0.666666666667 4.18879020479 0.641399279802
0.666666666667 4.39822971503 0.3597213012
0.666666666667 4.60766922527 0.190873218966
0.666666666667 4.8171087355 0.724637568024
0.666666666667 5.02654824574 0.440423841836
0.666666666667 5.23598775598 0.551601482782
0.666666666667 5.44542726622 0.608487974004
0.666666666667 5.65486677646 0.6000637862
0.666666666667 5.8643062867 0.641682308054
0.666666666667 6.07374579694 0.766408099501

0.733333333333 0 0.49363834325
0.733333333333 0.209439510239 0.331763869282
0.733333333333 0.418879020479 0.494271083623
0.733333333333 0.628318530718 0.68957642899
0.733333333333 0.837758040957 0.936048746534
0.733333333333 1.0471975512 1.22244135123
0.733333333333 1.25663706144 1.04557670326
0.733333333333 1.46607657168 0.526480638926
0.733333333333 1.67551608191 1.3891159008
0.733333333333 1.88495559215 0.888199195765
0.733333333333 2.09439510239 0.331176593313
0.733333333333 2.30383461263 0.121346889519
0.733333333333 2.51327412287 0.257874399606
0.733333333333 2.72271363311 0.409882210237
0.733333333333 2.93215314335 0.39600980537
0.733333333333 3.14159265359 0.274840094204
0.733333333333 3.35103216383 0.314202583382
0.733333333333 3.56047167407 0.577918824764
0.733333333333 3.76991118431 0.713182818939
0.733333333333 3.97935069455 0.668496407098
0.733333333333 4.18879020479 0.440942101105
0.733333333333 4.39822971503 0.154106451339
0.733333333333 4.60766922527 0.335355662656
0.733333333333 4.8171087355 0.802386457523
0.733333333333 5.02654824574 0.316773240442
0.733333333333 5.23598775598 0.524068865098
0.733333333333 5.44542726622 0.584101365975
0.733333333333 5.65486677646 0.624384166286
0.733333333333 5.8643062867 0.593288381376
0.733333333333 6.07374579694 0.884985315199

0.8 0 0.799467273853
0.8 0.209439510239 0.496492383908
0.8 0.418879020479 0.551592107013
0.8 0.628318530718 0.83075589566
0.8 0.837758040957 1.1030519271
0.8 1.0471975512 1.07423424117
0.8 1.25663706144 0.454345495306
0.8 1.46607657168 0.284204551986
0.8 1.67551608191 1.24809967566
0.8 1.88495559215 0.673255264282
0.8 2.09439510239 0.470028304202
0.8 2.30383461263 0.201821539693
0.8 2.51327412287 0.154852182942
0.8 2.72271363311 0.40265788452
0.8 2.93215314335 0.403311211815
0.8 3.14159265359 0.385713713337
0.8 3.35103216383 0.245480469557
0.8 3.56047167407 0.265579893186
0.8 3.76991118431 0.31977659812
0.8 3.97935069455 0.256598187007
0.8 4.18879020479 0.129580629648
0.8 4.39822971503 0.207641832839
0.8 4.60766922527 0.639772619211
0.8 4.8171087355 0.690683474977
0.8 5.02654824574 0.229327401665
0.8 5.23598775598 0.487283218588
0.8 5.44542726622 0.542685032327
0.8 5.65486677646 0.644135025568
0.8 5.8643062867 0.558404507523
0.8 6.07374579694 0.858114266275

0.866666666667 0 0.892955139438
0.866666666667 0.209439510239 0.798498353761
0.866666666667 0.418879020479 0.615050727172
0.866666666667 0.628318530718 0.558686761373
0.866666666667 0.837758040957 0.500746712202
0.866666666667 1.0471975512 0.278768708941
0.866666666667 1.25663706144 0.11224398396
0.866666666667 1.46607657168 0.509004599863
0.866666666667 1.67551608191 0.813593203156
0.866666666667 1.88495559215 0.480489451275
0.866666666667 2.09439510239 0.628012744043
0.866666666667 2.30383461263 0.262459439866
0.866666666667 2.51327412287 0.114798178414
0.866666666667 2.72271363311 0.390473559505
0.866666666667 2.93215314335 0.374805011047
0.866666666667 3.14159265359 0.405214335285
0.866666666667 3.35103216383 0.375593779762
0.866666666667 3.56047167407 0.282424195415
0.866666666667 3.76991118431 0.224586664344
0.866666666667 3.97935069455 0.236564807072
0.866666666667 4.18879020479 0.365136621017
0.866666666667 4.39822971503 0.609445917356
0.866666666667 4.60766922527 0.705072497919
0.866666666667 4.8171087355 0.397840694772
0.866666666667 5.02654824574 0.237755587382
0.866666666667 5.23598775598 0.42770494337
0.866666666667 5.44542726622 0.477189642482
0.866666666667 5.65486677646 0.639721851461
0.866666666667 5.8643062867 0.573116872418
0.866666666667 6.07374579694 0.659289532255

0.933333333333 0 0.553794135811
0.933333333333 0.209439510239 0.639761627535
0.933333333333 0.418879020479 0.656754559076
0.933333333333 0.628318530718 0.580907326735
0.933333333333 0.837758040957 0.475320024922
0.933333333333 1.0471975512 0.40818004906
0.933333333333 1.25663706144 0.412315989722
0.933333333333 1.46607657168 0.43659274142
0.933333333333 1.67551608191 0.46546604423
0.933333333333 1.88495559215 0.60064641695
0.933333333333 2.09439510239 0.5921824262
0.933333333333 2.30383461263 0.236622805462
0.933333333333 2.51327412287 0.133767037073
0.933333333333 2.72271363311 0.370844749828
0.933333333333 2.93215314335 0.459948001974
0.933333333333 3.14159265359 0.410881911978
0.933333333333 3.35103216383 0.398867248273
0.933333333333 3.56047167407 0.431950430871
0.933333333333 3.76991118431 0.476489707809
0.933333333333 3.97935069455 0.517419740293
0.933333333333 4.18879020479 0.529734108576
0.933333333333 4.39822971503 0.47057601189
0.933333333333 4.60766922527 0.347549305959
0.933333333333 4.8171087355 0.275136963913
0.933333333333 5.02654824574 0.308297573289
0.933333333333 5.23598775598 0.325268350532
0.933333333333 5.44542726622 0.376433875334
0.933333333333 5.65486677646 0.561611674193
0.933333333333 5.8643062867 0.629559306374
0.933333333333 6.07374579694 0.545636284243

