-1 0 0.133107496328
-1 0.209439510239 0.133107496328
-1 0.418879020479 0.133107496328
-1 0.628318530718 0.133107496328
-1 0.837758040957 0.133107496328
-1 1.0471975512 0.133107496329
-1 1.25663706144 0.133107496329
-1 1.46607657168 0.133107496328
-1 1.67551608191 0.133107496328
-1 1.88495559215 0.133107496328
-1 2.09439510239 0.133107496328
-1 2.30383461263 0.133107496328
-1 2.51327412287 0.133107496328
-1 2.72271363311 0.133107496329
-1 2.93215314335 0.133107496329
-1 3.14159265359 0.133107496328
-1 3.35103216383 0.133107496328
-1 3.56047167407 0.133107496328
-1 3.76991118431 0.133107496328
-1 3.97935069455 0.133107496328
-1 4.18879020479 0.133107496329
-1 4.39822971503 0.133107496329
-1 4.60766922527 0.133107496328
-1 4.8171087355 0.133107496328
-1 5.02654824574 0.133107496328
-1 5.23598775598 0.133107496328
-1 5.44542726622 0.133107496328
-1 5.65486677646 0.133107496328
-1 5.8643062867 0.133107496329
-1 6.07374579694 0.133107496329

-0.933333333333 0 0.134499017599
-0.933333333333 0.209439510239 0.116007601272
-0.933333333333 0.418879020479 0.134721146965
-0.933333333333 0.628318530718 0.132985665823
-0.933333333333 0.837758040957 0.121277736316
-0.933333333333 1.0471975512 0.138907560119
-0.933333333333 1.25663706144 0.217959234433
-0.933333333333 1.46607657168 0.324047308027
-0.933333333333 1.67551608191 0.359702968509
-0.933333333333 1.88495559215 0.309829129303
-0.933333333333 2.09439510239 0.337318633038
-0.933333333333 2.30383461263 0.491991282708
-0.933333333333 2.51327412287 0.533768712219
-0.933333333333 2.72271363311 0.49252172655
-0.933333333333 2.93215314335 0.628601472351
-0.933333333333 3.14159265359 0.794096834465
-0.933333333333 3.35103216383 0.761663231453
-0.933333333333 3.56047167407 0.611450987162
-0.933333333333 3.76991118431 0.491068159202
-0.933333333333 3.97935069455 0.451793869544
-0.933333333333 4.18879020479 0.495485310669
-0.933333333333 4.39822971503 0.601579453436
-0.933333333333 4.60766922527 0.695333067615
-0.933333333333 4.8171087355 0.672370478476
-0.933333333333 5.02654824574 0.559122848515
-0.933333333333 5.23598775598 0.499046864871
-0.933333333333 5.44542726622 0.530093328707
-0.933333333333 5.65486677646 0.601244205949
-0.933333333333 5.8643062867 0.543362513796
-0.933333333333 6.07374579694 0.304031174714

-0.866666666667 0 0.399991582555
-0.866666666667 0.209439510239 0.616460627462
-0.866666666667 0.418879020479 0.660455330717
-0.866666666667 0.628318530718 0.640886749992
-0.866666666667 0.837758040957 0.514583859859
-0.866666666667 1.0471975512 0.307761886259
-0.866666666667 1.25663706144 0.149652525004
-0.866666666667 1.46607657168 0.162459483256
-0.866666666667 1.67551608191 0.234922812963
-0.866666666667 1.88495559215 0.214124891495
-0.866666666667 2.09439510239 0.283628221187
-0.866666666667 2.30383461263 0.651946264008
-0.866666666667 2.51327412287 0.732563861858
-0.866666666667 2.72271363311 0.48604436964
-0.866666666667 2.93215314335 0.503154404792
-0.866666666667 3.14159265359 0.372816873347
-0.866666666667 3.35103216383 0.226458667077
-0.866666666667 3.56047167407 0.251774291696
-0.866666666667 3.76991118431 0.27966166555
-0.866666666667 3.97935069455 0.258956661984
-0.866666666667 4.18879020479 0.224290029532
-0.866666666667 4.39822971503 0.193937795513
-0.866666666667 4.60766922527 0.192645103588
-0.866666666667 4.8171087355 0.266942396746
-0.866666666667 5.02654824574 0.365624483798
-0.866666666667 5.23598775598 0.516248358016
-0.866666666667 5.44542726622 0.660954929294
-0.866666666667 5.65486677646 0.747648432537
-0.866666666667 5.8643062867 0.369984095287
-0.866666666667 6.07374579694 0.0634703810679

-0.8 0 0.740533896025
-0.8 0.209439510239 0.654011583849
-0.8 0.418879020479 0.689620947735
-0.8 0.628318530718 0.69391111259
-0.8 0.837758040957 0.648109327721
-0.8 1.0471975512 0.502271266763
-0.8 1.25663706144 0.240650106537
-0.8 1.46607657168 0.1419361671
-0.8 1.67551608191 0.232689530592
-0.8 1.88495559215 0.152290937649
-0.8 2.09439510239 0.209616365407
-0.8 2.30383461263 0.712160210098
-0.8 2.51327412287 0.810979165923
-0.8 2.72271363311 0.366293845883
-0.8 2.93215314335 0.298672627485
-0.8 3.14159265359 0.195950333884
-0.8 3.35103216383 0.413383760746
-0.8 3.56047167407 0.520722010326
-0.8 3.76991118431 0.436839773085
-0.8 3.97935069455 0.377102089237
-0.8 4.18879020479 0.36276749174
-0.8 4.39822971503 0.36091745996
-0.8 4.60766922527 0.273243058676
-0.8 4.8171087355 0.147144719486
-0.8 5.02654824574 0.241536708936
-0.8 5.23598775598 0.46435044312
-0.8 5.44542726622 0.737303513651
-0.8 5.65486677646 0.717959204692
-0.8 5.8643062867 0.159082313452
-0.8 6.07374579694 0.340601282631

-0.733333333333 0 0.49877389856
-0.733333333333 0.209439510239 0.429912772563
-0.733333333333 0.418879020479 0.445062524595
-0.733333333333 0.628318530718 0.421436191918
-0.733333333333 0.837758040957 0.519550505877
-0.733333333333 1.0471975512 0.594453023886
-0.733333333333 1.25663706144 0.392649390129
-0.733333333333 1.46607657168 0.130870440209
-0.733333333333 1.67551608191 0.253208964662
-0.733333333333 1.88495559215 0.160011372521
-0.733333333333 2.09439510239 0.158071604488
-0.733333333333 2.30383461263 0.726500139328
-0.733333333333 2.51327412287 0.828178360694
-0.733333333333 2.72271363311 0.251677699798
-0.733333333333 2.93215314335 0.168354853583
-0.733333333333 3.14159265359 0.321770689893
-0.733333333333 3.35103216383 0.70642083478
-0.733333333333 3.56047167407 0.559365577393
-0.733333333333 3.76991118431 0.40050216863
-0.733333333333 3.97935069455 0.390705958445
-0.733333333333 4.18879020479 0.408557533676
-0.733333333333 4.39822971503 0.429536695379
-0.733333333333 4.60766922527 0.415637306606
-0.733333333333 4.8171087355 0.153875349736
-0.733333333333 5.02654824574 0.232456517575
-0.733333333333 5.23598775598 0.451768664515
-0.733333333333 5.44542726622 0.836424757536
-0.733333333333 5.65486677646 0.600949306639
-0.733333333333 5.8643062867 0.103926903421
-0.733333333333 6.07374579694 0.531183347804

-0.666666666667 0 0.297376269155
-0.666666666667 0.209439510239 0.385270468995
-0.666666666667 0.418879020479 0.269849271139
-0.666666666667 0.628318530718 0.255372408732
-0.666666666667 0.837758040957 0.39081176055
-0.666666666667 1.0471975512 0.592112665524
-0.666666666667 1.25663706144 0.568237268417
-0.666666666667 1.46607657168 0.196845088892
-0.666666666667 1.67551608191 0.242542487888
-0.666666666667 1.88495559215 0.206817231991
-0.666666666667 2.09439510239 0.13125287505
-0.666666666667 2.30383461263 0.723652576654
-0.666666666667 2.51327412287 0.813110982675
-0.666666666667 2.72271363311 0.170693901559
-0.666666666667 2.93215314335 0.110785567744
-0.666666666667 3.14159265359 0.599924112858
-0.666666666667 3.35103216383 0.826449990683
-0.666666666667 3.56047167407 0.456379013967
-0.666666666667 3.76991118431 0.356275066021
-0.666666666667 3.97935069455 0.364436617152
-0.666666666667 4.18879020479 0.368055236131
-0.666666666667 4.39822971503 0.383324847477
-0.666666666667 4.60766922527 0.471311923904
-0.666666666667 4.8171087355 0.1879065829
-0.666666666667 5.02654824574 0.208916057744
-0.666666666667 5.23598775598 0.442132382435
-0.666666666667 5.44542726622 0.932472961381
-0.666666666667 5.65486677646 0.482216362046
-0.666666666667 5.8643062867 0.14819324427
-0.666666666667 6.07374579694 0.442316375968

-0.6 0 0.353003790429
-0.6 0.209439510239 0.402572889222
-0.6 0.418879020479 0.227766720552
-0.6 0.628318530718 0.223198593828
-0.6 0.837758040957 0.276033250894
-0.6 1.0471975512 0.467383898237
-0.6 1.25663706144 0.630539546322
-0.6 1.46607657168 0.313783212363
-0.6 1.67551608191 0.222821939429
-0.6 1.88495559215 0.259488803108
-0.6 2.09439510239 0.122224656703
-0.6 2.30383461263 0.717908910994
-0.6 2.51327412287 0.780641511073
-0.6 2.72271363311 0.122054726482
-0.6 2.93215314335 0.119733622247
-0.6 3.14159265359 0.892852774223
-0.6 3.35103216383 0.761147375448
-0.6 3.56047167407 0.360265328474
-0.6 3.76991118431 0.347227279924
-0.6 3.97935069455 0.330098872992
-0.6 4.18879020479 0.286313791963
-0.6 4.39822971503 0.266782945929
-0.6 4.60766922527 0.425051364609
-0.6 4.8171087355 0.246328940679
-0.6 5.02654824574 0.160051005724
-0.6 5.23598775598 0.416782760818
-0.6 5.44542726622 1.00390516342
-0.6 5.65486677646 0.392730792614
-0.6 5.8643062867 0.209443426098
-0.6 6.07374579694 0.277812718979

-0.533333333333 0 0.495496277529
-0.533333333333 0.209439510239 0.386133714599
-0.533333333333 0.418879020479 0.242233100309
-0.533333333333 0.628318530718 0.198184299404
-0.533333333333 0.837758040957 0.167649049345
-0.533333333333 1.0471975512 0.292179873869
-0.533333333333 1.25663706144 0.559228941418
-0.533333333333 1.46607657168 0.4086787056
-0.533333333333 1.67551608191 0.214877044151
-0.533333333333 1.88495559215 0.300443329055
-0.533333333333 2.09439510239 0.123925808675
-0.533333333333 2.30383461263 0.715472674979
-0.533333333333 2.51327412287 0.739226434143
-0.533333333333 2.72271363311 0.0975870098507
-0.533333333333 2.93215314335 0.187795085758
-0.533333333333 3.14159265359 1.10282787691
-0.533333333333 3.35103216383 0.602916830609
-0.533333333333 3.56047167407 0.327723886493
-0.533333333333 3.76991118431 0.365247546383
-0.533333333333 3.97935069455 0.363550332166
-0.533333333333 4.18879020479 0.310248202278
-0.533333333333 4.39822971503 0.207588249226
-0.533333333333 4.60766922527 0.331532630913
-0.533333333333 4.8171087355 0.305944385034
-0.533333333333 5.02654824574 0.111914962229
-0.533333333333 5.23598775598 0.38184726344
-0.533333333333 5.44542726622 1.04839949968
-0.533333333333 5.65486677646 0.332176013844
-0.533333333333 5.8643062867 0.257273062477
-0.533333333333 6.07374579694 0.179009566137

-0.466666666667 0 0.587907768064
-0.466666666667 0.209439510239 0.34703460638
-0.466666666667 0.418879020479 0.234972505206
-0.466666666667 0.628318530718 0.14160989359
-0.466666666667 0.837758040957 0.102859900867
-0.466666666667 1.0471975512 0.160571686259
-0.466666666667 1.25663706144 0.425984410805
-0.466666666667 1.46607657168 0.446664856598
-0.466666666667 1.67551608191 0.219913177382
-0.466666666667 1.88495559215 0.325306338817
-0.466666666667 2.09439510239 0.131257774474
-0.466666666667 2.30383461263 0.718209559197
-0.466666666667 2.51327412287 0.694238467738
-0.466666666667 2.72271363311 0.0892572833771
-0.466666666667 2.93215314335 0.29823392491
-0.466666666667 3.14159265359 1.1953922668
-0.466666666667 3.35103216383 0.4460355758
-0.466666666667 3.56047167407 0.334844665674
-0.466666666667 3.76991118431 0.374036260374
-0.466666666667 3.97935069455 0.446067895062
-0.466666666667 4.18879020479 0.456177844153
-0.466666666667 4.39822971503 0.26417260051
-0.466666666667 4.60766922527 0.256426614431
-0.466666666667 4.8171087355 0.347620638494
-0.466666666667 5.02654824574 0.0781003904634
-0.466666666667 5.23598775598 0.346746122771
-0.466666666667 5.44542726622 1.07126627841
-0.466666666667 5.65486677646 0.29312872842
-0.466666666667 5.8643062867 0.289721623166
-0.466666666667 6.07374579694 0.161261049876

-0.4 0 0.608226325479
-0.4 0.209439510239 0.310074959637
-0.4 0.418879020479 0.191338972117
-0.4 0.628318530718 0.0856827725023
-0.4 0.837758040957 0.0993767252579
-0.4 1.0471975512 0.110884038718
-0.4 1.25663706144 0.301948316537
-0.4 1.46607657168 0.435413420726
-0.4 1.67551608191 0.230006383525
-0.4 1.88495559215 0.336286779025
-0.4 2.09439510239 0.141046303217
-0.4 2.30383461263 0.725847124338
-0.4 2.51327412287 0.649358428187
-0.4 2.72271363311 0.0906826302588
-0.4 2.93215314335 0.428835701023
-0.4 3.14159265359 1.18660449803
-0.4 3.35103216383 0.335985609043
-0.4 3.56047167407 0.339618870102
-0.4 3.76991118431 0.350442904334
-0.4 3.97935069455 0.510560796435
-0.4 4.18879020479 0.622389801753
-0.4 4.39822971503 0.393136958666
-0.4 4.60766922527 0.225117320735
-0.4 4.8171087355 0.367652812516
-0.4 5.02654824574 0.0594745773847
-0.4 5.23598775598 0.316944417706
-0.4 5.44542726622 1.07869747586
-0.4 5.65486677646 0.26903152303
-0.4 5.8643062867 0.311227047158
-0.4 6.07374579694 0.1923031011

-0.333333333333 0 0.583870575707
-0.333333333333 0.209439510239 0.282882628281
-0.333333333333 0.418879020479 0.135267438375
-0.333333333333 0.628318530718 0.056743322513
-0.333333333333 0.837758040957 0.135802707801
-0.333333333333 1.0471975512 0.125762856224
-0.333333333333 1.25663706144 0.219908616513
-0.333333333333 1.46607657168 0.398448384927
-0.333333333333 1.67551608191 0.238056966577
-0.333333333333 1.88495559215 0.337411634492
-0.333333333333 2.09439510239 0.151516505556
-0.333333333333 2.30383461263 0.737229200068
-0.333333333333 2.51327412287 0.607176723972
-0.333333333333 2.72271363311 0.0970832718232
-0.333333333333 2.93215314335 0.559187455318
-0.333333333333 3.14159265359 1.11428278386
-0.333333333333 3.35103216383 0.275095791904
-0.333333333333 3.56047167407 0.322327555341
-0.333333333333 3.76991118431 0.302160925822
-0.333333333333 3.97935069455 0.523013398893
-0.333333333333 4.18879020479 0.720134266262
-0.333333333333 4.39822971503 0.524491742948
-0.333333333333 4.60766922527 0.230450487554
-0.333333333333 4.8171087355 0.370778019026
-0.333333333333 5.02654824574 0.0521082883342
-0.333333333333 5.23598775598 0.294285355906
-0.333333333333 5.44542726622 1.07573425836
-0.333333333333 5.65486677646 0.255223801269
-0.333333333333 5.8643062867 0.325555643563
-0.333333333333 6.07374579694 0.240997487008

-0.266666666667 0 0.543583126732
-0.266666666667 0.209439510239 0.263645837333
-0.266666666667 0.418879020479 0.0894412432178
-0.266666666667 0.628318530718 0.0552224662098
-0.266666666667 0.837758040957 0.179777811937
-0.266666666667 1.0471975512 0.168866649503
-0.266666666667 1.25663706144 0.180728109957
-0.266666666667 1.46607657168 0.3562174995
-0.266666666667 1.67551608191 0.240997185608
-0.266666666667 1.88495559215 0.33224968183
-0.266666666667 2.09439510239 0.161789372191
-0.266666666667 2.30383461263 0.751001334843
-0.266666666667 2.51327412287 0.569494557754
-0.266666666667 2.72271363311 0.10495206792
-0.266666666667 2.93215314335 0.674944674714
-0.266666666667 3.14159265359 1.01565323535
-0.266666666667 3.35103216383 0.247576715249
-0.266666666667 3.56047167407 0.286759131092
-0.266666666667 3.76991118431 0.251302803948
-0.266666666667 3.97935069455 0.492676236272
-0.266666666667 4.18879020479 0.729450813801
-0.266666666667 4.39822971503 0.61622239972
-0.266666666667 4.60766922527 0.255649435585
-0.266666666667 4.8171087355 0.363453187649
-0.266666666667 5.02654824574 0.0517501357973
-0.266666666667 5.23598775598 0.278666434037
-0.266666666667 5.44542726622 1.06604606271
-0.266666666667 5.65486677646 0.248458979649
-0.266666666667 5.8643062867 0.335021139742
-0.266666666667 6.07374579694 0.289491020052

-0.2 0 0.504138170735
-0.2 0.209439510239 0.24927709689
-0.2 0.418879020479 0.0617548887403
-0.2 0.628318530718 0.0692677245895
-0.2 0.837758040957 0.210944814927
-0.2 1.0471975512 0.211931343061
-0.2 1.25663706144 0.171351570513
-0.2 1.46607657168 0.320399372939
-0.2 1.67551608191 0.238963615843
-0.2 1.88495559215 0.323225695517
-0.2 2.09439510239 0.171513139459
-0.2 2.30383461263 0.765960798593
-0.2 2.51327412287 0.537518493832
-0.2 2.72271363311 0.111767116472
-0.2 2.93215314335 0.768373079125
-0.2 3.14159265359 0.917424401987
-0.2 3.35103216383 0.237242573949
-0.2 3.56047167407 0.245890014084
-0.2 3.76991118431 0.214597302581
-0.2 3.97935069455 0.445405798016
-0.2 4.18879020479 0.677297053231
-0.2 4.39822971503 0.660345749073
-0.2 4.60766922527 0.286343650455
-0.2 4.8171087355 0.351067406652
-0.2 5.02654824574 0.055259091708
-0.2 5.23598775598 0.269249361888
-0.2 5.44542726622 1.05219378175
-0.2 5.65486677646 0.246415038996
-0.2 5.8643062867 0.34099589704
-0.2 6.07374579694 0.330744987999

-0.133333333333 0 0.472351580821
-0.133333333333 0.209439510239 0.237715890934
-0.133333333333 0.418879020479 0.049540244119
-0.133333333333 0.628318530718 0.0875187643264
-0.133333333333 0.837758040957 0.224374801746
-0.133333333333 1.0471975512 0.241955617755
-0.133333333333 1.25663706144 0.17772613286
-0.133333333333 1.46607657168 0.295343655843
-0.133333333333 1.67551608191 0.233500638746
-0.133333333333 1.88495559215 0.311666870574
-0.133333333333 2.09439510239 0.18062184949
-0.133333333333 2.30383461263 0.781214655124
-0.133333333333 2.51327412287 0.51201233191
-0.133333333333 2.72271363311 0.115796159065
-0.133333333333 2.93215314335 0.836764819875
-0.133333333333 3.14159265359 0.83484439657
-0.133333333333 3.35103216383 0.233793764348
-0.133333333333 3.56047167407 0.210796299664
-0.133333333333 3.76991118431 0.196736783113
-0.133333333333 3.97935069455 0.402206916126
-0.133333333333 4.18879020479 0.600367452853
-0.133333333333 4.39822971503 0.667435211172
-0.133333333333 4.60766922527 0.313333535549
-0.133333333333 4.8171087355 0.33742411571
-0.133333333333 5.02654824574 0.0607139248661
-0.133333333333 5.23598775598 0.265077505811
-0.133333333333 5.44542726622 1.03594453261
-0.133333333333 5.65486677646 0.247399835983
-0.133333333333 5.8643062867 0.344331090036
-0.133333333333 6.07374579694 0.363661301622

-0.0666666666667 0 0.449822005106
-0.0666666666667 0.209439510239 0.227746975112
-0.0666666666667 0.418879020479 0.0465580155605
-0.0666666666667 0.628318530718 0.1030593213
-0.0666666666667 0.837758040957 0.22414192948
-0.0666666666667 1.0471975512 0.257411780488
-0.0666666666667 1.25663706144 0.19014930964
-0.0666666666667 1.46607657168 0.281249751616
-0.0666666666667 1.67551608191 0.22620849467
-0.0666666666667 1.88495559215 0.298079230536
-0.0666666666667 2.09439510239 0.189186748218
-0.0666666666667 2.30383461263 0.796230954018
-0.0666666666667 2.51327412287 0.493422740752
-0.0666666666667 2.72271363311 0.115985615191
-0.0666666666667 2.93215314335 0.880296704612
-0.0666666666667 3.14159265359 0.774634135878
-0.0666666666667 3.35103216383 0.232593564124
-0.0666666666667 3.56047167407 0.187139742252
-0.0666666666667 3.76991118431 0.193636759716
-0.0666666666667 3.97935069455 0.372367343063
-0.0666666666667 4.18879020479 0.524491159337
-0.0666666666667 4.39822971503 0.652427191469
-0.0666666666667 4.60766922527 0.331886543162
-0.0666666666667 4.8171087355 0.3249982221
-0.0666666666667 5.02654824574 0.067149602934
-0.0666666666667 5.23598775598 0.265311010825
-0.0666666666667 5.44542726622 1.01853248866
-0.0666666666667 5.65486677646 0.250188953806
-0.0666666666667 5.8643062867 0.345549562887
-0.0666666666667 6.07374579694 0.389528726819

6.12323399574e-17 0 0.436402285958
6.12323399574e-17 0.209439510239 0.218531638423
6.12323399574e-17 0.418879020479 0.0471274009745
6.12323399574e-17 0.628318530718 0.112480954666
6.12323399574e-17 0.837758040957 0.216518397201
6.12323399574e-17 1.0471975512 0.262357271033
6.12323399574e-17 1.25663706144 0.203894332019
6.12323399574e-17 1.46607657168 0.276611554893
6.12323399574e-17 1.67551608191 0.218085116215
6.12323399574e-17 1.88495559215 0.282435321525
6.12323399574e-17 2.09439510239 0.197330862988
6.12323399574e-17 2.30383461263 0.810831457941
6.12323399574e-17 2.51327412287 0.481978329062
6.12323399574e-17 2.72271363311 0.111929546194
6.12323399574e-17 2.93215314335 0.90022753958
6.12323399574e-17 3.14159265359 0.738352588904
6.12323399574e-17 3.35103216383 0.232560487292
6.12323399574e-17 3.56047167407 0.176302331413
6.12323399574e-17 3.76991118431 0.198052170163
6.12323399574e-17 3.97935069455 0.355063954652
6.12323399574e-17 4.18879020479 0.46087053197
6.12323399574e-17 4.39822971503 0.627833351526
6.12323399574e-17 4.60766922527 0.340436142545
6.12323399574e-17 4.8171087355 0.315305727602
6.12323399574e-17 5.02654824574 0.0742754333627
6.12323399574e-17 5.23598775598 0.269262669705
6.12323399574e-17 5.44542726622 1.00085423681
6.12323399574e-17 5.65486677646 0.253928794617
6.12323399574e-17 5.8643062867 0.344912466626
6.12323399574e-17 6.07374579694 0.410072890362

0.0666666666667 0 0.432079706567
0.0666666666667 0.209439510239 0.209378988711
0.0666666666667 0.418879020479 0.0475877926227
0.0666666666667 0.628318530718 0.114125595482
0.0666666666667 0.837758040957 0.206209296323
0.0666666666667 1.0471975512 0.26222690874
0.0666666666667 1.25663706144 0.217995212406
0.0666666666667 1.46607657168 0.279329471068
0.0666666666667 1.67551608191 0.209390675519
0.0666666666667 1.88495559215 0.26441048282
0.0666666666667 2.09439510239 0.205188401666
0.0666666666667 2.30383461263 0.825149804196
0.0666666666667 2.51327412287 0.477760312301
0.0666666666667 2.72271363311 0.10392139038
0.0666666666667 2.93215314335 0.89779765771
0.0666666666667 3.14159265359 0.724638645266
0.0666666666667 3.35103216383 0.234415950938
0.0666666666667 3.56047167407 0.177642939076
0.0666666666667 3.76991118431 0.203451215824
0.0666666666667 3.97935069455 0.343136132943
0.0666666666667 4.18879020479 0.410406477976
0.0666666666667 4.39822971503 0.60234379899
0.0666666666667 4.60766922527 0.339534583205
0.0666666666667 4.8171087355 0.309164673936
0.0666666666667 5.02654824574 0.0822625415296
0.0666666666667 5.23598775598 0.276343404155
0.0666666666667 5.44542726622 0.983611001626
0.0666666666667 5.65486677646 0.258069321675
0.0666666666667 5.8643062867 0.342443169078
0.0666666666667 6.07374579694 0.426557366507

0.133333333333 0 0.437808624404
0.133333333333 0.209439510239 0.19973740977
0.133333333333 0.418879020479 0.0465066231626
0.133333333333 0.628318530718 0.10716620169
0.133333333333 0.837758040957 0.195285800489
0.133333333333 1.0471975512 0.261560567044
0.133333333333 1.25663706144 0.233619496595
0.133333333333 1.46607657168 0.286614069561
0.133333333333 1.67551608191 0.19985067976
0.133333333333 1.88495559215 0.243578270353
0.133333333333 2.09439510239 0.212901704668
0.133333333333 2.30383461263 0.83956148698
0.133333333333 2.51327412287 0.48074469804
0.133333333333 2.72271363311 0.0930900226589
0.133333333333 2.93215314335 0.873953224854
0.133333333333 3.14159265359 0.729869830705
0.133333333333 3.35103216383 0.239911778912
0.133333333333 3.56047167407 0.190018024905
0.133333333333 3.76991118431 0.205653554851
0.133333333333 3.97935069455 0.326873709827
0.133333333333 4.18879020479 0.370073356865
0.133333333333 4.39822971503 0.581803310606
0.133333333333 4.60766922527 0.331159419458
0.133333333333 4.8171087355 0.306800451305
0.133333333333 5.02654824574 0.0915920364519
0.133333333333 5.23598775598 0.285972990185
0.133333333333 5.44542726622 0.967411041959
0.133333333333 5.65486677646 0.262312194054
0.133333333333 5.8643062867 0.337950428349
0.133333333333 6.07374579694 0.439417809912

0.2 0 0.455745362311
0.2 0.209439510239 0.189359075788
0.2 0.418879020479 0.044522033298
0.2 0.628318530718 0.091710779665
0.2 0.837758040957 0.183428057064
0.2 1.0471975512 0.262558407461
0.2 1.25663706144 0.252230992735
0.2 1.46607657168 0.294017291607
0.2 1.67551608191 0.189121921992
0.2 1.88495559215 0.219606075083
0.2 2.09439510239 0.220658573318
0.2 2.30383461263 0.854576988271
0.2 2.51327412287 0.49082251107
0.2 2.72271363311 0.0816073795029
0.2 2.93215314335 0.829983413876
0.2 3.14159265359 0.74722396732
0.2 3.35103216383 0.251984528413
0.2 3.56047167407 0.21224472678
0.2 3.76991118431 0.203605740662
0.2 3.97935069455 0.298808162804
0.2 4.18879020479 0.339281925702
0.2 4.39822971503 0.570528652236
0.2 4.60766922527 0.318241940223
0.2 4.8171087355 0.307822383905
0.2 5.02654824574 0.10293079944
0.2 5.23598775598 0.297489833437
0.2 5.44542726622 0.952837662862
0.2 5.65486677646 0.266571355723
0.2 5.8643062867 0.33106712367
0.2 6.07374579694 0.448112816372

0.266666666667 0 0.489055830181
0.266666666667 0.209439510239 0.178684160165
0.266666666667 0.418879020479 0.0439917771997
0.266666666667 0.628318530718 0.0696416914592
0.266666666667 0.837758040957 0.16842427322
0.266666666667 1.0471975512 0.263429605132
0.266666666667 1.25663706144 0.27324081198
0.266666666667 1.46607657168 0.294264685832
0.266666666667 1.67551608191 0.177500712062
0.266666666667 1.88495559215 0.192501106185
0.266666666667 2.09439510239 0.228777945552
0.266666666667 2.30383461263 0.870676929251
0.266666666667 2.51327412287 0.50781358396
0.266666666667 2.72271363311 0.0729224442804
0.266666666667 2.93215314335 0.769171373211
0.266666666667 3.14159265359 0.764480716986
0.266666666667 3.35103216383 0.275407585761
0.266666666667 3.56047167407 0.243305136808
0.266666666667 3.76991118431 0.20104767366
0.266666666667 3.97935069455 0.261013803123
0.266666666667 4.18879020479 0.325523748796
0.266666666667 4.39822971503 0.571592775126
0.266666666667 4.60766922527 0.304221066947
0.266666666667 4.8171087355 0.311156384468
0.266666666667 5.02654824574 0.11699749859
0.266666666667 5.23598775598 0.310092281925
0.266666666667 5.44542726622 0.940482922222
0.266666666667 5.65486677646 0.270948914468
0.266666666667 5.8643062867 0.321311238424
0.266666666667 6.07374579694 0.451045720669

0.333333333333 0 0.541222084903
0.333333333333 0.209439510239 0.169607359704
0.333333333333 0.418879020479 0.0481301976355
0.333333333333 0.628318530718 0.0457800626842
0.333333333333 0.837758040957 0.146905075919
0.333333333333 1.0471975512 0.257042047687
0.333333333333 1.25663706144 0.291474016545
0.333333333333 1.46607657168 0.277475955628
0.333333333333 1.67551608191 0.166702322177
0.333333333333 1.88495559215 0.162954269661
0.333333333333 2.09439510239 0.237851101615
0.333333333333 2.30383461263 0.888049846178
0.333333333333 2.51327412287 0.531503831682
0.333333333333 2.72271363311 0.0719298140953
0.333333333333 2.93215314335 0.699366462261
0.333333333333 3.14159265359 0.761942107059
0.333333333333 3.35103216383 0.316599096001
0.333333333333 3.56047167407 0.284119226616
0.333333333333 3.76991118431 0.209703004265
0.333333333333 3.97935069455 0.233602245547
0.333333333333 4.18879020479 0.346842579883
0.333333333333 4.39822971503 0.584911865406
0.333333333333 4.60766922527 0.292467352571
0.333333333333 4.8171087355 0.315068027887
0.333333333333 5.02654824574 0.134391582077
0.333333333333 5.23598775598 0.322858004622
0.333333333333 5.44542726622 0.930932508996
0.333333333333 5.65486677646 0.275732380923
0.333333333333 5.8643062867 0.308169002454
0.333333333333 6.07374579694 0.445524035717

0.4 0 0.614573899076
0.4 0.209439510239 0.166931967149
0.4 0.418879020479 0.0591983084985
0.4 0.628318530718 0.0287740028784
0.4 0.837758040957 0.117052122698
0.4 1.0471975512 0.233797783299
0.4 1.25663706144 0.297053842857
0.4 1.46607657168 0.235630265557
0.4 1.67551608191 0.16003846762
0.4 1.88495559215 0.132801128
0.4 2.09439510239 0.248925114448
0.4 2.30383461263 0.906172817
0.4 2.51327412287 0.561752543247
0.4 2.72271363311 0.0849329155147
0.4 2.93215314335 0.63556429944
0.4 3.14159265359 0.714462177534
0.4 3.35103216383 0.379185670861
0.4 3.56047167407 0.342678149319
0.4 3.76991118431 0.251724610915
0.4 3.97935069455 0.256794888795
0.4 4.18879020479 0.42508972091
0.4 4.39822971503 0.60275509197
0.4 4.60766922527 0.285628114515
0.4 4.8171087355 0.317412301268
0.4 5.02654824574 0.155391840503
0.4 5.23598775598 0.334914233711
0.4 5.44542726622 0.924674172814
0.4 5.65486677646 0.281420560085
0.4 5.8643062867 0.291194919907
0.4 6.07374579694 0.427810491756

0.466666666667 0 0.707549381272
0.466666666667 0.209439510239 0.180950364633
0.466666666667 0.418879020479 0.0759612234261
0.466666666667 0.628318530718 0.0304578559325
0.466666666667 0.837758040957 0.0862558323048
0.466666666667 1.0471975512 0.194883692267
0.466666666667 1.25663706144 0.28281703836
0.466666666667 1.46607657168 0.173381172859
0.466666666667 1.67551608191 0.16052494607
0.466666666667 1.88495559215 0.105520081805
0.466666666667 2.09439510239 0.263658824039
0.466666666667 2.30383461263 0.923155933103
0.466666666667 2.51327412287 0.598718382824
0.466666666667 2.72271363311 0.119273533507
0.466666666667 2.93215314335 0.599559549417
0.466666666667 3.14159265359 0.605574573622
0.466666666667 3.35103216383 0.450349245769
0.466666666667 3.56047167407 0.438857909135
0.466666666667 3.76991118431 0.355303466733
0.466666666667 3.97935069455 0.372831060324
0.466666666667 4.18879020479 0.563215658665
0.466666666667 4.39822971503 0.605302562692
0.466666666667 4.60766922527 0.285314556092
0.466666666667 4.8171087355 0.316126256027
0.466666666667 5.02654824574 0.179814528271
0.466666666667 5.23598775598 0.345854910644
0.466666666667 5.44542726622 0.921879382214
0.466666666667 5.65486677646 0.288785767909
0.466666666667 5.8643062867 0.270121385509
0.466666666667 6.07374579694 0.393427905213

0.533333333333 0 0.809888466628
0.533333333333 0.209439510239 0.231255319606
0.533333333333 0.418879020479 0.0929459645997
0.533333333333 0.628318530718 0.0606529127703
0.533333333333 0.837758040957 0.0809548404078
0.533333333333 1.0471975512 0.171513307722
0.533333333333 1.25663706144 0.25948692073
0.533333333333 1.46607657168 0.1190319053
0.533333333333 1.67551608191 0.165462018291
0.533333333333 1.88495559215 0.086436923808
0.533333333333 2.09439510239 0.284258444228
0.533333333333 2.30383461263 0.934785960441
0.533333333333 2.51327412287 0.643171200769
0.533333333333 2.72271363311 0.182672911498
0.533333333333 2.93215314335 0.610568879839
0.533333333333 3.14159265359 0.461453025003
0.533333333333 3.35103216383 0.480986451193
0.533333333333 3.56047167407 0.58965689558
0.533333333333 3.76991118431 0.534891203827
0.533333333333 3.97935069455 0.579797440617
0.533333333333 4.18879020479 0.712118326486
0.533333333333 4.39822971503 0.564598156711
0.533333333333 4.60766922527 0.292624001837
0.533333333333 4.8171087355 0.309727140588
0.533333333333 5.02654824574 0.207195888417
0.533333333333 5.23598775598 0.356483657393
0.533333333333 5.44542726622 0.921972303116
0.533333333333 5.65486677646 0.29896708654
0.533333333333 5.8643062867 0.244990479665
0.533333333333 6.07374579694 0.338080738152

0.6 0 0.894774592094
0.6 0.209439510239 0.348883411038
0.6 0.418879020479 0.109049890863
0.6 0.628318530718 0.113835548221
0.6 0.837758040957 0.135885464543
0.6 1.0471975512 0.214662916112
0.6 1.25663706144 0.255953718462
0.6 1.46607657168 0.112593412034
0.6 1.67551608191 0.160019817289
0.6 1.88495559215 0.0818673504945
0.6 2.09439510239 0.312803177705
0.6 2.30383461263 0.933401045304
0.6 2.51327412287 0.696494042656
0.6 2.72271363311 0.282672025571
0.6 2.93215314335 0.660454887271
0.6 3.14159265359 0.389422389433
0.6 3.35103216383 0.396115740898
0.6 3.56047167407 0.749040059813
0.6 3.76991118431 0.749541365845
0.6 3.97935069455 0.782379590796
0.6 4.18879020479 0.764743336652
0.6 4.39822971503 0.467798186076
0.6 4.60766922527 0.308368489543
0.6 4.8171087355 0.297566079696
0.6 5.02654824574 0.237827097317
0.6 5.23598775598 0.369818498783
0.6 5.44542726622 0.922853635655
0.6 5.65486677646 0.313548421559
0.6 5.8643062867 0.216413982486
0.6 6.07374579694 0.259925772773

0.666666666667 0 0.908761840827
0.666666666667 0.209439510239 0.562439769275
0.666666666667 0.418879020479 0.15719076249
0.666666666667 0.628318530718 0.159706740494
0.666666666667 0.837758040957 0.234098981084
0.666666666667 1.0471975512 0.312049184699
0.666666666667 1.25663706144 0.269050659209
0.666666666667 1.46607657168 0.151584662306
0.666666666667 1.67551608191 0.122816776001
0.666666666667 1.88495559215 0.0964040950144
0.666666666667 2.09439510239 0.349438575129
0.666666666667 2.30383461263 0.907601656104
0.666666666667 2.51327412287 0.758949092871
0.666666666667 2.72271363311 0.426170072872
0.666666666667 2.93215314335 0.684776692221
0.666666666667 3.14159265359 0.538807766942
0.666666666667 3.35103216383 0.205820928517
0.666666666667 3.56047167407 0.752968251594
0.666666666667 3.76991118431 0.859262877539
0.666666666667 3.97935069455 0.815809795364
0.666666666667 4.18879020479 0.637615512282
0.666666666667 4.39822971503 0.352233828877
0.666666666667 4.60766922527 0.327711168257
0.666666666667 4.8171087355 0.281231975795
0.666666666667 5.02654824574 0.275310511011
0.666666666667 5.23598775598 0.391823709087
0.666666666667 5.44542726622 0.919574682982
0.666666666667 5.65486677646 0.334453151749
0.666666666667 5.8643062867 0.186319818647
0.666666666667 6.07374579694 0.164363856375

0.733333333333 0 0.772253600895
0.733333333333 0.209439510239 0.832325740254
0.733333333333 0.418879020479 0.337576091007
0.733333333333 0.628318530718 0.19745692975
0.733333333333 0.837758040957 0.27046590756
0.733333333333 1.0471975512 0.321438973095
0.733333333333 1.25663706144 0.227731247949
0.733333333333 1.46607657168 0.158338762172
0.733333333333 1.67551608191 0.0598474647178
0.733333333333 1.88495559215 0.130738469365
0.733333333333 2.09439510239 0.389656183058
0.733333333333 2.30383461263 0.846470424884
0.733333333333 2.51327412287 0.823114677179
0.733333333333 2.72271363311 0.614291148993
0.733333333333 2.93215314335 0.595035974134
0.733333333333 3.14159265359 0.866863391023
0.733333333333 3.35103216383 0.15454072724
0.733333333333 3.56047167407 0.481463216185
0.733333333333 3.76991118431 0.69163904233
0.733333333333 3.97935069455 0.607425044023
0.733333333333 4.18879020479 0.410884551022
0.733333333333 4.39822971503 0.293696213074
0.733333333333 4.60766922527 0.326835468638
0.733333333333 4.8171087355 0.273982582214
0.733333333333 5.02654824574 0.330365047102
0.733333333333 5.23598775598 0.430154133534
0.733333333333 5.44542726622 0.902171132178
0.733333333333 5.65486677646 0.363162964189
0.733333333333 5.8643062867 0.160017762486
0.733333333333 6.07374579694 0.0721780641511

0.8 0 0.440888133268
0.8 0.209439510239 0.920465591285
0.8 0.418879020479 0.689418067755
0.8 0.628318530718 0.378058584363
0.8 0.837758040957 0.26988660128
0.8 1.0471975512 0.218931088354
0.8 1.25663706144 0.142574158268
0.8 1.46607657168 0.096956727368
0.8 1.67551608191 0.0421294546024
0.8 1.88495559215 0.190571925041
0.8 2.09439510239 0.424762196223
0.8 2.30383461263 0.754836007146
0.8 2.51327412287 0.86134548602
0.8 2.72271363311 0.816539897996
0.8 2.93215314335 0.454140328848
0.8 3.14159265359 0.93936722412
0.8 3.35103216383 0.454970000474
0.8 3.56047167407 0.239103879962
0.8 3.76991118431 0.342379723379
0.8 3.97935069455 0.3317123039
0.8 4.18879020479 0.27722792699
0.8 4.39822971503 0.284736463876
0.8 4.60766922527 0.284688861051
0.8 4.8171087355 0.328794271476
0.8 5.02654824574 0.420491453987
0.8 5.23598775598 0.486689295123
0.8 5.44542726622 0.852284950155
0.8 5.65486677646 0.397923833766
0.8 5.8643062867 0.150665033013
0.8 6.07374579694 0.0278629873511

0.866666666667 0 0.0997470282382
0.866666666667 0.209439510239 0.487487601254
0.866666666667 0.418879020479 0.720105049336
0.866666666667 0.628318530718 0.622457954135
0.866666666667 0.837758040957 0.427371978439
0.866666666667 1.0471975512 0.259501494861
0.866666666667 1.25663706144 0.143649420519
0.866666666667 1.46607657168 0.0984651234614
0.866666666667 1.67551608191 0.168782916466
0.866666666667 1.88495559215 0.300199457576
0.866666666667 2.09439510239 0.453214802147
0.866666666667 2.30383461263 0.663543209504
0.866666666667 2.51327412287 0.821071436785
0.866666666667 2.72271363311 0.926059817194
0.866666666667 2.93215314335 0.570415940405
0.866666666667 3.14159265359 0.629632371519
0.866666666667 3.35103216383 0.623580648664
0.866666666667 3.56047167407 0.370003882566
0.866666666667 3.76991118431 0.242445247791
0.866666666667 3.97935069455 0.220094037668
0.866666666667 4.18879020479 0.228011280735
0.866666666667 4.39822971503 0.25723343925
0.866666666667 4.60766922527 0.359820557162
0.866666666667 4.8171087355 0.54696971081
0.866666666667 5.02654824574 0.543346138266
0.866666666667 5.23598775598 0.535260076943
0.866666666667 5.44542726622 0.738289467698
0.866666666667 5.65486677646 0.425318645988
0.866666666667 5.8643062867 0.183862199423
0.866666666667 6.07374579694 0.0913788172713

0.933333333333 0 0.216815906423
0.933333333333 0.209439510239 0.163124795119
0.933333333333 0.418879020479 0.189582636899
0.933333333333 0.628318530718 0.234813438101
0.933333333333 0.837758040957 0.243424664094
0.933333333333 1.0471975512 0.239779231067
0.933333333333 1.25663706144 0.27654869464
0.933333333333 1.46607657168 0.364391155919
0.933333333333 1.67551608191 0.433611324303
0.933333333333 1.88495559215 0.434427200405
0.933333333333 2.09439510239 0.463196143015
0.933333333333 2.30383461263 0.543092519282
0.933333333333 2.51327412287 0.627590462452
0.933333333333 2.72271363311 0.768293545221
0.933333333333 2.93215314335 0.8549887916
0.933333333333 3.14159265359 0.84018053245
0.933333333333 3.35103216383 0.791230411294
0.933333333333 3.56047167407 0.706564545428
0.933333333333 3.76991118431 0.61932206444
0.933333333333 3.97935069455 0.589030148909
0.933333333333 4.18879020479 0.643132274022
0.933333333333 4.39822971503 0.76762810438
0.933333333333 4.60766922527 0.871608071713
0.933333333333 4.8171087355 0.798034824841
0.933333333333 5.02654824574 0.56784504045
0.933333333333 5.23598775598 0.472805513139
0.933333333333 5.44542726622 0.509916135143
0.933333333333 5.65486677646 0.395520862724
0.933333333333 5.8643062867 0.274414791909
0.933333333333 6.07374579694 0.267374871108

