-1 0 0.413051873429
-1 0.209439510239 0.413051873429
-1 0.418879020479 0.413051873429
-1 0.628318530718 0.413051873428
-1 0.837758040957 0.413051873428
-1 1.0471975512 0.413051873428
-1 1.25663706144 0.413051873428
-1 1.46607657168 0.413051873429
-1 1.67551608191 0.413051873429
-1 1.88495559215 0.413051873429
-1 2.09439510239 0.413051873428
-1 2.30383461263 0.413051873428
-1 2.51327412287 0.413051873428
-1 2.72271363311 0.413051873428
-1 2.93215314335 0.413051873429
-1 3.14159265359 0.413051873429
-1 3.35103216383 0.413051873429
-1 3.56047167407 0.413051873429
-1 3.76991118431 0.413051873428
-1 3.97935069455 0.413051873428
-1 4.18879020479 0.413051873428
-1 4.39822971503 0.413051873428
-1 4.60766922527 0.413051873429
-1 4.8171087355 0.413051873429
-1 5.02654824574 0.413051873429
-1 5.23598775598 0.413051873428
-1 5.44542726622 0.413051873428
-1 5.65486677646 0.413051873428
-1 5.8643062867 0.413051873428
-1 6.07374579694 0.413051873429

-0.933333333333 0 0.445108046597
-0.933333333333 0.209439510239 0.372841795241
-0.933333333333 0.418879020479 0.306359603383
-0.933333333333 0.628318530718 0.258294309751
-0.933333333333 0.837758040957 0.204020936143
-0.933333333333 1.0471975512 0.158989296289
-0.933333333333 1.25663706144 0.170092142514
-0.933333333333 1.46607657168 0.253375888425
-0.933333333333 1.67551608191 0.360400080569
-0.933333333333 1.88495559215 0.425264818093
-0.933333333333 2.09439510239 0.40274398639
-0.933333333333 2.30383461263 0.288308631213
-0.933333333333 2.51327412287 0.145069600125
-0.933333333333 2.72271363311 0.0424508949282
-0.933333333333 2.93215314335 0.0561522424006
-0.933333333333 3.14159265359 0.192534427918
-0.933333333333 3.35103216383 0.344893803158
-0.933333333333 3.56047167407 0.44250572
-0.933333333333 3.76991118431 0.491186728109
-0.933333333333 3.97935069455 0.511796357939
-0.933333333333 4.18879020479 0.506385947084
-0.933333333333 4.39822971503 0.450432787545
-0.933333333333 4.60766922527 0.295433504467
-0.933333333333 4.8171087355 0.0755522609326
-0.933333333333 5.02654824574 0.0784201088503
-0.933333333333 5.23598775598 0.433802338672
-0.933333333333 5.44542726622 0.63115909568
-0.933333333333 5.65486677646 0.46321039251
-0.933333333333 5.8643062867 0.359285588223
-0.933333333333 6.07374579694 0.430026747971

-0.866666666667 0 0.476107296435
-0.866666666667 0.209439510239 0.620050974491
-0.866666666667 0.418879020479 0.815371748594
-0.866666666667 0.628318530718 0.867488851376
-0.866666666667 0.837758040957 0.761041564811
-0.866666666667 1.0471975512 0.520446821502
-0.866666666667 1.25663706144 0.235202537855
-0.866666666667 1.46607657168 0.1000786135
-0.866666666667 1.67551608191 0.187100588035
-0.866666666667 1.88495559215 0.378309581869
-0.866666666667 2.09439510239 0.475680280672
-0.866666666667 2.30383461263 0.263730231786
-0.866666666667 2.51327412287 0.0610191516684
-0.866666666667 2.72271363311 0.0493719205483
-0.866666666667 2.93215314335 0.206918449183
-0.866666666667 3.14159265359 0.336403290406
-0.866666666667 3.35103216383 0.31344563393
-0.866666666667 3.56047167407 0.292154876659
-0.866666666667 3.76991118431 0.324879413001
-0.866666666667 3.97935069455 0.358662923117
-0.866666666667 4.18879020479 0.386389709709
-0.866666666667 4.39822971503 0.45312307443
-0.866666666667 4.60766922527 0.540388910629
-0.866666666667 4.8171087355 0.402149963369
-0.866666666667 5.02654824574 0.121069764962
-0.866666666667 5.23598775598 0.376647291909
-0.866666666667 5.44542726622 0.484296613742
-0.866666666667 5.65486677646 0.349398894442
-0.866666666667 5.8643062867 0.498671156366
-0.866666666667 6.07374579694 0.53260669687

-0.8 0 0.472827672389
-0.8 0.209439510239 0.76375869204
-0.8 0.418879020479 0.88993277783
-0.8 0.628318530718 0.912089260737
-0.8 0.837758040957 0.930703348086
-0.8 1.0471975512 0.833570249008
-0.8 1.25663706144 0.504124380412
-0.8 1.46607657168 0.146972831637
-0.8 1.67551608191 0.116431538191
-0.8 1.88495559215 0.290680941373
-0.8 2.09439510239 0.501859023232
-0.8 2.30383461263 0.24434011137
-0.8 2.51327412287 0.0321318693411
-0.8 2.72271363311 0.0964303003632
-0.8 2.93215314335 0.230131127549
-0.8 3.14159265359 0.174538387647
-0.8 3.35103216383 0.186201316819
-0.8 3.56047167407 0.394756791909
-0.8 3.76991118431 0.513235065635
-0.8 3.97935069455 0.4667937471
-0.8 4.18879020479 0.35262071133
-0.8 4.39822971503 0.298075845746
-0.8 4.60766922527 0.448168811212
-0.8 4.8171087355 0.513457766474
-0.8 5.02654824574 0.243144904556
-0.8 5.23598775598 0.40286162361
-0.8 5.44542726622 0.251108144384
-0.8 5.65486677646 0.402392740496
-0.8 5.8643062867 0.515193587958
-0.8 6.07374579694 0.370601186815

-0.733333333333 0 0.450757773826
-0.733333333333 0.209439510239 0.651329049261
-0.733333333333 0.418879020479 0.707167326981
-0.733333333333 0.628318530718 0.798500655866
-0.733333333333 0.837758040957 0.934869413074
-0.733333333333 1.0471975512 0.976616195563
-0.733333333333 1.25663706144 0.752214743402
-0.733333333333 1.46607657168 0.264163699701
-0.733333333333 1.67551608191 0.085306901346
-0.733333333333 1.88495559215 0.246960157184
-0.733333333333 2.09439510239 0.492193250065
-0.733333333333 2.30383461263 0.226321587666
-0.733333333333 2.51327412287 0.0338968316864
-0.733333333333 2.72271363311 0.120462834893
-0.733333333333 2.93215314335 0.159428328618
-0.733333333333 3.14159265359 0.109425689568
-0.733333333333 3.35103216383 0.480944591376
-0.733333333333 3.56047167407 0.820503338017
-0.733333333333 3.76991118431 0.771507520608
-0.733333333333 3.97935069455 0.56642693643
-0.733333333333 4.18879020479 0.391840444919
-0.733333333333 4.39822971503 0.268859857877
-0.733333333333 4.60766922527 0.393423162479
-0.733333333333 4.8171087355 0.570219067793
-0.733333333333 5.02654824574 0.295051305081
-0.733333333333 5.23598775598 0.475118457365
-0.733333333333 5.44542726622 0.0986761821329
-0.733333333333 5.65486677646 0.520047747311
-0.733333333333 5.8643062867 0.388282920716
-0.733333333333 6.07374579694 0.252690966112

-0.666666666667 0 0.480208470507
-0.666666666667 0.209439510239 0.623670935798
-0.666666666667 0.418879020479 0.692971292801
-0.666666666667 0.628318530718 0.870709570287
-0.666666666667 0.837758040957 1.01629978771
-0.666666666667 1.0471975512 1.03458486093
-0.666666666667 1.25663706144 0.892781117036
-0.666666666667 1.46607657168 0.42777331115
-0.666666666667 1.67551608191 0.0641638360391
-0.666666666667 1.88495559215 0.238262683363
-0.666666666667 2.09439510239 0.46738332544
-0.666666666667 2.30383461263 0.209385105655
-0.666666666667 2.51327412287 0.0495152885575
-0.666666666667 2.72271363311 0.120148701553
-0.666666666667 2.93215314335 0.0905486970894
-0.666666666667 3.14159265359 0.262454229607
-0.666666666667 3.35103216383 0.883772816933
-0.666666666667 3.56047167407 0.990361848641
-0.666666666667 3.76991118431 0.68591223814
-0.666666666667 3.97935069455 0.408383422625
-0.666666666667 4.18879020479 0.268917629387
-0.666666666667 4.39822971503 0.231607226691
-0.666666666667 4.60766922527 0.338315201139
-0.666666666667 4.8171087355 0.633144160103
-0.666666666667 5.02654824574 0.319210662863
-0.666666666667 5.23598775598 0.54199845751
-0.666666666667 5.44542726622 0.0425707176132
-0.666666666667 5.65486677646 0.622971054852
-0.666666666667 5.8643062867 0.31053235859
-0.666666666667 6.07374579694 0.289429283235

-0.6 0 0.51908538808
-0.6 0.209439510239 0.613302082753
-0.6 0.418879020479 0.687369503988
-0.6 0.628318530718 0.995203482331
-0.6 0.837758040957 1.16267519395
-0.6 1.0471975512 1.09513753469
-0.6 1.25663706144 0.90873737309
-0.6 1.46607657168 0.55008496739
-0.6 1.67551608191 0.0728653092023
-0.6 1.88495559215 0.236890032065
-0.6 2.09439510239 0.442209238793
-0.6 2.30383461263 0.193773645203
-0.6 2.51327412287 0.0688528865575
-0.6 2.72271363311 0.108580506626
-0.6 2.93215314335 0.0703263915708
-0.6 3.14159265359 0.522961699221
-0.6 3.35103216383 1.09771453321
-0.6 3.56047167407 0.867577806673
-0.6 3.76991118431 0.488772059827
-0.6 3.97935069455 0.283800497486
-0.6 4.18879020479 0.154315156575
-0.6 4.39822971503 0.167743177967
-0.6 4.60766922527 0.27890337042
-0.6 4.8171087355 0.635776062288
-0.6 5.02654824574 0.350898509914
-0.6 5.23598775598 0.583078850951
-0.6 5.44542726622 0.0450762557281
-0.6 5.65486677646 0.702687723026
-0.6 5.8643062867 0.31769581537
-0.6 6.07374579694 0.397803480545

-0.533333333333 0 0.495163836699
-0.533333333333 0.209439510239 0.509020879825
-0.533333333333 0.418879020479 0.595988478771
-0.533333333333 0.628318530718 1.03876453445
-0.533333333333 0.837758040957 1.31141564647
-0.533333333333 1.0471975512 1.25484247772
-0.533333333333 1.25663706144 0.922878795841
-0.533333333333 1.46607657168 0.581486917517
-0.533333333333 1.67551608191 0.113606498172
-0.533333333333 1.88495559215 0.227363917067
-0.533333333333 2.09439510239 0.424034919953
-0.533333333333 2.30383461263 0.179745001482
-0.533333333333 2.51327412287 0.0866763058832
-0.533333333333 2.72271363311 0.0964558088275
-0.533333333333 2.93215314335 0.0997917532811
-0.533333333333 3.14159265359 0.765785251901
-0.533333333333 3.35103216383 1.09979824463
-0.533333333333 3.56047167407 0.659761104404
-0.533333333333 3.76991118431 0.381591283276
-0.533333333333 3.97935069455 0.332628239492
-0.533333333333 4.18879020479 0.215289922683
-0.533333333333 4.39822971503 0.151057479809
-0.533333333333 4.60766922527 0.262514003242
-0.533333333333 4.8171087355 0.571065546229
-0.533333333333 5.02654824574 0.390360254513
-0.533333333333 5.23598775598 0.597503533604
-0.533333333333 5.44542726622 0.0755823687437
-0.533333333333 5.65486677646 0.766832708838
-0.533333333333 5.8643062867 0.363042243621
-0.533333333333 6.07374579694 0.487786387921

-0.466666666667 0 0.407841355862
-0.466666666667 0.209439510239 0.353595613901
-0.466666666667 0.418879020479 0.444329652667
-0.466666666667 0.628318530718 0.927407560427
-0.466666666667 0.837758040957 1.35275737642
-0.466666666667 1.0471975512 1.48158363469
-0.466666666667 1.25663706144 1.04271610585
-0.466666666667 1.46607657168 0.549323060921
-0.466666666667 1.67551608191 0.168112880191
-0.466666666667 1.88495559215 0.207276929739
-0.466666666667 2.09439510239 0.414875125105
-0.466666666667 2.30383461263 0.167469002403
-0.466666666667 2.51327412287 0.100829531612
-0.466666666667 2.72271363311 0.0890278435169
-0.466666666667 2.93215314335 0.160679598937
-0.466666666667 3.14159265359 0.931912795232
-0.466666666667 3.35103216383 0.986790111985
-0.466666666667 3.56047167407 0.490459722321
-0.466666666667 3.76991118431 0.35154944844
-0.466666666667 3.97935069455 0.445934124503
-0.466666666667 4.18879020479 0.403553473062
-0.466666666667 4.39822971503 0.21355804642
-0.466666666667 4.60766922527 0.301578546162
-0.466666666667 4.8171087355 0.486397063554
-0.466666666667 5.02654824574 0.428323357158
-0.466666666667 5.23598775598 0.591416503271
-0.466666666667 5.44542726622 0.117298632736
-0.466666666667 5.65486677646 0.820221883984
-0.466666666667 5.8643062867 0.406552638325
-0.466666666667 6.07374579694 0.52477256611

-0.4 0 0.302818389334
-0.4 0.209439510239 0.224639191772
-0.4 0.418879020479 0.288932476798
-0.4 0.628318530718 0.699120656031
-0.4 0.837758040957 1.24562435709
-0.4 1.0471975512 1.67392319673
-0.4 1.25663706144 1.27508938608
-0.4 1.46607657168 0.511595432612
-0.4 1.67551608191 0.217061467458
-0.4 1.88495559215 0.180761667634
-0.4 2.09439510239 0.413778026679
-0.4 2.30383461263 0.157021599719
-0.4 2.51327412287 0.110856340787
-0.4 2.72271363311 0.0874823287932
-0.4 2.93215314335 0.233560787413
-0.4 3.14159265359 1.01835863814
-0.4 3.35103216383 0.844440859674
-0.4 3.56047167407 0.379313968973
-0.4 3.76991118431 0.329142648902
-0.4 3.97935069455 0.504759877938
-0.4 4.18879020479 0.588167483454
-0.4 4.39822971503 0.32384062757
-0.4 4.60766922527 0.371618482172
-0.4 4.8171087355 0.422997714034
-0.4 5.02654824574 0.458620468773
-0.4 5.23598775598 0.572062895092
-0.4 5.44542726622 0.162117828256
-0.4 5.65486677646 0.864477727514
-0.4 5.8643062867 0.431616147041
-0.4 6.07374579694 0.514448533766

-0.333333333333 0 0.220313447966
-0.333333333333 0.209439510239 0.157100584614
-0.333333333333 0.418879020479 0.178171650899
-0.333333333333 0.628318530718 0.46628943635
-0.333333333333 0.837758040957 1.04965099101
-0.333333333333 1.0471975512 1.76758443587
-0.333333333333 1.25663706144 1.56323945667
-0.333333333333 1.46607657168 0.509522778892
-0.333333333333 1.67551608191 0.250276847462
-0.333333333333 1.88495559215 0.15316571881
-0.333333333333 2.09439510239 0.41858259741
-0.333333333333 2.30383461263 0.148403529928
-0.333333333333 2.51327412287 0.117109153827
-0.333333333333 2.72271363311 0.0909034161313
-0.333333333333 2.93215314335 0.304743279593
-0.333333333333 3.14159265359 1.04654959579
-0.333333333333 3.35103216383 0.717182936794
-0.333333333333 3.56047167407 0.307511140422
-0.333333333333 3.76991118431 0.285486465615
-0.333333333333 3.97935069455 0.4852481635
-0.333333333333 4.18879020479 0.694657911898
-0.333333333333 4.39822971503 0.434807562767
-0.333333333333 4.60766922527 0.442063705569
-0.333333333333 4.8171087355 0.395108645421
-0.333333333333 5.02654824574 0.479730101363
-0.333333333333 5.23598775598 0.545571569339
-0.333333333333 5.44542726622 0.206417336094
-0.333333333333 5.65486677646 0.899905601151
-0.333333333333 5.8643062867 0.437077076038
-0.333333333333 6.07374579694 0.476534934268

-0.266666666667 0 0.175900309572
-0.266666666667 0.209439510239 0.146498235643
-0.266666666667 0.418879020479 0.131818152853
-0.266666666667 0.628318530718 0.317295659179
-0.266666666667 0.837758040957 0.853089552765
-0.266666666667 1.0471975512 1.76364434146
-0.266666666667 1.25663706144 1.84445965431
-0.266666666667 1.46607657168 0.553307316557
-0.266666666667 1.67551608191 0.266678531138
-0.266666666667 1.88495559215 0.128444994216
-0.266666666667 2.09439510239 0.426961540501
-0.266666666667 2.30383461263 0.141562973208
-0.266666666667 2.51327412287 0.120230297903
-0.266666666667 2.72271363311 0.0976824424799
-0.266666666667 2.93215314335 0.366854239067
-0.266666666667 3.14159265359 1.04066742631
-0.266666666667 3.35103216383 0.619433723002
-0.266666666667 3.56047167407 0.257061086095
-0.266666666667 3.76991118431 0.227755151595
-0.266666666667 3.97935069455 0.422137838163
-0.266666666667 4.18879020479 0.72286942734
-0.266666666667 4.39822971503 0.517701040919
-0.266666666667 4.60766922527 0.495387355059
-0.266666666667 4.8171087355 0.397754251259
-0.266666666667 5.02654824574 0.493071664172
-0.266666666667 5.23598775598 0.516379135884
-0.266666666667 5.44542726622 0.248777638685
-0.266666666667 5.65486677646 0.926466649304
-0.266666666667 5.8643062867 0.428370088175
-0.266666666667 6.07374579694 0.429691594667

-0.2 0 0.166347773137
-0.2 0.209439510239 0.172304632362
-0.2 0.418879020479 0.139737497783
-0.2 0.628318530718 0.271730334499
-0.2 0.837758040957 0.711782403556
-0.2 1.0471975512 1.6995075025
-0.2 1.25663706144 2.07946175589
-0.2 1.46607657168 0.630866549201
-0.2 1.67551608191 0.270380634254
-0.2 1.88495559215 0.10855913641
-0.2 2.09439510239 0.436924742196
-0.2 2.30383461263 0.13641599418
-0.2 2.51327412287 0.120878912242
-0.2 2.72271363311 0.106268936446
-0.2 2.93215314335 0.417155605727
-0.2 3.14159265359 1.01919777349
-0.2 3.35103216383 0.551223717049
-0.2 3.56047167407 0.219025104669
-0.2 3.76991118431 0.171744853138
-0.2 3.97935069455 0.355494362817
-0.2 4.18879020479 0.70563285724
-0.2 4.39822971503 0.566173536965
-0.2 4.60766922527 0.528273930621
-0.2 4.8171087355 0.41872762393
-0.2 5.02654824574 0.501221023678
-0.2 5.23598775598 0.487337949908
-0.2 5.44542726622 0.288854932724
-0.2 5.65486677646 0.944061194819
-0.2 5.8643062867 0.41227128976
-0.2 6.07374579694 0.386499051415

-0.133333333333 0 0.180739375821
-0.133333333333 0.209439510239 0.214249046064
-0.133333333333 0.418879020479 0.177390112427
-0.133333333333 0.628318530718 0.299926474609
-0.133333333333 0.837758040957 0.638946075803
-0.133333333333 1.0471975512 1.61591393522
-0.133333333333 1.25663706144 2.25499881134
-0.133333333333 1.46607657168 0.721124479766
-0.133333333333 1.67551608191 0.266993594591
-0.133333333333 1.88495559215 0.0938518888978
-0.133333333333 2.09439510239 0.446989225288
-0.133333333333 2.30383461263 0.132862831023
-0.133333333333 2.51327412287 0.119604717315
-0.133333333333 2.72271363311 0.115459684915
-0.133333333333 2.93215314335 0.455624848568
-0.133333333333 3.14159265359 0.993907211141
-0.133333333333 3.35103216383 0.508085861977
-0.133333333333 3.56047167407 0.19050734907
-0.133333333333 3.76991118431 0.127537042335
-0.133333333333 3.97935069455 0.307607473225
-0.133333333333 4.18879020479 0.674245357534
-0.133333333333 4.39822971503 0.586421990307
-0.133333333333 4.60766922527 0.545345177987
-0.133333333333 4.8171087355 0.445989172812
-0.133333333333 5.02654824574 0.50678233374
-0.133333333333 5.23598775598 0.460056721383
-0.133333333333 5.44542726622 0.326832034206
-0.133333333333 5.65486677646 0.952539189153
-0.133333333333 5.8643062867 0.394581655331
-0.133333333333 6.07374579694 0.353485510361

-0.0666666666667 0 0.207927125082
-0.0666666666667 0.209439510239 0.258848582153
-0.0666666666667 0.418879020479 0.221823435489
-0.0666666666667 0.628318530718 0.359104474397
-0.0666666666667 0.837758040957 0.621277768965
-0.0666666666667 1.0471975512 1.54136699858
-0.0666666666667 1.25663706144 2.37383621275
-0.0666666666667 1.46607657168 0.803195065489
-0.0666666666667 1.67551608191 0.261419644943
-0.0666666666667 1.88495559215 0.0837056726738
-0.0666666666667 2.09439510239 0.456170916208
-0.0666666666667 2.30383461263 0.130799444616
-0.0666666666667 2.51327412287 0.116803086284
-0.0666666666667 2.72271363311 0.124432247582
-0.0666666666667 2.93215314335 0.483511647065
-0.0666666666667 3.14159265359 0.971394071373
-0.0666666666667 3.35103216383 0.485552799152
-0.0666666666667 3.56047167407 0.171427938473
-0.0666666666667 3.76991118431 0.0976622483471
-0.0666666666667 3.97935069455 0.283145844511
-0.0666666666667 4.18879020479 0.646634487511
-0.0666666666667 4.39822971503 0.587687575295
-0.0666666666667 4.60766922527 0.553463679478
-0.0666666666667 4.8171087355 0.470508901979
-0.0666666666667 5.02654824574 0.511864283133
-0.0666666666667 5.23598775598 0.435264993392
-0.0666666666667 5.44542726622 0.363146628354
-0.0666666666667 5.65486677646 0.951648543654
-0.0666666666667 5.8643062867 0.379484871119
-0.0666666666667 6.07374579694 0.332833218907

6.12323399574e-17 0 0.239591270466
6.12323399574e-17 0.209439510239 0.299973072635
6.12323399574e-17 0.418879020479 0.259120750441
6.12323399574e-17 0.628318530718 0.416235058156
6.12323399574e-17 0.837758040957 0.636814651003
6.12323399574e-17 1.0471975512 1.48998963375
6.12323399574e-17 1.25663706144 2.44306111761
6.12323399574e-17 1.46607657168 0.860793966084
6.12323399574e-17 1.67551608191 0.256995067877
6.12323399574e-17 1.88495559215 0.0771202017722
6.12323399574e-17 2.09439510239 0.463898480953
6.12323399574e-17 2.30383461263 0.130125269627
6.12323399574e-17 2.51327412287 0.112711996996
6.12323399574e-17 2.72271363311 0.132663211204
6.12323399574e-17 2.93215314335 0.502451588716
6.12323399574e-17 3.14159265359 0.954912927232
6.12323399574e-17 3.35103216383 0.480606324356
6.12323399574e-17 3.56047167407 0.163391128642
6.12323399574e-17 3.76991118431 0.0804101553726
6.12323399574e-17 3.97935069455 0.277477957671
6.12323399574e-17 4.18879020479 0.62927948327
6.12323399574e-17 4.39822971503 0.577550265437
6.12323399574e-17 4.60766922527 0.558675280941
6.12323399574e-17 4.8171087355 0.486564862728
6.12323399574e-17 5.02654824574 0.517936992859
6.12323399574e-17 5.23598775598 0.413115420705
6.12323399574e-17 5.44542726622 0.398351244857
6.12323399574e-17 5.65486677646 0.940996677843
6.12323399574e-17 5.8643062867 0.369679211966
6.12323399574e-17 6.07374579694 0.324177857446

0.0666666666667 0 0.270606012889
0.0666666666667 0.209439510239 0.337056174205
0.0666666666667 0.418879020479 0.284660580068
0.0666666666667 0.628318530718 0.454275836707
0.0666666666667 0.837758040957 0.665694917971
0.0666666666667 1.0471975512 1.46409685433
0.0666666666667 1.25663706144 2.46554669367
0.0666666666667 1.46607657168 0.883899023982
0.0666666666667 1.67551608191 0.255390078132
0.0666666666667 1.88495559215 0.073102382322
0.0666666666667 2.09439510239 0.469900261499
0.0666666666667 2.30383461263 0.130748062025
0.0666666666667 2.51327412287 0.10743017102
0.0666666666667 2.72271363311 0.139807022181
0.0666666666667 2.93215314335 0.513991175513
0.0666666666667 3.14159265359 0.94576166663
0.0666666666667 3.35103216383 0.491776818021
0.0666666666667 3.56047167407 0.170084420625
0.0666666666667 3.76991118431 0.074082640512
0.0666666666667 3.97935069455 0.284588859444
0.0666666666667 4.18879020479 0.622674485225
0.0666666666667 4.39822971503 0.560924257575
0.0666666666667 4.60766922527 0.565059807097
0.0666666666667 4.8171087355 0.491136078964
0.0666666666667 5.02654824574 0.525872174372
0.0666666666667 5.23598775598 0.393398954409
0.0666666666667 5.44542726622 0.433035221012
0.0666666666667 5.65486677646 0.920048193693
0.0666666666667 5.8643062867 0.366764193052
0.0666666666667 6.07374579694 0.325933525597

0.133333333333 0 0.298254753415
0.133333333333 0.209439510239 0.372933659268
0.133333333333 0.418879020479 0.300546457863
0.133333333333 0.628318530718 0.469089976418
0.133333333333 0.837758040957 0.693752405544
0.133333333333 1.0471975512 1.45632487922
0.133333333333 1.25663706144 2.43555015634
0.133333333333 1.46607657168 0.869535530284
0.133333333333 1.67551608191 0.256749369382
0.133333333333 1.88495559215 0.0708677740017
0.133333333333 2.09439510239 0.474085969859
0.133333333333 2.30383461263 0.132587273473
0.133333333333 2.51327412287 0.100947637708
0.133333333333 2.72271363311 0.145568732374
0.133333333333 2.93215314335 0.519335036983
0.133333333333 3.14159265359 0.94417682073
0.133333333333 3.35103216383 0.518666227688
0.133333333333 3.56047167407 0.198322902494
0.133333333333 3.76991118431 0.0811141438943
0.133333333333 3.97935069455 0.302241034542
0.133333333333 4.18879020479 0.62546306419
0.133333333333 4.39822971503 0.540700237691
0.133333333333 4.60766922527 0.574391537295
0.133333333333 4.8171087355 0.483320786302
0.133333333333 5.02654824574 0.536035674707
0.133333333333 5.23598775598 0.375679733058
0.133333333333 5.44542726622 0.467774083494
0.133333333333 5.65486677646 0.888164880931
0.133333333333 5.8643062867 0.371613436046
0.133333333333 6.07374579694 0.336048785616

0.2 0 0.321218399762
0.2 0.209439510239 0.411875473018
0.2 0.418879020479 0.313174752161
0.2 0.628318530718 0.464066163097
0.2 0.837758040957 0.71137390926
0.2 1.0471975512 1.44995812019
0.2 1.25663706144 2.33885943219
0.2 1.46607657168 0.822360001598
0.2 1.67551608191 0.259841767969
0.2 1.88495559215 0.0698881129397
0.2 2.09439510239 0.476418990519
0.2 2.30383461263 0.135578102212
0.2 2.51327412287 0.0931902555466
0.2 2.72271363311 0.149583537567
0.2 2.93215314335 0.519142814964
0.2 3.14159265359 0.949852269705
0.2 3.35103216383 0.561114798053
0.2 3.56047167407 0.258662236936
0.2 3.76991118431 0.111873621449
0.2 3.97935069455 0.334637163123
0.2 4.18879020479 0.636219436987
0.2 4.39822971503 0.518695779777
0.2 4.60766922527 0.585935553103
0.2 4.8171087355 0.464186888449
0.2 5.02654824574 0.54835906618
0.2 5.23598775598 0.359370171633
0.2 5.44542726622 0.50308685065
0.2 5.65486677646 0.844698852353
0.2 5.8643062867 0.384602469292
0.2 6.07374579694 0.35227586575

0.266666666667 0 0.338839186199
0.266666666667 0.209439510239 0.457501098869
0.266666666667 0.418879020479 0.331870852094
0.266666666667 0.628318530718 0.446212395666
0.266666666667 0.837758040957 0.710445511098
0.266666666667 1.0471975512 1.41904261454
0.266666666667 1.25663706144 2.15910073595
0.266666666667 1.46607657168 0.754034749838
0.266666666667 1.67551608191 0.262363191356
0.266666666667 1.88495559215 0.069822120201
0.266666666667 2.09439510239 0.476761262443
0.266666666667 2.30383461263 0.139678322178
0.266666666667 2.51327412287 0.0840875105619
0.266666666667 2.72271363311 0.15131540803
0.266666666667 2.93215314335 0.513232721154
0.266666666667 3.14159265359 0.962133923194
0.266666666667 3.35103216383 0.618117909328
0.266666666667 3.56047167407 0.363630403754
0.266666666667 3.76991118431 0.186484276944
0.266666666667 3.97935069455 0.39248147527
0.266666666667 4.18879020479 0.653146610271
0.266666666667 4.39822971503 0.496299120759
0.266666666667 4.60766922527 0.596239130124
0.266666666667 4.8171087355 0.437123452858
0.266666666667 5.02654824574 0.562350673522
0.266666666667 5.23598775598 0.343778956876
0.266666666667 5.44542726622 0.539388499792
0.266666666667 5.65486677646 0.789151270147
0.266666666667 5.8643062867 0.405620605854
0.266666666667 6.07374579694 0.372082877263

0.333333333333 0 0.350997031598
0.333333333333 0.209439510239 0.509907733678
0.333333333333 0.418879020479 0.36792039173
0.333333333333 0.628318530718 0.425116583618
0.333333333333 0.837758040957 0.682889351937
0.333333333333 1.0471975512 1.33274911253
0.333333333333 1.25663706144 1.89161260075
0.333333333333 1.46607657168 0.678867307057
0.333333333333 1.67551608191 0.261938640523
0.333333333333 1.88495559215 0.0703720766717
0.333333333333 2.09439510239 0.474654018434
0.333333333333 2.30383461263 0.144879666283
0.333333333333 2.51327412287 0.07368424133
0.333333333333 2.72271363311 0.150004723837
0.333333333333 2.93215314335 0.500099888587
0.333333333333 3.14159265359 0.979707658296
0.333333333333 3.35103216383 0.686923670151
0.333333333333 3.56047167407 0.520594334461
0.333333333333 3.76991118431 0.32981599004
0.333333333333 3.97935069455 0.488474537069
0.333333333333 4.18879020479 0.67206254144
0.333333333333 4.39822971503 0.474584626088
0.333333333333 4.60766922527 0.599308416005
0.333333333333 4.8171087355 0.408482658444
0.333333333333 5.02654824574 0.577012492806
0.333333333333 5.23598775598 0.328176779745
0.333333333333 5.44542726622 0.576927247261
0.333333333333 5.65486677646 0.721420259197
0.333333333333 5.8643062867 0.433809155008
0.333333333333 6.07374579694 0.392354693446

0.4 0 0.358833414055
0.4 0.209439510239 0.561717642621
0.4 0.418879020479 0.43178776472
0.4 0.628318530718 0.414568779745
0.4 0.837758040957 0.625019686353
0.4 1.0471975512 1.17014936977
0.4 1.25663706144 1.55927072637
0.4 1.46607657168 0.604042788137
0.4 1.67551608191 0.258500503651
0.4 1.88495559215 0.0711459083639
0.4 2.09439510239 0.468984446957
0.4 2.30383461263 0.151222102175
0.4 2.51327412287 0.0623317851738
0.4 2.72271363311 0.144737617545
0.4 2.93215314335 0.476326171806
0.4 3.14159265359 0.999120846692
0.4 3.35103216383 0.763183594929
0.4 3.56047167407 0.717878828276
0.4 3.76991118431 0.552914207742
0.4 3.97935069455 0.62518858649
0.4 4.18879020479 0.683472001724
0.4 4.39822971503 0.454031613652
0.4 4.60766922527 0.588045355236
0.4 4.8171087355 0.387968950485
0.4 5.02654824574 0.590607654351
0.4 5.23598775598 0.311944517262
0.4 5.44542726622 0.615694655169
0.4 5.65486677646 0.642165237148
0.4 5.8643062867 0.466966285853
0.4 6.07374579694 0.409086944789

0.466666666667 0 0.366099233565
0.466666666667 0.209439510239 0.594719335217
0.466666666667 0.418879020479 0.524688845637
0.466666666667 0.628318530718 0.433286486051
0.466666666667 0.837758040957 0.548893908865
0.466666666667 1.0471975512 0.944721783519
0.466666666667 1.25663706144 1.209365928
0.466666666667 1.46607657168 0.520115986021
0.466666666667 1.67551608191 0.257679428546
0.466666666667 1.88495559215 0.0717037386043
0.466666666667 2.09439510239 0.457487840106
0.466666666667 2.30383461263 0.158795021336
0.466666666667 2.51327412287 0.0510162083867
0.466666666667 2.72271363311 0.134781154538
0.466666666667 2.93215314335 0.43639890679
0.466666666667 3.14159265359 1.01072132204
0.466666666667 3.35103216383 0.842125065092
0.466666666667 3.56047167407 0.911900346459
0.466666666667 3.76991118431 0.821371902834
0.466666666667 3.97935069455 0.776322518142
0.466666666667 4.18879020479 0.671439446774
0.466666666667 4.39822971503 0.434674974742
0.466666666667 4.60766922527 0.557941174162
0.466666666667 4.8171087355 0.387862237648
0.466666666667 5.02654824574 0.600164308874
0.466666666667 5.23598775598 0.294890174215
0.466666666667 5.44542726622 0.655294737164
0.466666666667 5.65486677646 0.553316934155
0.466666666667 5.8643062867 0.500579376669
0.466666666667 6.07374579694 0.417417800429

0.533333333333 0 0.379467503952
0.533333333333 0.209439510239 0.583307292655
0.533333333333 0.418879020479 0.621405888654
0.533333333333 0.628318530718 0.493904433852
0.533333333333 0.837758040957 0.487667647059
0.533333333333 1.0471975512 0.710649027121
0.533333333333 1.25663706144 0.872182819458
0.533333333333 1.46607657168 0.411273070116
0.533333333333 1.67551608191 0.271219060631
0.533333333333 1.88495559215 0.072110388087
0.533333333333 2.09439510239 0.436097600081
0.533333333333 2.30383461263 0.167667023566
0.533333333333 2.51327412287 0.0418977630268
0.533333333333 2.72271363311 0.120414027694
0.533333333333 2.93215314335 0.374349490267
0.533333333333 3.14159265359 0.990514043383
0.533333333333 3.35103216383 0.916429788314
0.533333333333 3.56047167407 1.03656036019
0.533333333333 3.76991118431 1.03688020094
0.533333333333 3.97935069455 0.876852527513
0.533333333333 4.18879020479 0.620260990542
0.533333333333 4.39822971503 0.418116252811
0.533333333333 4.60766922527 0.51302663148
0.533333333333 4.8171087355 0.420021194976
0.533333333333 5.02654824574 0.600537526449
0.533333333333 5.23598775598 0.27783967959
0.533333333333 5.44542726622 0.694753837074
0.533333333333 5.65486677646 0.4587543496
0.533333333333 5.8643062867 0.526566745966
0.533333333333 6.07374579694 0.412521056922

0.6 0 0.403728941563
0.6 0.209439510239 0.514693784241
0.6 0.418879020479 0.654578292481
0.6 0.628318530718 0.565610074159
0.6 0.837758040957 0.459957238162
0.6 1.0471975512 0.504130855474
0.6 1.25663706144 0.528999502576
0.6 1.46607657168 0.302646246866
0.6 1.67551608191 0.304889858285
0.6 1.88495559215 0.0743428255278
0.6 2.09439510239 0.398443919912
0.6 2.30383461263 0.177562929311
0.6 2.51327412287 0.0390735039866
0.6 2.72271363311 0.104462456934
0.6 2.93215314335 0.289757230269
0.6 3.14159265359 0.892725042635
0.6 3.35103216383 0.961332920333
0.6 3.56047167407 1.0444410555
0.6 3.76991118431 1.08362940272
0.6 3.97935069455 0.855144675964
0.6 4.18879020479 0.534235906728
0.6 4.39822971503 0.410751972433
0.6 4.60766922527 0.471065291448
0.6 4.8171087355 0.490124076048
0.6 5.02654824574 0.582929448579
0.6 5.23598775598 0.263582408748
0.6 5.44542726622 0.732245397108
0.6 5.65486677646 0.365140256359
0.6 5.8643062867 0.532183999296
0.6 6.07374579694 0.391818840566

0.666666666667 0 0.427712954421
0.666666666667 0.209439510239 0.42183635134
0.666666666667 0.418879020479 0.550349963082
0.666666666667 0.628318530718 0.537102991622
0.666666666667 0.837758040957 0.393377296717
0.666666666667 1.0471975512 0.278004738378
0.666666666667 1.25663706144 0.203716568061
0.666666666667 1.46607657168 0.292541806418
0.666666666667 1.67551608191 0.328523781627
0.666666666667 1.88495559215 0.0843731741766
0.666666666667 2.09439510239 0.336771594091
0.666666666667 2.30383461263 0.186823243187
0.666666666667 2.51327412287 0.0490825333616
0.666666666667 2.72271363311 0.0941901303987
0.666666666667 2.93215314335 0.200526125928
0.666666666667 3.14159265359 0.672024204233
0.666666666667 3.35103216383 0.903631941389
0.666666666667 3.56047167407 0.935522997039
0.666666666667 3.76991118431 0.936079540478
0.666666666667 3.97935069455 0.712669421224
0.666666666667 4.18879020479 0.455947051383
0.666666666667 4.39822971503 0.421085187296
0.666666666667 4.60766922527 0.461332532999
0.666666666667 4.8171087355 0.589579439069
0.666666666667 5.02654824574 0.533530826521
0.666666666667 5.23598775598 0.258105685222
0.666666666667 5.44542726622 0.764690711778
0.666666666667 5.65486677646 0.282831792652
0.666666666667 5.8643062867 0.500456452991
0.666666666667 6.07374579694 0.357994202606

0.733333333333 0 0.40958674825
0.733333333333 0.209439510239 0.375778727846
0.733333333333 0.418879020479 0.360912547483
0.733333333333 0.628318530718 0.334456809566
0.733333333333 0.837758040957 0.198027711418
0.733333333333 1.0471975512 0.0492904439661
0.733333333333 1.25663706144 0.0891490483687
0.733333333333 1.46607657168 0.418007931076
0.733333333333 1.67551608191 0.26858287071
0.733333333333 1.88495559215 0.113031618705
0.733333333333 2.09439510239 0.247899944367
0.733333333333 2.30383461263 0.189926132367
0.733333333333 2.51327412287 0.0785888943502
0.733333333333 2.72271363311 0.100876961502
0.733333333333 2.93215314335 0.157011552215
0.733333333333 3.14159265359 0.37694863836
0.733333333333 3.35103216383 0.638111477022
0.733333333333 3.56047167407 0.712777126087
0.733333333333 3.76991118431 0.689250785981
0.733333333333 3.97935069455 0.548014024792
0.733333333333 4.18879020479 0.429704072363
0.733333333333 4.39822971503 0.445699822929
0.733333333333 4.60766922527 0.512718833724
0.733333333333 4.8171087355 0.685272787686
0.733333333333 5.02654824574 0.435619695045
0.733333333333 5.23598775598 0.271574619824
0.733333333333 5.44542726622 0.787165929432
0.733333333333 5.65486677646 0.226600357412
0.733333333333 5.8643062867 0.415279215601
0.733333333333 6.07374579694 0.319560294083

0.8 0 0.303490437079
0.8 0.209439510239 0.361372401065
0.8 0.418879020479 0.287440764859
0.8 0.628318530718 0.186311508939
0.8 0.837758040957 0.0874966019457
0.8 1.0471975512 0.0762940836314
0.8 1.25663706144 0.27521515773
0.8 1.46607657168 0.415879615957
0.8 1.67551608191 0.127317704649
0.8 1.88495559215 0.169649213416
0.8 2.09439510239 0.149371509382
0.8 2.30383461263 0.175203506699
0.8 2.51327412287 0.122054984139
0.8 2.72271363311 0.128676244691
0.8 2.93215314335 0.217611028258
0.8 3.14159265359 0.228027917469
0.8 3.35103216383 0.283496240243
0.8 3.56047167407 0.366275521761
0.8 3.76991118431 0.410057764193
0.8 3.97935069455 0.405366621048
0.8 4.18879020479 0.416626300534
0.8 4.39822971503 0.488344382367
0.8 4.60766922527 0.636681182562
0.8 4.8171087355 0.704490073716
0.8 5.02654824574 0.284236163398
0.8 5.23598775598 0.31723898863
0.8 5.44542726622 0.791943867598
0.8 5.65486677646 0.215425953293
0.8 5.8643062867 0.276862161373
0.8 6.07374579694 0.281605958068

0.866666666667 0 0.16466847794
0.866666666667 0.209439510239 0.201326589211
0.866666666667 0.418879020479 0.242781519837
0.866666666667 0.628318530718 0.226739543679
0.866666666667 0.837758040957 0.206740430751
0.866666666667 1.0471975512 0.226040178493
0.866666666667 1.25663706144 0.230562975787
0.866666666667 1.46607657168 0.127378218304
0.866666666667 1.67551608191 0.123984207286
0.866666666667 1.88495559215 0.236990286979
0.866666666667 2.09439510239 0.0938651132489
0.866666666667 2.30383461263 0.138025923453
0.866666666667 2.51327412287 0.141888041593
0.866666666667 2.72271363311 0.143433476096
0.866666666667 2.93215314335 0.31542940916
0.866666666667 3.14159265359 0.395710028323
0.866666666667 3.35103216383 0.327971720655
0.866666666667 3.56047167407 0.269502498681
0.866666666667 3.76991118431 0.28914586793
0.866666666667 3.97935069455 0.366934369149
0.866666666667 4.18879020479 0.48897044529
0.866666666667 4.39822971503 0.646085811567
0.866666666667 4.60766922527 0.741546453672
0.866666666667 4.8171087355 0.524179838707
0.866666666667 5.02654824574 0.128455605502
0.866666666667 5.23598775598 0.403362122378
0.866666666667 5.44542726622 0.766567679286
0.866666666667 5.65486677646 0.269174528961
0.866666666667 5.8643062867 0.13436522279
0.866666666667 6.07374579694 0.22391738196

0.933333333333 0 0.148212349596
0.933333333333 0.209439510239 0.0910376624016
0.933333333333 0.418879020479 0.0401216082156
0.933333333333 0.628318530718 0.0174413802572
0.933333333333 0.837758040957 0.0111586316051
0.933333333333 1.0471975512 0.0236043891148
0.933333333333 1.25663706144 0.081775733583
0.933333333333 1.46607657168 0.207312261625
0.933333333333 1.67551608191 0.313234027228
0.933333333333 1.88495559215 0.252427095398
0.933333333333 2.09439510239 0.132278664277
0.933333333333 2.30383461263 0.130403469502
0.933333333333 2.51327412287 0.120263859369
0.933333333333 2.72271363311 0.0867584788814
0.933333333333 2.93215314335 0.187284103396
0.933333333333 3.14159265359 0.38985218439
0.933333333333 3.35103216383 0.557485180168
0.933333333333 3.56047167407 0.640853629674
0.933333333333 3.76991118431 0.678200857663
0.933333333333 3.97935069455 0.706142968904
0.933333333333 4.18879020479 0.71024326087
0.933333333333 4.39822971503 0.627977897882
0.933333333333 4.60766922527 0.403962424847
0.933333333333 4.8171087355 0.134484152973
0.933333333333 5.02654824574 0.138877748215
0.933333333333 5.23598775598 0.505560290003
0.933333333333 5.44542726622 0.687492842604
0.933333333333 5.65486677646 0.393314585223
0.933333333333 5.8643062867 0.134661628291
0.933333333333 6.07374579694 0.137788376758

