-1 0 0.952353745018
-1 0.209439510239 0.952353745019
-1 0.418879020479 0.952353745019
-1 0.628318530718 0.952353745018
-1 0.837758040957 0.952353745017
-1 1.0471975512 0.952353745017
-1 1.25663706144 0.952353745017
-1 1.46607657168 0.952353745018
-1 1.67551608191 0.952353745019
-1 1.88495559215 0.952353745019
-1 2.09439510239 0.952353745018
-1 2.30383461263 0.952353745017
-1 2.51327412287 0.952353745017
-1 2.72271363311 0.952353745017
-1 2.93215314335 0.952353745017
-1 3.14159265359 0.952353745018
-1 3.35103216383 0.952353745019
-1 3.56047167407 0.952353745019
-1 3.76991118431 0.952353745018
-1 3.97935069455 0.952353745017
-1 4.18879020479 0.952353745017
-1 4.39822971503 0.952353745017
-1 4.60766922527 0.952353745018
-1 4.8171087355 0.952353745019
-1 5.02654824574 0.952353745019
-1 5.23598775598 0.952353745018
-1 5.44542726622 0.952353745017
-1 5.65486677646 0.952353745017
-1 5.8643062867 0.952353745017
-1 6.07374579694 0.952353745017

-0.933333333333 0 5.45131712501
-0.933333333333 0.209439510239 5.87523445613
-0.933333333333 0.418879020479 5.70365192881
-0.933333333333 0.628318530718 5.44132129287
-0.933333333333 0.837758040957 4.80302327456
-0.933333333333 1.0471975512 3.6099567036
-0.933333333333 1.25663706144 2.25444068354
-0.933333333333 1.46607657168 1.42258893198
-0.933333333333 1.67551608191 1.28501424575
-0.933333333333 1.88495559215 1.04743724302
-0.933333333333 2.09439510239 0.436825145391
-0.933333333333 2.30383461263 0.563190804303
-0.933333333333 2.51327412287 1.07979801703
-0.933333333333 2.72271363311 0.740467135084
-0.933333333333 2.93215314335 0.301430336136
-0.933333333333 3.14159265359 0.41693935841
-0.933333333333 3.35103216383 0.562306780907
-0.933333333333 3.56047167407 0.494948882022
-0.933333333333 3.76991118431 0.393999725405
-0.933333333333 3.97935069455 0.402868972388
-0.933333333333 4.18879020479 0.581553443041
-0.933333333333 4.39822971503 0.970700293545
-0.933333333333 4.60766922527 1.47371604813
-0.933333333333 4.8171087355 1.64839518615
-0.933333333333 5.02654824574 1.14504478588
-0.933333333333 5.23598775598 0.8484506419
-0.933333333333 5.44542726622 1.74818992155
-0.933333333333 5.65486677646 2.48485119446
-0.933333333333 5.8643062867 2.63953848832
-0.933333333333 6.07374579694 3.90238568735

-0.866666666667 0 7.15521335393
-0.866666666667 0.209439510239 8.56893297107
-0.866666666667 0.418879020479 10.9941509563
-0.866666666667 0.628318530718 12.7201515804
-0.866666666667 0.837758040957 12.6439469851
-0.866666666667 1.0471975512 10.5890214565
-0.866666666667 1.25663706144 7.024118956
-0.866666666667 1.46607657168 3.25549585336
-0.866666666667 1.67551608191 0.889114306225
-0.866666666667 1.88495559215 0.887316333067
-0.866666666667 2.09439510239 0.832076344714
-0.866666666667 2.30383461263 0.436205357173
-0.866666666667 2.51327412287 0.991653172312
-0.866666666667 2.72271363311 0.32966957555
-0.866666666667 2.93215314335 0.17295966658
-0.866666666667 3.14159265359 0.246038931189
-0.866666666667 3.35103216383 0.0379836347889
-0.866666666667 3.56047167407 0.0580341574861
-0.866666666667 3.76991118431 0.197925249964
-0.866666666667 3.97935069455 0.306782048463
-0.866666666667 4.18879020479 0.399157857345
-0.866666666667 4.39822971503 0.489676492713
-0.866666666667 4.60766922527 0.676753530255
-0.866666666667 4.8171087355 1.27584252884
-0.866666666667 5.02654824574 1.89940213024
-0.866666666667 5.23598775598 1.50190842078
-0.866666666667 5.44542726622 2.00816601481
-0.866666666667 5.65486677646 3.44872892687
-0.866666666667 5.8643062867 3.54288491707
-0.866666666667 6.07374579694 5.49002837449

-0.8 0 6.87586469558
-0.8 0.209439510239 8.94844350028
-0.8 0.418879020479 11.4458125783
-0.8 0.628318530718 13.2235578942
-0.8 0.837758040957 14.6683195568
-0.8 1.0471975512 14.2714500251
-0.8 1.25663706144 10.2201130538
-0.8 1.46607657168 5.01465139796
-0.8 1.67551608191 1.7017619166
-0.8 1.88495559215 0.482747312353
-0.8 2.09439510239 1.10106118269
-0.8 2.30383461263 0.390660865598
-0.8 2.51327412287 0.863554612325
-0.8 2.72271363311 0.127876948591
-0.8 2.93215314335 0.182978345688
-0.8 3.14159265359 0.0541920728518
-0.8 3.35103216383 0.129231963435
-0.8 3.56047167407 0.310373517345
-0.8 3.76991118431 0.294982366027
-0.8 3.97935069455 0.270683819251
-0.8 4.18879020479 0.433389675171
-0.8 4.39822971503 0.843595028321
-0.8 4.60766922527 1.18826328893
-0.8 4.8171087355 1.24025854334
-0.8 5.02654824574 1.60172385416
-0.8 5.23598775598 2.23470710473
-0.8 5.44542726622 2.2866190633
-0.8 5.65486677646 3.87398068951
-0.8 5.8643062867 3.67612793646
-0.8 6.07374579694 5.29851849616

-0.733333333333 0 5.55781217288
-0.733333333333 0.209439510239 6.53189941395
-0.733333333333 0.418879020479 7.69645023644
-0.733333333333 0.628318530718 9.66379547518
-0.733333333333 0.837758040957 13.6673612785
-0.733333333333 1.0471975512 17.485841055
-0.733333333333 1.25663706144 15.1221991137
-0.733333333333 1.46607657168 6.48258137593
-0.733333333333 1.67551608191 1.90338789201
-0.733333333333 1.88495559215 0.426071635626
-0.733333333333 2.09439510239 1.15650424318
-0.733333333333 2.30383461263 0.400538376901
-0.733333333333 2.51327412287 0.750240278572
-0.733333333333 2.72271363311 0.0618619318641
-0.733333333333 2.93215314335 0.161977011288
-0.733333333333 3.14159265359 0.039524322687
-0.733333333333 3.35103216383 0.269183248256
-0.733333333333 3.56047167407 0.245325088376
-0.733333333333 3.76991118431 0.117187166456
-0.733333333333 3.97935069455 0.0654589806852
-0.733333333333 4.18879020479 0.183874326613
-0.733333333333 4.39822971503 0.747245507479
-0.733333333333 4.60766922527 1.47627876372
-0.733333333333 4.8171087355 1.69767699269
-0.733333333333 5.02654824574 1.40444737734
-0.733333333333 5.23598775598 2.53008587441
-0.733333333333 5.44542726622 2.74965997535
-0.733333333333 5.65486677646 4.12907752609
-0.733333333333 5.8643062867 3.66751469014
-0.733333333333 6.07374579694 4.62543522587

-0.666666666667 0 4.15562215203
-0.666666666667 0.209439510239 3.81125878793
-0.666666666667 0.418879020479 3.99908586609
-0.666666666667 0.628318530718 5.59523895418
-0.666666666667 0.837758040957 10.077614882
-0.666666666667 1.0471975512 17.455868292
-0.666666666667 1.25663706144 20.6104288904
-0.666666666667 1.46607657168 10.4656495055
-0.666666666667 1.67551608191 1.60578696508
-0.666666666667 1.88495559215 0.565238139972
-0.666666666667 2.09439510239 1.05965135133
-0.666666666667 2.30383461263 0.443772065093
-0.666666666667 2.51327412287 0.663462015741
-0.666666666667 2.72271363311 0.0580061756011
-0.666666666667 2.93215314335 0.118272700038
-0.666666666667 3.14159265359 0.098072176316
-0.666666666667 3.35103216383 0.271177807591
-0.666666666667 3.56047167407 0.157757067895
-0.666666666667 3.76991118431 0.10021504878
-0.666666666667 3.97935069455 0.102307925874
-0.666666666667 4.18879020479 0.16556395955
-0.666666666667 4.39822971503 0.689804480831
-0.666666666667 4.60766922527 1.61443472938
-0.666666666667 4.8171087355 1.96917345105
-0.666666666667 5.02654824574 1.49808212119
-0.666666666667 5.23598775598 2.55835492649
-0.666666666667 5.44542726622 3.28090325714
-0.666666666667 5.65486677646 4.32831569621
-0.666666666667 5.8643062867 3.6458524282
-0.666666666667 6.07374579694 4.03794934503

-0.6 0 3.21498648961
-0.6 0.209439510239 2.11495000241
-0.6 0.418879020479 2.06538405803
-0.6 0.628318530718 2.80628237025
-0.6 0.837758040957 5.6718229432
-0.6 1.0471975512 13.5000855446
-0.6 1.25663706144 22.7285624209
-0.6 1.46607657168 16.0224602582
-0.6 1.67551608191 1.82303647609
-0.6 1.88495559215 0.686464235811
-0.6 2.09439510239 0.889307622124
-0.6 2.30383461263 0.503859670436
-0.6 2.51327412287 0.601203072194
-0.6 2.72271363311 0.0759391395712
-0.6 2.93215314335 0.0748438559469
-0.6 3.14159265359 0.151994567072
-0.6 3.35103216383 0.222648194792
-0.6 3.56047167407 0.131786363718
-0.6 3.76991118431 0.120546926161
-0.6 3.97935069455 0.180653001956
-0.6 4.18879020479 0.265156967285
-0.6 4.39822971503 0.64192345404
-0.6 4.60766922527 1.694396801
-0.6 4.8171087355 2.08595553863
-0.6 5.02654824574 1.68105254846
-0.6 5.23598775598 2.51660827751
-0.6 5.44542726622 3.7614798237
-0.6 5.65486677646 4.44955953532
-0.6 5.8643062867 3.56584575693
-0.6 6.07374579694 3.60614109299

-0.533333333333 0 2.74217842983
-0.533333333333 0.209439510239 1.46372958883
-0.533333333333 0.418879020479 1.71528659895
-0.533333333333 0.628318530718 1.70121169901
-0.533333333333 0.837758040957 2.58892033912
-0.533333333333 1.0471975512 8.45113079364
-0.533333333333 1.25663706144 20.9913657594
-0.533333333333 1.46607657168 20.9112336729
-0.533333333333 1.67551608191 3.00031721491
-0.533333333333 1.88495559215 0.707297808863
-0.533333333333 2.09439510239 0.705599530289
-0.533333333333 2.30383461263 0.56971189559
-0.533333333333 2.51327412287 0.557868592531
-0.533333333333 2.72271363311 0.0978718176711
-0.533333333333 2.93215314335 0.0419965781301
-0.533333333333 3.14159265359 0.180635306859
-0.533333333333 3.35103216383 0.179544256254
-0.533333333333 3.56047167407 0.127761295751
-0.533333333333 3.76991118431 0.11656438172
-0.533333333333 3.97935069455 0.240547951213
-0.533333333333 4.18879020479 0.444318452731
-0.533333333333 4.39822971503 0.653555410149
-0.533333333333 4.60766922527 1.66554022287
-0.533333333333 4.8171087355 2.12083669414
-0.533333333333 5.02654824574 1.86091118532
-0.533333333333 5.23598775598 2.47948786645
-0.533333333333 5.44542726622 4.14566125386
-0.533333333333 5.65486677646 4.48472315872
-0.533333333333 5.8643062867 3.43018703117
-0.533333333333 6.07374579694 3.31099133605

-0.466666666667 0 2.55926539809
-0.466666666667 0.209439510239 1.41802985607
-0.466666666667 0.418879020479 2.05954544136
-0.466666666667 0.628318530718 1.590320312
-0.466666666667 0.837758040957 1.21253681876
-0.466666666667 1.0471975512 4.54919679073
-0.466666666667 1.25663706144 17.2338576466
-0.466666666667 1.46607657168 23.9369069857
-0.466666666667 1.67551608191 4.94147595536
-0.466666666667 1.88495559215 0.639549308271
-0.466666666667 2.09439510239 0.544569261468
-0.466666666667 2.30383461263 0.634540852964
-0.466666666667 2.51327412287 0.527886919567
-0.466666666667 2.72271363311 0.117400535678
-0.466666666667 2.93215314335 0.020902440833
-0.466666666667 3.14159265359 0.187450105896
-0.466666666667 3.35103216383 0.155242963133
-0.466666666667 3.56047167407 0.129930937884
-0.466666666667 3.76991118431 0.106344763746
-0.466666666667 3.97935069455 0.27956337211
-0.466666666667 4.18879020479 0.634656286094
-0.466666666667 4.39822971503 0.764985236606
-0.466666666667 4.60766922527 1.60021327294
-0.466666666667 4.8171087355 2.0823890317
-0.466666666667 5.02654824574 2.02633987687
-0.466666666667 5.23598775598 2.45744458092
-0.466666666667 5.44542726622 4.43256722536
-0.466666666667 5.65486677646 4.45241340293
-0.466666666667 5.8643062867 3.27481570901
-0.466666666667 6.07374579694 3.13097147458

-0.4 0 2.51041727171
-0.4 0.209439510239 1.58475340562
-0.4 0.418879020479 2.44193963638
-0.4 0.628318530718 1.75206047272
-0.4 0.837758040957 0.892599371392
-0.4 1.0471975512 2.29305464113
-0.4 1.25663706144 13.2601119977
-0.4 1.46607657168 25.0917865183
-0.4 1.67551608191 7.21193074311
-0.4 1.88495559215 0.525936202776
-0.4 2.09439510239 0.422680428334
-0.4 2.30383461263 0.694637381583
-0.4 2.51327412287 0.50678776858
-0.4 2.72271363311 0.132958468075
-0.4 2.93215314335 0.00909255541799
-0.4 3.14159265359 0.181234952061
-0.4 3.35103216383 0.148442006954
-0.4 3.56047167407 0.137692013885
-0.4 3.76991118431 0.103594588324
-0.4 3.97935069455 0.294307510496
-0.4 4.18879020479 0.755392886714
-0.4 4.39822971503 0.903828769182
-0.4 4.60766922527 1.57460976386
-0.4 4.8171087355 1.9906553281
-0.4 5.02654824574 2.17926837482
-0.4 5.23598775598 2.44300181797
-0.4 5.44542726622 4.63814558582
-0.4 5.65486677646 4.37917752564
-0.4 5.8643062867 3.13155643623
-0.4 6.07374579694 3.03796284613

-0.333333333333 0 2.50596654133
-0.333333333333 0.209439510239 1.75726981947
-0.333333333333 0.418879020479 2.656235932
-0.333333333333 0.628318530718 1.87719906318
-0.333333333333 0.837758040957 0.97665671697
-0.333333333333 1.0471975512 1.26328599893
-0.333333333333 1.25663706144 9.99180305166
-0.333333333333 1.46607657168 24.9333942602
-0.333333333333 1.67551608191 9.43123282115
-0.333333333333 1.88495559215 0.404543952524
-0.333333333333 2.09439510239 0.343331744305
-0.333333333333 2.30383461263 0.748346859128
-0.333333333333 2.51327412287 0.491322740548
-0.333333333333 2.72271363311 0.144678835604
-0.333333333333 2.93215314335 0.003454245148
-0.333333333333 3.14159265359 0.169479558095
-0.333333333333 3.35103216383 0.154009875092
-0.333333333333 3.56047167407 0.149395145151
-0.333333333333 3.76991118431 0.107875592775
-0.333333333333 3.97935069455 0.290930964569
-0.333333333333 4.18879020479 0.789454007476
-0.333333333333 4.39822971503 0.990279833957
-0.333333333333 4.60766922527 1.59576349407
-0.333333333333 4.8171087355 1.8811399398
-0.333333333333 5.02654824574 2.31686684074
-0.333333333333 5.23598775598 2.42822177186
-0.333333333333 5.44542726622 4.7814403851
-0.333333333333 5.65486677646 4.28836320921
-0.333333333333 5.8643062867 3.01749848212
-0.333333333333 6.07374579694 3.00071213649

-0.266666666667 0 2.50851700703
-0.266666666667 0.209439510239 1.87120939069
-0.266666666667 0.418879020479 2.7421686629
-0.266666666667 0.628318530718 1.9455027673
-0.266666666667 0.837758040957 1.13145445674
-0.266666666667 1.0471975512 0.910865929584
-0.266666666667 1.25663706144 7.64014831253
-0.266666666667 1.46607657168 24.0849291703
-0.266666666667 1.67551608191 11.3676475783
-0.266666666667 1.88495559215 0.297888970285
-0.266666666667 2.09439510239 0.302528592109
-0.266666666667 2.30383461263 0.79530550732
-0.266666666667 2.51327412287 0.479263986751
-0.266666666667 2.72271363311 0.153089204266
-0.266666666667 2.93215314335 0.0013869224659
-0.266666666667 3.14159265359 0.156928132259
-0.266666666667 3.35103216383 0.166137477015
-0.266666666667 3.56047167407 0.161863683256
-0.266666666667 3.76991118431 0.115685969085
-0.266666666667 3.97935069455 0.283184635768
-0.266666666667 4.18879020479 0.771234699266
-0.266666666667 4.39822971503 1.00340871919
-0.266666666667 4.60766922527 1.63556878105
-0.266666666667 4.8171087355 1.78290566534
-0.266666666667 5.02654824574 2.43398797614
-0.266666666667 5.23598775598 2.40867292955
-0.266666666667 5.44542726622 4.87936099531
-0.266666666667 5.65486677646 4.19698212259
-0.266666666667 5.8643062867 2.93808358559
-0.266666666667 6.07374579694 2.99227658706

-0.2 0 2.50977198171
-0.2 0.209439510239 1.9282795702
-0.2 0.418879020479 2.78527175263
-0.2 0.628318530718 2.01320122537
-0.2 0.837758040957 1.25817008064
-0.2 1.0471975512 0.854472456546
-0.2 1.25663706144 6.0829719687
-0.2 1.46607657168 23.0181014656
-0.2 1.67551608191 12.9210249256
-0.2 1.88495559215 0.214245775729
-0.2 2.09439510239 0.292964967849
-0.2 2.30383461263 0.835908055625
-0.2 2.51327412287 0.469135284292
-0.2 2.72271363311 0.158644787486
-0.2 2.93215314335 0.00106038366752
-0.2 3.14159265359 0.145967215544
-0.2 3.35103216383 0.179881142898
-0.2 3.56047167407 0.173103376308
-0.2 3.76991118431 0.125493612664
-0.2 3.97935069455 0.282826102802
-0.2 4.18879020479 0.740706258384
-0.2 4.39822971503 0.964165343343
-0.2 4.60766922527 1.67056807476
-0.2 4.8171087355 1.70886987015
-0.2 5.02654824574 2.52709942967
-0.2 5.23598775598 2.38298451082
-0.2 5.44542726622 4.94521932238
-0.2 5.65486677646 4.11614671454
-0.2 5.8643062867 2.89262614421
-0.2 6.07374579694 2.99361434704

-0.133333333333 0 2.51341508757
-0.133333333333 0.209439510239 1.94735863904
-0.133333333333 0.418879020479 2.83707082222
-0.133333333333 0.628318530718 2.11391241845
-0.133333333333 0.837758040957 1.35436520313
-0.133333333333 1.0471975512 0.892769346907
-0.133333333333 1.25663706144 5.11763677979
-0.133333333333 1.46607657168 22.0212562885
-0.133333333333 1.67551608191 14.0733629277
-0.133333333333 1.88495559215 0.152767813576
-0.133333333333 2.09439510239 0.306605495661
-0.133333333333 2.30383461263 0.870953902645
-0.133333333333 2.51327412287 0.459969616267
-0.133333333333 2.72271363311 0.161599471972
-0.133333333333 2.93215314335 0.0013289136109
-0.133333333333 3.14159265359 0.137466599115
-0.133333333333 3.35103216383 0.191783838288
-0.133333333333 3.56047167407 0.183046872128
-0.133333333333 3.76991118431 0.137771970223
-0.133333333333 3.97935069455 0.295599117663
-0.133333333333 4.18879020479 0.719591566686
-0.133333333333 4.39822971503 0.90055155341
-0.133333333333 4.60766922527 1.69347736837
-0.133333333333 4.8171087355 1.65850805334
-0.133333333333 5.02654824574 2.59551078242
-0.133333333333 5.23598775598 2.35151610085
-0.133333333333 5.44542726622 4.98871999263
-0.133333333333 5.65486677646 4.05249915366
-0.133333333333 5.8643062867 2.87848331094
-0.133333333333 6.07374579694 2.99336183435

-0.0666666666667 0 2.52579148653
-0.0666666666667 0.209439510239 1.94416568453
-0.0666666666667 0.418879020479 2.91159716847
-0.0666666666667 0.628318530718 2.25114087922
-0.0666666666667 0.837758040957 1.43714125071
-0.0666666666667 1.0471975512 0.937973601975
-0.0666666666667 1.25663706144 4.57352093038
-0.0666666666667 1.46607657168 21.2396228494
-0.0666666666667 1.67551608191 14.8447604058
-0.0666666666667 1.88495559215 0.108451480335
-0.0666666666667 2.09439510239 0.336113303267
-0.0666666666667 2.30383461263 0.901421547797
-0.0666666666667 2.51327412287 0.45111954077
-0.0666666666667 2.72271363311 0.16199497684
-0.0666666666667 2.93215314335 0.00156744143097
-0.0666666666667 3.14159265359 0.131573035802
-0.0666666666667 3.35103216383 0.199677063883
-0.0666666666667 3.56047167407 0.192811252888
-0.0666666666667 3.76991118431 0.154011410971
-0.0666666666667 3.97935069455 0.322389896938
-0.0666666666667 4.18879020479 0.71130876584
-0.0666666666667 4.39822971503 0.830733688033
-0.0666666666667 4.60766922527 1.7084520869
-0.0666666666667 4.8171087355 1.62444924196
-0.0666666666667 5.02654824574 2.64071007662
-0.0666666666667 5.23598775598 2.31523218988
-0.0666666666667 5.44542726622 5.0164122528
-0.0666666666667 5.65486677646 4.00959164722
-0.0666666666667 5.8643062867 2.89349182064
-0.0666666666667 6.07374579694 2.98602366472

6.12323399574e-17 0 2.5519534512
6.12323399574e-17 0.209439510239 1.92675134879
6.12323399574e-17 0.418879020479 3.00230538351
6.12323399574e-17 0.628318530718 2.41612707677
6.12323399574e-17 0.837758040957 1.51733850056
6.12323399574e-17 1.0471975512 0.958699041002
6.12323399574e-17 1.25663706144 4.34544453478
6.12323399574e-17 1.46607657168 20.7224052923
6.12323399574e-17 1.67551608191 15.2651958857
6.12323399574e-17 1.88495559215 0.0757073779014
6.12323399574e-17 2.09439510239 0.375481663378
6.12323399574e-17 2.30383461263 0.928330810902
6.12323399574e-17 2.51327412287 0.442121215323
6.12323399574e-17 2.72271363311 0.159688123338
6.12323399574e-17 2.93215314335 0.00154572040353
6.12323399574e-17 3.14159265359 0.128303379111
6.12323399574e-17 3.35103216383 0.202079408268
6.12323399574e-17 3.56047167407 0.203591213758
6.12323399574e-17 3.76991118431 0.175872399005
6.12323399574e-17 3.97935069455 0.361139162368
6.12323399574e-17 4.18879020479 0.708669183282
6.12323399574e-17 4.39822971503 0.762597952244
6.12323399574e-17 4.60766922527 1.72367736146
6.12323399574e-17 4.8171087355 1.59793904474
6.12323399574e-17 5.02654824574 2.66511636128
6.12323399574e-17 5.23598775598 2.2749865018
6.12323399574e-17 5.44542726622 5.03220503977
6.12323399574e-17 5.65486677646 3.98890572171
6.12323399574e-17 5.8643062867 2.93719026973
6.12323399574e-17 6.07374579694 2.97018069405

0.0666666666667 0 2.59454529513
0.0666666666667 0.209439510239 1.89716670953
0.0666666666667 0.418879020479 3.09404497773
0.0666666666667 0.628318530718 2.59844561862
0.0666666666667 0.837758040957 1.59574413625
0.0666666666667 1.0471975512 0.951122015888
0.0666666666667 1.25663706144 4.39629088928
0.0666666666667 1.46607657168 20.4517116432
0.0666666666667 1.67551608191 15.3616005079
0.0666666666667 1.88495559215 0.0504873128795
0.0666666666667 2.09439510239 0.420147124535
0.0666666666667 2.30383461263 0.952663240633
0.0666666666667 2.51327412287 0.432605931119
0.0666666666667 2.72271363311 0.15440362355
0.0666666666667 2.93215314335 0.00138858363643
0.0666666666667 3.14159265359 0.127905539793
0.0666666666667 3.35103216383 0.197629353426
0.0666666666667 3.56047167407 0.215564822754
0.0666666666667 3.76991118431 0.204150314518
0.0666666666667 3.97935069455 0.407085637795
0.0666666666667 4.18879020479 0.699851456316
0.0666666666667 4.39822971503 0.699533927207
0.0666666666667 4.60766922527 1.74618438077
0.0666666666667 4.8171087355 1.57204978522
0.0666666666667 5.02654824574 2.67099157206
0.0666666666667 5.23598775598 2.23114190313
0.0666666666667 5.44542726622 5.03779722683
0.0666666666667 5.65486677646 3.99047435379
0.0666666666667 5.8643062867 3.01134519846
0.0666666666667 6.07374579694 2.94740268635

0.133333333333 0 2.65407469705
0.133333333333 0.209439510239 1.85481413817
0.133333333333 0.418879020479 3.16702204742
0.133333333333 0.628318530718 2.78610519631
0.133333333333 0.837758040957 1.66652687276
0.133333333333 1.0471975512 0.936643752718
0.133333333333 1.25663706144 4.75014644644
0.133333333333 1.46607657168 20.3490109932
0.133333333333 1.67551608191 15.1573413209
0.133333333333 1.88495559215 0.031234726257
0.133333333333 2.09439510239 0.466772248433
0.133333333333 2.30383461263 0.975322512694
0.133333333333 2.51327412287 0.422252569817
0.133333333333 2.72271363311 0.145834692467
0.133333333333 2.93215314335 0.00164280110832
0.133333333333 3.14159265359 0.130944228591
0.133333333333 3.35103216383 0.184938920753
0.133333333333 3.56047167407 0.226724267384
0.133333333333 3.76991118431 0.237050649028
0.133333333333 3.97935069455 0.451323384207
0.133333333333 4.18879020479 0.671606959803
0.133333333333 4.39822971503 0.646508820204
0.133333333333 4.60766922527 1.7787386716
0.133333333333 4.8171087355 1.54326709103
0.133333333333 5.02654824574 2.65976611685
0.133333333333 5.23598775598 2.18340750347
0.133333333333 5.44542726622 5.03297869047
0.133333333333 5.65486677646 4.0131434315
0.133333333333 5.8643062867 3.12008740582
0.133333333333 6.07374579694 2.92198123908

0.2 0 2.7302261702
0.2 0.209439510239 1.80019563609
0.2 0.418879020479 3.19787273692
0.2 0.628318530718 2.96261885727
0.2 0.837758040957 1.72764863181
0.2 1.0471975512 0.982855972032
0.2 1.25663706144 5.47469982692
0.2 1.46607657168 20.2648913334
0.2 1.67551608191 14.6815597493
0.2 1.88495559215 0.0188811842725
0.2 2.09439510239 0.512808674697
0.2 2.30383461263 0.997126417164
0.2 2.51327412287 0.41077921344
0.2 2.72271363311 0.133844675638
0.2 2.93215314335 0.00345040401819
0.2 3.14159265359 0.137958955508
0.2 3.35103216383 0.163329186211
0.2 3.56047167407 0.231745933044
0.2 3.76991118431 0.26788365077
0.2 3.97935069455 0.47927985468
0.2 4.18879020479 0.612428015252
0.2 4.39822971503 0.614523979294
0.2 4.60766922527 1.81748688943
0.2 4.8171087355 1.51230350937
0.2 5.02654824574 2.63180526304
0.2 5.23598775598 2.13079514962
0.2 5.44542726622 5.01579596548
0.2 5.65486677646 4.05451730938
0.2 5.8643062867 3.26973824409
0.2 6.07374579694 2.90130102879

0.266666666667 0 2.8247651349
0.266666666667 0.209439510239 1.73898355678
0.266666666667 0.418879020479 3.1643261129
0.266666666667 0.628318530718 3.11115476888
0.266666666667 0.837758040957 1.80650391186
0.266666666667 1.0471975512 1.24107353676
0.266666666667 1.25663706144 6.63267896849
0.266666666667 1.46607657168 19.9691451271
0.266666666667 1.67551608191 13.9849184928
0.266666666667 1.88495559215 0.0160355353633
0.266666666667 2.09439510239 0.555907022231
0.266666666667 2.30383461263 1.01883403763
0.266666666667 2.51327412287 0.397974044245
0.266666666667 2.72271363311 0.118860878699
0.266666666667 2.93215314335 0.00877414496554
0.266666666667 3.14159265359 0.14839870674
0.266666666667 3.35103216383 0.134954737658
0.266666666667 3.56047167407 0.221991231994
0.266666666667 3.76991118431 0.283748175235
0.266666666667 3.97935069455 0.47210159888
0.266666666667 4.18879020479 0.51872224053
0.266666666667 4.39822971503 0.622255430661
0.266666666667 4.60766922527 1.84983454145
0.266666666667 4.8171087355 1.48453809428
0.266666666667 5.02654824574 2.58659156233
0.266666666667 5.23598775598 2.07164203663
0.266666666667 5.44542726622 4.98259422121
0.266666666667 5.65486677646 4.11061303503
0.266666666667 5.8643062867 3.4681941137
0.266666666667 6.07374579694 2.89644813499

0.333333333333 0 2.94712510297
0.333333333333 0.209439510239 1.68622740647
0.333333333333 0.418879020479 3.05814137884
0.333333333333 0.628318530718 3.23610672758
0.333333333333 0.837758040957 2.00728213137
0.333333333333 1.0471975512 1.97161774245
0.333333333333 1.25663706144 8.1723724448
0.333333333333 1.46607657168 19.1784069912
0.333333333333 1.67551608191 13.1530538017
0.333333333333 1.88495559215 0.0256858930476
0.333333333333 2.09439510239 0.593229545973
0.333333333333 2.30383461263 1.04122986942
0.333333333333 2.51327412287 0.383769951987
0.333333333333 2.72271363311 0.102611354565
0.333333333333 2.93215314335 0.0204637447653
0.333333333333 3.14159265359 0.1586228554
0.333333333333 3.35103216383 0.108159342642
0.333333333333 3.56047167407 0.189170451716
0.333333333333 3.76991118431 0.26878708262
0.333333333333 3.97935069455 0.414773926741
0.333333333333 4.18879020479 0.404797603712
0.333333333333 4.39822971503 0.692223908526
0.333333333333 4.60766922527 1.85372506048
0.333333333333 4.8171087355 1.46979330174
0.333333333333 5.02654824574 2.52331870653
0.333333333333 5.23598775598 2.00369250734
0.333333333333 5.44542726622 4.92795214971
0.333333333333 5.65486677646 4.17522960247
0.333333333333 5.8643062867 3.72351784086
0.333333333333 6.07374579694 2.92238480163

0.4 0 3.12319375686
0.4 0.209439510239 1.67047018348
0.4 0.418879020479 2.90356208561
0.4 0.628318530718 3.40254587409
0.4 0.837758040957 2.560193659
0.4 1.0471975512 3.47994007289
0.4 1.25663706144 9.75819100735
0.4 1.46607657168 17.680440233
0.4 1.67551608191 12.2972258626
0.4 1.88495559215 0.0504812746391
0.4 2.09439510239 0.62075584074
0.4 2.30383461263 1.06531519354
0.4 2.51327412287 0.36836372289
0.4 2.72271363311 0.089442030241
0.4 2.93215314335 0.0415823455071
0.4 3.14159265359 0.159777666892
0.4 3.35103216383 0.0991662589321
0.4 3.56047167407 0.134992453191
0.4 3.76991118431 0.215717293098
0.4 3.97935069455 0.312380248456
0.4 4.18879020479 0.311734600972
0.4 4.39822971503 0.837703228258
0.4 4.60766922527 1.80159329408
0.4 4.8171087355 1.48045984129
0.4 5.02654824574 2.44187739772
0.4 5.23598775598 1.92427372848
0.4 5.44542726622 4.84453304956
0.4 5.65486677646 4.23902989574
0.4 5.8643062867 4.04114381987
0.4 6.07374579694 2.99672128365

0.466666666667 0 3.40400508832
0.466666666667 0.209439510239 1.74056404472
0.466666666667 0.418879020479 2.76235287734
0.466666666667 0.628318530718 3.75394398232
0.466666666667 0.837758040957 3.78051724866
0.466666666667 1.0471975512 5.84477168957
0.466666666667 1.25663706144 10.6701045357
0.466666666667 1.46607657168 15.5865189791
0.466666666667 1.67551608191 11.4873161283
0.466666666667 1.88495559215 0.0952138901916
0.466666666667 2.09439510239 0.632758794438
0.466666666667 2.30383461263 1.09269959594
0.466666666667 2.51327412287 0.35238015825
0.466666666667 2.72271363311 0.0885377513858
0.466666666667 2.93215314335 0.0727802655976
0.466666666667 3.14159265359 0.139429020083
0.466666666667 3.35103216383 0.123998080339
0.466666666667 3.56047167407 0.0826580062447
0.466666666667 3.76991118431 0.142437637914
0.466666666667 3.97935069455 0.206125298533
0.466666666667 4.18879020479 0.301515575293
0.466666666667 4.39822971503 1.04017852261
0.466666666667 4.60766922527 1.67322116793
0.466666666667 4.8171087355 1.52670082912
0.466666666667 5.02654824574 2.34404685005
0.466666666667 5.23598775598 1.83064749174
0.466666666667 5.44542726622 4.72288726259
0.466666666667 5.65486677646 4.28833866551
0.466666666667 5.8643062867 4.41885809239
0.466666666667 6.07374579694 3.13607672897

0.533333333333 0 3.86025235877
0.533333333333 0.209439510239 1.9870543646
0.533333333333 0.418879020479 2.69678952634
0.533333333333 0.628318530718 4.39718506191
0.533333333333 0.837758040957 5.75142834753
0.533333333333 1.0471975512 8.42261474092
0.533333333333 1.25663706144 10.0980418261
0.533333333333 1.46607657168 13.5560209162
0.533333333333 1.67551608191 10.6015419385
0.533333333333 1.88495559215 0.176825047466
0.533333333333 2.09439510239 0.621787287485
0.533333333333 2.30383461263 1.12631326835
0.533333333333 2.51327412287 0.337105715358
0.533333333333 2.72271363311 0.117214268278
0.533333333333 2.93215314335 0.106232947903
0.533333333333 3.14159265359 0.0952711133778
0.533333333333 3.35103216383 0.173087546487
0.533333333333 3.56047167407 0.0723115515052
0.533333333333 3.76991118431 0.095746714968
0.533333333333 3.97935069455 0.166219241165
0.533333333333 4.18879020479 0.420069319602
0.533333333333 4.39822971503 1.23134002004
0.533333333333 4.60766922527 1.47752742402
0.533333333333 4.8171087355 1.60870430929
0.533333333333 5.02654824574 2.23420892006
0.533333333333 5.23598775598 1.72065933987
0.533333333333 5.44542726622 4.55126556771
0.533333333333 5.65486677646 4.30370449902
0.533333333333 5.8643062867 4.83858870402
0.533333333333 6.07374579694 3.34993514054

0.6 0 4.52975121393
0.6 0.209439510239 2.59203206932
0.6 0.418879020479 2.72092879503
0.6 0.628318530718 5.07565023682
0.6 0.837758040957 7.67706893355
0.6 1.0471975512 9.60747246758
0.6 1.25663706144 8.02997213136
0.6 1.46607657168 12.4820988904
0.6 1.67551608191 9.17506992489
0.6 1.88495559215 0.343962038256
0.6 2.09439510239 0.579755847015
0.6 2.30383461263 1.17139968455
0.6 2.51327412287 0.325011018893
0.6 2.72271363311 0.203898600477
0.6 2.93215314335 0.118238134938
0.6 3.14159265359 0.0641446683139
0.6 3.35103216383 0.194067419994
0.6 3.56047167407 0.12113021138
0.6 3.76991118431 0.12120219172
0.6 3.97935069455 0.242654986739
0.6 4.18879020479 0.638507777735
0.6 4.39822971503 1.31425048153
0.6 4.60766922527 1.26923649
0.6 4.8171087355 1.71039988836
0.6 5.02654824574 2.11790501627
0.6 5.23598775598 1.59383561083
0.6 5.44542726622 4.31555404316
0.6 5.65486677646 4.25836959274
0.6 5.8643062867 5.25431291897
0.6 6.07374579694 3.63461247078

0.666666666667 0 5.28105619814
0.666666666667 0.209439510239 3.84368520664
0.666666666667 0.418879020479 2.94644229572
0.666666666667 0.628318530718 5.04637473841
0.666666666667 0.837758040957 7.75567267659
0.666666666667 1.0471975512 7.95745558265
0.666666666667 1.25663706144 5.92803008747
0.666666666667 1.46607657168 12.1834639528
0.666666666667 1.67551608191 6.61483906267
0.666666666667 1.88495559215 0.688489672616
0.666666666667 2.09439510239 0.501212323629
0.666666666667 2.30383461263 1.23561516474
0.666666666667 2.51327412287 0.321691445602
0.666666666667 2.72271363311 0.382479297487
0.666666666667 2.93215314335 0.0795997447767
0.666666666667 3.14159265359 0.124379836788
0.666666666667 3.35103216383 0.168556784508
0.666666666667 3.56047167407 0.189243151434
0.666666666667 3.76991118431 0.221257497114
0.666666666667 3.97935069455 0.412215781822
0.666666666667 4.18879020479 0.845852182883
0.666666666667 4.39822971503 1.24470734391
0.666666666667 4.60766922527 1.12867429845
0.666666666667 4.8171087355 1.80648220075
0.666666666667 5.02654824574 1.99521629608
0.666666666667 5.23598775598 1.45305521612
0.666666666667 5.44542726622 3.99953285968
0.666666666667 5.65486677646 4.11699953581
0.666666666667 5.8643062867 5.57664282032
0.666666666667 6.07374579694 3.97362967148

0.733333333333 0 5.65742714134
0.733333333333 0.209439510239 5.77190257388
0.733333333333 0.418879020479 4.03526981118
0.733333333333 0.628318530718 4.29769185604
0.733333333333 0.837758040957 5.41531304485
0.733333333333 1.0471975512 4.76808629959
0.733333333333 1.25663706144 5.54144442048
0.733333333333 1.46607657168 10.3566965376
0.733333333333 1.67551608191 3.2403963157
0.733333333333 1.88495559215 1.27153769235
0.733333333333 2.09439510239 0.390554150136
0.733333333333 2.30383461263 1.32265150009
0.733333333333 2.51327412287 0.343287125091
0.733333333333 2.72271363311 0.651036224908
0.733333333333 2.93215314335 0.0338258029551
0.733333333333 3.14159265359 0.262533273057
0.733333333333 3.35103216383 0.245889202728
0.733333333333 3.56047167407 0.28567514337
0.733333333333 3.76991118431 0.388260650614
0.733333333333 3.97935069455 0.621418349914
0.733333333333 4.18879020479 0.958920092919
0.733333333333 4.39822971503 1.08727395013
0.733333333333 4.60766922527 1.09508515357
0.733333333333 4.8171087355 1.89358779737
0.733333333333 5.02654824574 1.8459464422
0.733333333333 5.23598775598 1.30677878758
0.733333333333 5.44542726622 3.58585352879
0.733333333333 5.65486677646 3.83546224013
0.733333333333 5.8643062867 5.6577830093
0.733333333333 6.07374579694 4.34725047808

0.8 0 5.08133874067
0.8 0.209439510239 7.00632312629
0.8 0.418879020479 6.46762800305
0.8 0.628318530718 5.1460639546
0.8 0.837758040957 4.36963315572
0.8 1.0471975512 4.16127134221
0.8 1.25663706144 5.80331781697
0.8 1.46607657168 5.45117302664
0.8 1.67551608191 1.13788554658
0.8 1.88495559215 1.84386191519
0.8 2.09439510239 0.274292110518
0.8 2.30383461263 1.40520390089
0.8 2.51327412287 0.436336864409
0.8 2.72271363311 0.868792130987
0.8 2.93215314335 0.219901070565
0.8 3.14159265359 0.251065964732
0.8 3.35103216383 0.454892291871
0.8 3.56047167407 0.518268177401
0.8 3.76991118431 0.640389681974
0.8 3.97935069455 0.816290031435
0.8 4.18879020479 0.93585070321
0.8 4.39822971503 0.903254860202
0.8 4.60766922527 1.17526231923
0.8 4.8171087355 2.00772362193
0.8 5.02654824574 1.61146318844
0.8 5.23598775598 1.17134562437
0.8 5.44542726622 3.05851366925
0.8 5.65486677646 3.36344806887
0.8 5.8643062867 5.28719711871
0.8 6.07374579694 4.71491649674

0.866666666667 0 3.94533765131
0.866666666667 0.209439510239 5.02333116668
0.866666666667 0.418879020479 6.44891865941
0.866666666667 0.628318530718 6.48416871485
0.866666666667 0.837758040957 5.62210268163
0.866666666667 1.0471975512 4.57274843079
0.866666666667 1.25663706144 3.16966358533
0.866666666667 1.46607657168 1.35899220161
0.866666666667 1.67551608191 1.68257624945
0.866666666667 1.88495559215 1.67097866125
0.866666666667 2.09439510239 0.210099945109
0.866666666667 2.30383461263 1.38408022206
0.866666666667 2.51327412287 0.684488240476
0.866666666667 2.72271363311 0.782950813777
0.866666666667 2.93215314335 0.766519708333
0.866666666667 3.14159265359 0.31093904205
0.866666666667 3.35103216383 0.348831272059
0.866666666667 3.56047167407 0.490519985767
0.866666666667 3.76991118431 0.590169968173
0.866666666667 3.97935069455 0.640467920479
0.866666666667 4.18879020479 0.661571755415
0.866666666667 4.39822971503 0.872583539902
0.866666666667 4.60766922527 1.56361532875
0.866666666667 4.8171087355 2.05200472731
0.866666666667 5.02654824574 1.21315426461
0.866666666667 5.23598775598 1.07138356708
0.866666666667 5.44542726622 2.40851919035
0.866666666667 5.65486677646 2.65459334757
0.866666666667 5.8643062867 4.22437530678
0.866666666667 6.07374579694 4.81120075304

0.933333333333 0 3.6256761241
0.933333333333 0.209439510239 2.8519749624
0.933333333333 0.418879020479 2.27071630732
0.933333333333 0.628318530718 1.96131127833
0.933333333333 0.837758040957 1.58702483405
0.933333333333 1.0471975512 1.19740981771
0.933333333333 1.25663706144 1.23368749087
0.933333333333 1.46607657168 1.80357350088
0.933333333333 1.67551608191 1.79327779613
0.933333333333 1.88495559215 0.584342975828
0.933333333333 2.09439510239 0.279329465741
0.933333333333 2.30383461263 1.16261840906
0.933333333333 2.51327412287 1.04997705608
0.933333333333 2.72271363311 0.665027868776
0.933333333333 2.93215314335 0.884328039905
0.933333333333 3.14159265359 1.03008649038
0.933333333333 3.35103216383 0.938032452411
0.933333333333 3.56047167407 0.843786484044
0.933333333333 3.76991118431 0.857058172272
0.933333333333 3.97935069455 1.01380031482
0.933333333333 4.18879020479 1.34055777103
0.933333333333 4.39822971503 1.75549275802
0.933333333333 4.60766922527 1.89935684878
0.933333333333 4.8171087355 1.39580814324
0.933333333333 5.02654824574 0.753593502288
0.933333333333 5.23598775598 1.02945021753
0.933333333333 5.44542726622 1.64710022652
0.933333333333 5.65486677646 1.70110959484
0.933333333333 5.8643062867 2.3588302621
0.933333333333 6.07374579694 3.53849595471

