-1 0 0.165930957248
-1 0.209439510239 0.165930957248
-1 0.418879020479 0.165930957248
-1 0.628318530718 0.165930957248
-1 0.837758040957 0.165930957248
-1 1.0471975512 0.165930957248
-1 1.25663706144 0.165930957248
-1 1.46607657168 0.165930957248
-1 1.67551608191 0.165930957248
-1 1.88495559215 0.165930957248
-1 2.09439510239 0.165930957248
-1 2.30383461263 0.165930957248
-1 2.51327412287 0.165930957248
-1 2.72271363311 0.165930957248
-1 2.93215314335 0.165930957248
-1 3.14159265359 0.165930957248
-1 3.35103216383 0.165930957248
-1 3.56047167407 0.165930957248
-1 3.76991118431 0.165930957248
-1 3.97935069455 0.165930957248
-1 4.18879020479 0.165930957248
-1 4.39822971503 0.165930957248
-1 4.60766922527 0.165930957248
-1 4.8171087355 0.165930957248
-1 5.02654824574 0.165930957248
-1 5.23598775598 0.165930957248
-1 5.44542726622 0.165930957248
-1 5.65486677646 0.165930957248
-1 5.8643062867 0.165930957248
-1 6.07374579694 0.165930957248

-0.933333333333 0 0.769713834588
-0.933333333333 0.209439510239 0.681205776396
-0.933333333333 0.418879020479 0.650080786634
-0.933333333333 0.628318530718 0.633174137926
-0.933333333333 0.837758040957 0.531265922021
-0.933333333333 1.0471975512 0.339486909408
-0.933333333333 1.25663706144 0.156964773934
-0.933333333333 1.46607657168 0.124520741507
-0.933333333333 1.67551608191 0.25546247541
-0.933333333333 1.88495559215 0.314920186773
-0.933333333333 2.09439510239 0.166149734401
-0.933333333333 2.30383461263 0.0489132817474
-0.933333333333 2.51327412287 0.0553712674876
-0.933333333333 2.72271363311 0.0615199236336
-0.933333333333 2.93215314335 0.0699180679302
-0.933333333333 3.14159265359 0.10146355642
-0.933333333333 3.35103216383 0.141971649329
-0.933333333333 3.56047167407 0.183748611145
-0.933333333333 3.76991118431 0.223639681995
-0.933333333333 3.97935069455 0.260597520792
-0.933333333333 4.18879020479 0.281746594359
-0.933333333333 4.39822971503 0.251758478567
-0.933333333333 4.60766922527 0.194672911646
-0.933333333333 4.8171087355 0.306056206791
-0.933333333333 5.02654824574 0.599234674495
-0.933333333333 5.23598775598 0.631930549905
-0.933333333333 5.44542726622 0.490709932158
-0.933333333333 5.65486677646 0.648114571015
-0.933333333333 5.8643062867 0.808128364112
-0.933333333333 6.07374579694 0.823529998622

-0.866666666667 0 1.20414166395
-0.866666666667 0.209439510239 1.58143401501
-0.866666666667 0.418879020479 1.83306661753
-0.866666666667 0.628318530718 1.71565132347
-0.866666666667 0.837758040957 1.45951579876
-0.866666666667 1.0471975512 1.16884817357
-0.866666666667 1.25663706144 0.81581218304
-0.866666666667 1.46607657168 0.393242202775
-0.866666666667 1.67551608191 0.0996552293608
-0.866666666667 1.88495559215 0.186152812983
-0.866666666667 2.09439510239 0.196033556375
-0.866666666667 2.30383461263 0.0620829770276
-0.866666666667 2.51327412287 0.084786380842
-0.866666666667 2.72271363311 0.0829652490129
-0.866666666667 2.93215314335 0.0889893175627
-0.866666666667 3.14159265359 0.10111967518
-0.866666666667 3.35103216383 0.131567522789
-0.866666666667 3.56047167407 0.148599004112
-0.866666666667 3.76991118431 0.14099191283
-0.866666666667 3.97935069455 0.129704280984
-0.866666666667 4.18879020479 0.174165585141
-0.866666666667 4.39822971503 0.37237006215
-0.866666666667 4.60766922527 0.544043099108
-0.866666666667 4.8171087355 0.244189636166
-0.866666666667 5.02654824574 0.465951858522
-0.866666666667 5.23598775598 1.17369864516
-0.866666666667 5.44542726622 0.657342668628
-0.866666666667 5.65486677646 0.885366506137
-0.866666666667 5.8643062867 1.18962030877
-0.866666666667 6.07374579694 1.11376574689

-0.8 0 1.43042196204
-0.8 0.209439510239 1.85867247988
-0.8 0.418879020479 1.61848631067
-0.8 0.628318530718 1.32939657521
-0.8 0.837758040957 1.2098994343
-0.8 1.0471975512 1.05198363337
-0.8 1.25663706144 0.756875119654
-0.8 1.46607657168 0.490786622249
-0.8 1.67551608191 0.24641705313
-0.8 1.88495559215 0.0899204683991
-0.8 2.09439510239 0.166580611563
-0.8 2.30383461263 0.0741456179417
-0.8 2.51327412287 0.105320389555
-0.8 2.72271363311 0.100543644067
-0.8 2.93215314335 0.0787037379713
-0.8 3.14159265359 0.0926778438825
-0.8 3.35103216383 0.149483907629
-0.8 3.56047167407 0.183045357663
-0.8 3.76991118431 0.185420864045
-0.8 3.97935069455 0.186147381723
-0.8 4.18879020479 0.139733096092
-0.8 4.39822971503 0.0610927239061
-0.8 4.60766922527 0.431825406782
-0.8 4.8171087355 0.670691339595
-0.8 5.02654824574 0.210449740925
-0.8 5.23598775598 1.27534290435
-0.8 5.44542726622 0.822226054707
-0.8 5.65486677646 1.00943069434
-0.8 5.8643062867 1.31422718709
-0.8 6.07374579694 1.09024116507

-0.733333333333 0 1.42008444232
-0.733333333333 0.209439510239 1.66309248185
-0.733333333333 0.418879020479 1.42437814702
-0.733333333333 0.628318530718 1.4538517645
-0.733333333333 0.837758040957 1.44125325239
-0.733333333333 1.0471975512 1.36295637669
-0.733333333333 1.25663706144 1.01407130494
-0.733333333333 1.46607657168 0.428710268241
-0.733333333333 1.67551608191 0.259244686748
-0.733333333333 1.88495559215 0.0935183988928
-0.733333333333 2.09439510239 0.118139602931
-0.733333333333 2.30383461263 0.0793834511077
-0.733333333333 2.51327412287 0.114706375367
-0.733333333333 2.72271363311 0.115119539922
-0.733333333333 2.93215314335 0.0697687808015
-0.733333333333 3.14159265359 0.113303547306
-0.733333333333 3.35103216383 0.190710940952
-0.733333333333 3.56047167407 0.190225314891
-0.733333333333 3.76991118431 0.165784370107
-0.733333333333 3.97935069455 0.231134532649
-0.733333333333 4.18879020479 0.348347954965
-0.733333333333 4.39822971503 0.252297572543
-0.733333333333 4.60766922527 0.0884158548086
-0.733333333333 4.8171087355 0.733981315234
-0.733333333333 5.02654824574 0.316809480055
-0.733333333333 5.23598775598 1.02536353323
-0.733333333333 5.44542726622 0.963969663727
-0.733333333333 5.65486677646 1.03756979352
-0.733333333333 5.8643062867 1.22357170286
-0.733333333333 6.07374579694 0.869958617949

-0.666666666667 0 1.3908674859
-0.666666666667 0.209439510239 1.55657321268
-0.666666666667 0.418879020479 1.74118733089
-0.666666666667 0.628318530718 1.80428810718
-0.666666666667 0.837758040957 1.47885406956
-0.666666666667 1.0471975512 1.36380609795
-0.666666666667 1.25663706144 1.31294543554
-0.666666666667 1.46607657168 0.648889360515
-0.666666666667 1.67551608191 0.176111046855
-0.666666666667 1.88495559215 0.128609315378
-0.666666666667 2.09439510239 0.0737872963931
-0.666666666667 2.30383461263 0.0788554963881
-0.666666666667 2.51327412287 0.116398755928
-0.666666666667 2.72271363311 0.1283126409
-0.666666666667 2.93215314335 0.0716537420796
-0.666666666667 3.14159265359 0.133520392413
-0.666666666667 3.35103216383 0.194741121701
-0.666666666667 3.56047167407 0.119773362497
-0.666666666667 3.76991118431 0.104303052129
-0.666666666667 3.97935069455 0.184118785557
-0.666666666667 4.18879020479 0.310762979873
-0.666666666667 4.39822971503 0.475319751395
-0.666666666667 4.60766922527 0.148185607639
-0.666666666667 4.8171087355 0.485600455631
-0.666666666667 5.02654824574 0.518297325047
-0.666666666667 5.23598775598 0.74567534458
-0.666666666667 5.44542726622 1.0697242335
-0.666666666667 5.65486677646 1.02248949607
-0.666666666667 5.8643062867 1.06542509963
-0.666666666667 6.07374579694 0.66920462102

-0.6 0 1.41160595535
-0.6 0.209439510239 1.59391102762
-0.6 0.418879020479 2.29479427178
-0.6 0.628318530718 2.18364099199
-0.6 0.837758040957 1.43895417597
-0.6 1.0471975512 1.08667904998
-0.6 1.25663706144 1.22553622115
-0.6 1.46607657168 0.931466895401
-0.6 1.67551608191 0.153741171971
-0.6 1.88495559215 0.15023946943
-0.6 2.09439510239 0.0412445158931
-0.6 2.30383461263 0.0744970577793
-0.6 2.51327412287 0.113580300062
-0.6 2.72271363311 0.140717781566
-0.6 2.93215314335 0.0785619524436
-0.6 3.14159265359 0.142425056721
-0.6 3.35103216383 0.171486998216
-0.6 3.56047167407 0.0781968195962
-0.6 3.76991118431 0.169065897393
-0.6 3.97935069455 0.271163163229
-0.6 4.18879020479 0.235154209563
-0.6 4.39822971503 0.391413710112
-0.6 4.60766922527 0.340910269151
-0.6 4.8171087355 0.31949913056
-0.6 5.02654824574 0.601117368343
-0.6 5.23598775598 0.577745863386
-0.6 5.44542726622 1.14365557847
-0.6 5.65486677646 1.00102884378
-0.6 5.8643062867 0.912087280397
-0.6 6.07374579694 0.564644266585

-0.533333333333 0 1.45983653692
-0.533333333333 0.209439510239 1.70280045155
-0.533333333333 0.418879020479 2.90732056318
-0.533333333333 0.628318530718 2.70285720436
-0.533333333333 0.837758040957 1.63792134999
-0.533333333333 1.0471975512 0.961792033902
-0.533333333333 1.25663706144 0.977924778631
-0.533333333333 1.46607657168 1.04453776581
-0.533333333333 1.67551608191 0.225388286117
-0.533333333333 1.88495559215 0.150783879885
-0.533333333333 2.09439510239 0.0207135014564
-0.533333333333 2.30383461263 0.0679830275648
-0.533333333333 2.51327412287 0.108449900441
-0.533333333333 2.72271363311 0.152194231016
-0.533333333333 2.93215314335 0.0843543996825
-0.533333333333 3.14159265359 0.146526051365
-0.533333333333 3.35103216383 0.145205420329
-0.533333333333 3.56047167407 0.0950212124694
-0.533333333333 3.76991118431 0.292788198962
-0.533333333333 3.97935069455 0.418517572667
-0.533333333333 4.18879020479 0.284238558137
-0.533333333333 4.39822971503 0.212551761225
-0.533333333333 4.60766922527 0.383422959275
-0.533333333333 4.8171087355 0.317756061404
-0.533333333333 5.02654824574 0.565343207575
-0.533333333333 5.23598775598 0.52462648696
-0.533333333333 5.44542726622 1.19353300876
-0.533333333333 5.65486677646 0.986175259244
-0.533333333333 5.8643062867 0.781408794424
-0.533333333333 6.07374579694 0.554567859001

-0.466666666667 0 1.50718408813
-0.466666666667 0.209439510239 1.82071697418
-0.466666666667 0.418879020479 3.43548852991
-0.466666666667 0.628318530718 3.33575745291
-0.466666666667 0.837758040957 2.05361936922
-0.466666666667 1.0471975512 1.04578220781
-0.466666666667 1.25663706144 0.835026260051
-0.466666666667 1.46607657168 0.99433152309
-0.466666666667 1.67551608191 0.342808764347
-0.466666666667 1.88495559215 0.139006908694
-0.466666666667 2.09439510239 0.00973158456559
-0.466666666667 2.30383461263 0.0605394087306
-0.466666666667 2.51327412287 0.102385551305
-0.466666666667 2.72271363311 0.162452187033
-0.466666666667 2.93215314335 0.0869177511395
-0.466666666667 3.14159265359 0.152072006531
-0.466666666667 3.35103216383 0.124337284431
-0.466666666667 3.56047167407 0.133330983477
-0.466666666667 3.76991118431 0.367752352638
-0.466666666667 3.97935069455 0.483636111946
-0.466666666667 4.18879020479 0.368705821892
-0.466666666667 4.39822971503 0.12935140337
-0.466666666667 4.60766922527 0.296914519436
-0.466666666667 4.8171087355 0.38442966717
-0.466666666667 5.02654824574 0.481632991901
-0.466666666667 5.23598775598 0.547947294154
-0.466666666667 5.44542726622 1.22566730328
-0.466666666667 5.65486677646 0.978737788458
-0.466666666667 5.8643062867 0.675969575706
-0.466666666667 6.07374579694 0.612237818947

-0.4 0 1.53812209737
-0.4 0.209439510239 1.90913301218
-0.4 0.418879020479 3.77860948371
-0.4 0.628318530718 3.9830467792
-0.4 0.837758040957 2.57702794066
-0.4 1.0471975512 1.20793609683
-0.4 1.25663706144 0.841430894847
-0.4 1.46607657168 0.887529165448
-0.4 1.67551608191 0.453516300124
-0.4 1.88495559215 0.124815126227
-0.4 2.09439510239 0.00542799113103
-0.4 2.30383461263 0.0529862099886
-0.4 2.51327412287 0.0962113178988
-0.4 2.72271363311 0.171396092202
-0.4 2.93215314335 0.0869341919595
-0.4 3.14159265359 0.16032445322
-0.4 3.35103216383 0.107631684672
-0.4 3.56047167407 0.163439498906
-0.4 3.76991118431 0.37627638913
-0.4 3.97935069455 0.44727460526
-0.4 4.18879020479 0.390369124191
-0.4 4.39822971503 0.139398722201
-0.4 4.60766922527 0.193410431592
-0.4 4.8171087355 0.43582567445
-0.4 5.02654824574 0.404607732947
-0.4 5.23598775598 0.610112611338
-0.4 5.44542726622 1.24453707387
-0.4 5.65486677646 0.975532784349
-0.4 5.8643062867 0.595269969032
-0.4 6.07374579694 0.705089780838

-0.333333333333 0 1.54870590618
-0.333333333333 0.209439510239 1.94803776828
-0.333333333333 0.418879020479 3.91167629334
-0.333333333333 0.628318530718 4.53590701093
-0.333333333333 0.837758040957 3.14036333056
-0.333333333333 1.0471975512 1.36596406747
-0.333333333333 1.25663706144 0.924754356138
-0.333333333333 1.46607657168 0.804139345881
-0.333333333333 1.67551608191 0.531816862711
-0.333333333333 1.88495559215 0.113973538728
-0.333333333333 2.09439510239 0.00536089921482
-0.333333333333 2.30383461263 0.0458285111807
-0.333333333333 2.51327412287 0.0904147583836
-0.333333333333 2.72271363311 0.179201512567
-0.333333333333 2.93215314335 0.0858131440559
-0.333333333333 3.14159265359 0.169791859409
-0.333333333333 3.35103216383 0.0932497167151
-0.333333333333 3.56047167407 0.180594924517
-0.333333333333 3.76991118431 0.352215863191
-0.333333333333 3.97935069455 0.363519274774
-0.333333333333 4.18879020479 0.341694555014
-0.333333333333 4.39822971503 0.173016935181
-0.333333333333 4.60766922527 0.132100864804
-0.333333333333 4.8171087355 0.444768637725
-0.333333333333 5.02654824574 0.357061476834
-0.333333333333 5.23598775598 0.684670070147
-0.333333333333 5.44542726622 1.25334390696
-0.333333333333 5.65486677646 0.972833547649
-0.333333333333 5.8643062867 0.537539622797
-0.333333333333 6.07374579694 0.804834251726

-0.266666666667 0 1.54212354897
-0.266666666667 0.209439510239 1.93166522016
-0.266666666667 0.418879020479 3.85831970125
-0.266666666667 0.628318530718 4.89749727553
-0.266666666667 0.837758040957 3.68668688575
-0.266666666667 1.0471975512 1.50880145224
-0.266666666667 1.25663706144 1.01480730694
-0.266666666667 1.46607657168 0.769586817754
-0.266666666667 1.67551608191 0.575929710517
-0.266666666667 1.88495559215 0.108195155153
-0.266666666667 2.09439510239 0.0077089672169
-0.266666666667 2.30383461263 0.0393449084844
-0.266666666667 2.51327412287 0.0852983179975
-0.266666666667 2.72271363311 0.186253002739
-0.266666666667 2.93215314335 0.0845267604245
-0.266666666667 3.14159265359 0.178796632484
-0.266666666667 3.35103216383 0.0810500285288
-0.266666666667 3.56047167407 0.190996051198
-0.266666666667 3.76991118431 0.327033093048
-0.266666666667 3.97935069455 0.28241664267
-0.266666666667 4.18879020479 0.262020592952
-0.266666666667 4.39822971503 0.188747655639
-0.266666666667 4.60766922527 0.116348896733
-0.266666666667 4.8171087355 0.418981548342
-0.266666666667 5.02654824574 0.340044644781
-0.266666666667 5.23598775598 0.755851258045
-0.266666666667 5.44542726622 1.25448834949
-0.266666666667 5.65486677646 0.96749579481
-0.266666666667 5.8643062867 0.500181772166
-0.266666666667 6.07374579694 0.891550286254

-0.2 0 1.52419906416
-0.2 0.209439510239 1.86266091626
-0.2 0.418879020479 3.66216203582
-0.2 0.628318530718 5.00406497112
-0.2 0.837758040957 4.13998690219
-0.2 1.0471975512 1.64452695385
-0.2 1.25663706144 1.0802712713
-0.2 1.46607657168 0.774822903532
-0.2 1.67551608191 0.595555491683
-0.2 1.88495559215 0.106792728701
-0.2 2.09439510239 0.0112153303464
-0.2 2.30383461263 0.0336602107514
-0.2 2.51327412287 0.0810794928896
-0.2 2.72271363311 0.193040619932
-0.2 2.93215314335 0.0833314776609
-0.2 3.14159265359 0.186565540923
-0.2 3.35103216383 0.0715036246855
-0.2 3.56047167407 0.199664842443
-0.2 3.76991118431 0.312776693587
-0.2 3.97935069455 0.224698740454
-0.2 4.18879020479 0.187212606701
-0.2 4.39822971503 0.181716464821
-0.2 4.60766922527 0.128432032282
-0.2 4.8171087355 0.375988106051
-0.2 5.02654824574 0.344963147698
-0.2 5.23598775598 0.815630042268
-0.2 5.44542726622 1.2498553885
-0.2 5.65486677646 0.957198171828
-0.2 5.8643062867 0.480472494588
-0.2 6.07374579694 0.95332835212

-0.133333333333 0 1.50058398098
-0.133333333333 0.209439510239 1.7467282951
-0.133333333333 0.418879020479 3.37086147791
-0.133333333333 0.628318530718 4.84003587167
-0.133333333333 0.837758040957 4.41732798277
-0.133333333333 1.0471975512 1.76943719189
-0.133333333333 1.25663706144 1.11818612904
-0.133333333333 1.46607657168 0.800334226371
-0.133333333333 1.67551608191 0.602269067587
-0.133333333333 1.88495559215 0.10817597047
-0.133333333333 2.09439510239 0.0150630896974
-0.133333333333 2.30383461263 0.0288026733815
-0.133333333333 2.51327412287 0.0779562550187
-0.133333333333 2.72271363311 0.200056551051
-0.133333333333 2.93215314335 0.081924913186
-0.133333333333 3.14159265359 0.193188108299
-0.133333333333 3.35103216383 0.0646442602672
-0.133333333333 3.56047167407 0.207149932339
-0.133333333333 3.76991118431 0.307438982619
-0.133333333333 3.97935069455 0.190020695185
-0.133333333333 4.18879020479 0.133643220578
-0.133333333333 4.39822971503 0.162435550723
-0.133333333333 4.60766922527 0.151372021543
-0.133333333333 4.8171087355 0.330540012141
-0.133333333333 5.02654824574 0.361234899516
-0.133333333333 5.23598775598 0.860879509654
-0.133333333333 5.44542726622 1.24096947891
-0.133333333333 5.65486677646 0.940397439793
-0.133333333333 5.8643062867 0.476311217833
-0.133333333333 6.07374579694 0.984062211574

-0.0666666666667 0 1.47555414107
-0.0666666666667 0.209439510239 1.59003938161
-0.0666666666667 0.418879020479 3.0261341435
-0.0666666666667 0.628318530718 4.4363741646
-0.0666666666667 0.837758040957 4.45633663692
-0.0666666666667 1.0471975512 1.86687701912
-0.0666666666667 1.25663706144 1.13589382084
-0.0666666666667 1.46607657168 0.829693799442
-0.0666666666667 1.67551608191 0.605014855182
-0.0666666666667 1.88495559215 0.110762895797
-0.0666666666667 2.09439510239 0.0187527192899
-0.0666666666667 2.30383461263 0.0247485563227
-0.0666666666667 2.51327412287 0.0761506443318
-0.0666666666667 2.72271363311 0.207696433975
-0.0666666666667 2.93215314335 0.079719866201
-0.0666666666667 3.14159265359 0.199128187166
-0.0666666666667 3.35103216383 0.0599549885275
-0.0666666666667 3.56047167407 0.210739949694
-0.0666666666667 3.76991118431 0.304173425748
-0.0666666666667 3.97935069455 0.171156915645
-0.0666666666667 4.18879020479 0.102951643748
-0.0666666666667 4.39822971503 0.141735607053
-0.0666666666667 4.60766922527 0.175024855947
-0.0666666666667 4.8171087355 0.291629013496
-0.0666666666667 5.02654824574 0.379771777521
-0.0666666666667 5.23598775598 0.89122587099
-0.0666666666667 5.44542726622 1.22907468003
-0.0666666666667 5.65486677646 0.916221270722
-0.0666666666667 5.8643062867 0.486755698305
-0.0666666666667 6.07374579694 0.981192732287

6.12323399574e-17 0 1.45145946874
6.12323399574e-17 0.209439510239 1.39928654441
6.12323399574e-17 0.418879020479 2.65819317964
6.12323399574e-17 0.628318530718 3.85524884866
6.12323399574e-17 0.837758040957 4.23431205785
6.12323399574e-17 1.0471975512 1.91789773618
6.12323399574e-17 1.25663706144 1.13979467495
6.12323399574e-17 1.46607657168 0.853867081362
6.12323399574e-17 1.67551608191 0.609083040523
6.12323399574e-17 1.88495559215 0.1133838889
6.12323399574e-17 2.09439510239 0.0220032690875
6.12323399574e-17 2.30383461263 0.0214588103105
6.12323399574e-17 2.51327412287 0.0759385952434
6.12323399574e-17 2.72271363311 0.216152208266
6.12323399574e-17 2.93215314335 0.0761188676367
6.12323399574e-17 3.14159265359 0.204693904166
6.12323399574e-17 3.35103216383 0.0569446676834
6.12323399574e-17 3.56047167407 0.206273189105
6.12323399574e-17 3.76991118431 0.296872726644
6.12323399574e-17 3.97935069455 0.16224096425
6.12323399574e-17 4.18879020479 0.090479393046
6.12323399574e-17 4.39822971503 0.126234880037
6.12323399574e-17 4.60766922527 0.194849780265
6.12323399574e-17 4.8171087355 0.263653948805
6.12323399574e-17 5.02654824574 0.393961555702
6.12323399574e-17 5.23598775598 0.907588876163
6.12323399574e-17 5.44542726622 1.2151750631
6.12323399574e-17 5.65486677646 0.884376163645
6.12323399574e-17 5.8643062867 0.512231881952
6.12323399574e-17 6.07374579694 0.944177281483

0.0666666666667 0 1.42800877769
0.0666666666667 0.209439510239 1.18375177473
0.0666666666667 0.418879020479 2.28455606155
0.0666666666667 0.628318530718 3.17307824744
0.0666666666667 0.837758040957 3.77493349262
0.0666666666667 1.0471975512 1.91097035258
0.0666666666667 1.25663706144 1.13102991626
0.0666666666667 1.46607657168 0.870864607948
0.0666666666667 1.67551608191 0.616640613316
0.0666666666667 1.88495559215 0.11536191318
0.0666666666667 2.09439510239 0.0246802196031
0.0666666666667 2.30383461263 0.0189127820095
0.0666666666667 2.51327412287 0.0776695279414
0.0666666666667 2.72271363311 0.225279180735
0.0666666666667 2.93215314335 0.0707986044519
0.0666666666667 3.14159265359 0.209566899775
0.0666666666667 3.35103216383 0.0560492751538
0.0666666666667 3.56047167407 0.189375358703
0.0666666666667 3.76991118431 0.281854706119
0.0666666666667 3.97935069455 0.160665812077
0.0666666666667 4.18879020479 0.0904740276392
0.0666666666667 4.39822971503 0.119026318994
0.0666666666667 4.60766922527 0.209111410578
0.0666666666667 4.8171087355 0.248436243048
0.0666666666667 5.02654824574 0.399534805301
0.0666666666667 5.23598775598 0.911252790557
0.0666666666667 5.44542726622 1.20005243435
0.0666666666667 5.65486677646 0.845096811066
0.0666666666667 5.8643062867 0.554378224229
0.0666666666667 6.07374579694 0.873890451022

0.133333333333 0 1.40096638013
0.133333333333 0.209439510239 0.958796668585
0.133333333333 0.418879020479 1.91214175893
0.133333333333 0.628318530718 2.46977166968
0.133333333333 0.837758040957 3.14664496947
0.133333333333 1.0471975512 1.84621200895
0.133333333333 1.25663706144 1.10545048396
0.133333333333 1.46607657168 0.883775710564
0.133333333333 1.67551608191 0.627700920075
0.133333333333 1.88495559215 0.116408216046
0.133333333333 2.09439510239 0.0267479589175
0.133333333333 2.30383461263 0.0171444364749
0.133333333333 2.51327412287 0.0817739125651
0.133333333333 2.72271363311 0.234426670717
0.133333333333 2.93215314335 0.0640597161716
0.133333333333 3.14159265359 0.212347168086
0.133333333333 3.35103216383 0.0595903537268
0.133333333333 3.56047167407 0.156705060632
0.133333333333 3.76991118431 0.257526807888
0.133333333333 3.97935069455 0.165640232726
0.133333333333 4.18879020479 0.0978697706207
0.133333333333 4.39822971503 0.12139663836
0.133333333333 4.60766922527 0.216664907326
0.133333333333 4.8171087355 0.246761169589
0.133333333333 5.02654824574 0.394154563692
0.133333333333 5.23598775598 0.903307638597
0.133333333333 5.44542726622 1.18426706111
0.133333333333 5.65486677646 0.799144383599
0.133333333333 5.8643062867 0.615473857306
0.133333333333 6.07374579694 0.772966848985

0.2 0 1.36031183646
0.2 0.209439510239 0.74950372282
0.2 0.418879020479 1.54179656219
0.2 0.628318530718 1.82260932683
0.2 0.837758040957 2.45428337007
0.2 1.0471975512 1.7335959921
0.2 1.25663706144 1.05695953055
0.2 1.46607657168 0.897911794354
0.2 1.67551608191 0.641220905897
0.2 1.88495559215 0.116400604926
0.2 2.09439510239 0.0282453542699
0.2 2.30383461263 0.0162879422325
0.2 2.51327412287 0.0887508553788
0.2 2.72271363311 0.242243890393
0.2 2.93215314335 0.057276303889
0.2 3.14159265359 0.210109535313
0.2 3.35103216383 0.0723426640837
0.2 3.56047167407 0.108414003455
0.2 3.76991118431 0.223677752038
0.2 3.97935069455 0.175709280077
0.2 4.18879020479 0.108296973443
0.2 4.39822971503 0.133883580941
0.2 4.60766922527 0.215719755803
0.2 4.8171087355 0.259099176715
0.2 5.02654824574 0.377160134839
0.2 5.23598775598 0.8843368394
0.2 5.44542726622 1.16814377724
0.2 5.65486677646 0.747856080231
0.2 5.8643062867 0.697362116282
0.2 6.07374579694 0.647064568773

0.266666666667 0 1.28868335218
0.266666666667 0.209439510239 0.591444899049
0.266666666667 0.418879020479 1.17591614434
0.266666666667 0.628318530718 1.29781095525
0.266666666667 0.837758040957 1.82022694132
0.266666666667 1.0471975512 1.58701244988
0.266666666667 1.25663706144 0.9846776168
0.266666666667 1.46607657168 0.916326932808
0.266666666667 1.67551608191 0.656480093061
0.266666666667 1.88495559215 0.115065888092
0.266666666667 2.09439510239 0.02928782266
0.266666666667 2.30383461263 0.0166412520207
0.266666666667 2.51327412287 0.0991172409662
0.266666666667 2.72271363311 0.24652157979
0.266666666667 2.93215314335 0.0533647013053
0.266666666667 3.14159265359 0.198228504594
0.266666666667 3.35103216383 0.100613694859
0.266666666667 3.56047167407 0.0525300979688
0.266666666667 3.76991118431 0.18155343401
0.266666666667 3.97935069455 0.186521250267
0.266666666667 4.18879020479 0.117749776247
0.266666666667 4.39822971503 0.15624339943
0.266666666667 4.60766922527 0.203598341561
0.266666666667 4.8171087355 0.285440407248
0.266666666667 5.02654824574 0.349653383897
0.266666666667 5.23598775598 0.854272321653
0.266666666667 5.44542726622 1.15173887337
0.266666666667 5.65486677646 0.693243244393
0.266666666667 5.8643062867 0.799759341975
0.266666666667 6.07374579694 0.506954522036

0.333333333333 0 1.16226488097
0.333333333333 0.209439510239 0.523038189226
0.333333333333 0.418879020479 0.830767759887
0.333333333333 0.628318530718 0.935714749969
0.333333333333 0.837758040957 1.35067052477
0.333333333333 1.0471975512 1.41968247151
0.333333333333 1.25663706144 0.901565561899
0.333333333333 1.46607657168 0.933453752396
0.333333333333 1.67551608191 0.674786245465
0.333333333333 1.88495559215 0.111614438106
0.333333333333 2.09439510239 0.0301044932195
0.333333333333 2.30383461263 0.0187593933904
0.333333333333 2.51327412287 0.11328323588
0.333333333333 2.72271363311 0.244220723672
0.333333333333 2.93215314335 0.0569257707335
0.333333333333 3.14159265359 0.171270336924
0.333333333333 3.35103216383 0.14793129876
0.333333333333 3.56047167407 0.00928255910096
0.333333333333 3.76991118431 0.135529955569
0.333333333333 3.97935069455 0.190117019169
0.333333333333 4.18879020479 0.122789587922
0.333333333333 4.39822971503 0.186269284151
0.333333333333 4.60766922527 0.177710609991
0.333333333333 4.8171087355 0.324171940944
0.333333333333 5.02654824574 0.31495881475
0.333333333333 5.23598775598 0.812386166505
0.333333333333 5.44542726622 1.13478243642
0.333333333333 5.65486677646 0.63812915175
0.333333333333 5.8643062867 0.917898836042
0.333333333333 6.07374579694 0.371051340941

0.4 0 0.958149104085
0.4 0.209439510239 0.56295442878
0.4 0.418879020479 0.551308467573
0.4 0.628318530718 0.737096714382
0.4 0.837758040957 1.09377714972
0.4 1.0471975512 1.24791975163
0.4 1.25663706144 0.833274657008
0.4 1.46607657168 0.930731699703
0.4 1.67551608191 0.700366590839
0.4 1.88495559215 0.104549055839
0.4 2.09439510239 0.0311250127129
0.4 2.30383461263 0.0235920168475
0.4 2.51327412287 0.13129324314
0.4 2.72271363311 0.231982564365
0.4 2.93215314335 0.0732494658592
0.4 3.14159265359 0.126409533958
0.4 3.35103216383 0.206045486777
0.4 3.56047167407 0.00768739089727
0.4 3.76991118431 0.0954581701178
0.4 3.97935069455 0.177272700566
0.4 4.18879020479 0.121524398727
0.4 4.39822971503 0.217694256935
0.4 4.60766922527 0.138130355658
0.4 4.8171087355 0.369990822781
0.4 5.02654824574 0.279311207503
0.4 5.23598775598 0.757433675603
0.4 5.44542726622 1.11658663113
0.4 5.65486677646 0.586302451375
0.4 5.8643062867 1.03968740421
0.4 6.07374579694 0.267279794718

0.466666666667 0 0.673289456596
0.466666666667 0.209439510239 0.673022871574
0.466666666667 0.418879020479 0.411715700814
0.466666666667 0.628318530718 0.669446520341
0.466666666667 0.837758040957 1.01656455718
0.466666666667 1.0471975512 1.09754193775
0.466666666667 1.25663706144 0.791603420454
0.466666666667 1.46607657168 0.885973222882
0.466666666667 1.67551608191 0.736534011137
0.466666666667 1.88495559215 0.092310540558
0.466666666667 2.09439510239 0.0331264144701
0.466666666667 2.30383461263 0.0326775723617
0.466666666667 2.51327412287 0.152338829582
0.466666666667 2.72271363311 0.207561496393
0.466666666667 2.93215314335 0.104885946544
0.466666666667 3.14159265359 0.0703857028747
0.466666666667 3.35103216383 0.245530297752
0.466666666667 3.56047167407 0.0634123910686
0.466666666667 3.76991118431 0.0737663433932
0.466666666667 3.97935069455 0.142708150815
0.466666666667 4.18879020479 0.114746200903
0.466666666667 4.39822971503 0.238417493527
0.466666666667 4.60766922527 0.0915404827961
0.466666666667 4.8171087355 0.411385388715
0.466666666667 5.02654824574 0.252322803931
0.466666666667 5.23598775598 0.68801520969
0.466666666667 5.44542726622 1.09590744669
0.466666666667 5.65486677646 0.542628236118
0.466666666667 5.8643062867 1.14307900191
0.466666666667 6.07374579694 0.231821570546

0.533333333333 0 0.355925976251
0.533333333333 0.209439510239 0.731599275032
0.533333333333 0.418879020479 0.463400156186
0.533333333333 0.628318530718 0.696813603382
0.533333333333 0.837758040957 1.02628021791
0.533333333333 1.0471975512 0.982845472783
0.533333333333 1.25663706144 0.736988233343
0.533333333333 1.46607657168 0.808810796499
0.533333333333 1.67551608191 0.770694937273
0.533333333333 1.88495559215 0.0761930666722
0.533333333333 2.09439510239 0.0374132279014
0.533333333333 2.30383461263 0.0483782446413
0.533333333333 2.51327412287 0.173944059476
0.533333333333 2.72271363311 0.172536612845
0.533333333333 2.93215314335 0.14499282306
0.533333333333 3.14159265359 0.0263053926397
0.533333333333 3.35103216383 0.223491242682
0.533333333333 3.56047167407 0.143232103911
0.533333333333 3.76991118431 0.0702845711652
0.533333333333 3.97935069455 0.0897663780388
0.533333333333 4.18879020479 0.106215211885
0.533333333333 4.39822971503 0.232493894713
0.533333333333 4.60766922527 0.054044094415
0.533333333333 4.8171087355 0.429742393972
0.533333333333 5.02654824574 0.246257654287
0.533333333333 5.23598775598 0.603278312605
0.533333333333 5.44542726622 1.07074065403
0.533333333333 5.65486677646 0.512992055723
0.533333333333 5.8643062867 1.19534336893
0.533333333333 6.07374579694 0.300356125454

0.6 0 0.13204618443
0.6 0.209439510239 0.583619352272
0.6 0.418879020479 0.611597333198
0.6 0.628318530718 0.777092085416
0.6 0.837758040957 1.01281422423
0.6 1.0471975512 0.855182638971
0.6 1.25663706144 0.603597268515
0.6 1.46607657168 0.775132134472
0.6 1.67551608191 0.749886233841
0.6 1.88495559215 0.0674527084385
0.6 2.09439510239 0.0458636302953
0.6 2.30383461263 0.0740092510204
0.6 2.51327412287 0.190889485796
0.6 2.72271363311 0.135574392637
0.6 2.93215314335 0.170959963906
0.6 3.14159265359 0.025638560676
0.6 3.35103216383 0.131709048715
0.6 3.56047167407 0.165535847877
0.6 3.76991118431 0.0604676465252
0.6 3.97935069455 0.0343440931453
0.6 4.18879020479 0.101889999946
0.6 4.39822971503 0.190592783474
0.6 4.60766922527 0.046717402479
0.6 4.8171087355 0.404758279289
0.6 5.02654824574 0.272416056888
0.6 5.23598775598 0.504117925421
0.6 5.44542726622 1.03802948721
0.6 5.65486677646 0.503820502691
0.6 5.8643062867 1.15736411683
0.6 6.07374579694 0.48592009574

0.666666666667 0 0.173484251346
0.666666666667 0.209439510239 0.240563968086
0.666666666667 0.418879020479 0.560148146038
0.666666666667 0.628318530718 0.755226671662
0.666666666667 0.837758040957 0.8487317438
0.666666666667 1.0471975512 0.613210648772
0.666666666667 1.25663706144 0.429229711481
0.666666666667 1.46607657168 0.843759682323
0.666666666667 1.67551608191 0.586998417621
0.666666666667 1.88495559215 0.0971754791725
0.666666666667 2.09439510239 0.0602974728101
0.666666666667 2.30383461263 0.113232318378
0.666666666667 2.51327412287 0.194772280886
0.666666666667 2.72271363311 0.11186447189
0.666666666667 2.93215314335 0.152668139214
0.666666666667 3.14159265359 0.0683759466206
0.666666666667 3.35103216383 0.0495900564297
0.666666666667 3.56047167407 0.0998803341248
0.666666666667 3.76991118431 0.0317400150813
0.666666666667 3.97935069455 0.0120925807438
0.666666666667 4.18879020479 0.107549873857
0.666666666667 4.39822971503 0.125108853328
0.666666666667 4.60766922527 0.0772311042459
0.666666666667 4.8171087355 0.332037100149
0.666666666667 5.02654824574 0.332433782723
0.666666666667 5.23598775598 0.395008314119
0.666666666667 5.44542726622 0.993249817849
0.666666666667 5.65486677646 0.520677003611
0.666666666667 5.8643062867 0.997651560973
0.666666666667 6.07374579694 0.740741186551

0.733333333333 0 0.535888561782
0.733333333333 0.209439510239 0.105049997285
0.733333333333 0.418879020479 0.195241334639
0.733333333333 0.628318530718 0.392594119175
0.733333333333 0.837758040957 0.422260531992
0.733333333333 1.0471975512 0.279882441421
0.733333333333 1.25663706144 0.411779896679
0.733333333333 1.46607657168 0.825817585507
0.733333333333 1.67551608191 0.284253730791
0.733333333333 1.88495559215 0.209911074441
0.733333333333 2.09439510239 0.0800319796772
0.733333333333 2.30383461263 0.166659641508
0.733333333333 2.51327412287 0.177664605998
0.733333333333 2.72271363311 0.108369555784
0.733333333333 2.93215314335 0.0926881062057
0.733333333333 3.14159265359 0.08665776088
0.733333333333 3.35103216383 0.0571505726276
0.733333333333 3.56047167407 0.0611863180975
0.733333333333 3.76991118431 0.0437119953009
0.733333333333 3.97935069455 0.0598513804642
0.733333333333 4.18879020479 0.115325867337
0.733333333333 4.39822971503 0.0675148412127
0.733333333333 4.60766922527 0.116353116501
0.733333333333 4.8171087355 0.249790708821
0.733333333333 5.02654824574 0.403797447816
0.733333333333 5.23598775598 0.286364001129
0.733333333333 5.44542726622 0.929825560528
0.733333333333 5.65486677646 0.564972802881
0.733333333333 5.8643062867 0.720755232813
0.733333333333 6.07374579694 0.919449518663

0.8 0 0.901806660213
0.8 0.209439510239 0.590767564087
0.8 0.418879020479 0.232746387918
0.8 0.628318530718 0.128496218831
0.8 0.837758040957 0.143563020442
0.8 1.0471975512 0.262596016731
0.8 1.25663706144 0.528522901384
0.8 1.46607657168 0.438781275961
0.8 1.67551608191 0.124132223534
0.8 1.88495559215 0.392075918465
0.8 2.09439510239 0.0975965785246
0.8 2.30383461263 0.221601031912
0.8 2.51327412287 0.146443201532
0.8 2.72271363311 0.0950681372184
0.8 2.93215314335 0.0535788893734
0.8 3.14159265359 0.0373174213084
0.8 3.35103216383 0.0614980260439
0.8 3.56047167407 0.088731272664
0.8 3.76991118431 0.104541175611
0.8 3.97935069455 0.11017818074
0.8 4.18879020479 0.0811387397886
0.8 4.39822971503 0.0379957263222
0.8 4.60766922527 0.125281913405
0.8 4.8171087355 0.240754981977
0.8 5.02654824574 0.427422009931
0.8 5.23598775598 0.196554611962
0.8 5.44542726622 0.838290584773
0.8 5.65486677646 0.626987348069
0.8 5.8643062867 0.407972359198
0.8 6.07374579694 0.815505380124

0.866666666667 0 0.661570810963
0.866666666667 0.209439510239 0.895286094936
0.866666666667 0.418879020479 0.87964733854
0.866666666667 0.628318530718 0.731192159421
0.866666666667 0.837758040957 0.620685942458
0.866666666667 1.0471975512 0.526534316822
0.866666666667 1.25663706144 0.301529833965
0.866666666667 1.46607657168 0.0795941835561
0.866666666667 1.67551608191 0.379137882124
0.866666666667 1.88495559215 0.465943551391
0.866666666667 2.09439510239 0.102104085967
0.866666666667 2.30383461263 0.23951160758
0.866666666667 2.51327412287 0.137496580314
0.866666666667 2.72271363311 0.0378542466748
0.866666666667 2.93215314335 0.0478880256298
0.866666666667 3.14159265359 0.0275221222529
0.866666666667 3.35103216383 0.0139991658336
0.866666666667 3.56047167407 0.028341230306
0.866666666667 3.76991118431 0.0421037089305
0.866666666667 3.97935069455 0.0339379067142
0.866666666667 4.18879020479 0.0197361968268
0.866666666667 4.39822971503 0.0574853821703
0.866666666667 4.60766922527 0.169411260834
0.866666666667 4.8171087355 0.329293455618
0.866666666667 5.02654824574 0.329010537742
0.866666666667 5.23598775598 0.150475785603
0.866666666667 5.44542726622 0.704948149572
0.866666666667 5.65486677646 0.671726486549
0.866666666667 5.8643062867 0.2386116801
0.866666666667 6.07374579694 0.398710812399

0.933333333333 0 0.122312258756
0.933333333333 0.209439510239 0.119133665472
0.933333333333 0.418879020479 0.159764790753
0.933333333333 0.628318530718 0.170454142043
0.933333333333 0.837758040957 0.113396557188
0.933333333333 1.0471975512 0.0497748287467
0.933333333333 1.25663706144 0.119359379161
0.933333333333 1.46607657168 0.369662838769
0.933333333333 1.67551608191 0.508758472991
0.933333333333 1.88495559215 0.280845893481
0.933333333333 2.09439510239 0.103061427759
0.933333333333 2.30383461263 0.185012000082
0.933333333333 2.51327412287 0.159633720357
0.933333333333 2.72271363311 0.0444906987938
0.933333333333 2.93215314335 0.015965846019
0.933333333333 3.14159265359 0.0382996785926
0.933333333333 3.35103216383 0.0555142102655
0.933333333333 3.56047167407 0.0622189688565
0.933333333333 3.76991118431 0.0701288120306
0.933333333333 3.97935069455 0.0907725170867
0.933333333333 4.18879020479 0.135357443
0.933333333333 4.39822971503 0.208101863047
0.933333333333 4.60766922527 0.282433568065
0.933333333333 4.8171087355 0.270212602668
0.933333333333 5.02654824574 0.135109156172
0.933333333333 5.23598775598 0.164792596776
0.933333333333 5.44542726622 0.508556595986
0.933333333333 5.65486677646 0.609783227058
0.933333333333 5.8643062867 0.362392106036
0.933333333333 6.07374579694 0.185276206581

