-1 0 0.420849903756
-1 0.209439510239 0.420849903755
-1 0.418879020479 0.420849903755
-1 0.628318530718 0.420849903755
-1 0.837758040957 0.420849903756
-1 1.0471975512 0.420849903756
-1 1.25663706144 0.420849903757
-1 1.46607657168 0.420849903756
-1 1.67551608191 0.420849903756
-1 1.88495559215 0.420849903755
-1 2.09439510239 0.420849903755
-1 2.30383461263 0.420849903755
-1 2.51327412287 0.420849903756
-1 2.72271363311 0.420849903757
-1 2.93215314335 0.420849903757
-1 3.14159265359 0.420849903756
-1 3.35103216383 0.420849903755
-1 3.56047167407 0.420849903755
-1 3.76991118431 0.420849903755
-1 3.97935069455 0.420849903756
-1 4.18879020479 0.420849903756
-1 4.39822971503 0.420849903757
-1 4.60766922527 0.420849903756
-1 4.8171087355 0.420849903756
-1 5.02654824574 0.420849903755
-1 5.23598775598 0.420849903755
-1 5.44542726622 0.420849903755
-1 5.65486677646 0.420849903756
-1 5.8643062867 0.420849903757
-1 6.07374579694 0.420849903757

-0.933333333333 0 0.476308937795
-0.933333333333 0.209439510239 0.600687120283
-0.933333333333 0.418879020479 0.720698210638
-0.933333333333 0.628318530718 0.811727966746
-0.933333333333 0.837758040957 0.850667020331
-0.933333333333 1.0471975512 0.788470367972
-0.933333333333 1.25663706144 0.583725092269
-0.933333333333 1.46607657168 0.306904874665
-0.933333333333 1.67551608191 0.151151318606
-0.933333333333 1.88495559215 0.141914408987
-0.933333333333 2.09439510239 0.12455620865
-0.933333333333 2.30383461263 0.358242216257
-0.933333333333 2.51327412287 1.15879072523
-0.933333333333 2.72271363311 1.94473987073
-0.933333333333 2.93215314335 1.98131771918
-0.933333333333 3.14159265359 1.40409552595
-0.933333333333 3.35103216383 0.824623003418
-0.933333333333 3.56047167407 0.581514228592
-0.933333333333 3.76991118431 0.611281152527
-0.933333333333 3.97935069455 0.699315854874
-0.933333333333 4.18879020479 0.666669689089
-0.933333333333 4.39822971503 0.481578493303
-0.933333333333 4.60766922527 0.356439593512
-0.933333333333 4.8171087355 0.451572396393
-0.933333333333 5.02654824574 0.424991335936
-0.933333333333 5.23598775598 0.338267597416
-0.933333333333 5.44542726622 0.876223228235
-0.933333333333 5.65486677646 1.35957948788
-0.933333333333 5.8643062867 0.986181229231
-0.933333333333 6.07374579694 0.52289540942

-0.866666666667 0 0.866686088332
-0.866666666667 0.209439510239 0.714058321157
-0.866666666667 0.418879020479 0.608473221779
-0.866666666667 0.628318530718 0.572024578112
-0.866666666667 0.837758040957 0.644120835581
-0.866666666667 1.0471975512 0.867179599834
-0.866666666667 1.25663706144 1.11017349764
-0.866666666667 1.46607657168 0.961397227996
-0.866666666667 1.67551608191 0.369949023231
-0.866666666667 1.88495559215 0.0904084125748
-0.866666666667 2.09439510239 0.0779399960411
-0.866666666667 2.30383461263 0.410075438589
-0.866666666667 2.51327412287 1.73494359654
-0.866666666667 2.72271363311 2.16185677897
-0.866666666667 2.93215314335 1.19200331606
-0.866666666667 3.14159265359 0.463767130671
-0.866666666667 3.35103216383 0.508710881391
-0.866666666667 3.56047167407 0.85984314613
-0.866666666667 3.76991118431 1.17498545832
-0.866666666667 3.97935069455 1.49837077493
-0.866666666667 4.18879020479 1.92229141043
-0.866666666667 4.39822971503 2.12660619119
-0.866666666667 4.60766922527 1.3596803796
-0.866666666667 4.8171087355 0.316026838023
-0.866666666667 5.02654824574 0.481590182723
-0.866666666667 5.23598775598 0.401374483498
-0.866666666667 5.44542726622 0.691594510837
-0.866666666667 5.65486677646 1.15863583993
-0.866666666667 5.8643062867 0.653895117975
-0.866666666667 6.07374579694 0.749438492475

-0.8 0 0.551676296042
-0.8 0.209439510239 0.29808111759
-0.8 0.418879020479 0.223946967992
-0.8 0.628318530718 0.169328498924
-0.8 0.837758040957 0.140480125341
-0.8 1.0471975512 0.234387525135
-0.8 1.25663706144 0.632243577797
-0.8 1.46607657168 1.0675864148
-0.8 1.67551608191 0.668295242187
-0.8 1.88495559215 0.107309702616
-0.8 2.09439510239 0.131419423575
-0.8 2.30383461263 0.424327123137
-0.8 2.51327412287 2.05126932968
-0.8 2.72271363311 1.87131618455
-0.8 2.93215314335 0.581137654488
-0.8 3.14159265359 0.292821099477
-0.8 3.35103216383 0.479513445865
-0.8 3.56047167407 0.518486858357
-0.8 3.76991118431 0.468491437737
-0.8 3.97935069455 0.504234121551
-0.8 4.18879020479 0.773570883982
-0.8 4.39822971503 1.56319182499
-0.8 4.60766922527 2.15846575576
-0.8 4.8171087355 0.882877593521
-0.8 5.02654824574 0.465097140618
-0.8 5.23598775598 0.720756680872
-0.8 5.44542726622 0.472499074403
-0.8 5.65486677646 0.805664309773
-0.8 5.8643062867 0.73355372296
-0.8 6.07374579694 0.980453135898

-0.733333333333 0 0.262142242891
-0.733333333333 0.209439510239 0.32887143961
-0.733333333333 0.418879020479 0.387192261308
-0.733333333333 0.628318530718 0.411385012418
-0.733333333333 0.837758040957 0.280476434738
-0.733333333333 1.0471975512 0.146504597935
-0.733333333333 1.25663706144 0.312942135572
-0.733333333333 1.46607657168 0.894196466886
-0.733333333333 1.67551608191 0.84617755251
-0.733333333333 1.88495559215 0.113411674856
-0.733333333333 2.09439510239 0.219909611512
-0.733333333333 2.30383461263 0.421850752656
-0.733333333333 2.51327412287 2.20840224982
-0.733333333333 2.72271363311 1.51141666338
-0.733333333333 2.93215314335 0.290980360463
-0.733333333333 3.14159265359 0.233047747581
-0.733333333333 3.35103216383 0.314385803674
-0.733333333333 3.56047167407 0.273233701175
-0.733333333333 3.76991118431 0.353906003501
-0.733333333333 3.97935069455 0.461617705124
-0.733333333333 4.18879020479 0.515156081108
-0.733333333333 4.39822971503 0.744138797696
-0.733333333333 4.60766922527 1.64637921507
-0.733333333333 4.8171087355 1.34038106675
-0.733333333333 5.02654824574 0.410785421648
-0.733333333333 5.23598775598 0.870961219628
-0.733333333333 5.44542726622 0.375101314161
-0.733333333333 5.65486677646 0.60399510098
-0.733333333333 5.8643062867 0.904075133127
-0.733333333333 6.07374579694 0.814840184611

-0.666666666667 0 0.275469707235
-0.666666666667 0.209439510239 0.481739588139
-0.666666666667 0.418879020479 0.610176814004
-0.666666666667 0.628318530718 0.661624789056
-0.666666666667 0.837758040957 0.428022953257
-0.666666666667 1.0471975512 0.173878219822
-0.666666666667 1.25663706144 0.184943870566
-0.666666666667 1.46607657168 0.750368112211
-0.666666666667 1.67551608191 0.967705605366
-0.666666666667 1.88495559215 0.111266431872
-0.666666666667 2.09439510239 0.30280500335
-0.666666666667 2.30383461263 0.41638767189
-0.666666666667 2.51327412287 2.27341285832
-0.666666666667 2.72271363311 1.20590550879
-0.666666666667 2.93215314335 0.150652601233
-0.666666666667 3.14159265359 0.200094899433
-0.666666666667 3.35103216383 0.242003589974
-0.666666666667 3.56047167407 0.354423761839
-0.666666666667 3.76991118431 0.573588417033
-0.666666666667 3.97935069455 0.661475234593
-0.666666666667 4.18879020479 0.792886736885
-0.666666666667 4.39822971503 0.904177747895
-0.666666666667 4.60766922527 1.2360808586
-0.666666666667 4.8171087355 1.46487076365
-0.666666666667 5.02654824574 0.491692797325
-0.666666666667 5.23598775598 0.82124265588
-0.666666666667 5.44542726622 0.355467000989
-0.666666666667 5.65486677646 0.53729903101
-0.666666666667 5.8643062867 0.981387991011
-0.666666666667 6.07374579694 0.550598087622

-0.6 0 0.38050334657
-0.6 0.209439510239 0.479196246292
-0.6 0.418879020479 0.662401383263
-0.6 0.628318530718 0.689437113934
-0.6 0.837758040957 0.475311942136
-0.6 1.0471975512 0.211529376816
-0.6 1.25663706144 0.0879662155725
-0.6 1.46607657168 0.62221451822
-0.6 1.67551608191 1.07782967189
-0.6 1.88495559215 0.118139232955
-0.6 2.09439510239 0.365374083325
-0.6 2.30383461263 0.414100779143
-0.6 2.51327412287 2.28674691893
-0.6 2.72271363311 0.970894373
-0.6 2.93215314335 0.0793311860232
-0.6 3.14159265359 0.20526983835
-0.6 3.35103216383 0.266848452315
-0.6 3.56047167407 0.580940322524
-0.6 3.76991118431 0.706585913109
-0.6 3.97935069455 0.543674138668
-0.6 4.18879020479 0.665719139832
-0.6 4.39822971503 1.1032291158
-0.6 4.60766922527 1.29579835957
-0.6 4.8171087355 1.43436329704
-0.6 5.02654824574 0.680099023601
-0.6 5.23598775598 0.699186379119
-0.6 5.44542726622 0.359618086265
-0.6 5.65486677646 0.534600413338
-0.6 5.8643062867 0.968040493716
-0.6 6.07374579694 0.367352735601

-0.533333333333 0 0.423940533252
-0.533333333333 0.209439510239 0.362816592447
-0.533333333333 0.418879020479 0.551825842102
-0.533333333333 0.628318530718 0.528084326427
-0.533333333333 0.837758040957 0.491658129449
-0.533333333333 1.0471975512 0.337397150141
-0.533333333333 1.25663706144 0.0535640176446
-0.533333333333 1.46607657168 0.474479776657
-0.533333333333 1.67551608191 1.17112979078
-0.533333333333 1.88495559215 0.141046105379
-0.533333333333 2.09439510239 0.407253501904
-0.533333333333 2.30383461263 0.416647347016
-0.533333333333 2.51327412287 2.27212473202
-0.533333333333 2.72271363311 0.795208253779
-0.533333333333 2.93215314335 0.0501785778866
-0.533333333333 3.14159265359 0.228514194727
-0.533333333333 3.35103216383 0.366238561655
-0.533333333333 3.56047167407 0.828068665252
-0.533333333333 3.76991118431 0.71625560166
-0.533333333333 3.97935069455 0.315351022192
-0.533333333333 4.18879020479 0.333998159258
-0.533333333333 4.39822971503 0.925566195517
-0.533333333333 4.60766922527 1.46271531884
-0.533333333333 4.8171087355 1.3978834407
-0.533333333333 5.02654824574 0.881332092752
-0.533333333333 5.23598775598 0.590421248434
-0.533333333333 5.44542726622 0.364736199399
-0.533333333333 5.65486677646 0.553264332455
-0.533333333333 5.8643062867 0.908198851992
-0.533333333333 6.07374579694 0.280440809374

-0.466666666667 0 0.392182255307
-0.466666666667 0.209439510239 0.241285262296
-0.466666666667 0.418879020479 0.368303720912
-0.466666666667 0.628318530718 0.292934055247
-0.466666666667 0.837758040957 0.49276070152
-0.466666666667 1.0471975512 0.524557900262
-0.466666666667 1.25663706144 0.115986881763
-0.466666666667 1.46607657168 0.325583143005
-0.466666666667 1.67551608191 1.23290823591
-0.466666666667 1.88495559215 0.17686406128
-0.466666666667 2.09439510239 0.433286838558
-0.466666666667 2.30383461263 0.423434549843
-0.466666666667 2.51327412287 2.24328975928
-0.466666666667 2.72271363311 0.665177162889
-0.466666666667 2.93215314335 0.0491717232863
-0.466666666667 3.14159265359 0.252778992572
-0.466666666667 3.35103216383 0.513206957245
-0.466666666667 3.56047167407 1.00935493532
-0.466666666667 3.76991118431 0.645289922049
-0.466666666667 3.97935069455 0.168740876663
-0.466666666667 4.18879020479 0.151589814953
-0.466666666667 4.39822971503 0.600307531256
-0.466666666667 4.60766922527 1.49356206535
-0.466666666667 4.8171087355 1.39167399889
-0.466666666667 5.02654824574 1.03876857382
-0.466666666667 5.23598775598 0.523700886121
-0.466666666667 5.44542726622 0.365626482744
-0.466666666667 5.65486677646 0.574992332878
-0.466666666667 5.8643062867 0.834102530143
-0.466666666667 6.07374579694 0.253757882398

-0.4 0 0.325471129281
-0.4 0.209439510239 0.169530784021
-0.4 0.418879020479 0.210068375631
-0.4 0.628318530718 0.105431508727
-0.4 0.837758040957 0.482555210102
-0.4 1.0471975512 0.699138254673
-0.4 1.25663706144 0.247307502866
-0.4 1.46607657168 0.204981809642
-0.4 1.67551608191 1.26039206564
-0.4 1.88495559215 0.218129118603
-0.4 2.09439510239 0.448754038885
-0.4 2.30383461263 0.432946707381
-0.4 2.51327412287 2.20812334499
-0.4 2.72271363311 0.570153727472
-0.4 2.93215314335 0.0641079773355
-0.4 3.14159265359 0.274067009842
-0.4 3.35103216383 0.668254423304
-0.4 3.56047167407 1.08846177253
-0.4 3.76991118431 0.537128651268
-0.4 3.97935069455 0.132564870614
-0.4 4.18879020479 0.18401742034
-0.4 4.39822971503 0.365377395062
-0.4 4.60766922527 1.38688865569
-0.4 4.8171087355 1.40087205569
-0.4 5.02654824574 1.13912968689
-0.4 5.23598775598 0.49817207754
-0.4 5.44542726622 0.363129674422
-0.4 5.65486677646 0.593369885394
-0.4 5.8643062867 0.761791827516
-0.4 6.07374579694 0.254642968765

-0.333333333333 0 0.259643315016
-0.333333333333 0.209439510239 0.15197089211
-0.333333333333 0.418879020479 0.131670135423
-0.333333333333 0.628318530718 0.0298303133391
-0.333333333333 0.837758040957 0.474067741105
-0.333333333333 1.0471975512 0.819036463662
-0.333333333333 1.25663706144 0.398594920795
-0.333333333333 1.46607657168 0.124843255289
-0.333333333333 1.67551608191 1.26214314053
-0.333333333333 1.88495559215 0.257378947369
-0.333333333333 2.09439510239 0.457608175427
-0.333333333333 2.30383461263 0.443443627261
-0.333333333333 2.51327412287 2.17105469861
-0.333333333333 2.72271363311 0.502632519486
-0.333333333333 2.93215314335 0.0849189471979
-0.333333333333 3.14159265359 0.293676087422
-0.333333333333 3.35103216383 0.796899460971
-0.333333333333 3.56047167407 1.08053304289
-0.333333333333 3.76991118431 0.4312924713
-0.333333333333 3.97935069455 0.171538115777
-0.333333333333 4.18879020479 0.334957345526
-0.333333333333 4.39822971503 0.270715607114
-0.333333333333 4.60766922527 1.22396742591
-0.333333333333 4.8171087355 1.40772829472
-0.333333333333 5.02654824574 1.19099798835
-0.333333333333 5.23598775598 0.502930406735
-0.333333333333 5.44542726622 0.359294402166
-0.333333333333 5.65486677646 0.606845035623
-0.333333333333 5.8643062867 0.69734291404
-0.333333333333 6.07374579694 0.264447896222

-0.266666666667 0 0.212007193733
-0.266666666667 0.209439510239 0.171740451284
-0.266666666667 0.418879020479 0.133568424832
-0.266666666667 0.628318530718 0.0620468959926
-0.266666666667 0.837758040957 0.478817347599
-0.266666666667 1.0471975512 0.882971024129
-0.266666666667 1.25663706144 0.53509600236
-0.266666666667 1.46607657168 0.0806268902203
-0.266666666667 1.67551608191 1.2510104418
-0.266666666667 1.88495559215 0.289056564104
-0.266666666667 2.09439510239 0.462224656971
-0.266666666667 2.30383461263 0.453283056851
-0.266666666667 2.51327412287 2.13444426881
-0.266666666667 2.72271363311 0.457430810861
-0.266666666667 2.93215314335 0.10486036644
-0.266666666667 3.14159265359 0.312203224728
-0.266666666667 3.35103216383 0.882466575487
-0.266666666667 3.56047167407 1.02509260949
-0.266666666667 3.76991118431 0.354438797088
-0.266666666667 3.97935069455 0.249457571205
-0.266666666667 4.18879020479 0.506468620864
-0.266666666667 4.39822971503 0.265897930055
-0.266666666667 4.60766922527 1.06722071093
-0.266666666667 4.8171087355 1.4051845666
-0.266666666667 5.02654824574 1.20884365322
-0.266666666667 5.23598775598 0.52607923003
-0.266666666667 5.44542726622 0.355895503514
-0.266666666667 5.65486677646 0.615604647935
-0.266666666667 5.8643062867 0.642183791328
-0.266666666667 6.07374579694 0.274923563412

-0.2 0 0.185961809308
-0.2 0.209439510239 0.209811879907
-0.2 0.418879020479 0.186439491324
-0.2 0.628318530718 0.161064730719
-0.2 0.837758040957 0.50037306979
-0.2 1.0471975512 0.910004558839
-0.2 1.25663706144 0.642902637379
-0.2 1.46607657168 0.0608809123933
-0.2 1.67551608191 1.23873810364
-0.2 1.88495559215 0.309805508603
-0.2 2.09439510239 0.463723493528
-0.2 2.30383461263 0.461034062747
-0.2 2.51327412287 2.09935815942
-0.2 2.72271363311 0.431045948778
-0.2 2.93215314335 0.120409567976
-0.2 3.14159265359 0.328484598077
-0.2 3.35103216383 0.924532465086
-0.2 3.56047167407 0.959829029467
-0.2 3.76991118431 0.317287608965
-0.2 3.97935069455 0.343057223485
-0.2 4.18879020479 0.649179854348
-0.2 4.39822971503 0.293624300778
-0.2 4.60766922527 0.942711072499
-0.2 4.8171087355 1.39440561441
-0.2 5.02654824574 1.20577330067
-0.2 5.23598775598 0.557864519066
-0.2 5.44542726622 0.354173299936
-0.2 5.65486677646 0.620294763908
-0.2 5.8643062867 0.596065635116
-0.2 6.07374579694 0.28328706669

-0.133333333333 0 0.178241877966
-0.133333333333 0.209439510239 0.252348140716
-0.133333333333 0.418879020479 0.258073253245
-0.133333333333 0.628318530718 0.282999534188
-0.133333333333 0.837758040957 0.536653054192
-0.133333333333 1.0471975512 0.922171370827
-0.133333333333 1.25663706144 0.721611653368
-0.133333333333 1.46607657168 0.054532666422
-0.133333333333 1.67551608191 1.23364660185
-0.133333333333 1.88495559215 0.318073582035
-0.133333333333 2.09439510239 0.46240362088
-0.133333333333 2.30383461263 0.465480947742
-0.133333333333 2.51327412287 2.06598420607
-0.133333333333 2.72271363311 0.421300862201
-0.133333333333 2.93215314335 0.130399305115
-0.133333333333 3.14159265359 0.34067618915
-0.133333333333 3.35103216383 0.930965396646
-0.133333333333 3.56047167407 0.908984614406
-0.133333333333 3.76991118431 0.319771572646
-0.133333333333 3.97935069455 0.438981280872
-0.133333333333 4.18879020479 0.749932301196
-0.133333333333 4.39822971503 0.320982260933
-0.133333333333 4.60766922527 0.853614154579
-0.133333333333 4.8171087355 1.37985979223
-0.133333333333 5.02654824574 1.1914757858
-0.133333333333 5.23598775598 0.591188645338
-0.133333333333 5.44542726622 0.354931452988
-0.133333333333 5.65486677646 0.621525852319
-0.133333333333 5.8643062867 0.558446384974
-0.133333333333 6.07374579694 0.28899256846

-0.0666666666667 0 0.183796040793
-0.0666666666667 0.209439510239 0.291690768819
-0.0666666666667 0.418879020479 0.326652425982
-0.0666666666667 0.628318530718 0.398652081885
-0.0666666666667 0.837758040957 0.584717397689
-0.0666666666667 1.0471975512 0.93702214069
-0.0666666666667 1.25663706144 0.775510072668
-0.0666666666667 1.46607657168 0.0539490800211
-0.0666666666667 1.67551608191 1.24027452624
-0.0666666666667 1.88495559215 0.313605735241
-0.0666666666667 2.09439510239 0.458113775016
-0.0666666666667 2.30383461263 0.465575390457
-0.0666666666667 2.51327412287 2.033828984
-0.0666666666667 2.72271363311 0.427174250987
-0.0666666666667 2.93215314335 0.135093704491
-0.0666666666667 3.14159265359 0.347302810943
-0.0666666666667 3.35103216383 0.9110372117
-0.0666666666667 3.56047167407 0.882643596582
-0.0666666666667 3.76991118431 0.35761981197
-0.0666666666667 3.97935069455 0.52927618253
-0.0666666666667 4.18879020479 0.810247402945
-0.0666666666667 4.39822971503 0.336115423621
-0.0666666666667 4.60766922527 0.794067557037
-0.0666666666667 4.8171087355 1.36633012843
-0.0666666666667 5.02654824574 1.17237864794
-0.0666666666667 5.23598775598 0.621181575613
-0.0666666666667 5.44542726622 0.358696585042
-0.0666666666667 5.65486677646 0.619698394359
-0.0666666666667 5.8643062867 0.529072805291
-0.0666666666667 6.07374579694 0.292058397138

6.12323399574e-17 0 0.198105916385
6.12323399574e-17 0.209439510239 0.325021489636
6.12323399574e-17 0.418879020479 0.382419554968
6.12323399574e-17 0.628318530718 0.49626168465
6.12323399574e-17 0.837758040957 0.644202721579
6.12323399574e-17 1.0471975512 0.966238555656
6.12323399574e-17 1.25663706144 0.807502758178
6.12323399574e-17 1.46607657168 0.0556218865648
6.12323399574e-17 1.67551608191 1.25966732525
6.12323399574e-17 1.88495559215 0.297102853421
6.12323399574e-17 2.09439510239 0.450521606892
6.12323399574e-17 2.30383461263 0.460367964467
6.12323399574e-17 2.51327412287 2.00177493644
6.12323399574e-17 2.72271363311 0.448709470029
6.12323399574e-17 2.93215314335 0.13554941524
6.12323399574e-17 3.14159265359 0.347636269204
6.12323399574e-17 3.35103216383 0.872183469261
6.12323399574e-17 3.56047167407 0.87975281852
6.12323399574e-17 3.76991118431 0.426154798083
6.12323399574e-17 3.97935069455 0.609007199432
6.12323399574e-17 4.18879020479 0.83462960406
6.12323399574e-17 4.39822971503 0.338337903994
6.12323399574e-17 4.60766922527 0.756548765568
6.12323399574e-17 4.8171087355 1.35788542009
6.12323399574e-17 5.02654824574 1.15245025884
6.12323399574e-17 5.23598775598 0.644563418438
6.12323399574e-17 5.44542726622 0.365852119618
6.12323399574e-17 5.65486677646 0.614957239883
6.12323399574e-17 5.8643062867 0.508225821173
6.12323399574e-17 6.07374579694 0.292289846543

0.0666666666667 0 0.217876802348
0.0666666666667 0.209439510239 0.3526314172
0.0666666666667 0.418879020479 0.424368280945
0.0666666666667 0.628318530718 0.57712034768
0.0666666666667 0.837758040957 0.718443996251
0.0666666666667 1.0471975512 1.01565093577
0.0666666666667 1.25663706144 0.815668697264
0.0666666666667 1.46607657168 0.0602968524162
0.0666666666667 1.67551608191 1.28951660908
0.0666666666667 1.88495559215 0.270131820038
0.0666666666667 2.09439510239 0.439298928274
0.0666666666667 2.30383461263 0.448939008079
0.0666666666667 2.51327412287 1.96803308369
0.0666666666667 2.72271363311 0.48692510368
0.0666666666667 2.93215314335 0.133334418282
0.0666666666667 3.14159265359 0.341507515645
0.0666666666667 3.35103216383 0.820098710425
0.0666666666667 3.56047167407 0.890832621373
0.0666666666667 3.76991118431 0.520934652257
0.0666666666667 3.97935069455 0.676093282764
0.0666666666667 4.18879020479 0.828074993297
0.0666666666667 4.39822971503 0.331591504725
0.0666666666667 4.60766922527 0.734595003584
0.0666666666667 4.8171087355 1.35784152118
0.0666666666667 5.02654824574 1.13399555338
0.0666666666667 5.23598775598 0.65908468806
0.0666666666667 5.44542726622 0.376730508781
0.0666666666667 5.65486677646 0.607200477387
0.0666666666667 5.8643062867 0.49684256997
0.0666666666667 6.07374579694 0.288926970899

0.133333333333 0 0.240894520844
0.133333333333 0.209439510239 0.376431710194
0.133333333333 0.418879020479 0.456139040476
0.133333333333 0.628318530718 0.649322247688
0.133333333333 0.837758040957 0.812906265467
0.133333333333 1.0471975512 1.08359405275
0.133333333333 1.25663706144 0.791776348181
0.133333333333 1.46607657168 0.0733806230993
0.133333333333 1.67551608191 1.32390904221
0.133333333333 1.88495559215 0.235264007745
0.133333333333 2.09439510239 0.424251853675
0.133333333333 2.30383461263 0.430342421646
0.133333333333 2.51327412287 1.93000756365
0.133333333333 2.72271363311 0.543656384497
0.133333333333 2.93215314335 0.130572817859
0.133333333333 3.14159265359 0.328773311973
0.133333333333 3.35103216383 0.761088160326
0.133333333333 3.56047167407 0.899887823816
0.133333333333 3.76991118431 0.636210018751
0.133333333333 3.97935069455 0.732518714289
0.133333333333 4.18879020479 0.797784833803
0.133333333333 4.39822971503 0.321259546315
0.133333333333 4.60766922527 0.723614047954
0.133333333333 4.8171087355 1.36892803769
0.133333333333 5.02654824574 1.11823042959
0.133333333333 5.23598775598 0.663136931833
0.133333333333 5.44542726622 0.391667053927
0.133333333333 5.65486677646 0.596120544802
0.133333333333 5.8643062867 0.496576183845
0.133333333333 6.07374579694 0.280491006478

0.2 0 0.265502395037
0.2 0.209439510239 0.398723637543
0.2 0.418879020479 0.482396779189
0.2 0.628318530718 0.721135530365
0.2 0.837758040957 0.929890736501
0.2 1.0471975512 1.15624166597
0.2 1.25663706144 0.722496959296
0.2 1.46607657168 0.105338398995
0.2 1.67551608191 1.3529586339
0.2 1.88495559215 0.196332806476
0.2 2.09439510239 0.405419757847
0.2 2.30383461263 0.403581416044
0.2 2.51327412287 1.88407381124
0.2 2.72271363311 0.621232993409
0.2 2.93215314335 0.130275504876
0.2 3.14159265359 0.308582822975
0.2 3.35103216383 0.705452701085
0.2 3.56047167407 0.887444416951
0.2 3.76991118431 0.761995217429
0.2 3.97935069455 0.785137729697
0.2 4.18879020479 0.754938677541
0.2 4.39822971503 0.312037864241
0.2 4.60766922527 0.721592407145
0.2 4.8171087355 1.3932043368
0.2 5.02654824574 1.10556554292
0.2 5.23598775598 0.655560826343
0.2 5.44542726622 0.411023260728
0.2 5.65486677646 0.581281129407
0.2 5.8643062867 0.509761025236
0.2 6.07374579694 0.264796280388

0.266666666667 0 0.289907348379
0.266666666667 0.209439510239 0.421040848544
0.266666666667 0.418879020479 0.505666606589
0.266666666667 0.628318530718 0.793385863475
0.266666666667 0.837758040957 1.05844953369
0.266666666667 1.0471975512 1.20127849139
0.266666666667 1.25663706144 0.595993459327
0.266666666667 1.46607657168 0.17043954723
0.266666666667 1.67551608191 1.36318773875
0.266666666667 1.88495559215 0.158600450695
0.266666666667 2.09439510239 0.383153159799
0.266666666667 2.30383461263 0.367647982628
0.266666666667 2.51327412287 1.82527918119
0.266666666667 2.72271363311 0.721833471188
0.266666666667 2.93215314335 0.136924545208
0.266666666667 3.14159265359 0.278628825597
0.266666666667 3.35103216383 0.669909875235
0.266666666667 3.56047167407 0.837917314879
0.266666666667 3.76991118431 0.880543394236
0.266666666667 3.97935069455 0.843080783885
0.266666666667 4.18879020479 0.713135240395
0.266666666667 4.39822971503 0.305388825973
0.266666666667 4.60766922527 0.730601109969
0.266666666667 4.8171087355 1.43151704462
0.266666666667 5.02654824574 1.09554497777
0.266666666667 5.23598775598 0.635666679326
0.266666666667 5.44542726622 0.435183372811
0.266666666667 5.65486677646 0.562251134617
0.266666666667 5.8643062867 0.539176738691
0.266666666667 6.07374579694 0.239256638515

0.333333333333 0 0.311434333879
0.333333333333 0.209439510239 0.442893404549
0.333333333333 0.418879020479 0.523856910306
0.333333333333 0.628318530718 0.851099712892
0.333333333333 0.837758040957 1.16146595908
0.333333333333 1.0471975512 1.16667184905
0.333333333333 1.25663706144 0.41668348414
0.333333333333 1.46607657168 0.280808534579
0.333333333333 1.67551608191 1.34019062846
0.333333333333 1.88495559215 0.128490452461
0.333333333333 2.09439510239 0.358159478441
0.333333333333 2.30383461263 0.321687284781
0.333333333333 2.51327412287 1.7470005143
0.333333333333 2.72271363311 0.846244841811
0.333333333333 2.93215314335 0.157212727757
0.333333333333 3.14159265359 0.234962459407
0.333333333333 3.35103216383 0.675051951873
0.333333333333 3.56047167407 0.753455895153
0.333333333333 3.76991118431 0.964435040474
0.333333333333 3.97935069455 0.908485802314
0.333333333333 4.18879020479 0.680676213661
0.333333333333 4.39822971503 0.297247139724
0.333333333333 4.60766922527 0.759138203067
0.333333333333 4.8171087355 1.48251812603
0.333333333333 5.02654824574 1.08633404146
0.333333333333 5.23598775598 0.603490816911
0.333333333333 5.44542726622 0.464525453981
0.333333333333 5.65486677646 0.538833690319
0.333333333333 5.8643062867 0.587423442798
0.333333333333 6.07374579694 0.201778517656

0.4 0 0.325918702768
0.4 0.209439510239 0.460427286173
0.4 0.418879020479 0.529915605502
0.4 0.628318530718 0.859411789785
0.4 0.837758040957 1.17044077928
0.4 1.0471975512 0.998074965694
0.4 1.25663706144 0.224338104481
0.4 1.46607657168 0.43330597493
0.4 1.67551608191 1.27527152143
0.4 1.88495559215 0.112462260144
0.4 2.09439510239 0.33147365153
0.4 2.30383461263 0.265400911419
0.4 2.51327412287 1.64069592454
0.4 2.72271363311 0.991596490839
0.4 2.93215314335 0.200533458639
0.4 3.14159265359 0.173952353004
0.4 3.35103216383 0.731527202181
0.4 3.56047167407 0.66958009043
0.4 3.76991118431 0.981504910296
0.4 3.97935069455 0.961035850735
0.4 4.18879020479 0.647456381686
0.4 4.39822971503 0.279748599238
0.4 4.60766922527 0.823995273415
0.4 4.8171087355 1.54157483567
0.4 5.02654824574 1.0736210931
0.4 5.23598775598 0.560319559805
0.4 5.44542726622 0.499363339425
0.4 5.65486677646 0.511445387165
0.4 5.8643062867 0.65564449036
0.4 6.07374579694 0.152672913136

0.466666666667 0 0.327705516947
0.466666666667 0.209439510239 0.465462719457
0.466666666667 0.418879020479 0.515724023721
0.466666666667 0.628318530718 0.776012634492
0.466666666667 0.837758040957 1.01031413436
0.466666666667 1.0471975512 0.686083850562
0.466666666667 1.25663706144 0.0965955624836
0.466666666667 1.46607657168 0.594350197348
0.466666666667 1.67551608191 1.17551821818
0.466666666667 1.88495559215 0.114843265803
0.466666666667 2.09439510239 0.30425692389
0.466666666667 2.30383461263 0.199895829058
0.466666666667 2.51327412287 1.49614585521
0.466666666667 2.72271363311 1.14750119296
0.466666666667 2.93215314335 0.277960687729
0.466666666667 3.14159265359 0.0995394833756
0.466666666667 3.35103216383 0.811023854513
0.466666666667 3.56047167407 0.652228555259
0.466666666667 3.76991118431 0.912916965861
0.466666666667 3.97935069455 0.948332029472
0.466666666667 4.18879020479 0.577546448771
0.466666666667 4.39822971503 0.252911494951
0.466666666667 4.60766922527 0.948333023492
0.466666666667 4.8171087355 1.60022658677
0.466666666667 5.02654824574 1.04889948748
0.466666666667 5.23598775598 0.509493632524
0.466666666667 5.44542726622 0.539850810463
0.466666666667 5.65486677646 0.48171516103
0.466666666667 5.8643062867 0.741316570422
0.466666666667 6.07374579694 0.0979521263161

0.533333333333 0 0.311295562781
0.533333333333 0.209439510239 0.446435358564
0.533333333333 0.418879020479 0.479247530494
0.533333333333 0.628318530718 0.591401033231
0.533333333333 0.837758040957 0.672653545415
0.533333333333 1.0471975512 0.323251255775
0.533333333333 1.25663706144 0.102281453013
0.533333333333 1.46607657168 0.705457315045
0.533333333333 1.67551608191 1.06910849213
0.533333333333 1.88495559215 0.135589160037
0.533333333333 2.09439510239 0.27722696705
0.533333333333 2.30383461263 0.129310218914
0.533333333333 2.51327412287 1.30323285711
0.533333333333 2.72271363311 1.29029380862
0.533333333333 2.93215314335 0.396697307894
0.533333333333 3.14159265359 0.0390573051598
0.533333333333 3.35103216383 0.817352865651
0.533333333333 3.56047167407 0.741100600977
0.533333333333 3.76991118431 0.778592618353
0.533333333333 3.97935069455 0.808424358842
0.533333333333 4.18879020479 0.431211805056
0.533333333333 4.39822971503 0.24728194509
0.533333333333 4.60766922527 1.15159370696
0.533333333333 4.8171087355 1.64656405426
0.533333333333 5.02654824574 0.997619323904
0.533333333333 5.23598775598 0.457424207619
0.533333333333 5.44542726622 0.585829249091
0.533333333333 5.65486677646 0.453374623516
0.533333333333 5.8643062867 0.835030486697
0.533333333333 6.07374579694 0.0536025033445

0.6 0 0.27644675178
0.6 0.209439510239 0.394943711729
0.6 0.418879020479 0.426104340796
0.6 0.628318530718 0.375494510393
0.6 0.837758040957 0.296986137024
0.6 1.0471975512 0.0914323014334
0.6 1.25663706144 0.21826020808
0.6 1.46607657168 0.738573915418
0.6 1.67551608191 0.986101905058
0.6 1.88495559215 0.171614037776
0.6 2.09439510239 0.24939422016
0.6 2.30383461263 0.0636053296638
0.6 2.51327412287 1.05779544186
0.6 2.72271363311 1.37706671558
0.6 2.93215314335 0.54509892401
0.6 3.14159265359 0.0611141680059
0.6 3.35103216383 0.619536108829
0.6 3.56047167407 0.835972237018
0.6 3.76991118431 0.628563539829
0.6 3.97935069455 0.536489182085
0.6 4.18879020479 0.229033739069
0.6 4.39822971503 0.339918117648
0.6 4.60766922527 1.43126967363
0.6 4.8171087355 1.66463099746
0.6 5.02654824574 0.899149218439
0.6 5.23598775598 0.414537068574
0.6 5.44542726622 0.636585580086
0.6 5.65486677646 0.433454120104
0.6 5.8643062867 0.916981363296
0.6 6.07374579694 0.047967893712

0.666666666667 0 0.238160838935
0.666666666667 0.209439510239 0.323405486081
0.666666666667 0.418879020479 0.358642564797
0.666666666667 0.628318530718 0.248343281321
0.666666666667 0.837758040957 0.115288438356
0.666666666667 1.0471975512 0.104053624187
0.666666666667 1.25663706144 0.333013386671
0.666666666667 1.46607657168 0.758234229541
0.666666666667 1.67551608191 0.905339917442
0.666666666667 1.88495559215 0.227276870562
0.666666666667 2.09439510239 0.215874671242
0.666666666667 2.30383461263 0.0222609613167
0.666666666667 2.51327412287 0.776771212726
0.666666666667 2.72271363311 1.34912055019
0.666666666667 2.93215314335 0.668277374014
0.666666666667 3.14159265359 0.253796297632
0.666666666667 3.35103216383 0.236447204745
0.666666666667 3.56047167407 0.672444488376
0.666666666667 3.76991118431 0.452346393652
0.666666666667 3.97935069455 0.232777426589
0.666666666667 4.18879020479 0.107904284065
0.666666666667 4.39822971503 0.628077343014
0.666666666667 4.60766922527 1.74793247958
0.666666666667 4.8171087355 1.62578636194
0.666666666667 5.02654824574 0.733490792349
0.666666666667 5.23598775598 0.395405771933
0.666666666667 5.44542726622 0.690446186277
0.666666666667 5.65486677646 0.433586535099
0.666666666667 5.8643062867 0.955962862352
0.666666666667 6.07374579694 0.11432898404

0.733333333333 0 0.235157210412
0.733333333333 0.209439510239 0.289883321814
0.733333333333 0.418879020479 0.287684041536
0.733333333333 0.628318530718 0.236862797975
0.733333333333 0.837758040957 0.179931044703
0.733333333333 1.0471975512 0.245361060083
0.733333333333 1.25663706144 0.413065291064
0.733333333333 1.46607657168 0.816182065257
0.733333333333 1.67551608191 0.748043118522
0.733333333333 1.88495559215 0.326164842751
0.733333333333 2.09439510239 0.166409081256
0.733333333333 2.30383461263 0.034808093695
0.733333333333 2.51327412287 0.528160993967
0.733333333333 2.72271363311 1.17604340901
0.733333333333 2.93215314335 0.669112861775
0.733333333333 3.14159265359 0.58171094188
0.733333333333 3.35103216383 0.0678496166452
0.733333333333 3.56047167407 0.210932916088
0.733333333333 3.76991118431 0.175463618248
0.733333333333 3.97935069455 0.0659990620324
0.733333333333 4.18879020479 0.284455221351
0.733333333333 4.39822971503 1.16061746854
0.733333333333 4.60766922527 2.01800732511
0.733333333333 4.8171087355 1.4644294184
0.733333333333 5.02654824574 0.503793132749
0.733333333333 5.23598775598 0.416500036852
0.733333333333 5.44542726622 0.744031426752
0.733333333333 5.65486677646 0.470555499557
0.733333333333 5.8643062867 0.917917937538
0.733333333333 6.07374579694 0.260789475062

0.8 0 0.300327471945
0.8 0.209439510239 0.377583320196
0.8 0.418879020479 0.322365478128
0.8 0.628318530718 0.285702590606
0.8 0.837758040957 0.295604894826
0.8 1.0471975512 0.36275912833
0.8 1.25663706144 0.526183675358
0.8 1.46607657168 0.753017311094
0.8 1.67551608191 0.573568599858
0.8 1.88495559215 0.462458842007
0.8 2.09439510239 0.0944557272805
0.8 2.30383461263 0.122090451575
0.8 2.51327412287 0.453103650696
0.8 2.72271363311 0.987284515778
0.8 2.93215314335 0.553123014258
0.8 3.14159265359 0.701610007914
0.8 3.35103216383 0.528250519481
0.8 3.56047167407 0.240399729477
0.8 3.76991118431 0.205779294927
0.8 3.97935069455 0.395420638116
0.8 4.18879020479 0.988086950887
0.8 4.39822971503 1.85190114766
0.8 4.60766922527 2.04495139408
0.8 4.8171087355 1.07263316939
0.8 5.02654824574 0.282544234122
0.8 5.23598775598 0.488652252204
0.8 5.44542726622 0.79067934594
0.8 5.65486677646 0.563290324318
0.8 5.8643062867 0.797060770592
0.8 6.07374579694 0.417325962176

0.866666666667 0 0.3351067769
0.866666666667 0.209439510239 0.492684712025
0.866666666667 0.418879020479 0.562112894694
0.866666666667 0.628318530718 0.533777035068
0.866666666667 0.837758040957 0.517384583542
0.866666666667 1.0471975512 0.543745291938
0.866666666667 1.25663706144 0.592565172915
0.866666666667 1.46607657168 0.59685356209
0.866666666667 1.67551608191 0.604341256082
0.866666666667 1.88495559215 0.458423189022
0.866666666667 2.09439510239 0.0360360126191
0.866666666667 2.30383461263 0.238031743218
0.866666666667 2.51327412287 0.640238010801
0.866666666667 2.72271363311 1.13899665664
0.866666666667 2.93215314335 0.762100550315
0.866666666667 3.14159265359 0.455915569512
0.866666666667 3.35103216383 0.839025960029
0.866666666667 3.56047167407 1.105020168
0.866666666667 3.76991118431 1.26356966916
0.866666666667 3.97935069455 1.55975206032
0.866666666667 4.18879020479 1.95619919511
0.866666666667 4.39822971503 2.04280758167
0.866666666667 4.60766922527 1.40215478345
0.866666666667 4.8171087355 0.497637296205
0.866666666667 5.02654824574 0.254786930977
0.866666666667 5.23598775598 0.599656754709
0.866666666667 5.44542726622 0.816374963376
0.866666666667 5.65486677646 0.717501939148
0.866666666667 5.8643062867 0.679373472442
0.866666666667 6.07374579694 0.443490697736

0.933333333333 0 0.217632289268
0.933333333333 0.209439510239 0.201922199648
0.933333333333 0.418879020479 0.333580480643
0.933333333333 0.628318530718 0.451999772336
0.933333333333 0.837758040957 0.50053575232
0.933333333333 1.0471975512 0.499259964839
0.933333333333 1.25663706144 0.490056372871
0.933333333333 1.46607657168 0.494155690169
0.933333333333 1.67551608191 0.434186690477
0.933333333333 1.88495559215 0.225545193044
0.933333333333 2.09439510239 0.0936794474435
0.933333333333 2.30383461263 0.266637157549
0.933333333333 2.51327412287 0.750700237699
0.933333333333 2.72271363311 1.46337502178
0.933333333333 2.93215314335 1.69806582108
0.933333333333 3.14159265359 1.21868982251
0.933333333333 3.35103216383 0.786665169699
0.933333333333 3.56047167407 0.779813938912
0.933333333333 3.76991118431 0.973615125038
0.933333333333 3.97935069455 1.10382858625
0.933333333333 4.18879020479 1.03852316793
0.933333333333 4.39822971503 0.784111790585
0.933333333333 4.60766922527 0.523444252223
0.933333333333 4.8171087355 0.468651234387
0.933333333333 5.02654824574 0.576005251377
0.933333333333 5.23598775598 0.680161188446
0.933333333333 5.44542726622 0.785289337417
0.933333333333 5.65486677646 0.865979749831
0.933333333333 5.8643062867 0.767427361251
0.933333333333 6.07374579694 0.469932379227

