-1 0 0.152387653282
-1 0.209439510239 0.152387653282
-1 0.418879020479 0.152387653282
-1 0.628318530718 0.152387653282
-1 0.837758040957 0.152387653282
-1 1.0471975512 0.152387653282
-1 1.25663706144 0.152387653282
-1 1.46607657168 0.152387653282
-1 1.67551608191 0.152387653282
-1 1.88495559215 0.152387653282
-1 2.09439510239 0.152387653282
-1 2.30383461263 0.152387653282
-1 2.51327412287 0.152387653282
-1 2.72271363311 0.152387653282
-1 2.93215314335 0.152387653282
-1 3.14159265359 0.152387653282
-1 3.35103216383 0.152387653282
-1 3.56047167407 0.152387653282
-1 3.76991118431 0.152387653282
-1 3.97935069455 0.152387653282
-1 4.18879020479 0.152387653282
-1 4.39822971503 0.152387653282
-1 4.60766922527 0.152387653282
-1 4.8171087355 0.152387653282
-1 5.02654824574 0.152387653282
-1 5.23598775598 0.152387653282
-1 5.44542726622 0.152387653282
-1 5.65486677646 0.152387653282
-1 5.8643062867 0.152387653282
-1 6.07374579694 0.152387653282

-0.933333333333 0 0.14391242194
-0.933333333333 0.209439510239 0.157534541617
-0.933333333333 0.418879020479 0.190572473651
-0.933333333333 0.628318530718 0.215235982915
-0.933333333333 0.837758040957 0.225819194144
-0.933333333333 1.0471975512 0.228516989375
-0.933333333333 1.25663706144 0.225541470278
-0.933333333333 1.46607657168 0.211966724283
-0.933333333333 1.67551608191 0.169249996899
-0.933333333333 1.88495559215 0.105143507585
-0.933333333333 2.09439510239 0.115578661565
-0.933333333333 2.30383461263 0.164955827287
-0.933333333333 2.51327412287 0.0712230785512
-0.933333333333 2.72271363311 0.0566389208555
-0.933333333333 2.93215314335 0.354605137211
-0.933333333333 3.14159265359 0.648099942731
-0.933333333333 3.35103216383 0.684745991778
-0.933333333333 3.56047167407 0.570986748809
-0.933333333333 3.76991118431 0.455337912568
-0.933333333333 3.97935069455 0.369144622703
-0.933333333333 4.18879020479 0.279421313442
-0.933333333333 4.39822971503 0.172627559076
-0.933333333333 4.60766922527 0.0904230491801
-0.933333333333 4.8171087355 0.0730972259841
-0.933333333333 5.02654824574 0.135412718433
-0.933333333333 5.23598775598 0.226854259185
-0.933333333333 5.44542726622 0.196953827462
-0.933333333333 5.65486677646 0.12770098292
-0.933333333333 5.8643062867 0.147400698702
-0.933333333333 6.07374579694 0.158139154701

-0.866666666667 0 0.193461089251
-0.866666666667 0.209439510239 0.154891071792
-0.866666666667 0.418879020479 0.162788344147
-0.866666666667 0.628318530718 0.118944357698
-0.866666666667 0.837758040957 0.0673571074466
-0.866666666667 1.0471975512 0.0604444141081
-0.866666666667 1.25663706144 0.108642897385
-0.866666666667 1.46607657168 0.197164358819
-0.866666666667 1.67551608191 0.286637944792
-0.866666666667 1.88495559215 0.228556516308
-0.866666666667 2.09439510239 0.100782990546
-0.866666666667 2.30383461263 0.221315203518
-0.866666666667 2.51327412287 0.116670077353
-0.866666666667 2.72271363311 0.25759117314
-0.866666666667 2.93215314335 0.684654802287
-0.866666666667 3.14159265359 0.565743725659
-0.866666666667 3.35103216383 0.279926321253
-0.866666666667 3.56047167407 0.165736978316
-0.866666666667 3.76991118431 0.179652735343
-0.866666666667 3.97935069455 0.278589101184
-0.866666666667 4.18879020479 0.389383529623
-0.866666666667 4.39822971503 0.34489236267
-0.866666666667 4.60766922527 0.18134863332
-0.866666666667 4.8171087355 0.241859052275
-0.866666666667 5.02654824574 0.20077221349
-0.866666666667 5.23598775598 0.0759266484911
-0.866666666667 5.44542726622 0.141290853888
-0.866666666667 5.65486677646 0.169109134139
-0.866666666667 5.8643062867 0.252244409907
-0.866666666667 6.07374579694 0.284693188111

-0.8 0 0.104025828543
-0.8 0.209439510239 0.34361698483
-0.8 0.418879020479 0.397288918987
-0.8 0.628318530718 0.285653701184
-0.8 0.837758040957 0.173659788539
-0.8 1.0471975512 0.0683681505522
-0.8 1.25663706144 0.0164120671879
-0.8 1.46607657168 0.0514265465548
-0.8 1.67551608191 0.210490478353
-0.8 1.88495559215 0.311983702724
-0.8 2.09439510239 0.104178657227
-0.8 2.30383461263 0.264794350614
-0.8 2.51327412287 0.167664562506
-0.8 2.72271363311 0.380034452766
-0.8 2.93215314335 0.571628680793
-0.8 3.14159265359 0.251560760185
-0.8 3.35103216383 0.122636918265
-0.8 3.56047167407 0.071352063652
-0.8 3.76991118431 0.0933563403845
-0.8 3.97935069455 0.178052758616
-0.8 4.18879020479 0.347571826287
-0.8 4.39822971503 0.529154345603
-0.8 4.60766922527 0.29684824163
-0.8 4.8171087355 0.264326280542
-0.8 5.02654824574 0.488809637888
-0.8 5.23598775598 0.0737898885115
-0.8 5.44542726622 0.119137177071
-0.8 5.65486677646 0.205749126787
-0.8 5.8643062867 0.320660077154
-0.8 6.07374579694 0.296494831892

-0.733333333333 0 0.278460215871
-0.733333333333 0.209439510239 0.665003722479
-0.733333333333 0.418879020479 0.4863555181
-0.733333333333 0.628318530718 0.452173940493
-0.733333333333 0.837758040957 0.409700699747
-0.733333333333 1.0471975512 0.234724661749
-0.733333333333 1.25663706144 0.0921338548839
-0.733333333333 1.46607657168 0.0208780441787
-0.733333333333 1.67551608191 0.108633154915
-0.733333333333 1.88495559215 0.321728683169
-0.733333333333 2.09439510239 0.11914177067
-0.733333333333 2.30383461263 0.293880165658
-0.733333333333 2.51327412287 0.199949972126
-0.733333333333 2.72271363311 0.402647032785
-0.733333333333 2.93215314335 0.38776997635
-0.733333333333 3.14159265359 0.209797698711
-0.733333333333 3.35103216383 0.148293833297
-0.733333333333 3.56047167407 0.140993643834
-0.733333333333 3.76991118431 0.27901472048
-0.733333333333 3.97935069455 0.307651597495
-0.733333333333 4.18879020479 0.242958075852
-0.733333333333 4.39822971503 0.426287641668
-0.733333333333 4.60766922527 0.444374432675
-0.733333333333 4.8171087355 0.165047688145
-0.733333333333 5.02654824574 0.587454928948
-0.733333333333 5.23598775598 0.164254820721
-0.733333333333 5.44542726622 0.132682015174
-0.733333333333 5.65486677646 0.238789529855
-0.733333333333 5.8643062867 0.355161744903
-0.733333333333 6.07374579694 0.162423187384

-0.666666666667 0 0.573786677869
-0.666666666667 0.209439510239 0.56748743371
-0.666666666667 0.418879020479 0.368735038441
-0.666666666667 0.628318530718 0.617175573188
-0.666666666667 0.837758040957 0.666295509749
-0.666666666667 1.0471975512 0.406586143184
-0.666666666667 1.25663706144 0.170163915482
-0.666666666667 1.46607657168 0.0628730783096
-0.666666666667 1.67551608191 0.0537117460553
-0.666666666667 1.88495559215 0.29189295609
-0.666666666667 2.09439510239 0.136623162013
-0.666666666667 2.30383461263 0.311312129248
-0.666666666667 2.51327412287 0.213504843192
-0.666666666667 2.72271363311 0.375471473553
-0.666666666667 2.93215314335 0.295743150238
-0.666666666667 3.14159265359 0.265563671322
-0.666666666667 3.35103216383 0.160975485891
-0.666666666667 3.56047167407 0.282563456623
-0.666666666667 3.76991118431 0.5040725529
-0.666666666667 3.97935069455 0.476001434763
-0.666666666667 4.18879020479 0.229184444065
-0.666666666667 4.39822971503 0.187155310051
-0.666666666667 4.60766922527 0.445742816154
-0.666666666667 4.8171087355 0.175282340345
-0.666666666667 5.02654824574 0.528092908645
-0.666666666667 5.23598775598 0.243396098448
-0.666666666667 5.44542726622 0.155702116567
-0.666666666667 5.65486677646 0.269528488921
-0.666666666667 5.8643062867 0.34067900229
-0.666666666667 6.07374579694 0.0538248306651

-0.6 0 0.678012410792
-0.6 0.209439510239 0.280251871769
-0.6 0.418879020479 0.395273921987
-0.6 0.628318530718 0.786578387384
-0.6 0.837758040957 0.874438124061
-0.6 1.0471975512 0.59310295622
-0.6 1.25663706144 0.227388561359
-0.6 1.46607657168 0.110759793906
-0.6 1.67551608191 0.0383463247255
-0.6 1.88495559215 0.254051371532
-0.6 2.09439510239 0.151570763531
-0.6 2.30383461263 0.320253556408
-0.6 2.51327412287 0.21427165827
-0.6 2.72271363311 0.337703038526
-0.6 2.93215314335 0.283190451163
-0.6 3.14159265359 0.292907964853
-0.6 3.35103216383 0.161916552671
-0.6 3.56047167407 0.379815594689
-0.6 3.76991118431 0.52995479054
-0.6 3.97935069455 0.438168342465
-0.6 4.18879020479 0.212142708268
-0.6 4.39822971503 0.0370072484081
-0.6 4.60766922527 0.311149417479
-0.6 4.8171087355 0.247533293321
-0.6 5.02654824574 0.450590948096
-0.6 5.23598775598 0.286254564096
-0.6 5.44542726622 0.175067961402
-0.6 5.65486677646 0.293926769056
-0.6 5.8643062867 0.293367916591
-0.6 6.07374579694 0.0546858659551

-0.533333333333 0 0.580552031596
-0.533333333333 0.209439510239 0.157432625045
-0.533333333333 0.418879020479 0.54024181498
-0.533333333333 0.628318530718 0.803310167811
-0.533333333333 0.837758040957 0.908957370262
-0.533333333333 1.0471975512 0.748396563299
-0.533333333333 1.25663706144 0.295287291552
-0.533333333333 1.46607657168 0.143409140132
-0.533333333333 1.67551608191 0.0427541332628
-0.533333333333 1.88495559215 0.22336571723
-0.533333333333 2.09439510239 0.162275280697
-0.533333333333 2.30383461263 0.323414239082
-0.533333333333 2.51327412287 0.208114901141
-0.533333333333 2.72271363311 0.307767255438
-0.533333333333 2.93215314335 0.302140065887
-0.533333333333 3.14159265359 0.282173299296
-0.533333333333 3.35103216383 0.170143607424
-0.533333333333 3.56047167407 0.407874745071
-0.533333333333 3.76991118431 0.416222626596
-0.533333333333 3.97935069455 0.282206320222
-0.533333333333 4.18879020479 0.180376634653
-0.533333333333 4.39822971503 0.0285460327985
-0.533333333333 4.60766922527 0.181360297505
-0.533333333333 4.8171087355 0.29516406815
-0.533333333333 5.02654824574 0.406057146193
-0.533333333333 5.23598775598 0.303289080821
-0.533333333333 5.44542726622 0.188626675712
-0.533333333333 5.65486677646 0.310320676125
-0.533333333333 5.8643062867 0.237419810933
-0.533333333333 6.07374579694 0.128059889697

-0.466666666667 0 0.415343788197
-0.466666666667 0.209439510239 0.233466347513
-0.466666666667 0.418879020479 0.63322966959
-0.466666666667 0.628318530718 0.651823693782
-0.466666666667 0.837758040957 0.769113517627
-0.466666666667 1.0471975512 0.81655075029
-0.466666666667 1.25663706144 0.378500329481
-0.466666666667 1.46607657168 0.163290006333
-0.466666666667 1.67551608191 0.0544237083959
-0.466666666667 1.88495559215 0.203549429102
-0.466666666667 2.09439510239 0.168833787611
-0.466666666667 2.30383461263 0.322902112435
-0.466666666667 2.51327412287 0.199257416688
-0.466666666667 2.72271363311 0.290377971438
-0.466666666667 2.93215314335 0.32185475793
-0.466666666667 3.14159265359 0.258543843633
-0.466666666667 3.35103216383 0.191332906493
-0.466666666667 3.56047167407 0.405350618001
-0.466666666667 3.76991118431 0.299466751818
-0.466666666667 3.97935069455 0.1641277867
-0.466666666667 4.18879020479 0.179714350119
-0.466666666667 4.39822971503 0.107936803116
-0.466666666667 4.60766922527 0.120286803332
-0.466666666667 4.8171087355 0.303402992515
-0.466666666667 5.02654824574 0.390016537809
-0.466666666667 5.23598775598 0.307643230695
-0.466666666667 5.44542726622 0.197871940088
-0.466666666667 5.65486677646 0.319264152433
-0.466666666667 5.8643062867 0.187189591154
-0.466666666667 6.07374579694 0.216060710988

-0.4 0 0.276425118161
-0.4 0.209439510239 0.382742747276
-0.4 0.418879020479 0.624299399283
-0.4 0.628318530718 0.44674606619
-0.4 0.837758040957 0.556492154507
-0.4 1.0471975512 0.79337400367
-0.4 1.25663706144 0.46042006962
-0.4 1.46607657168 0.176766911814
-0.4 1.67551608191 0.0675721902483
-0.4 1.88495559215 0.193242664795
-0.4 2.09439510239 0.172060516099
-0.4 2.30383461263 0.320285881959
-0.4 2.51327412287 0.190279285215
-0.4 2.72271363311 0.283980357666
-0.4 2.93215314335 0.331859078857
-0.4 3.14159265359 0.240477297343
-0.4 3.35103216383 0.224345084815
-0.4 3.56047167407 0.403765679174
-0.4 3.76991118431 0.24276909776
-0.4 3.97935069455 0.139574096021
-0.4 4.18879020479 0.224320513311
-0.4 4.39822971503 0.214521407626
-0.4 4.60766922527 0.113243914486
-0.4 4.8171087355 0.290951214195
-0.4 5.02654824574 0.387534931022
-0.4 5.23598775598 0.307478897834
-0.4 5.44542726622 0.204655630623
-0.4 5.65486677646 0.322162072715
-0.4 5.8643062867 0.147456732154
-0.4 6.07374579694 0.286360238826

-0.333333333333 0 0.190314887564
-0.333333333333 0.209439510239 0.509839774345
-0.333333333333 0.418879020479 0.557215812054
-0.333333333333 0.628318530718 0.291960064265
-0.333333333333 0.837758040957 0.371933801816
-0.333333333333 1.0471975512 0.715144291155
-0.333333333333 1.25663706144 0.525498525127
-0.333333333333 1.46607657168 0.187996345207
-0.333333333333 1.67551608191 0.0798319856374
-0.333333333333 1.88495559215 0.18973851524
-0.333333333333 2.09439510239 0.17290241499
-0.333333333333 2.30383461263 0.316707042664
-0.333333333333 2.51327412287 0.182547982405
-0.333333333333 2.72271363311 0.285258626335
-0.333333333333 2.93215314335 0.332602745447
-0.333333333333 3.14159265359 0.2340864692
-0.333333333333 3.35103216383 0.264537004559
-0.333333333333 3.56047167407 0.40994598325
-0.333333333333 3.76991118431 0.242760244702
-0.333333333333 3.97935069455 0.185717347629
-0.333333333333 4.18879020479 0.291910931695
-0.333333333333 4.39822971503 0.315835745129
-0.333333333333 4.60766922527 0.128913533782
-0.333333333333 4.8171087355 0.274083379049
-0.333333333333 5.02654824574 0.388797920361
-0.333333333333 5.23598775598 0.30671534629
-0.333333333333 5.44542726622 0.21028181526
-0.333333333333 5.65486677646 0.320597407196
-0.333333333333 5.8643062867 0.11798155485
-0.333333333333 6.07374579694 0.330767332573

-0.266666666667 0 0.147953668151
-0.266666666667 0.209439510239 0.586483000152
-0.266666666667 0.418879020479 0.482337382612
-0.266666666667 0.628318530718 0.221692089502
-0.266666666667 0.837758040957 0.26440976722
-0.266666666667 1.0471975512 0.624687601983
-0.266666666667 1.25663706144 0.568496392687
-0.266666666667 1.46607657168 0.19846113835
-0.266666666667 1.67551608191 0.090303470221
-0.266666666667 1.88495559215 0.190505941774
-0.266666666667 2.09439510239 0.172182304464
-0.266666666667 2.30383461263 0.312987787622
-0.266666666667 2.51327412287 0.176669975702
-0.266666666667 2.72271363311 0.291165076021
-0.266666666667 2.93215314335 0.32780554174
-0.266666666667 3.14159265359 0.238325069004
-0.266666666667 3.35103216383 0.306063162985
-0.266666666667 3.56047167407 0.418170574292
-0.266666666667 3.76991118431 0.273772087782
-0.266666666667 3.97935069455 0.259129475327
-0.266666666667 4.18879020479 0.353728451695
-0.266666666667 4.39822971503 0.398911198339
-0.266666666667 4.60766922527 0.147916363188
-0.266666666667 4.8171087355 0.259593387312
-0.266666666667 5.02654824574 0.389982981842
-0.266666666667 5.23598775598 0.306851776828
-0.266666666667 5.44542726622 0.215435874231
-0.266666666667 5.65486677646 0.316085163518
-0.266666666667 5.8643062867 0.0967432672281
-0.266666666667 6.07374579694 0.352841612293

-0.2 0 0.132031046272
-0.2 0.209439510239 0.620272033296
-0.2 0.418879020479 0.423887323679
-0.2 0.628318530718 0.217758877196
-0.2 0.837758040957 0.234300819154
-0.2 1.0471975512 0.550667332972
-0.2 1.25663706144 0.592488725598
-0.2 1.46607657168 0.207813593949
-0.2 1.67551608191 0.0988288233172
-0.2 1.88495559215 0.193576960957
-0.2 2.09439510239 0.170513261447
-0.2 2.30383461263 0.309718686837
-0.2 2.51327412287 0.172843953409
-0.2 2.72271363311 0.299517143772
-0.2 2.93215314335 0.320726874097
-0.2 3.14159265359 0.249820502031
-0.2 3.35103216383 0.344166977521
-0.2 3.56047167407 0.422157744122
-0.2 3.76991118431 0.312725555061
-0.2 3.97935069455 0.325492698773
-0.2 4.18879020479 0.392167765122
-0.2 4.39822971503 0.458798733744
-0.2 4.60766922527 0.162818939084
-0.2 4.8171087355 0.24852747721
-0.2 5.02654824574 0.390742323771
-0.2 5.23598775598 0.308221703062
-0.2 5.44542726622 0.220323303724
-0.2 5.65486677646 0.309981800218
-0.2 5.8643062867 0.0814978518289
-0.2 6.07374579694 0.359249326884

-0.133333333333 0 0.128739092547
-0.133333333333 0.209439510239 0.62658050181
-0.133333333333 0.418879020479 0.385188101067
-0.133333333333 0.628318530718 0.245256163758
-0.133333333333 0.837758040957 0.256520110745
-0.133333333333 1.0471975512 0.503862573283
-0.133333333333 1.25663706144 0.603727477424
-0.133333333333 1.46607657168 0.214720311986
-0.133333333333 1.67551608191 0.10578290232
-0.133333333333 1.88495559215 0.197506369972
-0.133333333333 2.09439510239 0.168287111536
-0.133333333333 2.30383461263 0.307323067418
-0.133333333333 2.51327412287 0.171105158218
-0.133333333333 2.72271363311 0.308941001601
-0.133333333333 2.93215314335 0.313124563787
-0.133333333333 3.14159265359 0.265299523214
-0.133333333333 3.35103216383 0.376409274402
-0.133333333333 3.56047167407 0.419495677441
-0.133333333333 3.76991118431 0.345607427647
-0.133333333333 3.97935069455 0.366114360652
-0.133333333333 4.18879020479 0.40228846581
-0.133333333333 4.39822971503 0.494220000218
-0.133333333333 4.60766922527 0.171725120609
-0.133333333333 4.8171087355 0.239925009426
-0.133333333333 5.02654824574 0.392165506613
-0.133333333333 5.23598775598 0.310645701742
-0.133333333333 5.44542726622 0.224819480006
-0.133333333333 5.65486677646 0.30344956371
-0.133333333333 5.8643062867 0.0703465064064
-0.133333333333 6.07374579694 0.355953406776

-0.0666666666667 0 0.130027822979
-0.0666666666667 0.209439510239 0.617026997219
-0.0666666666667 0.418879020479 0.361061158617
-0.0666666666667 0.628318530718 0.274985697567
-0.0666666666667 0.837758040957 0.300231840489
-0.0666666666667 1.0471975512 0.482156993651
-0.0666666666667 1.25663706144 0.607871935511
-0.0666666666667 1.46607657168 0.217410580361
-0.0666666666667 1.67551608191 0.111989372542
-0.0666666666667 1.88495559215 0.201242324802
-0.0666666666667 2.09439510239 0.165686559348
-0.0666666666667 2.30383461263 0.306099865621
-0.0666666666667 2.51327412287 0.171484445042
-0.0666666666667 2.72271363311 0.318592904235
-0.0666666666667 2.93215314335 0.30546653196
-0.0666666666667 3.14159265359 0.282281770022
-0.0666666666667 3.35103216383 0.402588182822
-0.0666666666667 3.56047167407 0.411415150787
-0.0666666666667 3.76991118431 0.366003210858
-0.0666666666667 3.97935069455 0.374842453876
-0.0666666666667 4.18879020479 0.387140247366
-0.0666666666667 4.39822971503 0.506291900368
-0.0666666666667 4.60766922527 0.174615381318
-0.0666666666667 4.8171087355 0.232542461046
-0.0666666666667 5.02654824574 0.395763794053
-0.0666666666667 5.23598775598 0.31371021527
-0.0666666666667 5.44542726622 0.22858224939
-0.0666666666667 5.65486677646 0.297445964391
-0.0666666666667 5.8643062867 0.0618549739948
-0.0666666666667 6.07374579694 0.347174859598

6.12323399574e-17 0 0.132455398863
6.12323399574e-17 0.209439510239 0.597722418703
6.12323399574e-17 0.418879020479 0.345297428889
6.12323399574e-17 0.628318530718 0.289830298755
6.12323399574e-17 0.837758040957 0.339348087939
6.12323399574e-17 1.0471975512 0.477192722721
6.12323399574e-17 1.25663706144 0.608375831403
6.12323399574e-17 1.46607657168 0.213990804737
6.12323399574e-17 1.67551608191 0.118624979559
6.12323399574e-17 1.88495559215 0.204040205079
6.12323399574e-17 2.09439510239 0.162700173891
6.12323399574e-17 2.30383461263 0.306246913049
6.12323399574e-17 2.51327412287 0.174110747032
6.12323399574e-17 2.72271363311 0.327851782565
6.12323399574e-17 2.93215314335 0.297544247149
6.12323399574e-17 3.14159265359 0.29891175662
6.12323399574e-17 3.35103216383 0.423758462415
6.12323399574e-17 3.56047167407 0.401233691697
6.12323399574e-17 3.76991118431 0.371679309271
6.12323399574e-17 3.97935069455 0.35299722126
6.12323399574e-17 4.18879020479 0.353311630885
6.12323399574e-17 4.39822971503 0.497728302211
6.12323399574e-17 4.60766922527 0.172521402345
6.12323399574e-17 4.8171087355 0.225306097263
6.12323399574e-17 5.02654824574 0.40312498867
6.12323399574e-17 5.23598775598 0.31685139953
6.12323399574e-17 5.44542726622 0.231127050793
6.12323399574e-17 5.65486677646 0.292725327999
6.12323399574e-17 5.8643062867 0.0550127676283
6.12323399574e-17 6.07374579694 0.335482335983

0.0666666666667 0 0.13557120256
0.0666666666667 0.209439510239 0.570935793563
0.0666666666667 0.418879020479 0.333093561758
0.0666666666667 0.628318530718 0.283112169925
0.0666666666667 0.837758040957 0.356710269003
0.0666666666667 1.0471975512 0.479874964853
0.0666666666667 1.25663706144 0.606233536839
0.0666666666667 1.46607657168 0.202723582935
0.0666666666667 1.67551608191 0.127047835872
0.0666666666667 1.88495559215 0.205464465166
0.0666666666667 2.09439510239 0.159138055576
0.0666666666667 2.30383461263 0.307865272563
0.0666666666667 2.51327412287 0.179282661026
0.0666666666667 2.72271363311 0.336049155247
0.0666666666667 2.93215314335 0.289145947139
0.0666666666667 3.14159265359 0.313464083474
0.0666666666667 3.35103216383 0.440745285581
0.0666666666667 3.56047167407 0.392896809174
0.0666666666667 3.76991118431 0.361646956446
0.0666666666667 3.97935069455 0.305516589984
0.0666666666667 4.18879020479 0.308555027782
0.0666666666667 4.39822971503 0.472340862807
0.0666666666667 4.60766922527 0.167695582337
0.0666666666667 4.8171087355 0.217355971843
0.0666666666667 5.02654824574 0.415840489523
0.0666666666667 5.23598775598 0.319350771991
0.0666666666667 5.44542726622 0.231875448418
0.0666666666667 5.65486677646 0.289843565012
0.0666666666667 5.8643062867 0.0491620077119
0.0666666666667 6.07374579694 0.322189562513

0.133333333333 0 0.140623095762
0.133333333333 0.209439510239 0.537427231881
0.133333333333 0.418879020479 0.321153307397
0.133333333333 0.628318530718 0.25550053961
0.133333333333 0.837758040957 0.345821697651
0.133333333333 1.0471975512 0.484391599087
0.133333333333 1.25663706144 0.600084913462
0.133333333333 1.46607657168 0.182496386656
0.133333333333 1.67551608191 0.13846682559
0.133333333333 1.88495559215 0.205484347085
0.133333333333 2.09439510239 0.154660612534
0.133333333333 2.30383461263 0.310944851426
0.133333333333 2.51327412287 0.18752796946
0.133333333333 2.72271363311 0.342254648315
0.133333333333 2.93215314335 0.280723432227
0.133333333333 3.14159265359 0.323803983045
0.133333333333 3.35103216383 0.452361689753
0.133333333333 3.56047167407 0.389685452122
0.133333333333 3.76991118431 0.334930318119
0.133333333333 3.97935069455 0.239522727948
0.133333333333 4.18879020479 0.261292546245
0.133333333333 4.39822971503 0.435191440573
0.133333333333 4.60766922527 0.163542344926
0.133333333333 4.8171087355 0.208194099249
0.133333333333 5.02654824574 0.435430486795
0.133333333333 5.23598775598 0.320301263797
0.133333333333 5.44542726622 0.230190984498
0.133333333333 5.65486677646 0.289156091016
0.133333333333 5.8643062867 0.0439493412363
0.133333333333 6.07374579694 0.307754053884

0.2 0 0.149466586097
0.2 0.209439510239 0.498771523617
0.2 0.418879020479 0.307422971721
0.2 0.628318530718 0.212814857254
0.2 0.837758040957 0.311628139866
0.2 1.0471975512 0.490445597633
0.2 1.25663706144 0.585967279151
0.2 1.46607657168 0.153654510578
0.2 1.67551608191 0.153359809379
0.2 1.88495559215 0.204634432382
0.2 2.09439510239 0.148850005597
0.2 2.30383461263 0.315328091992
0.2 2.51327412287 0.199665430983
0.2 2.72271363311 0.345130960401
0.2 2.93215314335 0.274055697282
0.2 3.14159265359 0.327018916908
0.2 3.35103216383 0.453619286889
0.2 3.56047167407 0.392552431795
0.2 3.76991118431 0.29201673572
0.2 3.97935069455 0.165571540861
0.2 4.18879020479 0.221310901519
0.2 4.39822971503 0.39341570328
0.2 4.60766922527 0.163691066747
0.2 4.8171087355 0.198241327811
0.2 5.02654824574 0.463083394325
0.2 5.23598775598 0.318581228211
0.2 5.44542726622 0.225415077927
0.2 5.65486677646 0.290801485676
0.2 5.8643062867 0.0393210056736
0.2 6.07374579694 0.292109554525

0.266666666667 0 0.163339660416
0.266666666667 0.209439510239 0.459516639406
0.266666666667 0.418879020479 0.291605440434
0.266666666667 0.628318530718 0.164374594761
0.266666666667 0.837758040957 0.268989143811
0.266666666667 1.0471975512 0.501908248342
0.266666666667 1.25663706144 0.55659917776
0.266666666667 1.46607657168 0.119160600838
0.266666666667 1.67551608191 0.170656679939
0.266666666667 1.88495559215 0.204137293263
0.266666666667 2.09439510239 0.141377487607
0.266666666667 2.30383461263 0.320647729104
0.266666666667 2.51327412287 0.216874856444
0.266666666667 2.72271363311 0.342907647629
0.266666666667 2.93215314335 0.272814368565
0.266666666667 3.14159265359 0.319533965756
0.266666666667 3.35103216383 0.434851936412
0.266666666667 3.56047167407 0.397505925367
0.266666666667 3.76991118431 0.23901217456
0.266666666667 3.97935069455 0.100745165527
0.266666666667 4.18879020479 0.200809662974
0.266666666667 4.39822971503 0.35706677803
0.266666666667 4.60766922527 0.169883319302
0.266666666667 4.8171087355 0.190030624454
0.266666666667 5.02654824574 0.499066312626
0.266666666667 5.23598775598 0.312869856974
0.266666666667 5.44542726622 0.216915344332
0.266666666667 5.65486677646 0.294662904531
0.266666666667 5.8643062867 0.0355674174355
0.266666666667 6.07374579694 0.274949996853

0.333333333333 0 0.18133929912
0.333333333333 0.209439510239 0.428463590721
0.333333333333 0.418879020479 0.277384602653
0.333333333333 0.628318530718 0.121150508747
0.333333333333 0.837758040957 0.236194807874
0.333333333333 1.0471975512 0.519439657217
0.333333333333 1.25663706144 0.501384682565
0.333333333333 1.46607657168 0.085471054117
0.333333333333 1.67551608191 0.187060275971
0.333333333333 1.88495559215 0.205737695515
0.333333333333 2.09439510239 0.132359252013
0.333333333333 2.30383461263 0.326232433287
0.333333333333 2.51327412287 0.240770604716
0.333333333333 2.72271363311 0.333594929503
0.333333333333 2.93215314335 0.282649938008
0.333333333333 3.14159265359 0.298211938009
0.333333333333 3.35103216383 0.383908498544
0.333333333333 3.56047167407 0.392391373006
0.333333333333 3.76991118431 0.191560841144
0.333333333333 3.97935069455 0.0706767029615
0.333333333333 4.18879020479 0.214415934214
0.333333333333 4.39822971503 0.338224439885
0.333333333333 4.60766922527 0.178877709003
0.333333333333 4.8171087355 0.190106069763
0.333333333333 5.02654824574 0.541695083773
0.333333333333 5.23598775598 0.301742129492
0.333333333333 5.44542726622 0.204160484671
0.333333333333 5.65486677646 0.300301931437
0.333333333333 5.8643062867 0.0334154020221
0.333333333333 6.07374579694 0.255993413233

0.4 0 0.198968396543
0.4 0.209439510239 0.416980237928
0.4 0.418879020479 0.276774850879
0.4 0.628318530718 0.0949343483873
0.4 0.837758040957 0.223865487233
0.4 1.0471975512 0.529115341766
0.4 1.25663706144 0.410415676759
0.4 1.46607657168 0.0615180485358
0.4 1.67551608191 0.197569948152
0.4 1.88495559215 0.210775167382
0.4 2.09439510239 0.1230412895
0.4 2.30383461263 0.330972644996
0.4 2.51327412287 0.273445216801
0.4 2.72271363311 0.31567577252
0.4 2.93215314335 0.309937417989
0.4 3.14159265359 0.263001943038
0.4 3.35103216383 0.294625747849
0.4 3.56047167407 0.356466477823
0.4 3.76991118431 0.171771034313
0.4 3.97935069455 0.104795554486
0.4 4.18879020479 0.275385263971
0.4 4.39822971503 0.345264759606
0.4 4.60766922527 0.180174218898
0.4 4.8171087355 0.211117509351
0.4 5.02654824574 0.585855200986
0.4 5.23598775598 0.283888774227
0.4 5.44542726622 0.186836276813
0.4 5.65486677646 0.306863456916
0.4 5.8643062867 0.034148535999
0.4 6.07374579694 0.235215158417

0.466666666667 0 0.208066147774
0.466666666667 0.209439510239 0.430921175517
0.466666666667 0.418879020479 0.313808426911
0.466666666667 0.628318530718 0.102762974078
0.466666666667 0.837758040957 0.228731073419
0.466666666667 1.0471975512 0.501151417591
0.466666666667 1.25663706144 0.286033716723
0.466666666667 1.46607657168 0.0537283765022
0.466666666667 1.67551608191 0.198897090219
0.466666666667 1.88495559215 0.217876688864
0.466666666667 2.09439510239 0.11699403829
0.466666666667 2.30383461263 0.333141885374
0.466666666667 2.51327412287 0.31738569385
0.466666666667 2.72271363311 0.289662035197
0.466666666667 2.93215314335 0.357842443321
0.466666666667 3.14159265359 0.221112097339
0.466666666667 3.35103216383 0.182357339652
0.466666666667 3.56047167407 0.271149574499
0.466666666667 3.76991118431 0.192575120711
0.466666666667 3.97935069455 0.218182784713
0.466666666667 4.18879020479 0.383375474215
0.466666666667 4.39822971503 0.369580080994
0.466666666667 4.60766922527 0.159476289265
0.466666666667 4.8171087355 0.27213025852
0.466666666667 5.02654824574 0.621365106832
0.466666666667 5.23598775598 0.258504575601
0.466666666667 5.44542726622 0.165019886811
0.466666666667 5.65486677646 0.312956622609
0.466666666667 5.8643062867 0.0396993043289
0.466666666667 6.07374579694 0.212960553438

0.533333333333 0 0.200509991989
0.533333333333 0.209439510239 0.45477013597
0.533333333333 0.418879020479 0.415910532237
0.533333333333 0.628318530718 0.177276424101
0.533333333333 0.837758040957 0.249522546545
0.533333333333 1.0471975512 0.41967530116
0.533333333333 1.25663706144 0.156981295989
0.533333333333 1.46607657168 0.0587103915201
0.533333333333 1.67551608191 0.196104866559
0.533333333333 1.88495559215 0.219250941167
0.533333333333 2.09439510239 0.121903234484
0.533333333333 2.30383461263 0.33018318585
0.533333333333 2.51327412287 0.375012094541
0.533333333333 2.72271363311 0.260953466553
0.533333333333 2.93215314335 0.418872443901
0.533333333333 3.14159265359 0.190561754683
0.533333333333 3.35103216383 0.0950493942405
0.533333333333 3.56047167407 0.149583097602
0.533333333333 3.76991118431 0.237048818874
0.533333333333 3.97935069455 0.380009299367
0.533333333333 4.18879020479 0.500795639766
0.533333333333 4.39822971503 0.370131030565
0.533333333333 4.60766922527 0.115478647872
0.533333333333 4.8171087355 0.392614741324
0.533333333333 5.02654824574 0.632133945282
0.533333333333 5.23598775598 0.225855217406
0.533333333333 5.44542726622 0.139428645717
0.533333333333 5.65486677646 0.316536225966
0.533333333333 5.8643062867 0.0525780474773
0.533333333333 6.07374579694 0.1897623685

0.6 0 0.177718876749
0.6 0.209439510239 0.438707760855
0.6 0.418879020479 0.57177026345
0.6 0.628318530718 0.357840168061
0.6 0.837758040957 0.318584924871
0.6 1.0471975512 0.329261135006
0.6 1.25663706144 0.0714135578461
0.6 1.46607657168 0.0665294606097
0.6 1.67551608191 0.205226052339
0.6 1.88495559215 0.198722908695
0.6 2.09439510239 0.151368763982
0.6 2.30383461263 0.318529028062
0.6 2.51327412287 0.447239089767
0.6 2.72271363311 0.243896617365
0.6 2.93215314335 0.467179546794
0.6 3.14159265359 0.196847010895
0.6 3.35103216383 0.0888407105874
0.6 3.56047167407 0.0641238794783
0.6 3.76991118431 0.259805411535
0.6 3.97935069455 0.490131698495
0.6 4.18879020479 0.532442374776
0.6 4.39822971503 0.284200322279
0.6 4.60766922527 0.0914629393323
0.6 4.8171087355 0.573670553361
0.6 5.02654824574 0.5982116011
0.6 5.23598775598 0.18793943154
0.6 5.44542726622 0.111754264223
0.6 5.65486677646 0.314844487354
0.6 5.8643062867 0.0753656763467
0.6 6.07374579694 0.165719660129

0.666666666667 0 0.161777401202
0.666666666667 0.209439510239 0.323251507638
0.666666666667 0.418879020479 0.66051686853
0.666666666667 0.628318530718 0.601940520816
0.666666666667 0.837758040957 0.465000368335
0.666666666667 1.0471975512 0.302594471714
0.666666666667 1.25663706144 0.0503260205033
0.666666666667 1.46607657168 0.0888297227425
0.666666666667 1.67551608191 0.230902156039
0.666666666667 1.88495559215 0.143202942455
0.666666666667 2.09439510239 0.223444117349
0.666666666667 2.30383461263 0.293721827891
0.666666666667 2.51327412287 0.52971966258
0.666666666667 2.72271363311 0.264271872764
0.666666666667 2.93215314335 0.464805580766
0.666666666667 3.14159265359 0.254290695169
0.666666666667 3.35103216383 0.155939371417
0.666666666667 3.56047167407 0.0920783463767
0.666666666667 3.76991118431 0.227504055655
0.666666666667 3.97935069455 0.420337771297
0.666666666667 4.18879020479 0.369951239555
0.666666666667 4.39822971503 0.113482162069
0.666666666667 4.60766922527 0.191975522056
0.666666666667 4.8171087355 0.76576613698
0.666666666667 5.02654824574 0.504104889486
0.666666666667 5.23598775598 0.148970936211
0.666666666667 5.44542726622 0.0850750292652
0.666666666667 5.65486677646 0.304547514151
0.666666666667 5.8643062867 0.10929988964
0.666666666667 6.07374579694 0.139686379014

0.733333333333 0 0.186848961592
0.733333333333 0.209439510239 0.140398114406
0.733333333333 0.418879020479 0.480107837337
0.733333333333 0.628318530718 0.65039933176
0.733333333333 0.837758040957 0.539083450434
0.733333333333 1.0471975512 0.283323337392
0.733333333333 1.25663706144 0.0636494030078
0.733333333333 1.46607657168 0.164291979009
0.733333333333 1.67551608191 0.216058053183
0.733333333333 1.88495559215 0.0876887764829
0.733333333333 2.09439510239 0.345010260013
0.733333333333 2.30383461263 0.251694232321
0.733333333333 2.51327412287 0.604357566453
0.733333333333 2.72271363311 0.349506658672
0.733333333333 2.93215314335 0.405781881794
0.733333333333 3.14159265359 0.343905473466
0.733333333333 3.35103216383 0.204127115493
0.733333333333 3.56047167407 0.168529653024
0.733333333333 3.76991118431 0.148036684276
0.733333333333 3.97935069455 0.168875741092
0.733333333333 4.18879020479 0.0823182940303
0.733333333333 4.39822971503 0.060237819279
0.733333333333 4.60766922527 0.496920224296
0.733333333333 4.8171087355 0.848224606002
0.733333333333 5.02654824574 0.355991384889
0.733333333333 5.23598775598 0.115117540266
0.733333333333 5.44542726622 0.0642890970333
0.733333333333 5.65486677646 0.28234485514
0.733333333333 5.8643062867 0.151347916946
0.733333333333 6.07374579694 0.109559817685

0.8 0 0.23935771299
0.8 0.209439510239 0.10098554556
0.8 0.418879020479 0.112913475477
0.8 0.628318530718 0.267741269718
0.8 0.837758040957 0.268025005201
0.8 1.0471975512 0.13963871893
0.8 1.25663706144 0.119557982879
0.8 1.46607657168 0.236901050856
0.8 1.67551608191 0.0953659505147
0.8 1.88495559215 0.16348641644
0.8 2.09439510239 0.462783351795
0.8 2.30383461263 0.1932809775
0.8 2.51327412287 0.625860811032
0.8 2.72271363311 0.48478376418
0.8 2.93215314335 0.379048177159
0.8 3.14159265359 0.454924520595
0.8 3.35103216383 0.237987079394
0.8 3.56047167407 0.169731168945
0.8 3.76991118431 0.0975777131412
0.8 3.97935069455 0.0405854992309
0.8 4.18879020479 0.0920213175789
0.8 4.39822971503 0.399500295371
0.8 4.60766922527 0.824621983172
0.8 4.8171087355 0.691361963051
0.8 5.02654824574 0.201128215164
0.8 5.23598775598 0.0927818371219
0.8 5.44542726622 0.0563904300461
0.8 5.65486677646 0.24659754859
0.8 5.8643062867 0.189620935493
0.8 6.07374579694 0.0765002937979

0.866666666667 0 0.195659494155
0.866666666667 0.209439510239 0.277076393625
0.866666666667 0.418879020479 0.165528502129
0.866666666667 0.628318530718 0.0919707561842
0.866666666667 0.837758040957 0.0972554229646
0.866666666667 1.0471975512 0.153429433923
0.866666666667 1.25663706144 0.223173188844
0.866666666667 1.46607657168 0.158357071497
0.866666666667 1.67551608191 0.0877917231368
0.866666666667 1.88495559215 0.41065864969
0.866666666667 2.09439510239 0.418408845247
0.866666666667 2.30383461263 0.13329278354
0.866666666667 2.51327412287 0.527046467744
0.866666666667 2.72271363311 0.544694993036
0.866666666667 2.93215314335 0.465718871684
0.866666666667 3.14159265359 0.637647355882
0.866666666667 3.35103216383 0.515659181594
0.866666666667 3.56047167407 0.353961205364
0.866666666667 3.76991118431 0.318477004317
0.866666666667 3.97935069455 0.388206322671
0.866666666667 4.18879020479 0.573154769739
0.866666666667 4.39822971503 0.780485734128
0.866666666667 4.60766922527 0.732266510506
0.866666666667 4.8171087355 0.36129766849
0.866666666667 5.02654824574 0.115639553022
0.866666666667 5.23598775598 0.0857996380793
0.866666666667 5.44542726622 0.0700787690589
0.866666666667 5.65486677646 0.200973797982
0.866666666667 5.8643062867 0.200038667097
0.866666666667 6.07374579694 0.0542456316188

0.933333333333 0 0.0286873873239
0.933333333333 0.209439510239 0.124754595022
0.933333333333 0.418879020479 0.23617233796
0.933333333333 0.628318530718 0.285199294058
0.933333333333 0.837758040957 0.281946878612
0.933333333333 1.0471975512 0.244592382648
0.933333333333 1.25663706144 0.192078189477
0.933333333333 1.46607657168 0.197756002317
0.933333333333 1.67551608191 0.313583548195
0.933333333333 1.88495559215 0.349903914785
0.933333333333 2.09439510239 0.154771628534
0.933333333333 2.30383461263 0.104117202242
0.933333333333 2.51327412287 0.309862255764
0.933333333333 2.72271363311 0.37003854085
0.933333333333 2.93215314335 0.390361300314
0.933333333333 3.14159265359 0.596372302331
0.933333333333 3.35103216383 0.782940925122
0.933333333333 3.56047167407 0.817656887418
0.933333333333 3.76991118431 0.782796231114
0.933333333333 3.97935069455 0.74608100595
0.933333333333 4.18879020479 0.68633882787
0.933333333333 4.39822971503 0.551286816266
0.933333333333 4.60766922527 0.348308416889
0.933333333333 4.8171087355 0.177525191667
0.933333333333 5.02654824574 0.10938114659
0.933333333333 5.23598775598 0.09876238897
0.933333333333 5.44542726622 0.112976297757
0.933333333333 5.65486677646 0.161606136892
0.933333333333 5.8643062867 0.160251256593
0.933333333333 6.07374579694 0.063574867094

