-1 0 0.629351445745
-1 0.209439510239 0.629351445745
-1 0.418879020479 0.629351445745
-1 0.628318530718 0.629351445744
-1 0.837758040957 0.629351445744
-1 1.0471975512 0.629351445744
-1 1.25663706144 0.629351445744
-1 1.46607657168 0.629351445745
-1 1.67551608191 0.629351445745
-1 1.88495559215 0.629351445745
-1 2.09439510239 0.629351445744
-1 2.30383461263 0.629351445744
-1 2.51327412287 0.629351445744
-1 2.72271363311 0.629351445744
-1 2.93215314335 0.629351445744
-1 3.14159265359 0.629351445745
-1 3.35103216383 0.629351445745
-1 3.56047167407 0.629351445745
-1 3.76991118431 0.629351445744
-1 3.97935069455 0.629351445744
-1 4.18879020479 0.629351445744
-1 4.39822971503 0.629351445744
-1 4.60766922527 0.629351445745
-1 4.8171087355 0.629351445745
-1 5.02654824574 0.629351445745
-1 5.23598775598 0.629351445744
-1 5.44542726622 0.629351445744
-1 5.65486677646 0.629351445744
-1 5.8643062867 0.629351445744
-1 6.07374579694 0.629351445744

-0.933333333333 0 0.699219509744
-0.933333333333 0.209439510239 0.527493566554
-0.933333333333 0.418879020479 0.479746637179
-0.933333333333 0.628318530718 0.529710149445
-0.933333333333 0.837758040957 0.645610883949
-0.933333333333 1.0471975512 0.824687747449
-0.933333333333 1.25663706144 1.03678949471
-0.933333333333 1.46607657168 1.16936237601
-0.933333333333 1.67551608191 1.07819396494
-0.933333333333 1.88495559215 0.860024612157
-0.933333333333 2.09439510239 0.801398673332
-0.933333333333 2.30383461263 0.718044804996
-0.933333333333 2.51327412287 0.393691409227
-0.933333333333 2.72271363311 0.289970534116
-0.933333333333 2.93215314335 0.503794085508
-0.933333333333 3.14159265359 0.637307915766
-0.933333333333 3.35103216383 0.626808265284
-0.933333333333 3.56047167407 0.618514579534
-0.933333333333 3.76991118431 0.658160519278
-0.933333333333 3.97935069455 0.714461865091
-0.933333333333 4.18879020479 0.73984070642
-0.933333333333 4.39822971503 0.692186918416
-0.933333333333 4.60766922527 0.574343298488
-0.933333333333 4.8171087355 0.449431072583
-0.933333333333 5.02654824574 0.435187818557
-0.933333333333 5.23598775598 0.631910700634
-0.933333333333 5.44542726622 0.814055178354
-0.933333333333 5.65486677646 0.768760853774
-0.933333333333 5.8643062867 0.783697675734
-0.933333333333 6.07374579694 0.838787653847

-0.866666666667 0 0.242561988733
-0.866666666667 0.209439510239 0.145835868146
-0.866666666667 0.418879020479 0.0882213856933
-0.866666666667 0.628318530718 0.0438659814657
-0.866666666667 0.837758040957 0.0399132315965
-0.866666666667 1.0471975512 0.115498245461
-0.866666666667 1.25663706144 0.384642455473
-0.866666666667 1.46607657168 0.974148149037
-0.866666666667 1.67551608191 1.63490530601
-0.866666666667 1.88495559215 1.41417469869
-0.866666666667 2.09439510239 0.699126000837
-0.866666666667 2.30383461263 0.611755182546
-0.866666666667 2.51327412287 0.274563774134
-0.866666666667 2.72271363311 0.272896643474
-0.866666666667 2.93215314335 0.530849175225
-0.866666666667 3.14159265359 0.478485658981
-0.866666666667 3.35103216383 0.414159689473
-0.866666666667 3.56047167407 0.407315831493
-0.866666666667 3.76991118431 0.418114639575
-0.866666666667 3.97935069455 0.485288086139
-0.866666666667 4.18879020479 0.671898055107
-0.866666666667 4.39822971503 0.904200317348
-0.866666666667 4.60766922527 0.882844667477
-0.866666666667 4.8171087355 0.544660587884
-0.866666666667 5.02654824574 0.291217526064
-0.866666666667 5.23598775598 0.654225622929
-0.866666666667 5.44542726622 0.996421389462
-0.866666666667 5.65486677646 0.55469916675
-0.866666666667 5.8643062867 0.59520566174
-0.866666666667 6.07374579694 0.564849453317

-0.8 0 0.0717632598744
-0.8 0.209439510239 0.198491022814
-0.8 0.418879020479 0.459735847248
-0.8 0.628318530718 0.640150471173
-0.8 0.837758040957 0.537526648667
-0.8 1.0471975512 0.262452297629
-0.8 1.25663706144 0.0762139701618
-0.8 1.46607657168 0.261109149039
-0.8 1.67551608191 1.26021984814
-0.8 1.88495559215 2.00392670524
-0.8 2.09439510239 0.84753858055
-0.8 2.30383461263 0.488822617959
-0.8 2.51327412287 0.195986113944
-0.8 2.72271363311 0.280007425317
-0.8 2.93215314335 0.453511647697
-0.8 3.14159265359 0.303379480431
-0.8 3.35103216383 0.25577264661
-0.8 3.56047167407 0.243940105542
-0.8 3.76991118431 0.198394370967
-0.8 3.97935069455 0.127150408944
-0.8 4.18879020479 0.140999665603
-0.8 4.39822971503 0.478126585413
-0.8 4.60766922527 0.929147332146
-0.8 4.8171087355 0.789937068144
-0.8 5.02654824574 0.314967032887
-0.8 5.23598775598 0.611103128347
-0.8 5.44542726622 1.02187712426
-0.8 5.65486677646 0.396642792067
-0.8 5.8643062867 0.525169615565
-0.8 6.07374579694 0.29427654282

-0.733333333333 0 0.154952969821
-0.733333333333 0.209439510239 0.850462007176
-0.733333333333 0.418879020479 1.4256592005
-0.733333333333 0.628318530718 1.53262445076
-0.733333333333 0.837758040957 1.26177335146
-0.733333333333 1.0471975512 0.773418404966
-0.733333333333 1.25663706144 0.328093660933
-0.733333333333 1.46607657168 0.10422206069
-0.733333333333 1.67551608191 0.634629284936
-0.733333333333 1.88495559215 2.16425374986
-0.733333333333 2.09439510239 1.13532530168
-0.733333333333 2.30383461263 0.380252107206
-0.733333333333 2.51327412287 0.150103323848
-0.733333333333 2.72271363311 0.286847643937
-0.733333333333 2.93215314335 0.344014942279
-0.733333333333 3.14159265359 0.225278144343
-0.733333333333 3.35103216383 0.29793428607
-0.733333333333 3.56047167407 0.333431482967
-0.733333333333 3.76991118431 0.297077085892
-0.733333333333 3.97935069455 0.239409367664
-0.733333333333 4.18879020479 0.114457384059
-0.733333333333 4.39822971503 0.114193643725
-0.733333333333 4.60766922527 0.679015335707
-0.733333333333 4.8171087355 0.921727633994
-0.733333333333 5.02654824574 0.435613743801
-0.733333333333 5.23598775598 0.549495140242
-0.733333333333 5.44542726622 0.974884142065
-0.733333333333 5.65486677646 0.372419531557
-0.733333333333 5.8643062867 0.439111414482
-0.733333333333 6.07374579694 0.135254909752

-0.666666666667 0 0.569715469262
-0.666666666667 0.209439510239 1.66256999186
-0.666666666667 0.418879020479 1.81833669315
-0.666666666667 0.628318530718 1.74718107181
-0.666666666667 0.837758040957 1.5159597302
-0.666666666667 1.0471975512 1.01210312194
-0.666666666667 1.25663706144 0.497493584246
-0.666666666667 1.46607657168 0.220266301131
-0.666666666667 1.67551608191 0.274916204292
-0.666666666667 1.88495559215 1.99070137066
-0.666666666667 2.09439510239 1.44427186616
-0.666666666667 2.30383461263 0.292897010104
-0.666666666667 2.51327412287 0.127385340485
-0.666666666667 2.72271363311 0.282582862337
-0.666666666667 2.93215314335 0.248958756028
-0.666666666667 3.14159265359 0.268355179337
-0.666666666667 3.35103216383 0.399415250197
-0.666666666667 3.56047167407 0.366006835
-0.666666666667 3.76991118431 0.314802684963
-0.666666666667 3.97935069455 0.369420655471
-0.666666666667 4.18879020479 0.398520253645
-0.666666666667 4.39822971503 0.169946355589
-0.666666666667 4.60766922527 0.448403151127
-0.666666666667 4.8171087355 0.922326030187
-0.666666666667 5.02654824574 0.56620610239
-0.666666666667 5.23598775598 0.491198353588
-0.666666666667 5.44542726622 0.927325547025
-0.666666666667 5.65486677646 0.392572000654
-0.666666666667 5.8643062867 0.347522992474
-0.666666666667 6.07374579694 0.125207711684

-0.6 0 1.17701491958
-0.6 0.209439510239 1.97824585725
-0.6 0.418879020479 1.59437883071
-0.6 0.628318530718 1.76082300736
-0.6 0.837758040957 1.73886273462
-0.6 1.0471975512 1.23300596032
-0.6 1.25663706144 0.57184558442
-0.6 1.46607657168 0.291710603985
-0.6 1.67551608191 0.182508707484
-0.6 1.88495559215 1.68704961718
-0.6 2.09439510239 1.71045332302
-0.6 2.30383461263 0.225804023942
-0.6 2.51327412287 0.119533442128
-0.6 2.72271363311 0.266328750224
-0.6 2.93215314335 0.195314238284
-0.6 3.14159265359 0.363367370925
-0.6 3.35103216383 0.42483694183
-0.6 3.56047167407 0.301762372667
-0.6 3.76991118431 0.241158930384
-0.6 3.97935069455 0.339455355604
-0.6 4.18879020479 0.570943778001
-0.6 4.39822971503 0.438589809838
-0.6 4.60766922527 0.373904048571
-0.6 4.8171087355 0.885681447885
-0.6 5.02654824574 0.660081598123
-0.6 5.23598775598 0.448118168362
-0.6 5.44542726622 0.898412089373
-0.6 5.65486677646 0.398155646858
-0.6 5.8643062867 0.315593165643
-0.6 6.07374579694 0.233219038301

-0.533333333333 0 1.68384945968
-0.533333333333 0.209439510239 1.74095653394
-0.533333333333 0.418879020479 1.29375141772
-0.533333333333 0.628318530718 1.88232003168
-0.533333333333 0.837758040957 2.05180741648
-0.533333333333 1.0471975512 1.58883908679
-0.533333333333 1.25663706144 0.718443248507
-0.533333333333 1.46607657168 0.285507664432
-0.533333333333 1.67551608191 0.212937804197
-0.533333333333 1.88495559215 1.38867918971
-0.533333333333 2.09439510239 1.91267266766
-0.533333333333 2.30383461263 0.175693673447
-0.533333333333 2.51327412287 0.120421603193
-0.533333333333 2.72271363311 0.242101513102
-0.533333333333 2.93215314335 0.185427298931
-0.533333333333 3.14159265359 0.442322069103
-0.533333333333 3.35103216383 0.386150170726
-0.533333333333 3.56047167407 0.237040765207
-0.533333333333 3.76991118431 0.174264931784
-0.533333333333 3.97935069455 0.222265602341
-0.533333333333 4.18879020479 0.51222503151
-0.533333333333 4.39822971503 0.628618343384
-0.533333333333 4.60766922527 0.399465428146
-0.533333333333 4.8171087355 0.875579133578
-0.533333333333 5.02654824574 0.713667241345
-0.533333333333 5.23598775598 0.421600534478
-0.533333333333 5.44542726622 0.885235956995
-0.533333333333 5.65486677646 0.379437196495
-0.533333333333 5.8643062867 0.357954039768
-0.533333333333 6.07374579694 0.399270535574

-0.466666666667 0 1.93468174778
-0.466666666667 0.209439510239 1.27335949276
-0.466666666667 0.418879020479 1.12077168381
-0.466666666667 0.628318530718 1.92528884136
-0.466666666667 0.837758040957 2.22853484732
-0.466666666667 1.0471975512 1.96247309865
-0.466666666667 1.25663706144 0.975142030627
-0.466666666667 1.46607657168 0.269018908643
-0.466666666667 1.67551608191 0.263081029048
-0.466666666667 1.88495559215 1.15136731538
-0.466666666667 2.09439510239 2.05301949619
-0.466666666667 2.30383461263 0.139003921841
-0.466666666667 2.51327412287 0.125966016516
-0.466666666667 2.72271363311 0.214793252309
-0.466666666667 2.93215314335 0.206826969327
-0.466666666667 3.14159265359 0.480796984081
-0.466666666667 3.35103216383 0.335024103409
-0.466666666667 3.56047167407 0.207984227979
-0.466666666667 3.76991118431 0.141000882355
-0.466666666667 3.97935069455 0.118439580876
-0.466666666667 4.18879020479 0.349197423993
-0.466666666667 4.39822971503 0.649241947864
-0.466666666667 4.60766922527 0.434563511279
-0.466666666667 4.8171087355 0.893974775662
-0.466666666667 5.02654824574 0.743795976702
-0.466666666667 5.23598775598 0.407806258687
-0.466666666667 5.44542726622 0.881568788098
-0.466666666667 5.65486677646 0.345054658267
-0.466666666667 5.8643062867 0.450086502873
-0.466666666667 6.07374579694 0.568863275341

-0.4 0 1.95156501895
-0.4 0.209439510239 0.841404785867
-0.4 0.418879020479 0.993695162055
-0.4 0.628318530718 1.72686466442
-0.4 0.837758040957 2.13714989606
-0.4 1.0471975512 2.21545421784
-0.4 1.25663706144 1.28376485532
-0.4 1.46607657168 0.288178706243
-0.4 1.67551608191 0.292884078976
-0.4 1.88495559215 0.982933430385
-0.4 2.09439510239 2.14304460575
-0.4 2.30383461263 0.112616619278
-0.4 2.51327412287 0.133662583134
-0.4 2.72271363311 0.18825703496
-0.4 2.93215314335 0.24389015333
-0.4 3.14159265359 0.485011360811
-0.4 3.35103216383 0.297845673883
-0.4 3.56047167407 0.202512153041
-0.4 3.76991118431 0.129517856602
-0.4 3.97935069455 0.0739550292091
-0.4 4.18879020479 0.232960977288
-0.4 4.39822971503 0.572623674279
-0.4 4.60766922527 0.440311512948
-0.4 4.8171087355 0.918041043013
-0.4 5.02654824574 0.767204588093
-0.4 5.23598775598 0.402048614161
-0.4 5.44542726622 0.882938459296
-0.4 5.65486677646 0.305118557772
-0.4 5.8643062867 0.55997210114
-0.4 6.07374579694 0.710099177888

-0.333333333333 0 1.83070443191
-0.333333333333 0.209439510239 0.538351880876
-0.333333333333 0.418879020479 0.832697473349
-0.333333333333 0.628318530718 1.34235720863
-0.333333333333 0.837758040957 1.83570108001
-0.333333333333 1.0471975512 2.30644502461
-0.333333333333 1.25663706144 1.57812725011
-0.333333333333 1.46607657168 0.349546243757
-0.333333333333 1.67551608191 0.298589031198
-0.333333333333 1.88495559215 0.871116880126
-0.333333333333 2.09439510239 2.19614662351
-0.333333333333 2.30383461263 0.0940536254341
-0.333333333333 2.51327412287 0.142108182118
-0.333333333333 2.72271363311 0.164870453467
-0.333333333333 2.93215314335 0.284303600428
-0.333333333333 3.14159265359 0.47013913716
-0.333333333333 3.35103216383 0.276998684676
-0.333333333333 3.56047167407 0.204363765987
-0.333333333333 3.76991118431 0.125937863241
-0.333333333333 3.97935069455 0.083484390625
-0.333333333333 4.18879020479 0.218811872354
-0.333333333333 4.39822971503 0.491311764782
-0.333333333333 4.60766922527 0.421428094126
-0.333333333333 4.8171087355 0.930431486521
-0.333333333333 5.02654824574 0.792983447109
-0.333333333333 5.23598775598 0.400615195185
-0.333333333333 5.44542726622 0.8869256907
-0.333333333333 5.65486677646 0.266555951386
-0.333333333333 5.8643062867 0.663639542916
-0.333333333333 6.07374579694 0.812437477138

-0.266666666667 0 1.66150758268
-0.266666666667 0.209439510239 0.354763099622
-0.266666666667 0.418879020479 0.64204644975
-0.266666666667 0.628318530718 0.924729980556
-0.266666666667 0.837758040957 1.45707496882
-0.266666666667 1.0471975512 2.26931540998
-0.266666666667 1.25663706144 1.82106941568
-0.266666666667 1.46607657168 0.438078931251
-0.266666666667 1.67551608191 0.288957427583
-0.266666666667 1.88495559215 0.799258117973
-0.266666666667 2.09439510239 2.22415550932
-0.266666666667 2.30383461263 0.0814675891091
-0.266666666667 2.51327412287 0.150611115439
-0.266666666667 2.72271363311 0.145789672333
-0.266666666667 2.93215314335 0.320659948402
-0.266666666667 3.14159265359 0.448691966976
-0.266666666667 3.35103216383 0.267047386868
-0.266666666667 3.56047167407 0.206523446908
-0.266666666667 3.76991118431 0.123054476339
-0.266666666667 3.97935069455 0.121519063032
-0.266666666667 4.18879020479 0.280022378926
-0.266666666667 4.39822971503 0.447819804862
-0.266666666667 4.60766922527 0.394789180086
-0.266666666667 4.8171087355 0.926563436549
-0.266666666667 5.02654824574 0.823204699704
-0.266666666667 5.23598775598 0.401117000728
-0.266666666667 5.44542726622 0.89249278217
-0.266666666667 5.65486677646 0.233083440081
-0.266666666667 5.8643062867 0.747890671455
-0.266666666667 6.07374579694 0.878157261772

-0.2 0 1.49996826605
-0.2 0.209439510239 0.253547973384
-0.2 0.418879020479 0.461648586822
-0.2 0.628318530718 0.590551280848
-0.2 0.837758040957 1.10942357724
-0.2 1.0471975512 2.16180683468
-0.2 1.25663706144 2.0033188958
-0.2 1.46607657168 0.533609222166
-0.2 1.67551608191 0.273450627766
-0.2 1.88495559215 0.752886843441
-0.2 2.09439510239 2.23623632528
-0.2 2.30383461263 0.0735648359486
-0.2 2.51327412287 0.158906168972
-0.2 2.72271363311 0.131392449255
-0.2 2.93215314335 0.349553676069
-0.2 3.14159265359 0.427892936329
-0.2 3.35103216383 0.263543917403
-0.2 3.56047167407 0.208051927658
-0.2 3.76991118431 0.118654389399
-0.2 3.97935069455 0.165722934325
-0.2 4.18879020479 0.366002920411
-0.2 4.39822971503 0.441312491894
-0.2 4.60766922527 0.371999803685
-0.2 4.8171087355 0.910489033315
-0.2 5.02654824574 0.855955744145
-0.2 5.23598775598 0.402245242512
-0.2 5.44542726622 0.899368242504
-0.2 5.65486677646 0.206264304761
-0.2 5.8643062867 0.807854486564
-0.2 6.07374579694 0.914604654487

-0.133333333333 0 1.37209901957
-0.133333333333 0.209439510239 0.203358073058
-0.133333333333 0.418879020479 0.32000295284
-0.133333333333 0.628318530718 0.380033973835
-0.133333333333 0.837758040957 0.846702850728
-0.133333333333 1.0471975512 2.03449663637
-0.133333333333 1.25663706144 2.13091001157
-0.133333333333 1.46607657168 0.618572179005
-0.133333333333 1.67551608191 0.25852785287
-0.133333333333 1.88495559215 0.721478352344
-0.133333333333 2.09439510239 2.23887998668
-0.133333333333 2.30383461263 0.069518411765
-0.133333333333 2.51327412287 0.166957347805
-0.133333333333 2.72271363311 0.121678519565
-0.133333333333 2.93215314335 0.369991280968
-0.133333333333 3.14159265359 0.410921283411
-0.133333333333 3.35103216383 0.264663211263
-0.133333333333 3.56047167407 0.209742607492
-0.133333333333 3.76991118431 0.113101576886
-0.133333333333 3.97935069455 0.204456727817
-0.133333333333 4.18879020479 0.440109892343
-0.133333333333 4.39822971503 0.455654253435
-0.133333333333 4.60766922527 0.35652865161
-0.133333333333 4.8171087355 0.889366043914
-0.133333333333 5.02654824574 0.887947558639
-0.133333333333 5.23598775598 0.403386493031
-0.133333333333 5.44542726622 0.907641974982
-0.133333333333 5.65486677646 0.18651951406
-0.133333333333 5.8643062867 0.843621010662
-0.133333333333 6.07374579694 0.929550802879

-0.0666666666667 0 1.28523533874
-0.0666666666667 0.209439510239 0.185065362843
-0.0666666666667 0.418879020479 0.222833128147
-0.0666666666667 0.628318530718 0.278708465578
-0.0666666666667 0.837758040957 0.680066581013
-0.0666666666667 1.0471975512 1.92127308591
-0.0666666666667 1.25663706144 2.21376346633
-0.0666666666667 1.46607657168 0.679768971919
-0.0666666666667 1.67551608191 0.247574142739
-0.0666666666667 1.88495559215 0.69823142876
-0.0666666666667 2.09439510239 2.23629303046
-0.0666666666667 2.30383461263 0.0688919822542
-0.0666666666667 2.51327412287 0.174823586843
-0.0666666666667 2.72271363311 0.116553845662
-0.0666666666667 2.93215314335 0.381978288918
-0.0666666666667 3.14159265359 0.398807502952
-0.0666666666667 3.35103216383 0.27020525082
-0.0666666666667 3.56047167407 0.212605492262
-0.0666666666667 3.76991118431 0.108145312075
-0.0666666666667 3.97935069455 0.234917984698
-0.0666666666667 4.18879020479 0.48786121055
-0.0666666666667 4.39822971503 0.477232481363
-0.0666666666667 4.60766922527 0.346644235917
-0.0666666666667 4.8171087355 0.87004329446
-0.0666666666667 5.02654824574 0.916005280024
-0.0666666666667 5.23598775598 0.404277380892
-0.0666666666667 5.44542726622 0.917532435014
-0.0666666666667 5.65486677646 0.173858544036
-0.0666666666667 5.8643062867 0.857522414526
-0.0666666666667 6.07374579694 0.929138579153

6.12323399574e-17 0 1.23755145038
6.12323399574e-17 0.209439510239 0.189209101716
6.12323399574e-17 0.418879020479 0.161203362658
6.12323399574e-17 0.628318530718 0.250878740966
6.12323399574e-17 0.837758040957 0.598233644733
6.12323399574e-17 1.0471975512 1.84000613637
6.12323399574e-17 1.25663706144 2.25781265918
6.12323399574e-17 1.46607657168 0.707830657387
6.12323399574e-17 1.67551608191 0.241852209821
6.12323399574e-17 1.88495559215 0.679333017349
6.12323399574e-17 2.09439510239 2.23084655431
6.12323399574e-17 2.30383461263 0.0715798482104
6.12323399574e-17 2.51327412287 0.18256613476
6.12323399574e-17 2.72271363311 0.115994170256
6.12323399574e-17 2.93215314335 0.385520213891
6.12323399574e-17 3.14159265359 0.391869508234
6.12323399574e-17 3.35103216383 0.280444299274
6.12323399574e-17 3.56047167407 0.218281867974
6.12323399574e-17 3.76991118431 0.106769112002
6.12323399574e-17 3.97935069455 0.259144261299
6.12323399574e-17 4.18879020479 0.510509051915
6.12323399574e-17 4.39822971503 0.49960411772
6.12323399574e-17 4.60766922527 0.338652470422
6.12323399574e-17 4.8171087355 0.857755791792
6.12323399574e-17 5.02654824574 0.937642847442
6.12323399574e-17 5.23598775598 0.404750824861
6.12323399574e-17 5.44542726622 0.929259756818
6.12323399574e-17 5.65486677646 0.168355243731
6.12323399574e-17 5.8643062867 0.852359271908
6.12323399574e-17 6.07374579694 0.917323409627

0.0666666666667 0 1.22369948204
0.0666666666667 0.209439510239 0.212733373563
0.0666666666667 0.418879020479 0.121888231394
0.0666666666667 0.628318530718 0.26131431998
0.0666666666667 0.837758040957 0.582084655065
0.0666666666667 1.0471975512 1.79456487741
0.0666666666667 1.25663706144 2.25967656204
0.0666666666667 1.46607657168 0.696800776186
0.0666666666667 1.67551608191 0.241338782615
0.0666666666667 1.88495559215 0.6633238203
0.0666666666667 2.09439510239 2.22344333931
0.0666666666667 2.30383461263 0.077759548446
0.0666666666667 2.51327412287 0.190181979274
0.0666666666667 2.72271363311 0.120096301572
0.0666666666667 2.93215314335 0.380014398046
0.0666666666667 3.14159265359 0.390619680155
0.0666666666667 3.35103216383 0.295283987955
0.0666666666667 3.56047167407 0.230003193238
0.0666666666667 3.76991118431 0.113638257711
0.0666666666667 3.97935069455 0.281347070406
0.0666666666667 4.18879020479 0.51698307036
0.0666666666667 4.39822971503 0.52135906786
0.0666666666667 4.60766922527 0.328908033397
0.0666666666667 4.8171087355 0.855998766782
0.0666666666667 5.02654824574 0.951124241894
0.0666666666667 5.23598775598 0.404571510881
0.0666666666667 5.44542726622 0.942979604305
0.0666666666667 5.65486677646 0.170444902135
0.0666666666667 5.8643062867 0.830423056874
0.0666666666667 6.07374579694 0.89597721265

0.133333333333 0 1.2371778909
0.133333333333 0.209439510239 0.257137723138
0.133333333333 0.418879020479 0.0937153475902
0.133333333333 0.628318530718 0.282780787362
0.133333333333 0.837758040957 0.610212580851
0.133333333333 1.0471975512 1.77373900994
0.133333333333 1.25663706144 2.20331520991
0.133333333333 1.46607657168 0.645262656815
0.133333333333 1.67551608191 0.245030953381
0.133333333333 1.88495559215 0.650735950564
0.133333333333 2.09439510239 2.21376815041
0.133333333333 2.30383461263 0.0878489267833
0.133333333333 2.51327412287 0.197559136235
0.133333333333 2.72271363311 0.129009094002
0.133333333333 2.93215314335 0.363997453644
0.133333333333 3.14159265359 0.396317220316
0.133333333333 3.35103216383 0.313388528269
0.133333333333 3.56047167407 0.252973295951
0.133333333333 3.76991118431 0.135536222139
0.133333333333 3.97935069455 0.30699765935
0.133333333333 4.18879020479 0.518760944497
0.133333333333 4.39822971503 0.542179977284
0.133333333333 4.60766922527 0.314927249475
0.133333333333 4.8171087355 0.866776867618
0.133333333333 5.02654824574 0.955341225531
0.133333333333 5.23598775598 0.403341926629
0.133333333333 5.44542726622 0.958746023362
0.133333333333 5.65486677646 0.181103183891
0.133333333333 5.8643062867 0.793088894871
0.133333333333 6.07374579694 0.865202573129

0.2 0 1.27040783283
0.2 0.209439510239 0.327858485524
0.2 0.418879020479 0.0704664605449
0.2 0.628318530718 0.294759797273
0.2 0.837758040957 0.65666821233
0.2 1.0471975512 1.74659772166
0.2 1.25663706144 2.06062394248
0.2 1.46607657168 0.559727666409
0.2 1.67551608191 0.250609813289
0.2 1.88495559215 0.643949988907
0.2 2.09439510239 2.2004368581
0.2 2.30383461263 0.102454163166
0.2 2.51327412287 0.204461147661
0.2 2.72271363311 0.142703190789
0.2 2.93215314335 0.335351827337
0.2 3.14159265359 0.411155644235
0.2 3.35103216383 0.331111919421
0.2 3.56047167407 0.292728257409
0.2 3.76991118431 0.180566113386
0.2 3.97935069455 0.342440349948
0.2 4.18879020479 0.526718290929
0.2 4.39822971503 0.559184800675
0.2 4.60766922527 0.296292858697
0.2 4.8171087355 0.890763179666
0.2 5.02654824574 0.949716232417
0.2 5.23598775598 0.400464862226
0.2 5.44542726622 0.976485013873
0.2 5.65486677646 0.201941748476
0.2 5.8643062867 0.740809550181
0.2 6.07374579694 0.823685019213

0.266666666667 0 1.31321038926
0.266666666667 0.209439510239 0.433952624627
0.266666666667 0.418879020479 0.053133223125
0.266666666667 0.628318530718 0.279612084883
0.266666666667 0.837758040957 0.684735805936
0.266666666667 1.0471975512 1.65936888277
0.266666666667 1.25663706144 1.80159780839
0.266666666667 1.46607657168 0.459656845788
0.266666666667 1.67551608191 0.253602524893
0.266666666667 1.88495559215 0.647042137727
0.266666666667 2.09439510239 2.18109882544
0.266666666667 2.30383461263 0.122287404164
0.266666666667 2.51327412287 0.210569003184
0.266666666667 2.72271363311 0.16049702605
0.266666666667 2.93215314335 0.292305775016
0.266666666667 3.14159265359 0.437612687873
0.266666666667 3.35103216383 0.342012643177
0.266666666667 3.56047167407 0.349551288088
0.266666666667 3.76991118431 0.253918473616
0.266666666667 3.97935069455 0.392815123186
0.266666666667 4.18879020479 0.547322840313
0.266666666667 4.39822971503 0.564504821195
0.266666666667 4.60766922527 0.275744960617
0.266666666667 4.8171087355 0.927187731786
0.266666666667 5.02654824574 0.9342213743
0.266666666667 5.23598775598 0.395162290281
0.266666666667 5.44542726622 0.99596669872
0.266666666667 5.65486677646 0.235225685352
0.266666666667 5.8643062867 0.673438170925
0.266666666667 6.07374579694 0.769087754123

0.333333333333 0 1.35022283158
0.333333333333 0.209439510239 0.586362711965
0.333333333333 0.418879020479 0.0542577620642
0.333333333333 0.628318530718 0.222985588966
0.333333333333 0.837758040957 0.645534450249
0.333333333333 1.0471975512 1.44723453118
0.333333333333 1.25663706144 1.42142669227
0.333333333333 1.46607657168 0.38023870358
0.333333333333 1.67551608191 0.246788964986
0.333333333333 1.88495559215 0.665166540747
0.333333333333 2.09439510239 2.15258022427
0.333333333333 2.30383461263 0.148020468983
0.333333333333 2.51327412287 0.21563502334
0.333333333333 2.72271363311 0.180235591295
0.333333333333 2.93215314335 0.235779624922
0.333333333333 3.14159265359 0.47580895225
0.333333333333 3.35103216383 0.339536129462
0.333333333333 3.56047167407 0.408745206511
0.333333333333 3.76991118431 0.34810217634
0.333333333333 3.97935069455 0.45594013192
0.333333333333 4.18879020479 0.5766967402
0.333333333333 4.39822971503 0.545580807743
0.333333333333 4.60766922527 0.260245438875
0.333333333333 4.8171087355 0.973508493698
0.333333333333 5.02654824574 0.909505480416
0.333333333333 5.23598775598 0.386568341125
0.333333333333 5.44542726622 1.01676790235
0.333333333333 5.65486677646 0.283788883966
0.333333333333 5.8643062867 0.590895326928
0.333333333333 6.07374579694 0.698605560851

0.4 0 1.35822372213
0.4 0.209439510239 0.79164348596
0.4 0.418879020479 0.104791770903
0.4 0.628318530718 0.127038240573
0.4 0.837758040957 0.497595535737
0.4 1.0471975512 1.07905753384
0.4 1.25663706144 0.982496064195
0.4 1.46607657168 0.363703327458
0.4 1.67551608191 0.221881428212
0.4 1.88495559215 0.702731264015
0.4 2.09439510239 2.11118676152
0.4 2.30383461263 0.180020412272
0.4 2.51327412287 0.219832493972
0.4 2.72271363311 0.197100303698
0.4 2.93215314335 0.17347950825
0.4 3.14159265359 0.517363070844
0.4 3.35103216383 0.326618607659
0.4 3.56047167407 0.434650483472
0.4 3.76991118431 0.430655031063
0.4 3.97935069455 0.512920100304
0.4 4.18879020479 0.59520115944
0.4 4.39822971503 0.490469414124
0.4 4.60766922527 0.26102850477
0.4 4.8171087355 1.02516826191
0.4 5.02654824574 0.876995072273
0.4 5.23598775598 0.373938498833
0.4 5.44542726622 1.03821754137
0.4 5.65486677646 0.3507917892
0.4 5.8643062867 0.49427675273
0.4 6.07374579694 0.609860914426

0.466666666667 0 1.30564711656
0.466666666667 0.209439510239 1.03705036016
0.466666666667 0.418879020479 0.256308709899
0.466666666667 0.628318530718 0.0412619177286
0.466666666667 0.837758040957 0.262147199449
0.466666666667 1.0471975512 0.633232418798
0.466666666667 1.25663706144 0.636702677022
0.466666666667 1.46607657168 0.4279002231
0.466666666667 1.67551608191 0.177038492068
0.466666666667 1.88495559215 0.759543268635
0.466666666667 2.09439510239 2.05325666786
0.466666666667 2.30383461263 0.217881623471
0.466666666667 2.51327412287 0.224386817154
0.466666666667 2.72271363311 0.20245537105
0.466666666667 2.93215314335 0.124651073537
0.466666666667 3.14159265359 0.536299093812
0.466666666667 3.35103216383 0.330576790441
0.466666666667 3.56047167407 0.390476598023
0.466666666667 3.76991118431 0.446715111906
0.466666666667 3.97935069455 0.525949959489
0.466666666667 4.18879020479 0.571711036373
0.466666666667 4.39822971503 0.398943198514
0.466666666667 4.60766922527 0.291158651946
0.466666666667 4.8171087355 1.07599378496
0.466666666667 5.02654824574 0.838687274964
0.466666666667 5.23598775598 0.357039496127
0.466666666667 5.44542726622 1.05931744633
0.466666666667 5.65486677646 0.43922968496
0.466666666667 5.8643062867 0.387528147747
0.466666666667 6.07374579694 0.502322180096

0.533333333333 0 1.15860097005
0.533333333333 0.209439510239 1.2666316663
0.533333333333 0.418879020479 0.556439428744
0.533333333333 0.628318530718 0.0887295432366
0.533333333333 0.837758040957 0.0901752996599
0.533333333333 1.0471975512 0.336062180041
0.533333333333 1.25663706144 0.552226502419
0.533333333333 1.46607657168 0.519299170913
0.533333333333 1.67551608191 0.132475841141
0.533333333333 1.88495559215 0.825109945666
0.533333333333 2.09439510239 1.97581097264
0.533333333333 2.30383461263 0.259629472907
0.533333333333 2.51327412287 0.232434749903
0.533333333333 2.72271363311 0.18446190047
0.533333333333 2.93215314335 0.119823666102
0.533333333333 3.14159265359 0.486427790568
0.533333333333 3.35103216383 0.400264089937
0.533333333333 3.56047167407 0.302202467867
0.533333333333 3.76991118431 0.36739170248
0.533333333333 3.97935069455 0.465228580143
0.533333333333 4.18879020479 0.488057576414
0.533333333333 4.39822971503 0.293375128923
0.533333333333 4.60766922527 0.360233073652
0.533333333333 4.8171087355 1.11977766318
0.533333333333 5.02654824574 0.79621661697
0.533333333333 5.23598775598 0.336800174773
0.533333333333 5.44542726622 1.0786265599
0.533333333333 5.65486677646 0.551061547882
0.533333333333 5.8643062867 0.279761691491
0.533333333333 6.07374579694 0.379285990387

0.6 0 0.898678196447
0.6 0.209439510239 1.3645216508
0.6 0.418879020479 0.968399162228
0.6 0.628318530718 0.406923692496
0.6 0.837758040957 0.223139829013
0.6 1.0471975512 0.420406517891
0.6 1.25663706144 0.712648364656
0.6 1.46607657168 0.513356184526
0.6 1.67551608191 0.144707698093
0.6 1.88495559215 0.875246459952
0.6 2.09439510239 1.87624044666
0.6 2.30383461263 0.300449958012
0.6 2.51327412287 0.249454709188
0.6 2.72271363311 0.135161836173
0.6 2.93215314335 0.18191012695
0.6 3.14159265359 0.330689286253
0.6 3.35103216383 0.538067073937
0.6 3.56047167407 0.306837916965
0.6 3.76991118431 0.276946204458
0.6 3.97935069455 0.3680270288
0.6 4.18879020479 0.371789392003
0.6 4.39822971503 0.214123233536
0.6 4.60766922527 0.470239577978
0.6 4.8171087355 1.15254076588
0.6 5.02654824574 0.748875386911
0.6 5.23598775598 0.316282830776
0.6 5.44542726622 1.09409124368
0.6 5.65486677646 0.685799000126
0.6 5.8643062867 0.188028726149
0.6 6.07374579694 0.250128736461

0.666666666667 0 0.55273182901
0.666666666667 0.209439510239 1.19227469996
0.666666666667 0.418879020479 1.26446355759
0.666666666667 0.628318530718 0.915845353338
0.666666666667 0.837758040957 0.693169239574
0.666666666667 1.0471975512 0.775017470755
0.666666666667 1.25663706144 0.798429047284
0.666666666667 1.46607657168 0.359373462787
0.666666666667 1.67551608191 0.284755895988
0.666666666667 1.88495559215 0.882494915979
0.666666666667 2.09439510239 1.74780421683
0.666666666667 2.30383461263 0.330987137756
0.666666666667 2.51327412287 0.280816886075
0.666666666667 2.72271363311 0.0720457110258
0.666666666667 2.93215314335 0.276697447323
0.666666666667 3.14159265359 0.120279452941
0.666666666667 3.35103216383 0.585892730571
0.666666666667 3.56047167407 0.498364260975
0.666666666667 3.76991118431 0.34509692608
0.666666666667 3.97935069455 0.33854562524
0.666666666667 4.18879020479 0.278585734192
0.666666666667 4.39822971503 0.193116305092
0.666666666667 4.60766922527 0.621903821566
0.666666666667 4.8171087355 1.17183521102
0.666666666667 5.02654824574 0.691113164583
0.666666666667 5.23598775598 0.301914512686
0.666666666667 5.44542726622 1.10278402999
0.666666666667 5.65486677646 0.838390303565
0.666666666667 5.8643062867 0.139700246985
0.666666666667 6.07374579694 0.132142664002

0.733333333333 0 0.21638456384
0.733333333333 0.209439510239 0.730297666223
0.733333333333 0.418879020479 1.10038251345
0.733333333333 0.628318530718 1.11954995787
0.733333333333 0.837758040957 0.986788603118
0.733333333333 1.0471975512 0.845516819918
0.733333333333 1.25663706144 0.550093748865
0.733333333333 1.46607657168 0.276230300761
0.733333333333 1.67551608191 0.548664598831
0.733333333333 1.88495559215 0.848711118151
0.733333333333 2.09439510239 1.56620661227
0.733333333333 2.30383461263 0.336531828148
0.733333333333 2.51327412287 0.32073065362
0.733333333333 2.72271363311 0.071567396541
0.733333333333 2.93215314335 0.28165240041
0.733333333333 3.14159265359 0.0302124630399
0.733333333333 3.35103216383 0.331063865462
0.733333333333 3.56047167407 0.583295101593
0.733333333333 3.76991118431 0.485662499698
0.733333333333 3.97935069455 0.347287196819
0.733333333333 4.18879020479 0.201531585624
0.733333333333 4.39822971503 0.255031959114
0.733333333333 4.60766922527 0.830295662289
0.733333333333 4.8171087355 1.16511974141
0.733333333333 5.02654824574 0.612471884533
0.733333333333 5.23598775598 0.304543288283
0.733333333333 5.44542726622 1.10046341541
0.733333333333 5.65486677646 0.99629774526
0.733333333333 5.8643062867 0.1722004993
0.733333333333 6.07374579694 0.0516726458271

0.8 0 0.0264408666015
0.8 0.209439510239 0.238435098524
0.8 0.418879020479 0.507426675627
0.8 0.628318530718 0.651612163183
0.8 0.837758040957 0.615223022485
0.8 1.0471975512 0.462241691429
0.8 1.25663706144 0.354091804032
0.8 1.46607657168 0.543718564396
0.8 1.67551608191 0.786492386928
0.8 1.88495559215 0.811081978098
0.8 2.09439510239 1.28005980774
0.8 2.30383461263 0.303927500318
0.8 2.51327412287 0.330137007533
0.8 2.72271363311 0.244168875369
0.8 2.93215314335 0.156899763806
0.8 3.14159265359 0.142631699651
0.8 3.35103216383 0.0275072775936
0.8 3.56047167407 0.207083184409
0.8 3.76991118431 0.260462399542
0.8 3.97935069455 0.175973403347
0.8 4.18879020479 0.168033173227
0.8 4.39822971503 0.512697354941
0.8 4.60766922527 1.09170168794
0.8 4.8171087355 1.08446994388
0.8 5.02654824574 0.507181058552
0.8 5.23598775598 0.33889257614
0.8 5.44542726622 1.08071250713
0.8 5.65486677646 1.13579891981
0.8 5.8643062867 0.325218580534
0.8 6.07374579694 0.0475781914797

0.866666666667 0 0.0598276183929
0.866666666667 0.209439510239 0.0890423128396
0.866666666667 0.418879020479 0.178966929015
0.866666666667 0.628318530718 0.264231078236
0.866666666667 0.837758040957 0.338747361954
0.866666666667 1.0471975512 0.453935087176
0.866666666667 1.25663706144 0.668738037175
0.866666666667 1.46607657168 0.877944816411
0.866666666667 1.67551608191 0.797177157478
0.866666666667 1.88495559215 0.737231115165
0.866666666667 2.09439510239 0.890979412471
0.866666666667 2.30383461263 0.253125683375
0.866666666667 2.51327412287 0.24646945611
0.866666666667 2.72271363311 0.499975946731
0.866666666667 2.93215314335 0.245923363334
0.866666666667 3.14159265359 0.289705867741
0.866666666667 3.35103216383 0.267138474273
0.866666666667 3.56047167407 0.191940901578
0.866666666667 3.76991118431 0.204014863224
0.866666666667 3.97935069455 0.324645174744
0.866666666667 4.18879020479 0.621112450471
0.866666666667 4.39822971503 1.03986048646
0.866666666667 4.60766922527 1.20519456599
0.866666666667 4.8171087355 0.851612001305
0.866666666667 5.02654824574 0.401669080486
0.866666666667 5.23598775598 0.417529457457
0.866666666667 5.44542726622 1.03282143421
0.866666666667 5.65486677646 1.2173298919
0.866666666667 5.8643062867 0.615797667638
0.866666666667 6.07374579694 0.187568207906

0.933333333333 0 0.34383936204
0.933333333333 0.209439510239 0.264088797199
0.933333333333 0.418879020479 0.301449866973
0.933333333333 0.628318530718 0.397871964635
0.933333333333 0.837758040957 0.516145777999
0.933333333333 1.0471975512 0.625813471471
0.933333333333 1.25663706144 0.680672243427
0.933333333333 1.46607657168 0.641567674503
0.933333333333 1.67551608191 0.582632947048
0.933333333333 1.88495559215 0.649509271078
0.933333333333 2.09439510239 0.631735702047
0.933333333333 2.30383461263 0.277549235016
0.933333333333 2.51327412287 0.130160369672
0.933333333333 2.72271363311 0.402305304794
0.933333333333 2.93215314335 0.563592113209
0.933333333333 3.14159265359 0.576819713709
0.933333333333 3.35103216383 0.654010347862
0.933333333333 3.56047167407 0.780413586313
0.933333333333 3.76991118431 0.90734525026
0.933333333333 3.97935069455 1.02480077788
0.933333333333 4.18879020479 1.09217384631
0.933333333333 4.39822971503 1.02727172505
0.933333333333 4.60766922527 0.79935707159
0.933333333333 4.8171087355 0.520651809179
0.933333333333 5.02654824574 0.378914455568
0.933333333333 5.23598775598 0.529670827012
0.933333333333 5.44542726622 0.934202332415
0.933333333333 5.65486677646 1.17416074869
0.933333333333 5.8643062867 0.971876666416
0.933333333333 6.07374579694 0.596031622812

