-1 0 0.258016175746
-1 0.209439510239 0.258016175746
-1 0.418879020479 0.258016175745
-1 0.628318530718 0.258016175745
-1 0.837758040957 0.258016175745
-1 1.0471975512 0.258016175746
-1 1.25663706144 0.258016175746
-1 1.46607657168 0.258016175746
-1 1.67551608191 0.258016175746
-1 1.88495559215 0.258016175746
-1 2.09439510239 0.258016175745
-1 2.30383461263 0.258016175745
-1 2.51327412287 0.258016175745
-1 2.72271363311 0.258016175746
-1 2.93215314335 0.258016175746
-1 3.14159265359 0.258016175746
-1 3.35103216383 0.258016175746
-1 3.56047167407 0.258016175745
-1 3.76991118431 0.258016175745
-1 3.97935069455 0.258016175745
-1 4.18879020479 0.258016175746
-1 4.39822971503 0.258016175746
-1 4.60766922527 0.258016175746
-1 4.8171087355 0.258016175746
-1 5.02654824574 0.258016175746
-1 5.23598775598 0.258016175745
-1 5.44542726622 0.258016175745
-1 5.65486677646 0.258016175745
-1 5.8643062867 0.258016175746
-1 6.07374579694 0.258016175746

-0.933333333333 0 0.356507925542
-0.933333333333 0.209439510239 0.333777728479
-0.933333333333 0.418879020479 0.296698443186
-0.933333333333 0.628318530718 0.283349513473
-0.933333333333 0.837758040957 0.289683770329
-0.933333333333 1.0471975512 0.304443022597
-0.933333333333 1.25663706144 0.311493510781
-0.933333333333 1.46607657168 0.284635047028
-0.933333333333 1.67551608191 0.196869088327
-0.933333333333 1.88495559215 0.0617594489584
-0.933333333333 2.09439510239 0.00787768054019
-0.933333333333 2.30383461263 0.136409302311
-0.933333333333 2.51327412287 0.279145208736
-0.933333333333 2.72271363311 0.19935202082
-0.933333333333 2.93215314335 0.0751278156319
-0.933333333333 3.14159265359 0.0650301972545
-0.933333333333 3.35103216383 0.103721213762
-0.933333333333 3.56047167407 0.160112392125
-0.933333333333 3.76991118431 0.24770457892
-0.933333333333 3.97935069455 0.354774355194
-0.933333333333 4.18879020479 0.346035987772
-0.933333333333 4.39822971503 0.26355228307
-0.933333333333 4.60766922527 0.190557222902
-0.933333333333 4.8171087355 0.122182922464
-0.933333333333 5.02654824574 0.0748812608095
-0.933333333333 5.23598775598 0.13731808438
-0.933333333333 5.44542726622 0.183709083697
-0.933333333333 5.65486677646 0.0741166096283
-0.933333333333 5.8643062867 0.0596907990128
-0.933333333333 6.07374579694 0.257067911097

-0.866666666667 0 0.275127578322
-0.866666666667 0.209439510239 0.255748170428
-0.866666666667 0.418879020479 0.233887341589
-0.866666666667 0.628318530718 0.191786625503
-0.866666666667 0.837758040957 0.176088848881
-0.866666666667 1.0471975512 0.201180897541
-0.866666666667 1.25663706144 0.272584130927
-0.866666666667 1.46607657168 0.345484754584
-0.866666666667 1.67551608191 0.304775474591
-0.866666666667 1.88495559215 0.14781593171
-0.866666666667 2.09439510239 0.0160825877963
-0.866666666667 2.30383461263 0.0878237814725
-0.866666666667 2.51327412287 0.223367115869
-0.866666666667 2.72271363311 0.124891215394
-0.866666666667 2.93215314335 0.131017079074
-0.866666666667 3.14159265359 0.17492464685
-0.866666666667 3.35103216383 0.0820161158908
-0.866666666667 3.56047167407 0.104956328097
-0.866666666667 3.76991118431 0.201002267149
-0.866666666667 3.97935069455 0.268749711067
-0.866666666667 4.18879020479 0.331344855499
-0.866666666667 4.39822971503 0.448065945987
-0.866666666667 4.60766922527 0.270960613553
-0.866666666667 4.8171087355 0.259633972441
-0.866666666667 5.02654824574 0.229163205389
-0.866666666667 5.23598775598 0.0636378127823
-0.866666666667 5.44542726622 0.123440509011
-0.866666666667 5.65486677646 0.0639319306659
-0.866666666667 5.8643062867 0.210708496441
-0.866666666667 6.07374579694 0.364011299894

-0.8 0 0.316831494249
-0.8 0.209439510239 0.302211496601
-0.8 0.418879020479 0.145690786861
-0.8 0.628318530718 0.0871021212967
-0.8 0.837758040957 0.0731868005566
-0.8 1.0471975512 0.0822331462066
-0.8 1.25663706144 0.132364456868
-0.8 1.46607657168 0.272825581073
-0.8 1.67551608191 0.383722696169
-0.8 1.88495559215 0.20604815636
-0.8 2.09439510239 0.0302321569869
-0.8 2.30383461263 0.0657238709997
-0.8 2.51327412287 0.176513827779
-0.8 2.72271363311 0.133093126996
-0.8 2.93215314335 0.196410077926
-0.8 3.14159265359 0.0821535930476
-0.8 3.35103216383 0.112005856801
-0.8 3.56047167407 0.216480406986
-0.8 3.76991118431 0.301336220558
-0.8 3.97935069455 0.41279869295
-0.8 4.18879020479 0.409436090769
-0.8 4.39822971503 0.374840913458
-0.8 4.60766922527 0.621030625123
-0.8 4.8171087355 0.172937319614
-0.8 5.02654824574 0.123186963988
-0.8 5.23598775598 0.0529153001694
-0.8 5.44542726622 0.118114087076
-0.8 5.65486677646 0.0980350505844
-0.8 5.8643062867 0.275544485027
-0.8 6.07374579694 0.285258406536

-0.733333333333 0 0.449868102145
-0.733333333333 0.209439510239 0.220730652607
-0.733333333333 0.418879020479 0.0900544894603
-0.733333333333 0.628318530718 0.0768537672413
-0.733333333333 0.837758040957 0.0537303381708
-0.733333333333 1.0471975512 0.05614764095
-0.733333333333 1.25663706144 0.0833387776015
-0.733333333333 1.46607657168 0.171280833039
-0.733333333333 1.67551608191 0.383115780324
-0.733333333333 1.88495559215 0.281114751348
-0.733333333333 2.09439510239 0.0338233215521
-0.733333333333 2.30383461263 0.0572424418342
-0.733333333333 2.51327412287 0.142045047171
-0.733333333333 2.72271363311 0.16518161063
-0.733333333333 2.93215314335 0.180211216901
-0.733333333333 3.14159265359 0.0757559332891
-0.733333333333 3.35103216383 0.175458714793
-0.733333333333 3.56047167407 0.201343544979
-0.733333333333 3.76991118431 0.254520262301
-0.733333333333 3.97935069455 0.369384512865
-0.733333333333 4.18879020479 0.363363263337
-0.733333333333 4.39822971503 0.465891208464
-0.733333333333 4.60766922527 0.252957809652
-0.733333333333 4.8171087355 0.241143788069
-0.733333333333 5.02654824574 0.0713218730787
-0.733333333333 5.23598775598 0.0314113655413
-0.733333333333 5.44542726622 0.139355542361
-0.733333333333 5.65486677646 0.128910776972
-0.733333333333 5.8643062867 0.276002645499
-0.733333333333 6.07374579694 0.234984376866

-0.666666666667 0 0.468367930197
-0.666666666667 0.209439510239 0.104802318508
-0.666666666667 0.418879020479 0.0841846538443
-0.666666666667 0.628318530718 0.0507869640794
-0.666666666667 0.837758040957 0.0219469864963
-0.666666666667 1.0471975512 0.0249939922729
-0.666666666667 1.25663706144 0.058904290863
-0.666666666667 1.46607657168 0.123315236998
-0.666666666667 1.67551608191 0.329315556743
-0.666666666667 1.88495559215 0.355938209858
-0.666666666667 2.09439510239 0.0348940083485
-0.666666666667 2.30383461263 0.0558609175746
-0.666666666667 2.51327412287 0.118346017408
-0.666666666667 2.72271363311 0.192720143743
-0.666666666667 2.93215314335 0.136411781771
-0.666666666667 3.14159265359 0.11702227281
-0.666666666667 3.35103216383 0.167609931349
-0.666666666667 3.56047167407 0.193774338696
-0.666666666667 3.76991118431 0.357407857317
-0.666666666667 3.97935069455 0.487186032802
-0.666666666667 4.18879020479 0.657343141752
-0.666666666667 4.39822971503 0.360521441254
-0.666666666667 4.60766922527 0.281803527223
-0.666666666667 4.8171087355 0.153395499146
-0.666666666667 5.02654824574 0.0880514039539
-0.666666666667 5.23598775598 0.0360755173542
-0.666666666667 5.44542726622 0.1577768408
-0.666666666667 5.65486677646 0.140410659136
-0.666666666667 5.8643062867 0.251866139707
-0.666666666667 6.07374579694 0.258801227511

-0.6 0 0.385316228246
-0.6 0.209439510239 0.0410826267727
-0.6 0.418879020479 0.0581227908905
-0.6 0.628318530718 0.0277435658628
-0.6 0.837758040957 0.0176867333521
-0.6 1.0471975512 0.00804327319808
-0.6 1.25663706144 0.0287716436287
-0.6 1.46607657168 0.0954006359808
-0.6 1.67551608191 0.271145933667
-0.6 1.88495559215 0.408638042527
-0.6 2.09439510239 0.0393552107168
-0.6 2.30383461263 0.0580131593544
-0.6 2.51327412287 0.102930909281
-0.6 2.72271363311 0.207757934933
-0.6 2.93215314335 0.109026696763
-0.6 3.14159265359 0.146564378399
-0.6 3.35103216383 0.130129728126
-0.6 3.56047167407 0.253214827175
-0.6 3.76991118431 0.38228302939
-0.6 3.97935069455 0.452852380896
-0.6 4.18879020479 0.483884881573
-0.6 4.39822971503 0.623890779692
-0.6 4.60766922527 0.244603552203
-0.6 4.8171087355 0.114793148428
-0.6 5.02654824574 0.0856153897163
-0.6 5.23598775598 0.0606339178531
-0.6 5.44542726622 0.168494498637
-0.6 5.65486677646 0.138586948102
-0.6 5.8643062867 0.221057952951
-0.6 6.07374579694 0.295153693479

-0.533333333333 0 0.281966188667
-0.533333333333 0.209439510239 0.0249903479494
-0.533333333333 0.418879020479 0.0308537524175
-0.533333333333 0.628318530718 0.0629299409707
-0.533333333333 0.837758040957 0.052666275717
-0.533333333333 1.0471975512 0.0165115771471
-0.533333333333 1.25663706144 0.0159432098537
-0.533333333333 1.46607657168 0.0658341638037
-0.533333333333 1.67551608191 0.22657567518
-0.533333333333 1.88495559215 0.434006743906
-0.533333333333 2.09439510239 0.048680647288
-0.533333333333 2.30383461263 0.0617142516717
-0.533333333333 2.51327412287 0.0934984587689
-0.533333333333 2.72271363311 0.211913130774
-0.533333333333 2.93215314335 0.101820076048
-0.533333333333 3.14159265359 0.154505740772
-0.533333333333 3.35103216383 0.13229088926
-0.533333333333 3.56047167407 0.283705773002
-0.533333333333 3.76991118431 0.422104719612
-0.533333333333 3.97935069455 0.578488513382
-0.533333333333 4.18879020479 0.489451191918
-0.533333333333 4.39822971503 0.336506816537
-0.533333333333 4.60766922527 0.249246663223
-0.533333333333 4.8171087355 0.152611549516
-0.533333333333 5.02654824574 0.0763466085189
-0.533333333333 5.23598775598 0.0842869626411
-0.533333333333 5.44542726622 0.175091501161
-0.533333333333 5.65486677646 0.130813060976
-0.533333333333 5.8643062867 0.192802870861
-0.533333333333 6.07374579694 0.315874474298

-0.466666666667 0 0.21177068559
-0.466666666667 0.209439510239 0.023171117376
-0.466666666667 0.418879020479 0.0419909682021
-0.466666666667 0.628318530718 0.141975274277
-0.466666666667 0.837758040957 0.0936896382944
-0.466666666667 1.0471975512 0.0314212261131
-0.466666666667 1.25663706144 0.0223111761384
-0.466666666667 1.46607657168 0.0424677603308
-0.466666666667 1.67551608191 0.19403326121
-0.466666666667 1.88495559215 0.438223313082
-0.466666666667 2.09439510239 0.0618175213838
-0.466666666667 2.30383461263 0.065874890642
-0.466666666667 2.51327412287 0.0882082228142
-0.466666666667 2.72271363311 0.209256422061
-0.466666666667 2.93215314335 0.105871352152
-0.466666666667 3.14159265359 0.148649410992
-0.466666666667 3.35103216383 0.152850326749
-0.466666666667 3.56047167407 0.303880458262
-0.466666666667 3.76991118431 0.394684364391
-0.466666666667 3.97935069455 0.452197022502
-0.466666666667 4.18879020479 0.621772146527
-0.466666666667 4.39822971503 0.30560461291
-0.466666666667 4.60766922527 0.261105633818
-0.466666666667 4.8171087355 0.177193854142
-0.466666666667 5.02654824574 0.0680534253066
-0.466666666667 5.23598775598 0.0996943077219
-0.466666666667 5.44542726622 0.180547940493
-0.466666666667 5.65486677646 0.121231004723
-0.466666666667 5.8643062867 0.17020208509
-0.466666666667 6.07374579694 0.322259108539

-0.4 0 0.179836773977
-0.4 0.209439510239 0.0213899495401
-0.4 0.418879020479 0.0916778677688
-0.4 0.628318530718 0.211148397994
-0.4 0.837758040957 0.117491907408
-0.4 1.0471975512 0.0411926437877
-0.4 1.25663706144 0.035296928466
-0.4 1.46607657168 0.0334701368458
-0.4 1.67551608191 0.168230381888
-0.4 1.88495559215 0.429930367149
-0.4 2.09439510239 0.0768317331252
-0.4 2.30383461263 0.0699213449985
-0.4 2.51327412287 0.085687061183
-0.4 2.72271363311 0.203306254974
-0.4 2.93215314335 0.113488641473
-0.4 3.14159265359 0.13871928035
-0.4 3.35103216383 0.169746418292
-0.4 3.56047167407 0.307855287879
-0.4 3.76991118431 0.403198200298
-0.4 3.97935069455 0.504171447308
-0.4 4.18879020479 0.354691270796
-0.4 4.39822971503 0.383145424956
-0.4 4.60766922527 0.22284478495
-0.4 4.8171087355 0.185616078867
-0.4 5.02654824574 0.0640226944022
-0.4 5.23598775598 0.10749263801
-0.4 5.44542726622 0.18611390562
-0.4 5.65486677646 0.111753122046
-0.4 5.8643062867 0.153149713789
-0.4 6.07374579694 0.321667047971

-0.333333333333 0 0.171925319182
-0.333333333333 0.209439510239 0.0199359611893
-0.333333333333 0.418879020479 0.149423326577
-0.333333333333 0.628318530718 0.242284201556
-0.333333333333 0.837758040957 0.126351350637
-0.333333333333 1.0471975512 0.0478513510732
-0.333333333333 1.25663706144 0.0455627266028
-0.333333333333 1.46607657168 0.0377152276447
-0.333333333333 1.67551608191 0.146568838606
-0.333333333333 1.88495559215 0.416005518058
-0.333333333333 2.09439510239 0.0918251209018
-0.333333333333 2.30383461263 0.0735746769169
-0.333333333333 2.51327412287 0.0849495807002
-0.333333333333 2.72271363311 0.196389482676
-0.333333333333 2.93215314335 0.12053231806
-0.333333333333 3.14159265359 0.130596607155
-0.333333333333 3.35103216383 0.180720041696
-0.333333333333 3.56047167407 0.299481051337
-0.333333333333 3.76991118431 0.462917926517
-0.333333333333 3.97935069455 0.587334417074
-0.333333333333 4.18879020479 0.452498810985
-0.333333333333 4.39822971503 0.391889325177
-0.333333333333 4.60766922527 0.180196483169
-0.333333333333 4.8171087355 0.187724010203
-0.333333333333 5.02654824574 0.06422244079
-0.333333333333 5.23598775598 0.110396076479
-0.333333333333 5.44542726622 0.192000627874
-0.333333333333 5.65486677646 0.103174198172
-0.333333333333 5.8643062867 0.140715455631
-0.333333333333 6.07374579694 0.319746825035

-0.266666666667 0 0.174727025533
-0.266666666667 0.209439510239 0.0208280377549
-0.266666666667 0.418879020479 0.191371926072
-0.266666666667 0.628318530718 0.241657647809
-0.266666666667 0.837758040957 0.130180063142
-0.266666666667 1.0471975512 0.0555552458366
-0.266666666667 1.25663706144 0.0508535766673
-0.266666666667 1.46607657168 0.0491497816549
-0.266666666667 1.67551608191 0.128959394012
-0.266666666667 1.88495559215 0.400784644877
-0.266666666667 2.09439510239 0.105330084676
-0.266666666667 2.30383461263 0.0767208337759
-0.266666666667 2.51327412287 0.0853073025979
-0.266666666667 2.72271363311 0.189830105533
-0.266666666667 2.93215314335 0.125474547684
-0.266666666667 3.14159265359 0.126210862159
-0.266666666667 3.35103216383 0.189012344332
-0.266666666667 3.56047167407 0.305200591607
-0.266666666667 3.76991118431 0.500919196557
-0.266666666667 3.97935069455 0.669752304322
-0.266666666667 4.18879020479 0.519003630477
-0.266666666667 4.39822971503 0.362955204046
-0.266666666667 4.60766922527 0.174446306686
-0.266666666667 4.8171087355 0.187387108459
-0.266666666667 5.02654824574 0.0671146296559
-0.266666666667 5.23598775598 0.110882462716
-0.266666666667 5.44542726622 0.197994454569
-0.266666666667 5.65486677646 0.095773186821
-0.266666666667 5.8643062867 0.132064864754
-0.266666666667 6.07374579694 0.319004092847

-0.2 0 0.180866169303
-0.2 0.209439510239 0.023823751653
-0.2 0.418879020479 0.212203208668
-0.2 0.628318530718 0.225967140457
-0.2 0.837758040957 0.133601962792
-0.2 1.0471975512 0.0642051992857
-0.2 1.25663706144 0.0525464578801
-0.2 1.46607657168 0.0618498324169
-0.2 1.67551608191 0.116031430411
-0.2 1.88495559215 0.386542477311
-0.2 2.09439510239 0.11639816956
-0.2 2.30383461263 0.0793353437258
-0.2 2.51327412287 0.0862920429265
-0.2 2.72271363311 0.184273284864
-0.2 2.93215314335 0.128147853486
-0.2 3.14159265359 0.125204919835
-0.2 3.35103216383 0.195748292226
-0.2 3.56047167407 0.322038960501
-0.2 3.76991118431 0.518521948988
-0.2 3.97935069455 0.789410263
-0.2 4.18879020479 0.549832826606
-0.2 4.39822971503 0.344315604681
-0.2 4.60766922527 0.188704785433
-0.2 4.8171087355 0.185548651301
-0.2 5.02654824574 0.0711448318432
-0.2 5.23598775598 0.11063070242
-0.2 5.44542726622 0.203780136189
-0.2 5.65486677646 0.0895958078954
-0.2 5.8643062867 0.126600556033
-0.2 6.07374579694 0.319495891375

-0.133333333333 0 0.187859911932
-0.133333333333 0.209439510239 0.0275066591833
-0.133333333333 0.418879020479 0.217163194972
-0.133333333333 0.628318530718 0.207446284655
-0.133333333333 0.837758040957 0.135635654219
-0.133333333333 1.0471975512 0.0705981264812
-0.133333333333 1.25663706144 0.0524720390303
-0.133333333333 1.46607657168 0.0721833094003
-0.133333333333 1.67551608191 0.108088597944
-0.133333333333 1.88495559215 0.374173117754
-0.133333333333 2.09439510239 0.124534808583
-0.133333333333 2.30383461263 0.0814411494657
-0.133333333333 2.51327412287 0.0875995598507
-0.133333333333 2.72271363311 0.179941501916
-0.133333333333 2.93215314335 0.128880787371
-0.133333333333 3.14159265359 0.126678433199
-0.133333333333 3.35103216383 0.20042630662
-0.133333333333 3.56047167407 0.339720021458
-0.133333333333 3.76991118431 0.519383674962
-0.133333333333 3.97935069455 1.02214892143
-0.133333333333 4.18879020479 0.545181674314
-0.133333333333 4.39822971503 0.339974981791
-0.133333333333 4.60766922527 0.204446231654
-0.133333333333 4.8171087355 0.182947703591
-0.133333333333 5.02654824574 0.0752661224034
-0.133333333333 5.23598775598 0.110587831164
-0.133333333333 5.44542726622 0.209070877301
-0.133333333333 5.65486677646 0.0845845747337
-0.133333333333 5.8643062867 0.123888673197
-0.133333333333 6.07374579694 0.319996313214

-0.0666666666667 0 0.196025102405
-0.0666666666667 0.209439510239 0.0306086426489
-0.0666666666667 0.418879020479 0.213327755872
-0.0666666666667 0.628318530718 0.191434439797
-0.0666666666667 0.837758040957 0.133234260058
-0.0666666666667 1.0471975512 0.0714833619368
-0.0666666666667 1.25663706144 0.0518708938834
-0.0666666666667 1.46607657168 0.0788249894908
-0.0666666666667 1.67551608191 0.104939746831
-0.0666666666667 1.88495559215 0.363734499923
-0.0666666666667 2.09439510239 0.12957735745
-0.0666666666667 2.30383461263 0.0830871593696
-0.0666666666667 2.51327412287 0.0890511972395
-0.0666666666667 2.72271363311 0.176794592999
-0.0666666666667 2.93215314335 0.128095449576
-0.0666666666667 3.14159265359 0.13004483184
-0.0666666666667 3.35103216383 0.202801734201
-0.0666666666667 3.56047167407 0.354697524918
-0.0666666666667 3.76991118431 0.513935616279
-0.0666666666667 3.97935069455 1.0216301012
-0.0666666666667 4.18879020479 0.51547376883
-0.0666666666667 4.39822971503 0.339283947836
-0.0666666666667 4.60766922527 0.215389086099
-0.0666666666667 4.8171087355 0.180562025531
-0.0666666666667 5.02654824574 0.0788889146435
-0.0666666666667 5.23598775598 0.11119684345
-0.0666666666667 5.44542726622 0.213640535559
-0.0666666666667 5.65486677646 0.0806416467479
-0.0666666666667 5.8643062867 0.123569818867
-0.0666666666667 6.07374579694 0.318858141333

6.12323399574e-17 0 0.206837217415
6.12323399574e-17 0.209439510239 0.0324564513826
6.12323399574e-17 0.418879020479 0.205666975253
6.12323399574e-17 0.628318530718 0.178623378077
6.12323399574e-17 0.837758040957 0.12376040573
6.12323399574e-17 1.0471975512 0.0654107576904
6.12323399574e-17 1.25663706144 0.0515571192744
6.12323399574e-17 1.46607657168 0.0819827861435
6.12323399574e-17 1.67551608191 0.106106177678
6.12323399574e-17 1.88495559215 0.354796819052
6.12323399574e-17 2.09439510239 0.131571951864
6.12323399574e-17 2.30383461263 0.0843399411989
6.12323399574e-17 2.51327412287 0.0905685114369
6.12323399574e-17 2.72271363311 0.174613155714
6.12323399574e-17 2.93215314335 0.126228524954
6.12323399574e-17 3.14159265359 0.135135691391
6.12323399574e-17 3.35103216383 0.203004363822
6.12323399574e-17 3.56047167407 0.366536500689
6.12323399574e-17 3.76991118431 0.527409074966
6.12323399574e-17 3.97935069455 0.576031496293
6.12323399574e-17 4.18879020479 0.48718979301
6.12323399574e-17 4.39822971503 0.338562487456
6.12323399574e-17 4.60766922527 0.220515184231
6.12323399574e-17 4.8171087355 0.179326649533
6.12323399574e-17 5.02654824574 0.0817033183478
6.12323399574e-17 5.23598775598 0.112611152351
6.12323399574e-17 5.44542726622 0.217313886876
6.12323399574e-17 5.65486677646 0.0776629147785
6.12323399574e-17 5.8643062867 0.125286897487
6.12323399574e-17 6.07374579694 0.314462518262

0.0666666666667 0 0.221890343806
0.0666666666667 0.209439510239 0.0329816089671
0.0666666666667 0.418879020479 0.196416414165
0.0666666666667 0.628318530718 0.167565850795
0.0666666666667 0.837758040957 0.106010051571
0.0666666666667 1.0471975512 0.0533193891471
0.0666666666667 1.25663706144 0.0522452613287
0.0666666666667 1.46607657168 0.0826655560067
0.0666666666667 1.67551608191 0.111036284581
0.0666666666667 1.88495559215 0.346626599275
0.0666666666667 2.09439510239 0.130675417199
0.0666666666667 2.30383461263 0.0852848091359
0.0666666666667 2.51327412287 0.092155753256
0.0666666666667 2.72271363311 0.173033940136
0.0666666666667 2.93215314335 0.123820556776
0.0666666666667 3.14159265359 0.141885946639
0.0666666666667 3.35103216383 0.20113298438
0.0666666666667 3.56047167407 0.373913510063
0.0666666666667 3.76991118431 0.58696581301
0.0666666666667 3.97935069455 0.638301372943
0.0666666666667 4.18879020479 0.47244778228
0.0666666666667 4.39822971503 0.338995332464
0.0666666666667 4.60766922527 0.220066346113
0.0666666666667 4.8171087355 0.179927500206
0.0666666666667 5.02654824574 0.0835545241697
0.0666666666667 5.23598775598 0.11484482099
0.0666666666667 5.44542726622 0.219943383285
0.0666666666667 5.65486677646 0.0755602083538
0.0666666666667 5.8643062867 0.128617249615
0.0666666666667 6.07374579694 0.305451157552

0.133333333333 0 0.242166044914
0.133333333333 0.209439510239 0.0327445233881
0.133333333333 0.418879020479 0.18576555879
0.133333333333 0.628318530718 0.156399271375
0.133333333333 0.837758040957 0.0807825746268
0.133333333333 1.0471975512 0.0386351838219
0.133333333333 1.25663706144 0.0545246726865
0.133333333333 1.46607657168 0.082254800962
0.133333333333 1.67551608191 0.119181904336
0.133333333333 1.88495559215 0.338261671452
0.133333333333 2.09439510239 0.12708978098
0.133333333333 2.30383461263 0.0860355180599
0.133333333333 2.51327412287 0.0938830312729
0.133333333333 2.72271363311 0.17156906838
0.133333333333 2.93215314335 0.121676193098
0.133333333333 3.14159265359 0.149740602941
0.133333333333 3.35103216383 0.196958287823
0.133333333333 3.56047167407 0.372634895713
0.133333333333 3.76991118431 0.651137901731
0.133333333333 3.97935069455 0.695037776992
0.133333333333 4.18879020479 0.464918443475
0.133333333333 4.39822971503 0.343309811484
0.133333333333 4.60766922527 0.214475738196
0.133333333333 4.8171087355 0.182742940329
0.133333333333 5.02654824574 0.0844009220023
0.133333333333 5.23598775598 0.117855675933
0.133333333333 5.44542726622 0.221385647414
0.133333333333 5.65486677646 0.074278268122
0.133333333333 5.8643062867 0.132993231833
0.133333333333 6.07374579694 0.29097000908

0.2 0 0.267250890352
0.2 0.209439510239 0.0331603113718
0.2 0.418879020479 0.172839068152
0.2 0.628318530718 0.144096198641
0.2 0.837758040957 0.0517688494773
0.2 1.0471975512 0.0271082921504
0.2 1.25663706144 0.0583494861684
0.2 1.46607657168 0.0823179688426
0.2 1.67551608191 0.129930577675
0.2 1.88495559215 0.328541081735
0.2 2.09439510239 0.121026901648
0.2 2.30383461263 0.0867535823885
0.2 2.51327412287 0.0958631113915
0.2 2.72271363311 0.169647154622
0.2 2.93215314335 0.121028754792
0.2 3.14159265359 0.156901606479
0.2 3.35103216383 0.189471377972
0.2 3.56047167407 0.356100246452
0.2 3.76991118431 0.649001676317
0.2 3.97935069455 0.670212058558
0.2 4.18879020479 0.454872369803
0.2 4.39822971503 0.353597653288
0.2 4.60766922527 0.204409882032
0.2 4.8171087355 0.187768688565
0.2 5.02654824574 0.0843490297561
0.2 5.23598775598 0.121570691977
0.2 5.44542726622 0.221484092965
0.2 5.65486677646 0.0738088287862
0.2 5.8643062867 0.137605067653
0.2 6.07374579694 0.271092761944

0.266666666667 0 0.294270135583
0.266666666667 0.209439510239 0.0368716966073
0.266666666667 0.418879020479 0.156626077374
0.266666666667 0.628318530718 0.131487451319
0.266666666667 0.837758040957 0.0265537189187
0.266666666667 1.0471975512 0.0256783182965
0.266666666667 1.25663706144 0.0622317048183
0.266666666667 1.46607657168 0.0844374346022
0.266666666667 1.67551608191 0.142473040344
0.266666666667 1.88495559215 0.31615449467
0.266666666667 2.09439510239 0.112695556847
0.266666666667 2.30383461263 0.0876814045321
0.266666666667 2.51327412287 0.0982126537523
0.266666666667 2.72271363311 0.166728695769
0.266666666667 2.93215314335 0.123619490335
0.266666666667 3.14159265359 0.159957756928
0.266666666667 3.35103216383 0.176870053108
0.266666666667 3.56047167407 0.320520487998
0.266666666667 3.76991118431 0.604788454972
0.266666666667 3.97935069455 0.620664237196
0.266666666667 4.18879020479 0.436507146851
0.266666666667 4.39822971503 0.367063167229
0.266666666667 4.60766922527 0.191008030058
0.266666666667 4.8171087355 0.194382879697
0.266666666667 5.02654824574 0.0837664337078
0.266666666667 5.23598775598 0.125861824287
0.266666666667 5.44542726622 0.22006137091
0.266666666667 5.65486677646 0.074200567685
0.266666666667 5.8643062867 0.141299734725
0.266666666667 6.07374579694 0.247486739284

0.333333333333 0 0.316661608505
0.333333333333 0.209439510239 0.0478692370004
0.333333333333 0.418879020479 0.136779353219
0.333333333333 0.628318530718 0.121458312467
0.333333333333 0.837758040957 0.0160122666279
0.333333333333 1.0471975512 0.0390641634495
0.333333333333 1.25663706144 0.0628381387223
0.333333333333 1.46607657168 0.0897077827683
0.333333333333 1.67551608191 0.155764875358
0.333333333333 1.88495559215 0.299768063939
0.333333333333 2.09439510239 0.102299129197
0.333333333333 2.30383461263 0.0891951155198
0.333333333333 2.51327412287 0.100991345806
0.333333333333 2.72271363311 0.162561730735
0.333333333333 2.93215314335 0.131528466401
0.333333333333 3.14159265359 0.155105429235
0.333333333333 3.35103216383 0.161915244133
0.333333333333 3.56047167407 0.297200405824
0.333333333333 3.76991118431 0.545511668492
0.333333333333 3.97935069455 0.56697311653
0.333333333333 4.18879020479 0.413233162644
0.333333333333 4.39822971503 0.370594086769
0.333333333333 4.60766922527 0.176027228805
0.333333333333 4.8171087355 0.200943217315
0.333333333333 5.02654824574 0.0834791176397
0.333333333333 5.23598775598 0.130475213537
0.333333333333 5.44542726622 0.21692582528
0.333333333333 5.65486677646 0.0755601573658
0.333333333333 5.8643062867 0.142524834446
0.333333333333 6.07374579694 0.224195456004

0.4 0 0.323726240998
0.4 0.209439510239 0.0703862810914
0.4 0.418879020479 0.114288415668
0.4 0.628318530718 0.116932656876
0.4 0.837758040957 0.0292220627095
0.4 1.0471975512 0.063938817739
0.4 1.25663706144 0.0562056818181
0.4 1.46607657168 0.0975761470823
0.4 1.67551608191 0.168814607828
0.4 1.88495559215 0.278236970248
0.4 2.09439510239 0.0900308406609
0.4 2.30383461263 0.0918856594086
0.4 2.51327412287 0.104120092079
0.4 2.72271363311 0.157630234984
0.4 2.93215314335 0.146452859634
0.4 3.14159265359 0.141888703709
0.4 3.35103216383 0.17885807299
0.4 3.56047167407 0.353160693265
0.4 3.76991118431 0.457958339775
0.4 3.97935069455 0.508262020021
0.4 4.18879020479 0.419126391072
0.4 4.39822971503 0.348861080685
0.4 4.60766922527 0.162779611563
0.4 4.8171087355 0.204433507075
0.4 5.02654824574 0.0850382568569
0.4 5.23598775598 0.13491709767
0.4 5.44542726622 0.211898182506
0.4 5.65486677646 0.0780342431696
0.4 5.8643062867 0.139420187844
0.4 6.07374579694 0.208089181796

0.466666666667 0 0.303395602068
0.466666666667 0.209439510239 0.105090489743
0.466666666667 0.418879020479 0.092093820467
0.466666666667 0.628318530718 0.116072265133
0.466666666667 0.837758040957 0.062867677878
0.466666666667 1.0471975512 0.0849374429816
0.466666666667 1.25663706144 0.0411859872536
0.466666666667 1.46607657168 0.104476694298
0.466666666667 1.67551608191 0.181469191354
0.466666666667 1.88495559215 0.250801117864
0.466666666667 2.09439510239 0.0760584392288
0.466666666667 2.30383461263 0.0966718228214
0.466666666667 2.51327412287 0.107305385757
0.466666666667 2.72271363311 0.153741338454
0.466666666667 2.93215314335 0.167844930113
0.466666666667 3.14159265359 0.127899138628
0.466666666667 3.35103216383 0.292562869177
0.466666666667 3.56047167407 0.36193968756
0.466666666667 3.76991118431 0.638357874991
0.466666666667 3.97935069455 0.533402500317
0.466666666667 4.18879020479 0.46050102012
0.466666666667 4.39822971503 0.307854987089
0.466666666667 4.60766922527 0.159230131581
0.466666666667 4.8171087355 0.200618695303
0.466666666667 5.02654824574 0.0909523371673
0.466666666667 5.23598775598 0.13831398947
0.466666666667 5.44542726622 0.204867554945
0.466666666667 5.65486677646 0.0817539305559
0.466666666667 5.8643062867 0.130214362096
0.466666666667 6.07374579694 0.208078121204

0.533333333333 0 0.25195564982
0.533333333333 0.209439510239 0.142072041755
0.533333333333 0.418879020479 0.0754353601282
0.533333333333 0.628318530718 0.10850998822
0.533333333333 0.837758040957 0.0924347414113
0.533333333333 1.0471975512 0.0813710941981
0.533333333333 1.25663706144 0.0232800394325
0.533333333333 1.46607657168 0.105191928238
0.533333333333 1.67551608191 0.195321269029
0.533333333333 1.88495559215 0.217020024846
0.533333333333 2.09439510239 0.0605287250491
0.533333333333 2.30383461263 0.104919357582
0.533333333333 2.51327412287 0.110051458184
0.533333333333 2.72271363311 0.15438134243
0.533333333333 2.93215314335 0.18939025254
0.533333333333 3.14159265359 0.126931834656
0.533333333333 3.35103216383 0.337372680142
0.533333333333 3.56047167407 0.333914782495
0.533333333333 3.76991118431 0.504120036117
0.533333333333 3.97935069455 0.533593335473
0.533333333333 4.18879020479 0.41535410134
0.533333333333 4.39822971503 0.26520876559
0.533333333333 4.60766922527 0.178810119911
0.533333333333 4.8171087355 0.185217719285
0.533333333333 5.02654824574 0.104530689879
0.533333333333 5.23598775598 0.139315258687
0.533333333333 5.44542726622 0.195890180164
0.533333333333 5.65486677646 0.0867143979942
0.533333333333 5.8643062867 0.114077960883
0.533333333333 6.07374579694 0.23168966784

0.6 0 0.190558713433
0.6 0.209439510239 0.156075447204
0.6 0.418879020479 0.0694636636597
0.6 0.628318530718 0.0833979929082
0.6 0.837758040957 0.085489265856
0.6 1.0471975512 0.0486082184828
0.6 1.25663706144 0.014444319866
0.6 1.46607657168 0.102204795287
0.6 1.67551608191 0.212828714722
0.6 1.88495559215 0.176280833515
0.6 2.09439510239 0.043729849601
0.6 2.30383461263 0.118415934316
0.6 2.51327412287 0.111930778813
0.6 2.72271363311 0.163921742543
0.6 2.93215314335 0.197599980154
0.6 3.14159265359 0.143318963484
0.6 3.35103216383 0.243614033902
0.6 3.56047167407 1.09593245465
0.6 3.76991118431 0.481014038483
0.6 3.97935069455 0.446585356144
0.6 4.18879020479 0.364230288215
0.6 4.39822971503 0.221345212123
0.6 4.60766922527 0.219721398481
0.6 4.8171087355 0.156533025566
0.6 5.02654824574 0.128471974958
0.6 5.23598775598 0.136215673342
0.6 5.44542726622 0.185347379042
0.6 5.65486677646 0.09255985768
0.6 5.8643062867 0.0924159210312
0.6 6.07374579694 0.277447347921

0.666666666667 0 0.171750067718
0.666666666667 0.209439510239 0.124952393523
0.666666666667 0.418879020479 0.0687352008508
0.666666666667 0.628318530718 0.0514498437529
0.666666666667 0.837758040957 0.0479227402521
0.666666666667 1.0471975512 0.0197664266311
0.666666666667 1.25663706144 0.0251835941887
0.666666666667 1.46607657168 0.117071281249
0.666666666667 1.67551608191 0.230471945075
0.666666666667 1.88495559215 0.127683545421
0.666666666667 2.09439510239 0.0267391668404
0.666666666667 2.30383461263 0.13865992902
0.666666666667 2.51327412287 0.113301937852
0.666666666667 2.72271363311 0.184921476019
0.666666666667 2.93215314335 0.185094147326
0.666666666667 3.14159265359 0.228974019412
0.666666666667 3.35103216383 0.207161089471
0.666666666667 3.56047167407 0.482857836894
0.666666666667 3.76991118431 0.64194781648
0.666666666667 3.97935069455 0.452160547305
0.666666666667 4.18879020479 0.319918846325
0.666666666667 4.39822971503 0.206678709286
0.666666666667 4.60766922527 0.237041195125
0.666666666667 4.8171087355 0.12071942254
0.666666666667 5.02654824574 0.160811133212
0.666666666667 5.23598775598 0.12765027174
0.666666666667 5.44542726622 0.174183411398
0.666666666667 5.65486677646 0.0982746239954
0.666666666667 5.8643062867 0.0701685204768
0.666666666667 6.07374579694 0.32370389395

0.733333333333 0 0.242836804727
0.733333333333 0.209439510239 0.0924784443523
0.733333333333 0.418879020479 0.0551944269212
0.733333333333 0.628318530718 0.0393702927259
0.733333333333 0.837758040957 0.0367794244091
0.733333333333 1.0471975512 0.0372166034624
0.733333333333 1.25663706144 0.0603619390192
0.733333333333 1.46607657168 0.167059206857
0.733333333333 1.67551608191 0.225672259952
0.733333333333 1.88495559215 0.0743942141085
0.733333333333 2.09439510239 0.0130182481972
0.733333333333 2.30383461263 0.164265244007
0.733333333333 2.51327412287 0.116185760153
0.733333333333 2.72271363311 0.218758890071
0.733333333333 2.93215314335 0.17093599945
0.733333333333 3.14159265359 0.561038491652
0.733333333333 3.35103216383 0.280049919252
0.733333333333 3.56047167407 0.34096681763
0.733333333333 3.76991118431 0.390505805831
0.733333333333 3.97935069455 0.362230384283
0.733333333333 4.18879020479 0.264400792115
0.733333333333 4.39822971503 0.26711576357
0.733333333333 4.60766922527 0.199021414653
0.733333333333 4.8171087355 0.104154735145
0.733333333333 5.02654824574 0.18789769537
0.733333333333 5.23598775598 0.114381234564
0.733333333333 5.44542726622 0.164252024467
0.733333333333 5.65486677646 0.10191266825
0.733333333333 5.8643062867 0.0560013957568
0.733333333333 6.07374579694 0.326197038462

0.8 0 0.353899887922
0.8 0.209439510239 0.175181946457
0.8 0.418879020479 0.0706500978961
0.8 0.628318530718 0.0536881858971
0.8 0.837758040957 0.0642273303668
0.8 1.0471975512 0.0782765052149
0.8 1.25663706144 0.114069876122
0.8 1.46607657168 0.213262838753
0.8 1.67551608191 0.176246262042
0.8 1.88495559215 0.0372915378072
0.8 2.09439510239 0.0105144605973
0.8 2.30383461263 0.187293712088
0.8 2.51327412287 0.124529172431
0.8 2.72271363311 0.266370122682
0.8 2.93215314335 0.182368662747
0.8 3.14159265359 0.446665032127
0.8 3.35103216383 0.765246772287
0.8 3.56047167407 0.379313136319
0.8 3.76991118431 0.414181304766
0.8 3.97935069455 0.382817220279
0.8 4.18879020479 0.307019767318
0.8 4.39822971503 0.232082127681
0.8 4.60766922527 0.122958375947
0.8 4.8171087355 0.155682857913
0.8 5.02654824574 0.182073341684
0.8 5.23598775598 0.102686536253
0.8 5.44542726622 0.158832668016
0.8 5.65486677646 0.100888427011
0.8 5.8643062867 0.058764128757
0.8 6.07374579694 0.257007663299

0.866666666667 0 0.32734924161
0.866666666667 0.209439510239 0.324971114559
0.866666666667 0.418879020479 0.21289714367
0.866666666667 0.628318530718 0.136838583619
0.866666666667 0.837758040957 0.111241795757
0.866666666667 1.0471975512 0.115265479919
0.866666666667 1.25663706144 0.155925283273
0.866666666667 1.46607657168 0.206999679889
0.866666666667 1.67551608191 0.156109822599
0.866666666667 1.88495559215 0.0438035797415
0.866666666667 2.09439510239 0.0269969824906
0.866666666667 2.30383461263 0.201042152845
0.866666666667 2.51327412287 0.152106268899
0.866666666667 2.72271363311 0.241514950514
0.866666666667 2.93215314335 0.323380932436
0.866666666667 3.14159265359 0.214271714594
0.866666666667 3.35103216383 0.572741285379
0.866666666667 3.56047167407 0.480030113999
0.866666666667 3.76991118431 0.33397328883
0.866666666667 3.97935069455 0.270119183819
0.866666666667 4.18879020479 0.197631057975
0.866666666667 4.39822971503 0.116192980846
0.866666666667 4.60766922527 0.153201942527
0.866666666667 4.8171087355 0.199477109273
0.866666666667 5.02654824574 0.130360793106
0.866666666667 5.23598775598 0.109699258475
0.866666666667 5.44542726622 0.163494728734
0.866666666667 5.65486677646 0.0944847423669
0.866666666667 5.8643062867 0.0734732048697
0.866666666667 6.07374579694 0.171385842155

0.933333333333 0 0.22068309212
0.933333333333 0.209439510239 0.285365340664
0.933333333333 0.418879020479 0.298133675456
0.933333333333 0.628318530718 0.277295745553
0.933333333333 0.837758040957 0.25709213045
0.933333333333 1.0471975512 0.260471426124
0.933333333333 1.25663706144 0.280059532458
0.933333333333 1.46607657168 0.269600222292
0.933333333333 1.67551608191 0.175880851294
0.933333333333 1.88495559215 0.034508886717
0.933333333333 2.09439510239 0.059205156821
0.933333333333 2.30383461263 0.221343126558
0.933333333333 2.51327412287 0.239369347902
0.933333333333 2.72271363311 0.158358503207
0.933333333333 2.93215314335 0.183649466363
0.933333333333 3.14159265359 0.214505999798
0.933333333333 3.35103216383 0.253049751909
0.933333333333 3.56047167407 0.327401692573
0.933333333333 3.76991118431 0.417204624588
0.933333333333 3.97935069455 0.345223223725
0.933333333333 4.18879020479 0.226250950948
0.933333333333 4.39822971503 0.178919595831
0.933333333333 4.60766922527 0.142371847651
0.933333333333 4.8171087355 0.102890899528
0.933333333333 5.02654824574 0.0971122878404
0.933333333333 5.23598775598 0.170292168402
0.933333333333 5.44542726622 0.18798277505
0.933333333333 5.65486677646 0.0950059774107
0.933333333333 5.8643062867 0.0591013725929
0.933333333333 6.07374579694 0.123436102043

