-1 0 0.867708853254
-1 0.209439510239 0.867708853253
-1 0.418879020479 0.867708853253
-1 0.628318530718 0.867708853253
-1 0.837758040957 0.867708853253
-1 1.0471975512 0.867708853253
-1 1.25663706144 0.867708853253
-1 1.46607657168 0.867708853254
-1 1.67551608191 0.867708853253
-1 1.88495559215 0.867708853253
-1 2.09439510239 0.867708853253
-1 2.30383461263 0.867708853253
-1 2.51327412287 0.867708853253
-1 2.72271363311 0.867708853253
-1 2.93215314335 0.867708853253
-1 3.14159265359 0.867708853254
-1 3.35103216383 0.867708853253
-1 3.56047167407 0.867708853253
-1 3.76991118431 0.867708853253
-1 3.97935069455 0.867708853253
-1 4.18879020479 0.867708853253
-1 4.39822971503 0.867708853253
-1 4.60766922527 0.867708853254
-1 4.8171087355 0.867708853253
-1 5.02654824574 0.867708853253
-1 5.23598775598 0.867708853253
-1 5.44542726622 0.867708853253
-1 5.65486677646 0.867708853253
-1 5.8643062867 0.867708853253
-1 6.07374579694 0.867708853253

-0.933333333333 0 0.500220812851
-0.933333333333 0.209439510239 0.559171488998
-0.933333333333 0.418879020479 0.742770752811
-0.933333333333 0.628318530718 0.788740335022
-0.933333333333 0.837758040957 0.700943455416
-0.933333333333 1.0471975512 0.631072903703
-0.933333333333 1.25663706144 0.813939541359
-0.933333333333 1.46607657168 1.43005775713
-0.933333333333 1.67551608191 2.1633788382
-0.933333333333 1.88495559215 2.12961064132
-0.933333333333 2.09439510239 1.17857529067
-0.933333333333 2.30383461263 0.495176156313
-0.933333333333 2.51327412287 0.52318229179
-0.933333333333 2.72271363311 0.576904140613
-0.933333333333 2.93215314335 0.417801551691
-0.933333333333 3.14159265359 0.282278872302
-0.933333333333 3.35103216383 0.222936891131
-0.933333333333 3.56047167407 0.194773473048
-0.933333333333 3.76991118431 0.196089582575
-0.933333333333 3.97935069455 0.254551859017
-0.933333333333 4.18879020479 0.399829853492
-0.933333333333 4.39822971503 0.612634950388
-0.933333333333 4.60766922527 0.7508546276
-0.933333333333 4.8171087355 0.672116340543
-0.933333333333 5.02654824574 0.572376403636
-0.933333333333 5.23598775598 0.719774126578
-0.933333333333 5.44542726622 0.888166932889
-0.933333333333 5.65486677646 0.953982019723
-0.933333333333 5.8643062867 1.0078994092
-0.933333333333 6.07374579694 0.776189033053

-0.866666666667 0 1.47438113098
-0.866666666667 0.209439510239 2.0399462852
-0.866666666667 0.418879020479 1.62846007729
-0.866666666667 0.628318530718 1.21435497527
-0.866666666667 0.837758040957 0.957831842353
-0.866666666667 1.0471975512 0.764193856863
-0.866666666667 1.25663706144 0.508162895652
-0.866666666667 1.46607657168 0.327990291057
-0.866666666667 1.67551608191 1.08166930569
-0.866666666667 1.88495559215 2.40929067837
-0.866666666667 2.09439510239 1.93659059811
-0.866666666667 2.30383461263 0.574219742069
-0.866666666667 2.51327412287 0.46794772307
-0.866666666667 2.72271363311 0.409321088936
-0.866666666667 2.93215314335 0.129728177737
-0.866666666667 3.14159265359 0.0360655464143
-0.866666666667 3.35103216383 0.0307761194109
-0.866666666667 3.56047167407 0.0589757056123
-0.866666666667 3.76991118431 0.0670659141499
-0.866666666667 3.97935069455 0.040197917372
-0.866666666667 4.18879020479 0.038130729411
-0.866666666667 4.39822971503 0.197914141476
-0.866666666667 4.60766922527 0.569535597143
-0.866666666667 4.8171087355 0.773537503877
-0.866666666667 5.02654824574 0.53194114963
-0.866666666667 5.23598775598 0.540781980403
-0.866666666667 5.44542726622 0.861596978928
-0.866666666667 5.65486677646 1.09591062504
-0.866666666667 5.8643062867 0.79784514354
-0.866666666667 6.07374579694 0.424989886982

-0.8 0 2.54112319833
-0.8 0.209439510239 1.49511416294
-0.8 0.418879020479 1.30417764231
-0.8 0.628318530718 1.28266752496
-0.8 0.837758040957 0.921968114204
-0.8 1.0471975512 0.560835382571
-0.8 1.25663706144 0.438635101552
-0.8 1.46607657168 0.308430606075
-0.8 1.67551608191 0.325412404198
-0.8 1.88495559215 1.84633736122
-0.8 2.09439510239 2.37577921808
-0.8 2.30383461263 0.710179751521
-0.8 2.51327412287 0.416960804858
-0.8 2.72271363311 0.242952056763
-0.8 2.93215314335 0.023992695419
-0.8 3.14159265359 0.0721227749276
-0.8 3.35103216383 0.171481247867
-0.8 3.56047167407 0.230649997185
-0.8 3.76991118431 0.195350952992
-0.8 3.97935069455 0.146977987581
-0.8 4.18879020479 0.118065155754
-0.8 4.39822971503 0.176807031937
-0.8 4.60766922527 0.520915278566
-0.8 4.8171087355 0.776748022655
-0.8 5.02654824574 0.490663216731
-0.8 5.23598775598 0.497281004465
-0.8 5.44542726622 1.01429186236
-0.8 5.65486677646 1.09076017251
-0.8 5.8643062867 0.354452003943
-0.8 6.07374579694 1.36510025982

-0.733333333333 0 1.72508998906
-0.733333333333 0.209439510239 1.67716404412
-0.733333333333 0.418879020479 2.79330391377
-0.733333333333 0.628318530718 2.3223821298
-0.733333333333 0.837758040957 1.52924978283
-0.733333333333 1.0471975512 0.828674612928
-0.733333333333 1.25663706144 0.344109436029
-0.733333333333 1.46607657168 0.300192057505
-0.733333333333 1.67551608191 0.181454537334
-0.733333333333 1.88495559215 1.24633043433
-0.733333333333 2.09439510239 2.51116909158
-0.733333333333 2.30383461263 0.839566482496
-0.733333333333 2.51327412287 0.372944219453
-0.733333333333 2.72271363311 0.123700656215
-0.733333333333 2.93215314335 0.0596439391941
-0.733333333333 3.14159265359 0.156682780541
-0.733333333333 3.35103216383 0.272722835864
-0.733333333333 3.56047167407 0.242632618857
-0.733333333333 3.76991118431 0.159725640015
-0.733333333333 3.97935069455 0.151032282273
-0.733333333333 4.18879020479 0.208206899334
-0.733333333333 4.39822971503 0.284794884674
-0.733333333333 4.60766922527 0.541032683517
-0.733333333333 4.8171087355 0.827835342533
-0.733333333333 5.02654824574 0.498392724757
-0.733333333333 5.23598775598 0.507983517036
-0.733333333333 5.44542726622 1.12621371715
-0.733333333333 5.65486677646 0.846095923218
-0.733333333333 5.8643062867 0.33332572319
-0.733333333333 6.07374579694 2.40727714251

-0.666666666667 0 1.02425447501
-0.666666666667 0.209439510239 3.30265842173
-0.666666666667 0.418879020479 3.51838012473
-0.666666666667 0.628318530718 2.37530647407
-0.666666666667 0.837758040957 1.66264818188
-0.666666666667 1.0471975512 1.08211516365
-0.666666666667 1.25663706144 0.463276032425
-0.666666666667 1.46607657168 0.21263502391
-0.666666666667 1.67551608191 0.220774500057
-0.666666666667 1.88495559215 0.853254025786
-0.666666666667 2.09439510239 2.46477438022
-0.666666666667 2.30383461263 0.943984401837
-0.666666666667 2.51327412287 0.342197074904
-0.666666666667 2.72271363311 0.0556913822234
-0.666666666667 2.93215314335 0.130433336156
-0.666666666667 3.14159265359 0.210445507861
-0.666666666667 3.35103216383 0.305198841979
-0.666666666667 3.56047167407 0.192311612701
-0.666666666667 3.76991118431 0.131632406686
-0.666666666667 3.97935069455 0.158410990928
-0.666666666667 4.18879020479 0.274204839904
-0.666666666667 4.39822971503 0.492746750601
-0.666666666667 4.60766922527 0.645302170722
-0.666666666667 4.8171087355 0.837728750304
-0.666666666667 5.02654824574 0.533288483887
-0.666666666667 5.23598775598 0.541080305296
-0.666666666667 5.44542726622 1.15050653841
-0.666666666667 5.65486677646 0.58645959637
-0.666666666667 5.8643062867 0.726376937528
-0.666666666667 6.07374579694 2.42491532514

-0.6 0 1.39311323902
-0.6 0.209439510239 4.14313753021
-0.6 0.418879020479 3.00771797121
-0.6 0.628318530718 2.48251375667
-0.6 0.837758040957 1.84321820515
-0.6 1.0471975512 1.19992322196
-0.6 1.25663706144 0.631823793676
-0.6 1.46607657168 0.173670065367
-0.6 1.67551608191 0.240447366777
-0.6 1.88495559215 0.653209254949
-0.6 2.09439510239 2.33875514781
-0.6 2.30383461263 1.02121024561
-0.6 2.51327412287 0.325128172944
-0.6 2.72271363311 0.0274915787168
-0.6 2.93215314335 0.183476270997
-0.6 3.14159265359 0.250092403858
-0.6 3.35103216383 0.289292042328
-0.6 3.56047167407 0.141046728306
-0.6 3.76991118431 0.127640543746
-0.6 3.97935069455 0.166752740531
-0.6 4.18879020479 0.254819764158
-0.6 4.39822971503 0.601525413998
-0.6 4.60766922527 0.847476127996
-0.6 4.8171087355 0.835098351379
-0.6 5.02654824574 0.559495353659
-0.6 5.23598775598 0.58199722817
-0.6 5.44542726622 1.13051840228
-0.6 5.65486677646 0.426437543659
-0.6 5.8643062867 1.17619158938
-0.6 6.07374579694 1.7871245356

-0.533333333333 0 2.19792495992
-0.533333333333 0.209439510239 3.66786145286
-0.533333333333 0.418879020479 2.81093715989
-0.533333333333 0.628318530718 3.35866568218
-0.533333333333 0.837758040957 2.33553435401
-0.533333333333 1.0471975512 1.31546317966
-0.533333333333 1.25663706144 0.752797082844
-0.533333333333 1.46607657168 0.19934284723
-0.533333333333 1.67551608191 0.221315208705
-0.533333333333 1.88495559215 0.569206501955
-0.533333333333 2.09439510239 2.19520268856
-0.533333333333 2.30383461263 1.07509797733
-0.533333333333 2.51327412287 0.31891444514
-0.533333333333 2.72271363311 0.0253967567664
-0.533333333333 2.93215314335 0.210826242087
-0.533333333333 3.14159265359 0.282480453185
-0.533333333333 3.35103216383 0.24041268499
-0.533333333333 3.56047167407 0.100418341909
-0.533333333333 3.76991118431 0.126461680196
-0.533333333333 3.97935069455 0.193665891948
-0.533333333333 4.18879020479 0.240041157763
-0.533333333333 4.39822971503 0.543526119246
-0.533333333333 4.60766922527 1.01002710779
-0.533333333333 4.8171087355 0.859879923575
-0.533333333333 5.02654824574 0.575755020755
-0.533333333333 5.23598775598 0.621841346884
-0.533333333333 5.44542726622 1.10191855252
-0.533333333333 5.65486677646 0.364221047521
-0.533333333333 5.8643062867 1.48161042441
-0.533333333333 6.07374579694 1.14450085084

-0.466666666667 0 2.74255599569
-0.466666666667 0.209439510239 2.74457721196
-0.466666666667 0.418879020479 3.29852080829
-0.466666666667 0.628318530718 4.43970160567
-0.466666666667 0.837758040957 2.85665011526
-0.466666666667 1.0471975512 1.42701592001
-0.466666666667 1.25663706144 0.820977172815
-0.466666666667 1.46607657168 0.254401778345
-0.466666666667 1.67551608191 0.189217822219
-0.466666666667 1.88495559215 0.537463270377
-0.466666666667 2.09439510239 2.06474232858
-0.466666666667 2.30383461263 1.11134047049
-0.466666666667 2.51327412287 0.319912811304
-0.466666666667 2.72271363311 0.0378971810944
-0.466666666667 2.93215314335 0.221090429659
-0.466666666667 3.14159265359 0.30137213983
-0.466666666667 3.35103216383 0.180117115631
-0.466666666667 3.56047167407 0.0716515730559
-0.466666666667 3.76991118431 0.124715280192
-0.466666666667 3.97935069455 0.247458999647
-0.466666666667 4.18879020479 0.316057045366
-0.466666666667 4.39822971503 0.43790415825
-0.466666666667 4.60766922527 1.04791252102
-0.466666666667 4.8171087355 0.90581559715
-0.466666666667 5.02654824574 0.593359192052
-0.466666666667 5.23598775598 0.655994700244
-0.466666666667 5.44542726622 1.07980560565
-0.466666666667 5.65486677646 0.36622455262
-0.466666666667 5.8643062867 1.62218356055
-0.466666666667 6.07374579694 0.781796310106

-0.4 0 2.86241487577
-0.4 0.209439510239 2.034600305
-0.4 0.418879020479 3.9031644916
-0.4 0.628318530718 5.041711706
-0.4 0.837758040957 3.17868622822
-0.4 1.0471975512 1.50327804485
-0.4 1.25663706144 0.849583502045
-0.4 1.46607657168 0.309003723201
-0.4 1.67551608191 0.162400009189
-0.4 1.88495559215 0.522151704677
-0.4 2.09439510239 1.95862163766
-0.4 2.30383461263 1.13564391033
-0.4 2.51327412287 0.324836000257
-0.4 2.72271363311 0.0565732428487
-0.4 2.93215314335 0.223827982949
-0.4 3.14159265359 0.303472730372
-0.4 3.35103216383 0.126648412616
-0.4 3.56047167407 0.0536267061249
-0.4 3.76991118431 0.128689844385
-0.4 3.97935069455 0.314271971279
-0.4 4.18879020479 0.462789819779
-0.4 4.39822971503 0.393976067451
-0.4 4.60766922527 0.984922314505
-0.4 4.8171087355 0.948238037811
-0.4 5.02654824574 0.619346482026
-0.4 5.23598775598 0.683057974857
-0.4 5.44542726622 1.06748449241
-0.4 5.65486677646 0.402917784737
-0.4 5.8643062867 1.64824463044
-0.4 6.07374579694 0.693074977051

-0.333333333333 0 2.6910421588
-0.333333333333 0.209439510239 1.66231595881
-0.333333333333 0.418879020479 4.13445657111
-0.333333333333 0.628318530718 4.99310170408
-0.333333333333 0.837758040957 3.30029314575
-0.333333333333 1.0471975512 1.55126558651
-0.333333333333 1.25663706144 0.852146920566
-0.333333333333 1.46607657168 0.350386226286
-0.333333333333 1.67551608191 0.145943965722
-0.333333333333 1.88495559215 0.508221925573
-0.333333333333 2.09439510239 1.87786294498
-0.333333333333 2.30383461263 1.15300661745
-0.333333333333 2.51327412287 0.331117574591
-0.333333333333 2.72271363311 0.0757725221787
-0.333333333333 2.93215314335 0.225061818972
-0.333333333333 3.14159265359 0.291956655404
-0.333333333333 3.35103216383 0.088188333936
-0.333333333333 3.56047167407 0.0447369678713
-0.333333333333 3.76991118431 0.144003407747
-0.333333333333 3.97935069455 0.379108882908
-0.333333333333 4.18879020479 0.611307489736
-0.333333333333 4.39822971503 0.427239179811
-0.333333333333 4.60766922527 0.881940340873
-0.333333333333 4.8171087355 0.969517882249
-0.333333333333 5.02654824574 0.654090984053
-0.333333333333 5.23598775598 0.703483419725
-0.333333333333 5.44542726622 1.06354341405
-0.333333333333 5.65486677646 0.454877445562
-0.333333333333 5.8643062867 1.6138703458
-0.333333333333 6.07374579694 0.769210606397

-0.266666666667 0 2.40090946884
-0.266666666667 0.209439510239 1.4978243383
-0.266666666667 0.418879020479 3.90971192088
-0.266666666667 0.628318530718 4.50626996579
-0.266666666667 0.837758040957 3.31018269063
-0.266666666667 1.0471975512 1.59151081861
-0.266666666667 1.25663706144 0.842599782967
-0.266666666667 1.46607657168 0.376906029681
-0.266666666667 1.67551608191 0.13799350409
-0.266666666667 1.88495559215 0.491691154602
-0.266666666667 2.09439510239 1.81899256868
-0.266666666667 2.30383461263 1.16751171788
-0.266666666667 2.51327412287 0.33688172213
-0.266666666667 2.72271363311 0.0919745599609
-0.266666666667 2.93215314335 0.227679778794
-0.266666666667 3.14159265359 0.273001154425
-0.266666666667 3.35103216383 0.0648864455495
-0.266666666667 3.56047167407 0.0433966207883
-0.266666666667 3.76991118431 0.171570173069
-0.266666666667 3.97935069455 0.434963746043
-0.266666666667 4.18879020479 0.71308775381
-0.266666666667 4.39822971503 0.497250714883
-0.266666666667 4.60766922527 0.783915018437
-0.266666666667 4.8171087355 0.964998421925
-0.266666666667 5.02654824574 0.694158798047
-0.266666666667 5.23598775598 0.718484472291
-0.266666666667 5.44542726622 1.06531741426
-0.266666666667 5.65486677646 0.510507105555
-0.266666666667 5.8643062867 1.55644994416
-0.266666666667 6.07374579694 0.906415082391

-0.2 0 2.10710144682
-0.2 0.209439510239 1.40319031219
-0.2 0.418879020479 3.395264952
-0.2 0.628318530718 3.85102606445
-0.2 0.837758040957 3.26354567103
-0.2 1.0471975512 1.63315110184
-0.2 1.25663706144 0.832110885072
-0.2 1.46607657168 0.391223377743
-0.2 1.67551608191 0.135001898445
-0.2 1.88495559215 0.473078374388
-0.2 2.09439510239 1.77724616513
-0.2 2.30383461263 1.18234861248
-0.2 2.51327412287 0.340765150396
-0.2 2.72271363311 0.103176856061
-0.2 2.93215314335 0.232892253442
-0.2 3.14159265359 0.252249715974
-0.2 3.35103216383 0.0535883460099
-0.2 3.56047167407 0.0480251952261
-0.2 3.76991118431 0.208430206291
-0.2 3.97935069455 0.480396474678
-0.2 4.18879020479 0.756917855074
-0.2 4.39822971503 0.56164651928
-0.2 4.60766922527 0.710395038293
-0.2 4.8171087355 0.938850440302
-0.2 5.02654824574 0.735111619949
-0.2 5.23598775598 0.729373908837
-0.2 5.44542726622 1.07026518344
-0.2 5.65486677646 0.563037938223
-0.2 5.8643062867 1.49682494736
-0.2 6.07374579694 1.03956824393

-0.133333333333 0 1.86239301795
-0.133333333333 0.209439510239 1.30819414164
-0.133333333333 0.418879020479 2.79172106983
-0.133333333333 0.628318530718 3.19886813423
-0.133333333333 0.837758040957 3.16344946699
-0.133333333333 1.0471975512 1.67095424625
-0.133333333333 1.25663706144 0.826845468819
-0.133333333333 1.46607657168 0.39661736575
-0.133333333333 1.67551608191 0.134055418871
-0.133333333333 1.88495559215 0.454023072404
-0.133333333333 2.09439510239 1.748191023
-0.133333333333 2.30383461263 1.19991940201
-0.133333333333 2.51327412287 0.341713783802
-0.133333333333 2.72271363311 0.108417026677
-0.133333333333 2.93215314335 0.241335129444
-0.133333333333 3.14159265359 0.233250834598
-0.133333333333 3.35103216383 0.0510618241125
-0.133333333333 3.56047167407 0.0571805508746
-0.133333333333 3.76991118431 0.250517012949
-0.133333333333 3.97935069455 0.516101519403
-0.133333333333 4.18879020479 0.754117960007
-0.133333333333 4.39822971503 0.599009377412
-0.133333333333 4.60766922527 0.663964213686
-0.133333333333 4.8171087355 0.898574954605
-0.133333333333 5.02654824574 0.773043185444
-0.133333333333 5.23598775598 0.737240690515
-0.133333333333 5.44542726622 1.07639627954
-0.133333333333 5.65486677646 0.608438484259
-0.133333333333 5.8643062867 1.44460683188
-0.133333333333 6.07374579694 1.13877832636

-0.0666666666667 0 1.67895235328
-0.0666666666667 0.209439510239 1.19660513411
-0.0666666666667 0.418879020479 2.23181739772
-0.0666666666667 0.628318530718 2.62433137516
-0.0666666666667 0.837758040957 2.99453516688
-0.0666666666667 1.0471975512 1.69349773076
-0.0666666666667 1.25663706144 0.828743164355
-0.0666666666667 1.46607657168 0.395580445597
-0.0666666666667 1.67551608191 0.133369674452
-0.0666666666667 1.88495559215 0.435880652505
-0.0666666666667 2.09439510239 1.72845408198
-0.0666666666667 2.30383461263 1.22195995493
-0.0666666666667 2.51327412287 0.338806312189
-0.0666666666667 2.72271363311 0.107462264808
-0.0666666666667 2.93215314335 0.253609364074
-0.0666666666667 3.14159265359 0.217412789903
-0.0666666666667 3.35103216383 0.0552480050433
-0.0666666666667 3.56047167407 0.0697345433036
-0.0666666666667 3.76991118431 0.294349233302
-0.0666666666667 3.97935069455 0.542687614668
-0.0666666666667 4.18879020479 0.721210560206
-0.0666666666667 4.39822971503 0.60700834697
-0.0666666666667 4.60766922527 0.639660430985
-0.0666666666667 4.8171087355 0.851566811278
-0.0666666666667 5.02654824574 0.8051269171
-0.0666666666667 5.23598775598 0.742838001547
-0.0666666666667 5.44542726622 1.08232004549
-0.0666666666667 5.65486677646 0.644198734023
-0.0666666666667 5.8643062867 1.40306795715
-0.0666666666667 6.07374579694 1.19626253837

6.12323399574e-17 0 1.54913272542
6.12323399574e-17 0.209439510239 1.07742223819
6.12323399574e-17 0.418879020479 1.77124859012
6.12323399574e-17 0.628318530718 2.15139992123
6.12323399574e-17 0.837758040957 2.75465257736
6.12323399574e-17 1.0471975512 1.69222105869
6.12323399574e-17 1.25663706144 0.83728425879
6.12323399574e-17 1.46607657168 0.389461284411
6.12323399574e-17 1.67551608191 0.132086389572
6.12323399574e-17 1.88495559215 0.419279465269
6.12323399574e-17 2.09439510239 1.71599628565
6.12323399574e-17 2.30383461263 1.24964296098
6.12323399574e-17 2.51327412287 0.331123248179
6.12323399574e-17 2.72271363311 0.100665623072
6.12323399574e-17 2.93215314335 0.270394348104
6.12323399574e-17 3.14159265359 0.204600259153
6.12323399574e-17 3.35103216383 0.0653437571213
6.12323399574e-17 3.56047167407 0.0848026753826
6.12323399574e-17 3.76991118431 0.336592932568
6.12323399574e-17 3.97935069455 0.558863255755
6.12323399574e-17 4.18879020479 0.670726513976
6.12323399574e-17 4.39822971503 0.593602001489
6.12323399574e-17 4.60766922527 0.630574060801
6.12323399574e-17 4.8171087355 0.803850783814
6.12323399574e-17 5.02654824574 0.8296492062
6.12323399574e-17 5.23598775598 0.746586821455
6.12323399574e-17 5.44542726622 1.08716751122
6.12323399574e-17 5.65486677646 0.668685919026
6.12323399574e-17 5.8643062867 1.37239748951
6.12323399574e-17 6.07374579694 1.21512363817

0.0666666666667 0 1.45830033811
0.0666666666667 0.209439510239 0.96652753683
0.0666666666667 0.418879020479 1.41433926729
0.0666666666667 0.628318530718 1.78587192941
0.0666666666667 0.837758040957 2.46687064285
0.0666666666667 1.0471975512 1.66676435262
0.0666666666667 1.25663706144 0.850455736792
0.0666666666667 1.46607657168 0.378540026084
0.0666666666667 1.67551608191 0.129958929563
0.0666666666667 1.88495559215 0.404035481088
0.0666666666667 2.09439510239 1.71018169779
0.0666666666667 2.30383461263 1.28365184784
0.0666666666667 2.51327412287 0.317668283022
0.0666666666667 2.72271363311 0.0889795881325
0.0666666666667 2.93215314335 0.292258173783
0.0666666666667 3.14159265359 0.193879280903
0.0666666666667 3.35103216383 0.0813764668
0.0666666666667 3.56047167407 0.101419234883
0.0666666666667 3.76991118431 0.372211191388
0.0666666666667 3.97935069455 0.560146480296
0.0666666666667 4.18879020479 0.609465797216
0.0666666666667 4.39822971503 0.570542811546
0.0666666666667 4.60766922527 0.629902157838
0.0666666666667 4.8171087355 0.760104795119
0.0666666666667 5.02654824574 0.84586203429
0.0666666666667 5.23598775598 0.748640553281
0.0666666666667 5.44542726622 1.09049057126
0.0666666666667 5.65486677646 0.680831445998
0.0666666666667 5.8643062867 1.3515079103
0.0666666666667 6.07374579694 1.20258505959

0.133333333333 0 1.39062305079
0.133333333333 0.209439510239 0.879343454799
0.133333333333 0.418879020479 1.14037319262
0.133333333333 0.628318530718 1.52459983155
0.133333333333 0.837758040957 2.17423711939
0.133333333333 1.0471975512 1.62518508723
0.133333333333 1.25663706144 0.864250824254
0.133333333333 1.46607657168 0.36238881353
0.133333333333 1.67551608191 0.127136547555
0.133333333333 1.88495559215 0.389135877739
0.133333333333 2.09439510239 1.71174871978
0.133333333333 2.30383461263 1.32422764791
0.133333333333 2.51327412287 0.297351817853
0.133333333333 2.72271363311 0.0741138047918
0.133333333333 2.93215314335 0.319183343515
0.133333333333 3.14159265359 0.184368814347
0.133333333333 3.35103216383 0.103515802061
0.133333333333 3.56047167407 0.118298097165
0.133333333333 3.76991118431 0.392886938383
0.133333333333 3.97935069455 0.539251214151
0.133333333333 4.18879020479 0.541135928821
0.133333333333 4.39822971503 0.550390954067
0.133333333333 4.60766922527 0.630940449178
0.133333333333 4.8171087355 0.724153679634
0.133333333333 5.02654824574 0.853831166309
0.133333333333 5.23598775598 0.748981505434
0.133333333333 5.44542726622 1.09217613301
0.133333333333 5.65486677646 0.680007702127
0.133333333333 5.8643062867 1.33881589116
0.133333333333 6.07374579694 1.1669055269

0.2 0 1.33073117507
0.2 0.209439510239 0.829093901399
0.2 0.418879020479 0.921808788362
0.2 0.628318530718 1.35047171044
0.2 0.837758040957 1.92189558491
0.2 1.0471975512 1.5774042388
0.2 1.25663706144 0.870949184942
0.2 1.46607657168 0.340653578261
0.2 1.67551608191 0.124080037205
0.2 1.88495559215 0.372727178139
0.2 2.09439510239 1.72266499784
0.2 2.30383461263 1.37120450284
0.2 2.51327412287 0.269060086383
0.2 2.72271363311 0.0588129597067
0.2 2.93215314335 0.349736821568
0.2 3.14159265359 0.176460471244
0.2 3.35103216383 0.131094338605
0.2 3.56047167407 0.134309977067
0.2 3.76991118431 0.388125190266
0.2 3.97935069455 0.489632857343
0.2 4.18879020479 0.47111700429
0.2 4.39822971503 0.545045887763
0.2 4.60766922527 0.626443035365
0.2 4.8171087355 0.699374558224
0.2 5.02654824574 0.854354350248
0.2 5.23598775598 0.747537131046
0.2 5.44542726622 1.09238749634
0.2 5.65486677646 0.666028180117
0.2 5.8643062867 1.33233066924
0.2 6.07374579694 1.11659304526

0.266666666667 0 1.26400935992
0.266666666667 0.209439510239 0.82546725447
0.266666666667 0.418879020479 0.737601044279
0.266666666667 0.628318530718 1.22418393671
0.266666666667 0.837758040957 1.72960160731
0.266666666667 1.0471975512 1.52060361066
0.266666666667 1.25663706144 0.857862884469
0.266666666667 1.46607657168 0.314477616819
0.266666666667 1.67551608191 0.1215599363
0.266666666667 1.88495559215 0.352239964442
0.266666666667 2.09439510239 1.74571562623
0.266666666667 2.30383461263 1.42406581275
0.266666666667 2.51327412287 0.231862662075
0.266666666667 2.72271363311 0.0471970889522
0.266666666667 2.93215314335 0.379800374596
0.266666666667 3.14159265359 0.17374255106
0.266666666667 3.35103216383 0.161338449678
0.266666666667 3.56047167407 0.150290300776
0.266666666667 3.76991118431 0.351458756643
0.266666666667 3.97935069455 0.412890401303
0.266666666667 4.18879020479 0.411555196941
0.266666666667 4.39822971503 0.563271351939
0.266666666667 4.60766922527 0.608609228984
0.266666666667 4.8171087355 0.688612937689
0.266666666667 5.02654824574 0.848954677466
0.266666666667 5.23598775598 0.744309943428
0.266666666667 5.44542726622 1.09153292674
0.266666666667 5.65486677646 0.639252258206
0.266666666667 5.8643062867 1.32924093951
0.266666666667 6.07374579694 1.06077690856

0.333333333333 0 1.1778806214
0.333333333333 0.209439510239 0.869498530243
0.333333333333 0.418879020479 0.585963429376
0.333333333333 0.628318530718 1.08620371073
0.333333333333 0.837758040957 1.56462520901
0.333333333333 1.0471975512 1.42404316707
0.333333333333 1.25663706144 0.810496451921
0.333333333333 1.46607657168 0.288289747883
0.333333333333 1.67551608191 0.120591632164
0.333333333333 1.88495559215 0.325025014167
0.333333333333 2.09439510239 1.78350158399
0.333333333333 2.30383461263 1.48207890663
0.333333333333 2.51327412287 0.185467393737
0.333333333333 2.72271363311 0.0450179400062
0.333333333333 2.93215314335 0.400945095858
0.333333333333 3.14159265359 0.185517714469
0.333333333333 3.35103216383 0.188422571303
0.333333333333 3.56047167407 0.171690607435
0.333333333333 3.76991118431 0.291559899587
0.333333333333 3.97935069455 0.327943148443
0.333333333333 4.18879020479 0.383682056033
0.333333333333 4.39822971503 0.605446526447
0.333333333333 4.60766922527 0.570912053355
0.333333333333 4.8171087355 0.693298827975
0.333333333333 5.02654824574 0.839908150128
0.333333333333 5.23598775598 0.739512288601
0.333333333333 5.44542726622 1.09025911537
0.333333333333 5.65486677646 0.600807049556
0.333333333333 5.8643062867 1.32511042414
0.333333333333 6.07374579694 1.00982964347

0.4 0 1.06630997842
0.4 0.209439510239 0.942507517695
0.4 0.418879020479 0.494211385513
0.4 0.628318530718 0.885952155401
0.4 0.837758040957 1.34551389589
0.4 1.0471975512 1.23940310421
0.4 1.25663706144 0.725055126914
0.4 1.46607657168 0.269874115575
0.4 1.67551608191 0.121996057762
0.4 1.88495559215 0.290152275207
0.4 2.09439510239 1.83630964834
0.4 2.30383461263 1.54460140382
0.4 2.51327412287 0.131144364889
0.4 2.72271363311 0.0594925040789
0.4 2.93215314335 0.399143709325
0.4 3.14159265359 0.228084141952
0.4 3.35103216383 0.205076974412
0.4 3.56047167407 0.208647192554
0.4 3.76991118431 0.241165628343
0.4 3.97935069455 0.274709928055
0.4 4.18879020479 0.411584686911
0.4 4.39822971503 0.656430852306
0.4 4.60766922527 0.512662234093
0.4 4.8171087355 0.711682297957
0.4 5.02654824574 0.830215553959
0.4 5.23598775598 0.733689229988
0.4 5.44542726622 1.0894627907
0.4 5.65486677646 0.552960077345
0.4 5.8643062867 1.31280384536
0.4 6.07374579694 0.97530794115

0.466666666667 0 0.939285146791
0.466666666667 0.209439510239 0.993695189147
0.466666666667 0.418879020479 0.510195252031
0.466666666667 0.628318530718 0.641955350829
0.466666666667 0.837758040957 1.01780898662
0.466666666667 1.0471975512 0.961878804924
0.466666666667 1.25663706144 0.629246246416
0.466666666667 1.46607657168 0.264331576423
0.466666666667 1.67551608191 0.125192266255
0.466666666667 1.88495559215 0.252126169912
0.466666666667 2.09439510239 1.89814589535
0.466666666667 2.30383461263 1.61168140657
0.466666666667 2.51327412287 0.0735632166707
0.466666666667 2.72271363311 0.097988476578
0.466666666667 2.93215314335 0.356086269992
0.466666666667 3.14159265359 0.319220268016
0.466666666667 3.35103216383 0.211128476612
0.466666666667 3.56047167407 0.267639795557
0.466666666667 3.76991118431 0.24847423905
0.466666666667 3.97935069455 0.299821464712
0.466666666667 4.18879020479 0.501615697469
0.466666666667 4.39822971503 0.682859380837
0.466666666667 4.60766922527 0.445519017393
0.466666666667 4.8171087355 0.736779490984
0.466666666667 5.02654824574 0.823377801665
0.466666666667 5.23598775598 0.727803509392
0.466666666667 5.44542726622 1.0903107638
0.466666666667 5.65486677646 0.499684794918
0.466666666667 5.8643062867 1.28143571254
0.466666666667 6.07374579694 0.968004089875

0.533333333333 0 0.835650610202
0.533333333333 0.209439510239 0.94629623481
0.533333333333 0.418879020479 0.64900010442
0.533333333333 0.628318530718 0.480363027204
0.533333333333 0.837758040957 0.672757754782
0.533333333333 1.0471975512 0.697042831807
0.533333333333 1.25663706144 0.585731800062
0.533333333333 1.46607657168 0.262050465734
0.533333333333 1.67551608191 0.1266808626
0.533333333333 1.88495559215 0.226442575157
0.533333333333 2.09439510239 1.95042380098
0.533333333333 2.30383461263 1.68499150767
0.533333333333 2.51327412287 0.0244028592196
0.533333333333 2.72271363311 0.164179099514
0.533333333333 2.93215314335 0.258453377814
0.533333333333 3.14159265359 0.456784773559
0.533333333333 3.35103216383 0.230783712584
0.533333333333 3.56047167407 0.336649648887
0.533333333333 3.76991118431 0.338130158185
0.533333333333 3.97935069455 0.415643319005
0.533333333333 4.18879020479 0.613975601363
0.533333333333 4.39822971503 0.646630685827
0.533333333333 4.60766922527 0.39671685005
0.533333333333 4.8171087355 0.75596624318
0.533333333333 5.02654824574 0.822744827948
0.533333333333 5.23598775598 0.723264409164
0.533333333333 5.44542726622 1.09424591294
0.533333333333 5.65486677646 0.447453291295
0.533333333333 5.8643062867 1.21604935997
0.533333333333 6.07374579694 0.992539213328

0.6 0 0.825907672391
0.6 0.209439510239 0.75885098278
0.6 0.418879020479 0.79766459064
0.6 0.628318530718 0.535472639066
0.6 0.837758040957 0.528108045926
0.6 1.0471975512 0.609566797174
0.6 1.25663706144 0.611618874834
0.6 1.46607657168 0.241282491477
0.6 1.67551608191 0.121536130856
0.6 1.88495559215 0.243476293851
0.6 2.09439510239 1.95441737959
0.6 2.30383461263 1.76853483373
0.6 2.51327412287 0.00914076882801
0.6 2.72271363311 0.249676925865
0.6 2.93215314335 0.123068569294
0.6 3.14159265359 0.580268898484
0.6 3.35103216383 0.319151028157
0.6 3.56047167407 0.390011062585
0.6 3.76991118431 0.462308770899
0.6 3.97935069455 0.554430688686
0.6 4.18879020479 0.6626469326
0.6 4.39822971503 0.541434040686
0.6 4.60766922527 0.397838939442
0.6 4.8171087355 0.755783576961
0.6 5.02654824574 0.830058505551
0.6 5.23598775598 0.721939588958
0.6 5.44542726622 1.10293059043
0.6 5.65486677646 0.406230432988
0.6 5.8643062867 1.09951026388
0.6 6.07374579694 1.03711087044

0.666666666667 0 0.971082217542
0.666666666667 0.209439510239 0.554089770974
0.666666666667 0.418879020479 0.718002289863
0.666666666667 0.628318530718 0.686123463065
0.666666666667 0.837758040957 0.630575413915
0.666666666667 1.0471975512 0.679448152863
0.666666666667 1.25663706144 0.55804582115
0.666666666667 1.46607657168 0.213715439027
0.666666666667 1.67551608191 0.112251473339
0.666666666667 1.88495559215 0.340097370656
0.666666666667 2.09439510239 1.84928398642
0.666666666667 2.30383461263 1.86598658232
0.666666666667 2.51327412287 0.0778171457185
0.666666666667 2.72271363311 0.321392310503
0.666666666667 2.93215314335 0.0336694525192
0.666666666667 3.14159265359 0.554831550408
0.666666666667 3.35103216383 0.501863674262
0.666666666667 3.56047167407 0.438297774428
0.666666666667 3.76991118431 0.525521803435
0.666666666667 3.97935069455 0.598234656986
0.666666666667 4.18879020479 0.591209731481
0.666666666667 4.39822971503 0.428608007952
0.666666666667 4.60766922527 0.4517669198
0.666666666667 4.8171087355 0.735159032614
0.666666666667 5.02654824574 0.84262205641
0.666666666667 5.23598775598 0.726362471661
0.666666666667 5.44542726622 1.1180085349
0.666666666667 5.65486677646 0.390464642609
0.666666666667 5.8643062867 0.919287825583
0.666666666667 6.07374579694 1.05999954791

0.733333333333 0 1.20611243209
0.733333333333 0.209439510239 0.665405802967
0.733333333333 0.418879020479 0.442801187799
0.733333333333 0.628318530718 0.540876208436
0.733333333333 0.837758040957 0.582087084801
0.733333333333 1.0471975512 0.549355322858
0.733333333333 1.25663706144 0.367781627756
0.733333333333 1.46607657168 0.25763361264
0.733333333333 1.67551608191 0.123152185598
0.733333333333 1.88495559215 0.529246269365
0.733333333333 2.09439510239 1.57633052178
0.733333333333 2.30383461263 1.96367885669
0.733333333333 2.51327412287 0.311181731036
0.733333333333 2.72271363311 0.321993225813
0.733333333333 2.93215314335 0.127156093628
0.733333333333 3.14159265359 0.295294633279
0.733333333333 3.35103216383 0.633423872916
0.733333333333 3.56047167407 0.538224384846
0.733333333333 3.76991118431 0.528743953428
0.733333333333 3.97935069455 0.537011140936
0.733333333333 4.18879020479 0.476964207227
0.733333333333 4.39822971503 0.397579749319
0.733333333333 4.60766922527 0.505365476163
0.733333333333 4.8171087355 0.722039525788
0.733333333333 5.02654824574 0.848950166694
0.733333333333 5.23598775598 0.740692975408
0.733333333333 5.44542726622 1.1403925351
0.733333333333 5.65486677646 0.419382924405
0.733333333333 5.8643062867 0.683109386775
0.733333333333 6.07374579694 0.986498094229

0.8 0 1.22168701572
0.8 0.209439510239 1.19498912584
0.8 0.418879020479 0.69335156558
0.8 0.628318530718 0.445132527581
0.8 0.837758040957 0.409420133502
0.8 1.0471975512 0.42436116365
0.8 1.25663706144 0.446234893455
0.8 1.46607657168 0.359129498582
0.8 1.67551608191 0.245012753599
0.8 1.88495559215 0.781145152944
0.8 2.09439510239 1.1611746962
0.8 2.30383461263 1.97878290473
0.8 2.51327412287 0.770685488169
0.8 2.72271363311 0.249971512465
0.8 2.93215314335 0.413324339817
0.8 3.14159265359 0.07042293699
0.8 3.35103216383 0.417883351009
0.8 3.56047167407 0.581998638058
0.8 3.76991118431 0.552361858998
0.8 3.97935069455 0.499961127644
0.8 4.18879020479 0.437126902111
0.8 4.39822971503 0.414604678221
0.8 4.60766922527 0.515284503964
0.8 4.8171087355 0.765653177688
0.8 5.02654824574 0.826561987952
0.8 5.23598775598 0.773325864562
0.8 5.44542726622 1.16829123641
0.8 5.65486677646 0.514595854221
0.8 5.8643062867 0.446955151225
0.8 6.07374579694 0.755808315317

0.866666666667 0 0.732370146856
0.866666666667 0.209439510239 1.19631229113
0.866666666667 0.418879020479 1.32834424622
0.866666666667 0.628318530718 1.16786204277
0.866666666667 0.837758040957 1.00057322333
0.866666666667 1.0471975512 0.856968930127
0.866666666667 1.25663706144 0.610806894497
0.866666666667 1.46607657168 0.372229086743
0.866666666667 1.67551608191 0.735805024665
0.866666666667 1.88495559215 1.03705871976
0.866666666667 2.09439510239 0.792336785307
0.866666666667 2.30383461263 1.71447841724
0.866666666667 2.51327412287 1.28161104001
0.866666666667 2.72271363311 0.3323818759
0.866666666667 2.93215314335 0.589665910668
0.866666666667 3.14159265359 0.33965799761
0.866666666667 3.35103216383 0.132359873223
0.866666666667 3.56047167407 0.249065388936
0.866666666667 3.76991118431 0.345373069604
0.866666666667 3.97935069455 0.352869472944
0.866666666667 4.18879020479 0.33783714543
0.866666666667 4.39822971503 0.396434863478
0.866666666667 4.60766922527 0.615110937021
0.866666666667 4.8171087355 0.850822216044
0.866666666667 5.02654824574 0.75988176303
0.866666666667 5.23598775598 0.840739537818
0.866666666667 5.44542726622 1.19151739551
0.866666666667 5.65486677646 0.689202958702
0.866666666667 5.8643062867 0.347256521863
0.866666666667 6.07374579694 0.461283183875

0.933333333333 0 0.46478309021
0.933333333333 0.209439510239 0.456835323102
0.933333333333 0.418879020479 0.516560035785
0.933333333333 0.628318530718 0.569916510459
0.933333333333 0.837758040957 0.558634781785
0.933333333333 1.0471975512 0.548794798062
0.933333333333 1.25663706144 0.719469520573
0.933333333333 1.46607657168 1.15979931587
0.933333333333 1.67551608191 1.44774894536
0.933333333333 1.88495559215 0.99601339216
0.933333333333 2.09439510239 0.604385712968
0.933333333333 2.30383461263 1.09639734872
0.933333333333 2.51327412287 1.28114626859
0.933333333333 2.72271363311 0.760023129721
0.933333333333 2.93215314335 0.593689475673
0.933333333333 3.14159265359 0.701735133589
0.933333333333 3.35103216383 0.639553210963
0.933333333333 3.56047167407 0.497458075023
0.933333333333 3.76991118431 0.433457235737
0.933333333333 3.97935069455 0.465562913863
0.933333333333 4.18879020479 0.577621895165
0.933333333333 4.39822971503 0.736071503284
0.933333333333 4.60766922527 0.838231739349
0.933333333333 4.8171087355 0.781541951977
0.933333333333 5.02654824574 0.728048073331
0.933333333333 5.23598775598 0.957966435231
0.933333333333 5.44542726622 1.17144764027
0.933333333333 5.65486677646 0.907858371571
0.933333333333 5.8643062867 0.566158321378
0.933333333333 6.07374579694 0.486103642361

