-1 0 0.625358569373
-1 0.209439510239 0.625358569373
-1 0.418879020479 0.625358569374
-1 0.628318530718 0.625358569375
-1 0.837758040957 0.625358569375
-1 1.0471975512 0.625358569374
-1 1.25663706144 0.625358569373
-1 1.46607657168 0.625358569373
-1 1.67551608191 0.625358569373
-1 1.88495559215 0.625358569374
-1 2.09439510239 0.625358569374
-1 2.30383461263 0.625358569375
-1 2.51327412287 0.625358569375
-1 2.72271363311 0.625358569374
-1 2.93215314335 0.625358569373
-1 3.14159265359 0.625358569373
-1 3.35103216383 0.625358569373
-1 3.56047167407 0.625358569374
-1 3.76991118431 0.625358569375
-1 3.97935069455 0.625358569375
-1 4.18879020479 0.625358569374
-1 4.39822971503 0.625358569373
-1 4.60766922527 0.625358569373
-1 4.8171087355 0.625358569373
-1 5.02654824574 0.625358569374
-1 5.23598775598 0.625358569374
-1 5.44542726622 0.625358569375
-1 5.65486677646 0.625358569375
-1 5.8643062867 0.625358569374
-1 6.07374579694 0.625358569373

-0.933333333333 0 0.47827705368
-0.933333333333 0.209439510239 0.603628534065
-0.933333333333 0.418879020479 0.682765651476
-0.933333333333 0.628318530718 0.68294344953
-0.933333333333 0.837758040957 0.644863456127
-0.933333333333 1.0471975512 0.585516947504
-0.933333333333 1.25663706144 0.464066365466
-0.933333333333 1.46607657168 0.241325220271
-0.933333333333 1.67551608191 0.0634262843965
-0.933333333333 1.88495559215 0.289930824921
-0.933333333333 2.09439510239 0.912449297787
-0.933333333333 2.30383461263 1.21391968876
-0.933333333333 2.51327412287 0.86672574766
-0.933333333333 2.72271363311 0.400622943163
-0.933333333333 2.93215314335 0.196270728465
-0.933333333333 3.14159265359 0.131935106104
-0.933333333333 3.35103216383 0.080307398132
-0.933333333333 3.56047167407 0.0443388196881
-0.933333333333 3.76991118431 0.0356247172875
-0.933333333333 3.97935069455 0.0429162373537
-0.933333333333 4.18879020479 0.0760895334668
-0.933333333333 4.39822971503 0.188890039952
-0.933333333333 4.60766922527 0.396134219604
-0.933333333333 4.8171087355 0.538095857941
-0.933333333333 5.02654824574 0.456084495869
-0.933333333333 5.23598775598 0.296499530879
-0.933333333333 5.44542726622 0.265302086892
-0.933333333333 5.65486677646 0.363314319416
-0.933333333333 5.8643062867 0.437987226245
-0.933333333333 6.07374579694 0.426044005736

-0.866666666667 0 0.782269153884
-0.866666666667 0.209439510239 0.816639973488
-0.866666666667 0.418879020479 0.559302137304
-0.866666666667 0.628318530718 0.353719537925
-0.866666666667 0.837758040957 0.265128602949
-0.866666666667 1.0471975512 0.268647826733
-0.866666666667 1.25663706144 0.367703528619
-0.866666666667 1.46607657168 0.454525449728
-0.866666666667 1.67551608191 0.247851928622
-0.866666666667 1.88495559215 0.0568398711738
-0.866666666667 2.09439510239 0.738590263841
-0.866666666667 2.30383461263 1.24971080389
-0.866666666667 2.51327412287 0.675291785925
-0.866666666667 2.72271363311 0.202972096657
-0.866666666667 2.93215314335 0.0683203401096
-0.866666666667 3.14159265359 0.0108588376029
-0.866666666667 3.35103216383 0.0707001705244
-0.866666666667 3.56047167407 0.200898024944
-0.866666666667 3.76991118431 0.299797120472
-0.866666666667 3.97935069455 0.340902587169
-0.866666666667 4.18879020479 0.316487034357
-0.866666666667 4.39822971503 0.184697349558
-0.866666666667 4.60766922527 0.0698020575467
-0.866666666667 4.8171087355 0.250458016357
-0.866666666667 5.02654824574 0.381605412739
-0.866666666667 5.23598775598 0.392347845307
-0.866666666667 5.44542726622 0.413064961086
-0.866666666667 5.65486677646 0.504307464623
-0.866666666667 5.8643062867 0.524953323698
-0.866666666667 6.07374579694 0.481801355797

-0.8 0 0.808714353467
-0.8 0.209439510239 0.411291338801
-0.8 0.418879020479 0.176987309095
-0.8 0.628318530718 0.197909457622
-0.8 0.837758040957 0.19985308976
-0.8 1.0471975512 0.125326860806
-0.8 1.25663706144 0.0838764681612
-0.8 1.46607657168 0.238965684741
-0.8 1.67551608191 0.344161954252
-0.8 1.88495559215 0.0658803285198
-0.8 2.09439510239 0.583753269945
-0.8 2.30383461263 1.20282328448
-0.8 2.51327412287 0.546909231382
-0.8 2.72271363311 0.162260716171
-0.8 2.93215314335 0.0266754778234
-0.8 3.14159265359 0.0498900484035
-0.8 3.35103216383 0.196989282076
-0.8 3.56047167407 0.275042746671
-0.8 3.76991118431 0.237978291539
-0.8 3.97935069455 0.193897099313
-0.8 4.18879020479 0.220583651629
-0.8 4.39822971503 0.286400226654
-0.8 4.60766922527 0.178040954593
-0.8 4.8171087355 0.136138055245
-0.8 5.02654824574 0.251614875211
-0.8 5.23598775598 0.334045549314
-0.8 5.44542726622 0.532192759954
-0.8 5.65486677646 0.605894908143
-0.8 5.8643062867 0.540513175162
-0.8 6.07374579694 0.55226241117

-0.733333333333 0 0.49595618337
-0.733333333333 0.209439510239 0.179114374914
-0.733333333333 0.418879020479 0.406226299474
-0.733333333333 0.628318530718 0.546607028972
-0.733333333333 0.837758040957 0.514443307209
-0.733333333333 1.0471975512 0.369770573867
-0.733333333333 1.25663706144 0.137829118524
-0.733333333333 1.46607657168 0.0830655694885
-0.733333333333 1.67551608191 0.284283491916
-0.733333333333 1.88495559215 0.125724356798
-0.733333333333 2.09439510239 0.471547615057
-0.733333333333 2.30383461263 1.13485925273
-0.733333333333 2.51327412287 0.483917057824
-0.733333333333 2.72271363311 0.149231327652
-0.733333333333 2.93215314335 0.021743463332
-0.733333333333 3.14159265359 0.111383267072
-0.733333333333 3.35103216383 0.254383652418
-0.733333333333 3.56047167407 0.219559835631
-0.733333333333 3.76991118431 0.118584065452
-0.733333333333 3.97935069455 0.074054642275
-0.733333333333 4.18879020479 0.067278062037
-0.733333333333 4.39822971503 0.119807736616
-0.733333333333 4.60766922527 0.201283162725
-0.733333333333 4.8171087355 0.121505752455
-0.733333333333 5.02654824574 0.258652652868
-0.733333333333 5.23598775598 0.22996671938
-0.733333333333 5.44542726622 0.586494388749
-0.733333333333 5.65486677646 0.652148862474
-0.733333333333 5.8643062867 0.487516749413
-0.733333333333 6.07374579694 0.524364694654

-0.666666666667 0 0.268014557867
-0.666666666667 0.209439510239 0.441061191578
-0.666666666667 0.418879020479 0.783726624517
-0.666666666667 0.628318530718 0.707506497225
-0.666666666667 0.837758040957 0.624563851621
-0.666666666667 1.0471975512 0.546443941467
-0.666666666667 1.25663706144 0.297506775875
-0.666666666667 1.46607657168 0.0656687055744
-0.666666666667 1.67551608191 0.201643861863
-0.666666666667 1.88495559215 0.168955986574
-0.666666666667 2.09439510239 0.394238735223
-0.666666666667 2.30383461263 1.06696892752
-0.666666666667 2.51327412287 0.458639679451
-0.666666666667 2.72271363311 0.136024831702
-0.666666666667 2.93215314335 0.0382927413139
-0.666666666667 3.14159265359 0.172251150578
-0.666666666667 3.35103216383 0.26516431311
-0.666666666667 3.56047167407 0.146628839201
-0.666666666667 3.76991118431 0.0830558569212
-0.666666666667 3.97935069455 0.115458022594
-0.666666666667 4.18879020479 0.163856483343
-0.666666666667 4.39822971503 0.124007519425
-0.666666666667 4.60766922527 0.177166817631
-0.666666666667 4.8171087355 0.120608129858
-0.666666666667 5.02654824574 0.306440803778
-0.666666666667 5.23598775598 0.159322257188
-0.666666666667 5.44542726622 0.603162423673
-0.666666666667 5.65486677646 0.650357138004
-0.666666666667 5.8643062867 0.397865152887
-0.666666666667 6.07374579694 0.424014153308

-0.6 0 0.278604225329
-0.6 0.209439510239 0.808437907816
-0.6 0.418879020479 0.841236568343
-0.6 0.628318530718 0.564091744838
-0.6 0.837758040957 0.515980461285
-0.6 1.0471975512 0.565856014263
-0.6 1.25663706144 0.418233946042
-0.6 1.46607657168 0.101741700067
-0.6 1.67551608191 0.14967419098
-0.6 1.88495559215 0.188559391271
-0.6 2.09439510239 0.341728842087
-0.6 2.30383461263 1.00669973994
-0.6 2.51327412287 0.44940566102
-0.6 2.72271363311 0.126413202166
-0.6 2.93215314335 0.0621487819954
-0.6 3.14159265359 0.224499871065
-0.6 3.35103216383 0.218522248445
-0.6 3.56047167407 0.0809276330308
-0.6 3.76991118431 0.0730583597323
-0.6 3.97935069455 0.128095395788
-0.6 4.18879020479 0.228732505374
-0.6 4.39822971503 0.229536950453
-0.6 4.60766922527 0.180786636109
-0.6 4.8171087355 0.14210798427
-0.6 5.02654824574 0.331757664204
-0.6 5.23598775598 0.129190809991
-0.6 5.44542726622 0.603562626769
-0.6 5.65486677646 0.618586362903
-0.6 5.8643062867 0.31757300632
-0.6 6.07374579694 0.334416392219

-0.533333333333 0 0.422821888078
-0.533333333333 0.209439510239 0.981472724486
-0.533333333333 0.418879020479 0.644024523377
-0.533333333333 0.628318530718 0.356934809607
-0.533333333333 0.837758040957 0.371274727528
-0.533333333333 1.0471975512 0.507681301159
-0.533333333333 1.25663706144 0.492169317832
-0.533333333333 1.46607657168 0.144330165114
-0.533333333333 1.67551608191 0.125444527805
-0.533333333333 1.88495559215 0.1937784261
-0.533333333333 2.09439510239 0.30626374495
-0.533333333333 2.30383461263 0.956177431205
-0.533333333333 2.51327412287 0.443921643334
-0.533333333333 2.72271363311 0.125499691279
-0.533333333333 2.93215314335 0.0851541319934
-0.533333333333 3.14159265359 0.251046571006
-0.533333333333 3.35103216383 0.145771772912
-0.533333333333 3.56047167407 0.0652543073107
-0.533333333333 3.76991118431 0.0873618004232
-0.533333333333 3.97935069455 0.109485904804
-0.533333333333 4.18879020479 0.185796150566
-0.533333333333 4.39822971503 0.276224352114
-0.533333333333 4.60766922527 0.206317829889
-0.533333333333 4.8171087355 0.173417734381
-0.533333333333 5.02654824574 0.329958484278
-0.533333333333 5.23598775598 0.125946325692
-0.533333333333 5.44542726622 0.597809456683
-0.533333333333 5.65486677646 0.573227715259
-0.533333333333 5.8643062867 0.266015565531
-0.533333333333 6.07374579694 0.289458935611

-0.466666666667 0 0.574203786402
-0.466666666667 0.209439510239 0.95541899386
-0.466666666667 0.418879020479 0.40764695462
-0.466666666667 0.628318530718 0.232543687114
-0.466666666667 0.837758040957 0.274267335402
-0.466666666667 1.0471975512 0.432832908286
-0.466666666667 1.25663706144 0.535738204946
-0.466666666667 1.46607657168 0.187038815181
-0.466666666667 1.67551608191 0.11433887978
-0.466666666667 1.88495559215 0.193297394498
-0.466666666667 2.09439510239 0.282510164252
-0.466666666667 2.30383461263 0.915311258622
-0.466666666667 2.51327412287 0.436660675125
-0.466666666667 2.72271363311 0.133679958531
-0.466666666667 2.93215314335 0.104109296761
-0.466666666667 3.14159265359 0.246644267579
-0.466666666667 3.35103216383 0.0943674203942
-0.466666666667 3.56047167407 0.0997214621711
-0.466666666667 3.76991118431 0.114519126208
-0.466666666667 3.97935069455 0.0987061779787
-0.466666666667 4.18879020479 0.113515137195
-0.466666666667 4.39822971503 0.248474511337
-0.466666666667 4.60766922527 0.237589768681
-0.466666666667 4.8171087355 0.201194400828
-0.466666666667 5.02654824574 0.312893353401
-0.466666666667 5.23598775598 0.136955392627
-0.466666666667 5.44542726622 0.590035387611
-0.466666666667 5.65486677646 0.525114874497
-0.466666666667 5.8643062867 0.241215865002
-0.466666666667 6.07374579694 0.284557662775

-0.4 0 0.678138443812
-0.4 0.209439510239 0.835913836465
-0.4 0.418879020479 0.247878085938
-0.4 0.628318530718 0.189151209285
-0.4 0.837758040957 0.220381226051
-0.4 1.0471975512 0.363125945099
-0.4 1.25663706144 0.557431892311
-0.4 1.46607657168 0.232316172005
-0.4 1.67551608191 0.107221353786
-0.4 1.88495559215 0.191892160373
-0.4 2.09439510239 0.26690119623
-0.4 2.30383461263 0.883174657765
-0.4 2.51327412287 0.425984729756
-0.4 2.72271363311 0.148199489644
-0.4 2.93215314335 0.118254029596
-0.4 3.14159265359 0.220493441117
-0.4 3.35103216383 0.0854100259675
-0.4 3.56047167407 0.150608991456
-0.4 3.76991118431 0.135648599741
-0.4 3.97935069455 0.0998924905493
-0.4 4.18879020479 0.065318783591
-0.4 4.39822971503 0.19421519365
-0.4 4.60766922527 0.26759292381
-0.4 4.8171087355 0.223875552242
-0.4 5.02654824574 0.290931789242
-0.4 5.23598775598 0.153985715808
-0.4 5.44542726622 0.581805060238
-0.4 5.65486677646 0.480302872499
-0.4 5.8643062867 0.234382071097
-0.4 6.07374579694 0.303082841963

-0.333333333333 0 0.732825627629
-0.333333333333 0.209439510239 0.707813731316
-0.333333333333 0.418879020479 0.172228823899
-0.333333333333 0.628318530718 0.183674090882
-0.333333333333 0.837758040957 0.190191024231
-0.333333333333 1.0471975512 0.303839138804
-0.333333333333 1.25663706144 0.562031063327
-0.333333333333 1.46607657168 0.279246440769
-0.333333333333 1.67551608191 0.101202343538
-0.333333333333 1.88495559215 0.191334030311
-0.333333333333 2.09439510239 0.257061928899
-0.333333333333 2.30383461263 0.858614561051
-0.333333333333 2.51327412287 0.412121871184
-0.333333333333 2.72271363311 0.165499042079
-0.333333333333 2.93215314335 0.127806940396
-0.333333333333 3.14159265359 0.186495241861
-0.333333333333 3.35103216383 0.111511600123
-0.333333333333 3.56047167407 0.189899348068
-0.333333333333 3.76991118431 0.145062397075
-0.333333333333 3.97935069455 0.103545606886
-0.333333333333 4.18879020479 0.0439253398932
-0.333333333333 4.39822971503 0.148209288986
-0.333333333333 4.60766922527 0.293328812502
-0.333333333333 4.8171087355 0.244154382903
-0.333333333333 5.02654824574 0.270022073096
-0.333333333333 5.23598775598 0.172272046604
-0.333333333333 5.44542726622 0.573693899748
-0.333333333333 5.65486677646 0.441603534515
-0.333333333333 5.8643062867 0.237466192542
-0.333333333333 6.07374579694 0.330078962407

-0.266666666667 0 0.754105284307
-0.266666666667 0.209439510239 0.60803881738
-0.266666666667 0.418879020479 0.149087996983
-0.266666666667 0.628318530718 0.189401469251
-0.266666666667 0.837758040957 0.174274729041
-0.266666666667 1.0471975512 0.256520506949
-0.266666666667 1.25663706144 0.554923245129
-0.266666666667 1.46607657168 0.324056739548
-0.266666666667 1.67551608191 0.0963472553697
-0.266666666667 1.88495559215 0.191830539162
-0.266666666667 2.09439510239 0.25141664624
-0.266666666667 2.30383461263 0.840510099422
-0.266666666667 2.51327412287 0.395970560605
-0.266666666667 2.72271363311 0.182594744295
-0.266666666667 2.93215314335 0.133365119788
-0.266666666667 3.14159265359 0.155460675166
-0.266666666667 3.35103216383 0.154228978648
-0.266666666667 3.56047167407 0.208863125663
-0.266666666667 3.76991118431 0.147446707838
-0.266666666667 3.97935069455 0.104440639064
-0.266666666667 4.18879020479 0.0361544400429
-0.266666666667 4.39822971503 0.11962288146
-0.266666666667 4.60766922527 0.313569413259
-0.266666666667 4.8171087355 0.263462319625
-0.266666666667 5.02654824574 0.252831600198
-0.266666666667 5.23598775598 0.189263967772
-0.266666666667 5.44542726622 0.565949999267
-0.266666666667 5.65486677646 0.40983852757
-0.266666666667 5.8643062867 0.24518143412
-0.266666666667 6.07374579694 0.356167033881

-0.2 0 0.756935130853
-0.2 0.209439510239 0.541714096319
-0.2 0.418879020479 0.149664942812
-0.2 0.628318530718 0.19652240414
-0.2 0.837758040957 0.168628902077
-0.2 1.0471975512 0.221077687216
-0.2 1.25663706144 0.541983347553
-0.2 1.46607657168 0.362901023317
-0.2 1.67551608191 0.0932761339839
-0.2 1.88495559215 0.193017654398
-0.2 2.09439510239 0.248936248191
-0.2 2.30383461263 0.827867888626
-0.2 2.51327412287 0.378481002864
-0.2 2.72271363311 0.197528238833
-0.2 2.93215314335 0.135653970063
-0.2 3.14159265359 0.132743399183
-0.2 3.35103216383 0.197741110972
-0.2 3.56047167407 0.211533328277
-0.2 3.76991118431 0.1479997173
-0.2 3.97935069455 0.101658045537
-0.2 4.18879020479 0.0327865960645
-0.2 4.39822971503 0.104885732074
-0.2 4.60766922527 0.328835202403
-0.2 4.8171087355 0.281217985324
-0.2 5.02654824574 0.240210758222
-0.2 5.23598775598 0.203720475934
-0.2 5.44542726622 0.55874843305
-0.2 5.65486677646 0.384719616538
-0.2 5.8643062867 0.254750669213
-0.2 6.07374579694 0.376863893864

-0.133333333333 0 0.750697867925
-0.133333333333 0.209439510239 0.501187543996
-0.133333333333 0.418879020479 0.156929888368
-0.133333333333 0.628318530718 0.201053227256
-0.133333333333 0.837758040957 0.168893145396
-0.133333333333 1.0471975512 0.195567848058
-0.133333333333 1.25663706144 0.52833781666
-0.133333333333 1.46607657168 0.393211218825
-0.133333333333 1.67551608191 0.0922359468539
-0.133333333333 1.88495559215 0.194466234802
-0.133333333333 2.09439510239 0.248977183881
-0.133333333333 2.30383461263 0.819839219676
-0.133333333333 2.51327412287 0.360383366864
-0.133333333333 2.72271363311 0.209293509784
-0.133333333333 2.93215314335 0.13538495217
-0.133333333333 3.14159265359 0.119272799492
-0.133333333333 3.35103216383 0.233342998059
-0.133333333333 3.56047167407 0.205558437673
-0.133333333333 3.76991118431 0.148143502384
-0.133333333333 3.97935069455 0.0947907939708
-0.133333333333 4.18879020479 0.0303514147493
-0.133333333333 4.39822971503 0.0983764468102
-0.133333333333 4.60766922527 0.340827330845
-0.133333333333 4.8171087355 0.295782757441
-0.133333333333 5.02654824574 0.232205397742
-0.133333333333 5.23598775598 0.215125844388
-0.133333333333 5.44542726622 0.552272894841
-0.133333333333 5.65486677646 0.365433300081
-0.133333333333 5.8643062867 0.26511493224
-0.133333333333 6.07374579694 0.390641863825

-0.0666666666667 0 0.740292582006
-0.0666666666667 0.209439510239 0.476720657376
-0.0666666666667 0.418879020479 0.16262060749
-0.0666666666667 0.628318530718 0.199555695973
-0.0666666666667 0.837758040957 0.169210607195
-0.0666666666667 1.0471975512 0.176837737071
-0.0666666666667 1.25663706144 0.517758906387
-0.0666666666667 1.46607657168 0.413652581952
-0.0666666666667 1.67551608191 0.0930175020841
-0.0666666666667 1.88495559215 0.195876817193
-0.0666666666667 2.09439510239 0.251177536544
-0.0666666666667 2.30383461263 0.815698655175
-0.0666666666667 2.51327412287 0.342103447556
-0.0666666666667 2.72271363311 0.217567823785
-0.0666666666667 2.93215314335 0.133157937407
-0.0666666666667 3.14159265359 0.113563803699
-0.0666666666667 3.35103216383 0.25840640974
-0.0666666666667 3.56047167407 0.197319197222
-0.0666666666667 3.76991118431 0.146511046284
-0.0666666666667 3.97935069455 0.0828326441816
-0.0666666666667 4.18879020479 0.0281860725222
-0.0666666666667 4.39822971503 0.0963096732666
-0.0666666666667 4.60766922527 0.351559349422
-0.0666666666667 4.8171087355 0.305358219379
-0.0666666666667 5.02654824574 0.228637061057
-0.0666666666667 5.23598775598 0.223327792257
-0.0666666666667 5.44542726622 0.546729791391
-0.0666666666667 5.65486677646 0.351014034709
-0.0666666666667 5.8643062867 0.276219507727
-0.0666666666667 6.07374579694 0.397231855718

6.12323399574e-17 0 0.728305954419
6.12323399574e-17 0.209439510239 0.460452217844
6.12323399574e-17 0.418879020479 0.163421059647
6.12323399574e-17 0.628318530718 0.188776430332
6.12323399574e-17 0.837758040957 0.16335025731
6.12323399574e-17 1.0471975512 0.161759631569
6.12323399574e-17 1.25663706144 0.512711945642
6.12323399574e-17 1.46607657168 0.423530761497
6.12323399574e-17 1.67551608191 0.0951545916997
6.12323399574e-17 1.88495559215 0.197119303624
6.12323399574e-17 2.09439510239 0.255389245655
6.12323399574e-17 2.30383461263 0.814801091237
6.12323399574e-17 2.51327412287 0.323767309724
6.12323399574e-17 2.72271363311 0.222427430575
6.12323399574e-17 2.93215314335 0.129402062895
6.12323399574e-17 3.14159265359 0.113383677578
6.12323399574e-17 3.35103216383 0.27381206073
6.12323399574e-17 3.56047167407 0.190847428845
6.12323399574e-17 3.76991118431 0.14154814115
6.12323399574e-17 3.97935069455 0.0654449204301
6.12323399574e-17 4.18879020479 0.0267500704819
6.12323399574e-17 4.39822971503 0.0970403643586
6.12323399574e-17 4.60766922527 0.362686227599
6.12323399574e-17 4.8171087355 0.308446070792
6.12323399574e-17 5.02654824574 0.229385998644
6.12323399574e-17 5.23598775598 0.228326994712
6.12323399574e-17 5.44542726622 0.54233651273
6.12323399574e-17 5.65486677646 0.340568975479
6.12323399574e-17 5.8643062867 0.28850499588
6.12323399574e-17 6.07374579694 0.396568178264

0.0666666666667 0 0.716571397248
0.0666666666667 0.209439510239 0.447218288956
0.0666666666667 0.418879020479 0.158575531918
0.0666666666667 0.628318530718 0.166845040326
0.0666666666667 0.837758040957 0.146353147719
0.0666666666667 1.0471975512 0.148559780753
0.0666666666667 1.25663706144 0.514545709405
0.0666666666667 1.46607657168 0.422235507996
0.0666666666667 1.67551608191 0.0981233995448
0.0666666666667 1.88495559215 0.198214160259
0.0666666666667 2.09439510239 0.261632772452
0.0666666666667 2.30383461263 0.816520346699
0.0666666666667 2.51327412287 0.305239677233
0.0666666666667 2.72271363311 0.224121019334
0.0666666666667 2.93215314335 0.124353343941
0.0666666666667 3.14159265359 0.116705149298
0.0666666666667 3.35103216383 0.28179059304
0.0666666666667 3.56047167407 0.188359642961
0.0666666666667 3.76991118431 0.133594394466
0.0666666666667 3.97935069455 0.0447748782777
0.0666666666667 4.18879020479 0.0273535926385
0.0666666666667 4.39822971503 0.100436055676
0.0666666666667 4.60766922527 0.375055567026
0.0666666666667 4.8171087355 0.304030813712
0.0666666666667 5.02654824574 0.234479211252
0.0666666666667 5.23598775598 0.230173100201
0.0666666666667 5.44542726622 0.539298776878
0.0666666666667 5.65486677646 0.333401693085
0.0666666666667 5.8643062867 0.302564166816
0.0666666666667 6.07374579694 0.388317704876

0.133333333333 0 0.706778809336
0.133333333333 0.209439510239 0.434591670648
0.133333333333 0.418879020479 0.148543412378
0.133333333333 0.628318530718 0.134416828892
0.133333333333 0.837758040957 0.116468207296
0.133333333333 1.0471975512 0.138160820566
0.133333333333 1.25663706144 0.523332624155
0.133333333333 1.46607657168 0.408986602169
0.133333333333 1.67551608191 0.101449429713
0.133333333333 1.88495559215 0.199303303319
0.133333333333 2.09439510239 0.270062655033
0.133333333333 2.30383461263 0.820163566664
0.133333333333 2.51327412287 0.286168820695
0.133333333333 2.72271363311 0.222916569643
0.133333333333 2.93215314335 0.118067945402
0.133333333333 3.14159265359 0.122035887414
0.133333333333 3.35103216383 0.284597365764
0.133333333333 3.56047167407 0.190858001946
0.133333333333 3.76991118431 0.125869054272
0.133333333333 3.97935069455 0.0265704389701
0.133333333333 4.18879020479 0.0321679367132
0.133333333333 4.39822971503 0.107261652178
0.133333333333 4.60766922527 0.388332675796
0.133333333333 4.8171087355 0.291734102412
0.133333333333 5.02654824574 0.244031982205
0.133333333333 5.23598775598 0.228947804608
0.133333333333 5.44542726622 0.537778236338
0.133333333333 5.65486677646 0.329065749924
0.133333333333 5.8643062867 0.318889317957
0.133333333333 6.07374579694 0.371861942979

0.2 0 0.700121887107
0.2 0.209439510239 0.423252955348
0.2 0.418879020479 0.134249964911
0.2 0.628318530718 0.0952902898915
0.2 0.837758040957 0.0773539422169
0.2 1.0471975512 0.135256890326
0.2 1.25663706144 0.537012022252
0.2 1.46607657168 0.38300623845
0.2 1.67551608191 0.104713692831
0.2 1.88495559215 0.200631407976
0.2 2.09439510239 0.280928959997
0.2 2.30383461263 0.824847569527
0.2 2.51327412287 0.266031420124
0.2 2.72271363311 0.219009944759
0.2 2.93215314335 0.110477593197
0.2 3.14159265359 0.128326355065
0.2 3.35103216383 0.283820389099
0.2 3.56047167407 0.198157707857
0.2 3.76991118431 0.124162563835
0.2 3.97935069455 0.0198184653363
0.2 4.18879020479 0.04374364439
0.2 4.39822971503 0.11861869745
0.2 4.60766922527 0.400614592831
0.2 4.8171087355 0.272139269996
0.2 5.02654824574 0.258051974564
0.2 5.23598775598 0.224830019654
0.2 5.44542726622 0.53784507962
0.2 5.65486677646 0.327367588423
0.2 5.8643062867 0.337644394948
0.2 6.07374579694 0.346680652327

0.266666666667 0 0.695963163101
0.266666666667 0.209439510239 0.417919239786
0.266666666667 0.418879020479 0.117067919588
0.266666666667 0.628318530718 0.0560734203756
0.266666666667 0.837758040957 0.0394613571631
0.266666666667 1.0471975512 0.147820457863
0.266666666667 1.25663706144 0.549805268976
0.266666666667 1.46607657168 0.344188624782
0.266666666667 1.67551608191 0.10748416827
0.266666666667 1.88495559215 0.202540656112
0.266666666667 2.09439510239 0.294513595931
0.266666666667 2.30383461263 0.829309801245
0.266666666667 2.51327412287 0.244182966605
0.266666666667 2.72271363311 0.212474182142
0.266666666667 2.93215314335 0.101516046793
0.266666666667 3.14159265359 0.134620410805
0.266666666667 3.35103216383 0.279996301457
0.266666666667 3.56047167407 0.208313715385
0.266666666667 3.76991118431 0.13460577505
0.266666666667 3.97935069455 0.0339472169427
0.266666666667 4.18879020479 0.0635886792992
0.266666666667 4.39822971503 0.135199604667
0.266666666667 4.60766922527 0.408123375633
0.266666666667 4.8171087355 0.247391036815
0.266666666667 5.02654824574 0.276092880699
0.266666666667 5.23598775598 0.218251894837
0.266666666667 5.44542726622 0.539406581071
0.266666666667 5.65486677646 0.328326650633
0.266666666667 5.8643062867 0.358418529446
0.266666666667 6.07374579694 0.313180757075

0.333333333333 0 0.689638590226
0.333333333333 0.209439510239 0.428057451987
0.333333333333 0.418879020479 0.100374287902
0.333333333333 0.628318530718 0.0243808439743
0.333333333333 0.837758040957 0.0179529609411
0.333333333333 1.0471975512 0.182704915829
0.333333333333 1.25663706144 0.550715860429
0.333333333333 1.46607657168 0.294220007934
0.333333333333 1.67551608191 0.109243400551
0.333333333333 1.88495559215 0.205469385516
0.333333333333 2.09439510239 0.310999520028
0.333333333333 2.30383461263 0.831609239892
0.333333333333 2.51327412287 0.219941391675
0.333333333333 2.72271363311 0.20321713576
0.333333333333 2.93215314335 0.0913804765871
0.333333333333 3.14159265359 0.139570690053
0.333333333333 3.35103216383 0.272286234823
0.333333333333 3.56047167407 0.216902022085
0.333333333333 3.76991118431 0.158628114079
0.333333333333 3.97935069455 0.0725316598975
0.333333333333 4.18879020479 0.0896918180021
0.333333333333 4.39822971503 0.156180655639
0.333333333333 4.60766922527 0.405380893242
0.333333333333 4.8171087355 0.222001776485
0.333333333333 5.02654824574 0.296768628845
0.333333333333 5.23598775598 0.210157062176
0.333333333333 5.44542726622 0.542099674404
0.333333333333 5.65486677646 0.3320905407
0.333333333333 5.8643062867 0.379952855993
0.333333333333 6.07374579694 0.274024333799

0.4 0 0.670188568273
0.4 0.209439510239 0.465969683635
0.4 0.418879020479 0.0937907689714
0.4 0.628318530718 0.00638812240236
0.4 0.837758040957 0.024856951427
0.4 1.0471975512 0.236581272417
0.4 1.25663706144 0.524459041421
0.4 1.46607657168 0.237750487401
0.4 1.67551608191 0.109492545956
0.4 1.88495559215 0.209913787518
0.4 2.09439510239 0.330199065897
0.4 2.30383461263 0.828648102243
0.4 2.51327412287 0.192758540143
0.4 2.72271363311 0.190898666015
0.4 2.93215314335 0.0810271469218
0.4 3.14159265359 0.141021076116
0.4 3.35103216383 0.25814110859
0.4 3.56047167407 0.217260445392
0.4 3.76991118431 0.186024696545
0.4 3.97935069455 0.124440708666
0.4 4.18879020479 0.11397644297
0.4 4.39822971503 0.17801761113
0.4 4.60766922527 0.386729479094
0.4 4.8171087355 0.203392505853
0.4 5.02654824574 0.31724712173
0.4 5.23598775598 0.202358056081
0.4 5.44542726622 0.545135066933
0.4 5.65486677646 0.338793406993
0.4 5.8643062867 0.399882029518
0.4 6.07374579694 0.235825148212

0.466666666667 0 0.620272583705
0.466666666667 0.209439510239 0.537978134817
0.466666666667 0.418879020479 0.119094847133
0.466666666667 0.628318530718 0.00804048253012
0.466666666667 0.837758040957 0.0592464833645
0.466666666667 1.0471975512 0.288568423871
0.466666666667 1.25663706144 0.458370889332
0.466666666667 1.46607657168 0.182520997187
0.466666666667 1.67551608191 0.108388870153
0.466666666667 1.88495559215 0.216247592052
0.466666666667 2.09439510239 0.350998296922
0.466666666667 2.30383461263 0.81542223939
0.466666666667 2.51327412287 0.162591928354
0.466666666667 2.72271363311 0.17473065612
0.466666666667 2.93215314335 0.0729578597917
0.466666666667 3.14159265359 0.136267520597
0.466666666667 3.35103216383 0.233163446737
0.466666666667 3.56047167407 0.203275295297
0.466666666667 3.76991118431 0.192950394952
0.466666666667 3.97935069455 0.159564541129
0.466666666667 4.18879020479 0.122958931955
0.466666666667 4.39822971503 0.194363609609
0.466666666667 4.60766922527 0.350422518709
0.466666666667 4.8171087355 0.200918296564
0.466666666667 5.02654824574 0.333103419609
0.466666666667 5.23598775598 0.197934697143
0.466666666667 5.44542726622 0.547082771349
0.466666666667 5.65486677646 0.348336783243
0.466666666667 5.8643062867 0.414613438067
0.466666666667 6.07374579694 0.210570410266

0.533333333333 0 0.522660009433
0.533333333333 0.209439510239 0.625831532436
0.533333333333 0.418879020479 0.208746149411
0.533333333333 0.628318530718 0.0449436261063
0.533333333333 0.837758040957 0.109082830889
0.533333333333 1.0471975512 0.309097261067
0.533333333333 1.25663706144 0.356482570007
0.533333333333 1.46607657168 0.136631200078
0.533333333333 1.67551608191 0.108322172722
0.533333333333 1.88495559215 0.224175615702
0.533333333333 2.09439510239 0.370263119572
0.533333333333 2.30383461263 0.783950457842
0.533333333333 2.51327412287 0.130674177141
0.533333333333 2.72271363311 0.153120646845
0.533333333333 2.93215314335 0.0719477598651
0.533333333333 3.14159265359 0.124535379914
0.533333333333 3.35103216383 0.191632201668
0.533333333333 3.56047167407 0.174638730935
0.533333333333 3.76991118431 0.157437125884
0.533333333333 3.97935069455 0.143561236578
0.533333333333 4.18879020479 0.10680198699
0.533333333333 4.39822971503 0.199502297626
0.533333333333 4.60766922527 0.305628908138
0.533333333333 4.8171087355 0.22115367923
0.533333333333 5.02654824574 0.339376633974
0.533333333333 5.23598775598 0.201485476115
0.533333333333 5.44542726622 0.545602213732
0.533333333333 5.65486677646 0.360066159737
0.533333333333 5.8643062867 0.419579312152
0.533333333333 6.07374579694 0.215235405534

0.6 0 0.37880859511
0.6 0.209439510239 0.667738542844
0.6 0.418879020479 0.374867266746
0.6 0.628318530718 0.150028573817
0.6 0.837758040957 0.173380578055
0.6 1.0471975512 0.291607551099
0.6 1.25663706144 0.249516789
0.6 1.46607657168 0.103056850772
0.6 1.67551608191 0.116089642816
0.6 1.88495559215 0.231444600154
0.6 2.09439510239 0.380850658816
0.6 2.30383461263 0.722206203043
0.6 2.51327412287 0.100964469207
0.6 2.72271363311 0.123508417528
0.6 2.93215314335 0.0839883819404
0.6 3.14159265359 0.113697976212
0.6 3.35103216383 0.129429069166
0.6 3.56047167407 0.138480080788
0.6 3.76991118431 0.0923926277692
0.6 3.97935069455 0.0785405885596
0.6 4.18879020479 0.0775828176317
0.6 4.39822971503 0.197620192391
0.6 4.60766922527 0.277852005675
0.6 4.8171087355 0.257717791779
0.6 5.02654824574 0.334227238869
0.6 5.23598775598 0.218786503002
0.6 5.44542726622 0.537157965092
0.6 5.65486677646 0.372323834886
0.6 5.8643062867 0.410213772735
0.6 6.07374579694 0.267079025363

0.666666666667 0 0.238363787497
0.666666666667 0.209439510239 0.57466620308
0.666666666667 0.418879020479 0.537701345642
0.666666666667 0.628318530718 0.32992770357
0.666666666667 0.837758040957 0.26922572875
0.666666666667 1.0471975512 0.268607956632
0.666666666667 1.25663706144 0.169263406192
0.666666666667 1.46607657168 0.0810277544716
0.666666666667 1.67551608191 0.14245962117
0.666666666667 1.88495559215 0.231433163921
0.666666666667 2.09439510239 0.368765741418
0.666666666667 2.30383461263 0.615093603904
0.666666666667 2.51327412287 0.0824269891648
0.666666666667 2.72271363311 0.0843300686448
0.666666666667 2.93215314335 0.10923208995
0.666666666667 3.14159265359 0.127641848489
0.666666666667 3.35103216383 0.0584060973242
0.666666666667 3.56047167407 0.0979461026654
0.666666666667 3.76991118431 0.0527950204494
0.666666666667 3.97935069455 0.0324910199454
0.666666666667 4.18879020479 0.0792360840997
0.666666666667 4.39822971503 0.21526185348
0.666666666667 4.60766922527 0.296520854111
0.666666666667 4.8171087355 0.280783837859
0.666666666667 5.02654824574 0.32641713417
0.666666666667 5.23598775598 0.254980653213
0.666666666667 5.44542726622 0.516859862389
0.666666666667 5.65486677646 0.381909086578
0.666666666667 5.8643062867 0.384004618996
0.666666666667 6.07374579694 0.371887379251

0.733333333333 0 0.209995292571
0.733333333333 0.209439510239 0.335307034726
0.733333333333 0.418879020479 0.505069554131
0.733333333333 0.628318530718 0.443802986881
0.733333333333 0.837758040957 0.339841339728
0.733333333333 1.0471975512 0.231169128324
0.733333333333 1.25663706144 0.102434347963
0.733333333333 1.46607657168 0.0894668049089
0.733333333333 1.67551608191 0.190010987711
0.733333333333 1.88495559215 0.210012331557
0.733333333333 2.09439510239 0.312927182957
0.733333333333 2.30383461263 0.455481199112
0.733333333333 2.51327412287 0.0913106025809
0.733333333333 2.72271363311 0.0443349955935
0.733333333333 2.93215314335 0.126792645928
0.733333333333 3.14159265359 0.188736104205
0.733333333333 3.35103216383 0.040358746974
0.733333333333 3.56047167407 0.0535620605867
0.733333333333 3.76991118431 0.0703109971797
0.733333333333 3.97935069455 0.0805261437508
0.733333333333 4.18879020479 0.16047049796
0.733333333333 4.39822971503 0.291063740927
0.733333333333 4.60766922527 0.340195216184
0.733333333333 4.8171087355 0.250154727379
0.733333333333 5.02654824574 0.344058303997
0.733333333333 5.23598775598 0.309884481639
0.733333333333 5.44542726622 0.47881985343
0.733333333333 5.65486677646 0.383651929047
0.733333333333 5.8643062867 0.343552916016
0.733333333333 6.07374579694 0.50456413648

0.8 0 0.383153223833
0.8 0.209439510239 0.181693970248
0.8 0.418879020479 0.234244274005
0.8 0.628318530718 0.271402964098
0.8 0.837758040957 0.211845473751
0.8 1.0471975512 0.112521953192
0.8 1.25663706144 0.0786337693849
0.8 1.46607657168 0.179861649085
0.8 1.67551608191 0.22008359086
0.8 1.88495559215 0.146386009266
0.8 2.09439510239 0.205306059444
0.8 2.30383461263 0.284880230612
0.8 2.51327412287 0.150863540892
0.8 2.72271363311 0.0412534753936
0.8 2.93215314335 0.097299393891
0.8 3.14159265359 0.242673474922
0.8 3.35103216383 0.151301066091
0.8 3.56047167407 0.0814983890665
0.8 3.76991118431 0.13155049221
0.8 3.97935069455 0.207684145758
0.8 4.18879020479 0.30451457346
0.8 4.39822971503 0.367608309107
0.8 4.60766922527 0.281730510616
0.8 4.8171087355 0.192295849616
0.8 5.02654824574 0.428274450661
0.8 5.23598775598 0.369012643988
0.8 5.44542726622 0.418103492941
0.8 5.65486677646 0.370898941579
0.8 5.8643062867 0.299377174575
0.8 6.07374579694 0.590765904229

0.866666666667 0 0.6222348224
0.866666666667 0.209439510239 0.427311859583
0.866666666667 0.418879020479 0.246626004787
0.866666666667 0.628318530718 0.16818720676
0.866666666667 0.837758040957 0.146134051434
0.866666666667 1.0471975512 0.176136322678
0.866666666667 1.25663706144 0.2630811323
0.866666666667 1.46607657168 0.291203213446
0.866666666667 1.67551608191 0.139864634083
0.866666666667 1.88495559215 0.0461506810408
0.866666666667 2.09439510239 0.129734171908
0.866666666667 2.30383461263 0.255724312329
0.866666666667 2.51327412287 0.288859115815
0.866666666667 2.72271363311 0.137775125223
0.866666666667 2.93215314335 0.0551369172248
0.866666666667 3.14159265359 0.158719672806
0.866666666667 3.35103216383 0.225869064837
0.866666666667 3.56047167407 0.20072225464
0.866666666667 3.76991118431 0.212106002183
0.866666666667 3.97935069455 0.258800960026
0.866666666667 4.18879020479 0.272075566593
0.866666666667 4.39822971503 0.196801656807
0.866666666667 4.60766922527 0.117088781038
0.866666666667 4.8171087355 0.303926669258
0.866666666667 5.02654824574 0.569674644493
0.866666666667 5.23598775598 0.392873904748
0.866666666667 5.44542726622 0.337549881906
0.866666666667 5.65486677646 0.339798213491
0.866666666667 5.8643062867 0.269911192245
0.866666666667 6.07374579694 0.528795686545

0.933333333333 0 0.478429013653
0.933333333333 0.209439510239 0.573590285865
0.933333333333 0.418879020479 0.576452826162
0.933333333333 0.628318530718 0.533385311445
0.933333333333 0.837758040957 0.481885533456
0.933333333333 1.0471975512 0.41309822943
0.933333333333 1.25663706144 0.289483080078
0.933333333333 1.46607657168 0.115434055466
0.933333333333 1.67551608191 0.010326336087
0.933333333333 1.88495559215 0.0999115499387
0.933333333333 2.09439510239 0.325538726499
0.933333333333 2.30383461263 0.512455906335
0.933333333333 2.51327412287 0.525279402976
0.933333333333 2.72271363311 0.365296960758
0.933333333333 2.93215314335 0.200857104411
0.933333333333 3.14159265359 0.138987921951
0.933333333333 3.35103216383 0.139149518456
0.933333333333 3.56047167407 0.136337221438
0.933333333333 3.76991118431 0.118851412566
0.933333333333 3.97935069455 0.10542481942
0.933333333333 4.18879020479 0.124228013515
0.933333333333 4.39822971503 0.226119492396
0.933333333333 4.60766922527 0.439615072021
0.933333333333 4.8171087355 0.63201734643
0.933333333333 5.02654824574 0.566469196358
0.933333333333 5.23598775598 0.333423610474
0.933333333333 5.44542726622 0.272674994768
0.933333333333 5.65486677646 0.309978830451
0.933333333333 5.8643062867 0.283264984502
0.933333333333 6.07374579694 0.335484424248

