-1 0 0.992153155967
-1 0.209439510239 0.992153155967
-1 0.418879020479 0.992153155968
-1 0.628318530718 0.992153155967
-1 0.837758040957 0.992153155967
-1 1.0471975512 0.992153155966
-1 1.25663706144 0.992153155966
-1 1.46607657168 0.992153155966
-1 1.67551608191 0.992153155967
-1 1.88495559215 0.992153155968
-1 2.09439510239 0.992153155968
-1 2.30383461263 0.992153155967
-1 2.51327412287 0.992153155966
-1 2.72271363311 0.992153155966
-1 2.93215314335 0.992153155966
-1 3.14159265359 0.992153155967
-1 3.35103216383 0.992153155967
-1 3.56047167407 0.992153155968
-1 3.76991118431 0.992153155967
-1 3.97935069455 0.992153155967
-1 4.18879020479 0.992153155966
-1 4.39822971503 0.992153155966
-1 4.60766922527 0.992153155966
-1 4.8171087355 0.992153155967
-1 5.02654824574 0.992153155968
-1 5.23598775598 0.992153155968
-1 5.44542726622 0.992153155967
-1 5.65486677646 0.992153155966
-1 5.8643062867 0.992153155966
-1 6.07374579694 0.992153155966

-0.933333333333 0 0.268943404414
-0.933333333333 0.209439510239 0.223661392886
-0.933333333333 0.418879020479 0.160915531482
-0.933333333333 0.628318530718 0.114331760861
-0.933333333333 0.837758040957 0.130700823163
-0.933333333333 1.0471975512 0.23917786232
-0.933333333333 1.25663706144 0.482423607407
-0.933333333333 1.46607657168 0.879261627015
-0.933333333333 1.67551608191 1.30001933045
-0.933333333333 1.88495559215 1.37525674124
-0.933333333333 2.09439510239 0.973070781473
-0.933333333333 2.30383461263 0.688206507213
-0.933333333333 2.51327412287 0.724032585241
-0.933333333333 2.72271363311 0.539125495558
-0.933333333333 2.93215314335 0.285387736971
-0.933333333333 3.14159265359 0.36460055396
-0.933333333333 3.35103216383 0.583344941731
-0.933333333333 3.56047167407 0.699294049223
-0.933333333333 3.76991118431 0.720605985512
-0.933333333333 3.97935069455 0.709289542018
-0.933333333333 4.18879020479 0.677097483892
-0.933333333333 4.39822971503 0.615501997476
-0.933333333333 4.60766922527 0.555888534476
-0.933333333333 4.8171087355 0.607722878277
-0.933333333333 5.02654824574 0.804971795093
-0.933333333333 5.23598775598 0.907159888269
-0.933333333333 5.44542726622 0.875938352138
-0.933333333333 5.65486677646 0.928317300832
-0.933333333333 5.8643062867 0.790427331913
-0.933333333333 6.07374579694 0.442348628626

-0.866666666667 0 0.136669941204
-0.866666666667 0.209439510239 0.179037630855
-0.866666666667 0.418879020479 0.449610937458
-0.866666666667 0.628318530718 0.6859660642
-0.866666666667 0.837758040957 0.631899972291
-0.866666666667 1.0471975512 0.365296776416
-0.866666666667 1.25663706144 0.115626376902
-0.866666666667 1.46607657168 0.121372860611
-0.866666666667 1.67551608191 0.666340412816
-0.866666666667 1.88495559215 1.65751043561
-0.866666666667 2.09439510239 1.56920684799
-0.866666666667 2.30383461263 0.626589948396
-0.866666666667 2.51327412287 0.570048257862
-0.866666666667 2.72271363311 0.297965388134
-0.866666666667 2.93215314335 0.248558087709
-0.866666666667 3.14159265359 0.546546879739
-0.866666666667 3.35103216383 0.576210571293
-0.866666666667 3.56047167407 0.542853543424
-0.866666666667 3.76991118431 0.607542557022
-0.866666666667 3.97935069455 0.719525569861
-0.866666666667 4.18879020479 0.786627275263
-0.866666666667 4.39822971503 0.700830120517
-0.866666666667 4.60766922527 0.476147479079
-0.866666666667 4.8171087355 0.394486715201
-0.866666666667 5.02654824574 0.849209393771
-0.866666666667 5.23598775598 1.18015270876
-0.866666666667 5.44542726622 0.749734162044
-0.866666666667 5.65486677646 0.763044866032
-0.866666666667 5.8643062867 0.493862512482
-0.866666666667 6.07374579694 0.130373589343

-0.8 0 0.333705147805
-0.8 0.209439510239 1.01006513554
-0.8 0.418879020479 1.61841958036
-0.8 0.628318530718 1.73486751266
-0.8 0.837758040957 1.48846721348
-0.8 1.0471975512 1.03942054438
-0.8 1.25663706144 0.542147428821
-0.8 1.46607657168 0.194859855603
-0.8 1.67551608191 0.180646185037
-0.8 1.88495559215 1.25249073967
-0.8 2.09439510239 2.02586290013
-0.8 2.30383461263 0.648609642006
-0.8 2.51327412287 0.459759150697
-0.8 2.72271363311 0.160614806075
-0.8 2.93215314335 0.316207833312
-0.8 3.14159265359 0.504350355172
-0.8 3.35103216383 0.417580482189
-0.8 3.56047167407 0.438040504636
-0.8 3.76991118431 0.513450913623
-0.8 3.97935069455 0.638809860307
-0.8 4.18879020479 0.873927949659
-0.8 4.39822971503 1.04259125214
-0.8 4.60766922527 0.771141328478
-0.8 4.8171087355 0.3173886579
-0.8 5.02654824574 0.65519519476
-0.8 5.23598775598 1.31112130099
-0.8 5.44542726622 0.682514104066
-0.8 5.65486677646 0.618996209652
-0.8 5.8643062867 0.269461915332
-0.8 6.07374579694 0.0560476401849

-0.733333333333 0 0.966170662824
-0.733333333333 0.209439510239 1.63983922606
-0.733333333333 0.418879020479 1.73621488583
-0.733333333333 0.628318530718 1.72561295953
-0.733333333333 0.837758040957 1.57991956489
-0.733333333333 1.0471975512 1.20996660635
-0.733333333333 1.25663706144 0.689327406619
-0.733333333333 1.46607657168 0.326192917964
-0.733333333333 1.67551608191 0.155976974856
-0.733333333333 1.88495559215 0.775578359274
-0.733333333333 2.09439510239 2.23882739547
-0.733333333333 2.30383461263 0.702410344564
-0.733333333333 2.51327412287 0.383181570505
-0.733333333333 2.72271363311 0.0899848302822
-0.733333333333 2.93215314335 0.363865279403
-0.733333333333 3.14159265359 0.397806739794
-0.733333333333 3.35103216383 0.316450323597
-0.733333333333 3.56047167407 0.337759774792
-0.733333333333 3.76991118431 0.317554854647
-0.733333333333 3.97935069455 0.30406268287
-0.733333333333 4.18879020479 0.49346507253
-0.733333333333 4.39822971503 0.983297039637
-0.733333333333 4.60766922527 1.09134486047
-0.733333333333 4.8171087355 0.498310731525
-0.733333333333 5.02654824574 0.469504248738
-0.733333333333 5.23598775598 1.28362350934
-0.733333333333 5.44542726622 0.665427406138
-0.733333333333 5.65486677646 0.484282117929
-0.733333333333 5.8643062867 0.175702845889
-0.733333333333 6.07374579694 0.11705191372

-0.666666666667 0 1.60977283948
-0.666666666667 0.209439510239 1.47241678233
-0.666666666667 0.418879020479 1.45910658019
-0.666666666667 0.628318530718 1.73484484962
-0.666666666667 0.837758040957 1.80881606659
-0.666666666667 1.0471975512 1.53490141998
-0.666666666667 1.25663706144 0.869025127442
-0.666666666667 1.46607657168 0.325671175927
-0.666666666667 1.67551608191 0.233899552572
-0.666666666667 1.88495559215 0.475517827259
-0.666666666667 2.09439510239 2.27040104833
-0.666666666667 2.30383461263 0.76332473155
-0.666666666667 2.51327412287 0.332526828467
-0.666666666667 2.72271363311 0.0596332172819
-0.666666666667 2.93215314335 0.373747605105
-0.666666666667 3.14159265359 0.297570610142
-0.666666666667 3.35103216383 0.291078989878
-0.666666666667 3.56047167407 0.319365502981
-0.666666666667 3.76991118431 0.248764996174
-0.666666666667 3.97935069455 0.153818561907
-0.666666666667 4.18879020479 0.158758371527
-0.666666666667 4.39822971503 0.636889932846
-0.666666666667 4.60766922527 1.17522836852
-0.666666666667 4.8171087355 0.745828399507
-0.666666666667 5.02654824574 0.368724205612
-0.666666666667 5.23598775598 1.19445052505
-0.666666666667 5.44542726622 0.671504226761
-0.666666666667 5.65486677646 0.36534540905
-0.666666666667 5.8643062867 0.21374767272
-0.666666666667 6.07374579694 0.398453770102

-0.6 0 1.81723592961
-0.6 0.209439510239 1.01126729233
-0.6 0.418879020479 1.36762765676
-0.6 0.628318530718 1.73091570424
-0.6 0.837758040957 1.96782665353
-0.6 1.0471975512 1.95937664915
-0.6 1.25663706144 1.25207603628
-0.6 1.46607657168 0.374596238569
-0.6 1.67551608191 0.25020278318
-0.6 1.88495559215 0.348165697303
-0.6 2.09439510239 2.20141475824
-0.6 2.30383461263 0.820587521955
-0.6 2.51327412287 0.301063542579
-0.6 2.72271363311 0.0506024135195
-0.6 2.93215314335 0.351467029225
-0.6 3.14159265359 0.240585134435
-0.6 3.35103216383 0.334255017431
-0.6 3.56047167407 0.332836191989
-0.6 3.76991118431 0.243636893223
-0.6 3.97935069455 0.190897588259
-0.6 4.18879020479 0.112910811386
-0.6 4.39822971503 0.334176874243
-0.6 4.60766922527 1.07706263482
-0.6 4.8171087355 0.928181229605
-0.6 5.02654824574 0.342408088488
-0.6 5.23598775598 1.09779714574
-0.6 5.44542726622 0.68407898714
-0.6 5.65486677646 0.281464032848
-0.6 5.8643062867 0.334527417007
-0.6 6.07374579694 0.807952384577

-0.533333333333 0 1.61585722654
-0.533333333333 0.209439510239 0.670775159288
-0.533333333333 0.418879020479 1.22140356014
-0.533333333333 0.628318530718 1.35622083645
-0.533333333333 0.837758040957 1.73866631394
-0.533333333333 1.0471975512 2.16467129908
-0.533333333333 1.25663706144 1.68772785912
-0.533333333333 1.46607657168 0.546565749367
-0.533333333333 1.67551608191 0.212530012485
-0.533333333333 1.88495559215 0.322691863062
-0.533333333333 2.09439510239 2.09116650559
-0.533333333333 2.30383461263 0.870618755493
-0.533333333333 2.51327412287 0.283154851908
-0.533333333333 2.72271363311 0.0508249610009
-0.533333333333 2.93215314335 0.310267348572
-0.533333333333 3.14159265359 0.23810517149
-0.533333333333 3.35103216383 0.390561394142
-0.533333333333 3.56047167407 0.320112395481
-0.533333333333 3.76991118431 0.243479576773
-0.533333333333 3.97935069455 0.2913059391
-0.533333333333 4.18879020479 0.272514564659
-0.533333333333 4.39822971503 0.220875924969
-0.533333333333 4.60766922527 0.929346359342
-0.533333333333 4.8171087355 1.02363163861
-0.533333333333 5.02654824574 0.35960000039
-0.533333333333 5.23598775598 1.01161210138
-0.533333333333 5.44542726622 0.69683506595
-0.533333333333 5.65486677646 0.239770496376
-0.533333333333 5.8643062867 0.478420339111
-0.533333333333 6.07374579694 1.17723968994

-0.466666666667 0 1.25238107055
-0.466666666667 0.209439510239 0.477776985094
-0.466666666667 0.418879020479 0.879850865426
-0.466666666667 0.628318530718 0.767012467181
-0.466666666667 0.837758040957 1.25909160018
-0.466666666667 1.0471975512 2.08504524996
-0.466666666667 1.25663706144 2.02366471377
-0.466666666667 1.46607657168 0.801837553219
-0.466666666667 1.67551608191 0.166272660637
-0.466666666667 1.88495559215 0.339603562766
-0.466666666667 2.09439510239 1.97435714812
-0.466666666667 2.30383461263 0.913374815074
-0.466666666667 2.51327412287 0.274264842834
-0.466666666667 2.72271363311 0.0536891454488
-0.466666666667 2.93215314335 0.263569353635
-0.466666666667 3.14159265359 0.276313709859
-0.466666666667 3.35103216383 0.421220454667
-0.466666666667 3.56047167407 0.291965019648
-0.466666666667 3.76991118431 0.254399206764
-0.466666666667 3.97935069455 0.380019612481
-0.466666666667 4.18879020479 0.470200374202
-0.466666666667 4.39822971503 0.258710496099
-0.466666666667 4.60766922527 0.807673986796
-0.466666666667 4.8171087355 1.06497958634
-0.466666666667 5.02654824574 0.393358330581
-0.466666666667 5.23598775598 0.939646808439
-0.466666666667 5.44542726622 0.708168601448
-0.466666666667 5.65486677646 0.23481509279
-0.466666666667 5.8643062867 0.605299589706
-0.466666666667 6.07374579694 1.41875035233

-0.4 0 0.912760554033
-0.4 0.209439510239 0.346667694835
-0.4 0.418879020479 0.493660208196
-0.4 0.628318530718 0.293990640709
-0.4 0.837758040957 0.79663353802
-0.4 1.0471975512 1.83406453078
-0.4 1.25663706144 2.21126922938
-0.4 1.46607657168 1.07808200475
-0.4 1.67551608191 0.13955357462
-0.4 1.88495559215 0.365220092497
-0.4 2.09439510239 1.86777071469
-0.4 2.30383461263 0.950375858663
-0.4 2.51327412287 0.270859602073
-0.4 2.72271363311 0.0562124529751
-0.4 2.93215314335 0.220763299987
-0.4 3.14159265359 0.332687395743
-0.4 3.35103216383 0.422419785725
-0.4 3.56047167407 0.275087751687
-0.4 3.76991118431 0.283081915728
-0.4 3.97935069455 0.434322461921
-0.4 4.18879020479 0.603030244307
-0.4 4.39822971503 0.349072058495
-0.4 4.60766922527 0.72491927697
-0.4 4.8171087355 1.08649107529
-0.4 5.02654824574 0.427748645702
-0.4 5.23598775598 0.881240737617
-0.4 5.44542726622 0.718211716677
-0.4 5.65486677646 0.255698187466
-0.4 5.8643062867 0.698638412575
-0.4 6.07374579694 1.53124837882

-0.333333333333 0 0.667442911249
-0.333333333333 0.209439510239 0.23637275673
-0.333333333333 0.418879020479 0.233538140883
-0.333333333333 0.628318530718 0.0907133198083
-0.333333333333 0.837758040957 0.495371557803
-0.333333333333 1.0471975512 1.53938434819
-0.333333333333 1.25663706144 2.27136211423
-0.333333333333 1.46607657168 1.33298087335
-0.333333333333 1.67551608191 0.139078868098
-0.333333333333 1.88495559215 0.385220200061
-0.333333333333 2.09439510239 1.77738346045
-0.333333333333 2.30383461263 0.983674209395
-0.333333333333 2.51327412287 0.270246454534
-0.333333333333 2.72271363311 0.0574694540848
-0.333333333333 2.93215314335 0.186334857317
-0.333333333333 3.14159265359 0.389286051917
-0.333333333333 3.35103216383 0.406928436796
-0.333333333333 3.56047167407 0.278941227272
-0.333333333333 3.76991118431 0.322763473701
-0.333333333333 3.97935069455 0.462007203956
-0.333333333333 4.18879020479 0.657959466917
-0.333333333333 4.39822971503 0.424710651117
-0.333333333333 4.60766922527 0.668574437517
-0.333333333333 4.8171087355 1.10587889871
-0.333333333333 5.02654824574 0.456285173016
-0.333333333333 5.23598775598 0.834467074052
-0.333333333333 5.44542726622 0.727680272424
-0.333333333333 5.65486677646 0.291145432347
-0.333333333333 5.8643062867 0.757653719278
-0.333333333333 6.07374579694 1.55173796099

-0.266666666667 0 0.517146757192
-0.266666666667 0.209439510239 0.146684128131
-0.266666666667 0.418879020479 0.145377817292
-0.266666666667 0.628318530718 0.119284412357
-0.266666666667 0.837758040957 0.366147062837
-0.266666666667 1.0471975512 1.27791731763
-0.266666666667 1.25663706144 2.24746482406
-0.266666666667 1.46607657168 1.54801097653
-0.266666666667 1.67551608191 0.159505707952
-0.266666666667 1.88495559215 0.395861600706
-0.266666666667 2.09439510239 1.70351164964
-0.266666666667 2.30383461263 1.01534576078
-0.266666666667 2.51327412287 0.270394210741
-0.266666666667 2.72271363311 0.0575093339819
-0.266666666667 2.93215314335 0.161000641981
-0.266666666667 3.14159265359 0.436719801368
-0.266666666667 3.35103216383 0.387363325894
-0.266666666667 3.56047167407 0.298851432731
-0.266666666667 3.76991118431 0.364816490689
-0.266666666667 3.97935069455 0.480492285769
-0.266666666667 4.18879020479 0.667823955186
-0.266666666667 4.39822971503 0.466418349524
-0.266666666667 4.60766922527 0.626041699474
-0.266666666667 4.8171087355 1.12753836066
-0.266666666667 5.02654824574 0.477919357996
-0.266666666667 5.23598775598 0.797100137197
-0.266666666667 5.44542726622 0.737448148964
-0.266666666667 5.65486677646 0.33173099909
-0.266666666667 5.8643062867 0.788813891455
-0.266666666667 6.07374579694 1.52074888145

-0.2 0 0.43872082932
-0.2 0.209439510239 0.0839925892173
-0.2 0.418879020479 0.181764543642
-0.2 0.628318530718 0.270010764846
-0.2 0.837758040957 0.358904816241
-0.2 1.0471975512 1.07846639083
-0.2 1.25663706144 2.18114946089
-0.2 1.46607657168 1.72014748377
-0.2 1.67551608191 0.191414274289
-0.2 1.88495559215 0.397921991683
-0.2 2.09439510239 1.64396559257
-0.2 2.30383461263 1.04726381333
-0.2 2.51327412287 0.269763402882
-0.2 2.72271363311 0.0567226351086
-0.2 2.93215314335 0.143391788012
-0.2 3.14159265359 0.472426556889
-0.2 3.35103216383 0.370724183104
-0.2 3.56047167407 0.32692965881
-0.2 3.76991118431 0.405683356071
-0.2 3.97935069455 0.503494146384
-0.2 4.18879020479 0.666192528849
-0.2 4.39822971503 0.481074333826
-0.2 4.60766922527 0.591400899561
-0.2 4.8171087355 1.15008207002
-0.2 5.02654824574 0.493724525728
-0.2 5.23598775598 0.766978875125
-0.2 5.44542726622 0.748385979164
-0.2 5.65486677646 0.370406539193
-0.2 5.8643062867 0.800304377194
-0.2 6.07374579694 1.46878784211

-0.133333333333 0 0.408330184074
-0.133333333333 0.209439510239 0.0472155913536
-0.133333333333 0.418879020479 0.273178728043
-0.133333333333 0.628318530718 0.449167649607
-0.133333333333 0.837758040957 0.417097853161
-0.133333333333 1.0471975512 0.941639372307
-0.133333333333 1.25663706144 2.10436998436
-0.133333333333 1.46607657168 1.85369453828
-0.133333333333 1.67551608191 0.225467884476
-0.133333333333 1.88495559215 0.393445947024
-0.133333333333 2.09439510239 1.59576666535
-0.133333333333 2.30383461263 1.08101698824
-0.133333333333 2.51327412287 0.267163773183
-0.133333333333 2.72271363311 0.0555246807454
-0.133333333333 2.93215314335 0.131477528524
-0.133333333333 3.14159265359 0.497513313972
-0.133333333333 3.35103216383 0.359317965287
-0.133333333333 3.56047167407 0.357597362771
-0.133333333333 3.76991118431 0.446534101671
-0.133333333333 3.97935069455 0.537058075693
-0.133333333333 4.18879020479 0.669607275605
-0.133333333333 4.39822971503 0.480171814422
-0.133333333333 4.60766922527 0.563697446128
-0.133333333333 4.8171087355 1.17124185687
-0.133333333333 5.02654824574 0.505041666063
-0.133333333333 5.23598775598 0.742189077584
-0.133333333333 5.44542726622 0.761302119719
-0.133333333333 5.65486677646 0.402283548118
-0.133333333333 5.8643062867 0.799311518752
-0.133333333333 6.07374579694 1.41475691677

-0.0666666666667 0 0.408748333504
-0.0666666666667 0.209439510239 0.0292676495775
-0.0666666666667 0.418879020479 0.367595650261
-0.0666666666667 0.628318530718 0.605128547881
-0.0666666666667 0.837758040957 0.499011553903
-0.0666666666667 1.0471975512 0.856429230514
-0.0666666666667 1.25663706144 2.03966503675
-0.0666666666667 1.46607657168 1.95467177784
-0.0666666666667 1.67551608191 0.253998508924
-0.0666666666667 1.88495559215 0.38428694961
-0.0666666666667 2.09439510239 1.55597291194
-0.0666666666667 2.30383461263 1.11789218755
-0.0666666666667 2.51327412287 0.261648274243
-0.0666666666667 2.72271363311 0.054226832342
-0.0666666666667 2.93215314335 0.123517573791
-0.0666666666667 3.14159265359 0.514190331916
-0.0666666666667 3.35103216383 0.353071566262
-0.0666666666667 3.56047167407 0.387909059346
-0.0666666666667 3.76991118431 0.4903536962
-0.0666666666667 3.97935069455 0.581059885763
-0.0666666666667 4.18879020479 0.680004453668
-0.0666666666667 4.39822971503 0.47070609284
-0.0666666666667 4.60766922527 0.544133232145
-0.0666666666667 4.8171087355 1.18964045605
-0.0666666666667 5.02654824574 0.512783886467
-0.0666666666667 5.23598775598 0.721169080909
-0.0666666666667 5.44542726622 0.77692562228
-0.0666666666667 5.65486677646 0.424186583692
-0.0666666666667 5.8643062867 0.791083016411
-0.0666666666667 6.07374579694 1.36862475007

6.12323399574e-17 0 0.429706187188
6.12323399574e-17 0.209439510239 0.0221379560487
6.12323399574e-17 0.418879020479 0.437600956072
6.12323399574e-17 0.628318530718 0.720025379962
6.12323399574e-17 0.837758040957 0.579762600553
6.12323399574e-17 1.0471975512 0.810431219623
6.12323399574e-17 1.25663706144 2.00287697138
6.12323399574e-17 1.46607657168 2.02699284409
6.12323399574e-17 1.67551608191 0.271459922528
6.12323399574e-17 1.88495559215 0.371581094968
6.12323399574e-17 2.09439510239 1.52200641515
6.12323399574e-17 2.30383461263 1.15887705205
6.12323399574e-17 2.51327412287 0.252451129425
6.12323399574e-17 2.72271363311 0.0530040015166
6.12323399574e-17 2.93215314335 0.118635635394
6.12323399574e-17 3.14159265359 0.524139341872
6.12323399574e-17 3.35103216383 0.351293533187
6.12323399574e-17 3.56047167407 0.415678497834
6.12323399574e-17 3.76991118431 0.538920790965
6.12323399574e-17 3.97935069455 0.6315757375
6.12323399574e-17 4.18879020479 0.692280652486
6.12323399574e-17 4.39822971503 0.454515531149
6.12323399574e-17 4.60766922527 0.534515341459
6.12323399574e-17 4.8171087355 1.20477396148
6.12323399574e-17 5.02654824574 0.517385331043
6.12323399574e-17 5.23598775598 0.702771615794
6.12323399574e-17 5.44542726622 0.795903810056
6.12323399574e-17 5.65486677646 0.434218896287
6.12323399574e-17 5.8643062867 0.77886659938
6.12323399574e-17 6.07374579694 1.33458194167

0.0666666666667 0 0.466344901289
0.0666666666667 0.209439510239 0.0202796714851
0.0666666666667 0.418879020479 0.473458289594
0.0666666666667 0.628318530718 0.793677143996
0.0666666666667 0.837758040957 0.647253830943
0.0666666666667 1.0471975512 0.795901325652
0.0666666666667 1.25663706144 2.00555814595
0.0666666666667 1.46607657168 2.06934318192
0.0666666666667 1.67551608191 0.274676828976
0.0666666666667 1.88495559215 0.355644340525
0.0666666666667 2.09439510239 1.49172089013
0.0666666666667 2.30383461263 1.20465508941
0.0666666666667 2.51327412287 0.238978444968
0.0666666666667 2.72271363311 0.0519051136045
0.0666666666667 2.93215314335 0.117177150566
0.0666666666667 3.14159265359 0.527482751876
0.0666666666667 3.35103216383 0.353824151116
0.0666666666667 3.56047167407 0.437242530566
0.0666666666667 3.76991118431 0.589860856659
0.0666666666667 3.97935069455 0.68175433316
0.0666666666667 4.18879020479 0.699065077085
0.0666666666667 4.39822971503 0.430512588862
0.0666666666667 4.60766922527 0.536838718461
0.0666666666667 4.8171087355 1.21637276532
0.0666666666667 5.02654824574 0.518998117342
0.0666666666667 5.23598775598 0.686308564489
0.0666666666667 5.44542726622 0.818801059787
0.0666666666667 5.65486677646 0.431436395763
0.0666666666667 5.8643062867 0.764167578642
0.0666666666667 6.07374579694 1.31338123131

0.133333333333 0 0.517785823847
0.133333333333 0.209439510239 0.0217872327372
0.133333333333 0.418879020479 0.474844729614
0.133333333333 0.628318530718 0.83200180304
0.133333333333 0.837758040957 0.698964829751
0.133333333333 1.0471975512 0.813762204061
0.133333333333 1.25663706144 2.05478704933
0.133333333333 1.46607657168 2.07224142001
0.133333333333 1.67551608191 0.263386615823
0.133333333333 1.88495559215 0.336071622198
0.133333333333 2.09439510239 1.46333527349
0.133333333333 2.30383461263 1.25557447886
0.133333333333 2.51327412287 0.220862539184
0.133333333333 2.72271363311 0.0508865529215
0.133333333333 2.93215314335 0.12094824348
0.133333333333 3.14159265359 0.521970714548
0.133333333333 3.35103216383 0.362048488257
0.133333333333 3.56047167407 0.445815685857
0.133333333333 3.76991118431 0.633597304813
0.133333333333 3.97935069455 0.721007982601
0.133333333333 4.18879020479 0.691969054223
0.133333333333 4.39822971503 0.397201724538
0.133333333333 4.60766922527 0.553299581331
0.133333333333 4.8171087355 1.22376300195
0.133333333333 5.02654824574 0.517700710278
0.133333333333 5.23598775598 0.671598865053
0.133333333333 5.44542726622 0.846088801549
0.133333333333 5.65486677646 0.415663222596
0.133333333333 5.8643062867 0.74703940054
0.133333333333 6.07374579694 1.30364091196

0.2 0 0.586321513845
0.2 0.209439510239 0.0283207435722
0.2 0.418879020479 0.445625680607
0.2 0.628318530718 0.841878317393
0.2 0.837758040957 0.741333076731
0.2 1.0471975512 0.87517921126
0.2 1.25663706144 2.1475883542
0.2 1.46607657168 2.01596271606
0.2 1.67551608191 0.241224639487
0.2 1.88495559215 0.31201211163
0.2 2.09439510239 1.43528754709
0.2 2.30383461263 1.31157458824
0.2 2.51327412287 0.198094134673
0.2 2.72271363311 0.0498813810286
0.2 2.93215314335 0.13326482559
0.2 3.14159265359 0.502301059311
0.2 3.35103216383 0.379983830119
0.2 3.56047167407 0.431912457024
0.2 3.76991118431 0.651379290904
0.2 3.97935069455 0.733925247637
0.2 4.18879020479 0.66171266635
0.2 4.39822971503 0.355078990913
0.2 4.60766922527 0.586156518537
0.2 4.8171087355 1.22549015082
0.2 5.02654824574 0.513596406679
0.2 5.23598775598 0.65903693219
0.2 5.44542726622 0.878120625499
0.2 5.65486677646 0.387456650379
0.2 5.8643062867 0.72629637263
0.2 6.07374579694 1.30221301963

0.266666666667 0 0.677026871129
0.266666666667 0.209439510239 0.0448431166902
0.266666666667 0.418879020479 0.391396806963
0.266666666667 0.628318530718 0.829841244926
0.266666666667 0.837758040957 0.789244550394
0.266666666667 1.0471975512 0.995993927413
0.266666666667 1.25663706144 2.25733991173
0.266666666667 1.46607657168 1.87220445836
0.266666666667 1.67551608191 0.216792613892
0.266666666667 1.88495559215 0.28274326615
0.266666666667 2.09439510239 1.40601851117
0.266666666667 2.30383461263 1.37204956432
0.266666666667 2.51327412287 0.171245246637
0.266666666667 2.72271363311 0.0489634167665
0.266666666667 2.93215314335 0.158457401014
0.266666666667 3.14159265359 0.460129902182
0.266666666667 3.35103216383 0.414636945673
0.266666666667 3.56047167407 0.388811368027
0.266666666667 3.76991118431 0.618326953468
0.266666666667 3.97935069455 0.70190342969
0.266666666667 4.18879020479 0.600061272156
0.266666666667 4.39822971503 0.308986787598
0.266666666667 4.60766922527 0.637100496744
0.266666666667 4.8171087355 1.2193088903
0.266666666667 5.02654824574 0.50674075978
0.266666666667 5.23598775598 0.649685990797
0.266666666667 5.44542726622 0.91508532962
0.266666666667 5.65486677646 0.348222317192
0.266666666667 5.8643062867 0.69964216168
0.266666666667 6.07374579694 1.30377781448

0.333333333333 0 0.797003644056
0.333333333333 0.209439510239 0.080306845369
0.333333333333 0.418879020479 0.31812496142
0.333333333333 0.628318530718 0.799900378361
0.333333333333 0.837758040957 0.85854548162
0.333333333333 1.0471975512 1.17539325575
0.333333333333 1.25663706144 2.31468791223
0.333333333333 1.46607657168 1.61542812429
0.333333333333 1.67551608191 0.20347969477
0.333333333333 1.88495559215 0.248793287594
0.333333333333 2.09439510239 1.37368903983
0.333333333333 2.30383461263 1.43561546808
0.333333333333 2.51327412287 0.141783723954
0.333333333333 2.72271363311 0.048742074261
0.333333333333 2.93215314335 0.200054832956
0.333333333333 3.14159265359 0.386447724265
0.333333333333 3.35103216383 0.472778226774
0.333333333333 3.56047167407 0.326005794658
0.333333333333 3.76991118431 0.5178915145
0.333333333333 3.97935069455 0.611807718367
0.333333333333 4.18879020479 0.505638662695
0.333333333333 4.39822971503 0.269705560326
0.333333333333 4.60766922527 0.706126271482
0.333333333333 4.8171087355 1.20258987769
0.333333333333 5.02654824574 0.49688117702
0.333333333333 5.23598775598 0.64538568798
0.333333333333 5.44542726622 0.956929675087
0.333333333333 5.65486677646 0.300477552535
0.333333333333 5.8643062867 0.663783076552
0.333333333333 6.07374579694 1.29985124506

0.4 0 0.952595645563
0.4 0.209439510239 0.150619807526
0.4 0.418879020479 0.231649741043
0.4 0.628318530718 0.745511319251
0.4 0.837758040957 0.942294714445
0.4 1.0471975512 1.3558872542
0.4 1.25663706144 2.20194073678
0.4 1.46607657168 1.25063093683
0.4 1.67551608191 0.215279550649
0.4 1.88495559215 0.213912669581
0.4 2.09439510239 1.33586801238
0.4 2.30383461263 1.49971851014
0.4 2.51327412287 0.112442525735
0.4 2.72271363311 0.0512374227535
0.4 2.93215314335 0.256482106246
0.4 3.14159265359 0.279233463654
0.4 3.35103216383 0.549165784033
0.4 3.56047167407 0.285752366906
0.4 3.76991118431 0.37019301703
0.4 3.97935069455 0.473787304179
0.4 4.18879020479 0.392400927206
0.4 4.39822971503 0.252788228676
0.4 4.60766922527 0.790445465819
0.4 4.8171087355 1.17307655282
0.4 5.02654824574 0.483066747476
0.4 5.23598775598 0.648838025562
0.4 5.44542726622 1.00324408142
0.4 5.65486677646 0.248253019638
0.4 5.8643062867 0.614666240791
0.4 6.07374579694 1.27757314758

0.466666666667 0 1.14183714865
0.466666666667 0.209439510239 0.2839667849
0.466666666667 0.418879020479 0.14317751134
0.466666666667 0.628318530718 0.638108425012
0.466666666667 0.837758040957 0.97394236973
0.466666666667 1.0471975512 1.39304931273
0.466666666667 1.25663706144 1.80508915949
0.466666666667 1.46607657168 0.853092159407
0.466666666667 1.67551608191 0.255351883556
0.466666666667 1.88495559215 0.1879380892
0.466666666667 2.09439510239 1.28937047983
0.466666666667 2.30383461263 1.55996118839
0.466666666667 2.51327412287 0.0875219456408
0.466666666667 2.72271363311 0.0615548910053
0.466666666667 2.93215314335 0.313607126073
0.466666666667 3.14159265359 0.158291054427
0.466666666667 3.35103216383 0.605022383128
0.466666666667 3.56047167407 0.336137834436
0.466666666667 3.76991118431 0.255759719904
0.466666666667 3.97935069455 0.338143551786
0.466666666667 4.18879020479 0.292448642786
0.466666666667 4.39822971503 0.272715578955
0.466666666667 4.60766922527 0.884647894618
0.466666666667 4.8171087355 1.12960665525
0.466666666667 5.02654824574 0.463357407811
0.466666666667 5.23598775598 0.663595722204
0.466666666667 5.44542726622 1.05309799187
0.466666666667 5.65486677646 0.197596461004
0.466666666667 5.8643062867 0.548078345659
0.466666666667 6.07374579694 1.21911090926

0.533333333333 0 1.33949294441
0.533333333333 0.209439510239 0.521767864228
0.533333333333 0.418879020479 0.0927049825584
0.533333333333 0.628318530718 0.439735647659
0.533333333333 0.837758040957 0.825918162265
0.533333333333 1.0471975512 1.11862953501
0.533333333333 1.25663706144 1.15933820482
0.533333333333 1.46607657168 0.578910853181
0.533333333333 1.67551608191 0.29924254647
0.533333333333 1.88495559215 0.189488505075
0.533333333333 2.09439510239 1.23073760034
0.533333333333 2.30383461263 1.60888106941
0.533333333333 2.51327412287 0.0728403227038
0.533333333333 2.72271363311 0.0903048450562
0.533333333333 2.93215314335 0.337398719744
0.533333333333 3.14159265359 0.0793403369865
0.533333333333 3.35103216383 0.558310161579
0.533333333333 3.56047167407 0.496925773492
0.533333333333 3.76991118431 0.279462764793
0.533333333333 3.97935069455 0.277976396365
0.533333333333 4.18879020479 0.238924859269
0.533333333333 4.39822971503 0.335185967667
0.533333333333 4.60766922527 0.983184099579
0.533333333333 4.8171087355 1.07186392049
0.533333333333 5.02654824574 0.435179373312
0.533333333333 5.23598775598 0.693816078551
0.533333333333 5.44542726622 1.10481518588
0.533333333333 5.65486677646 0.157088742171
0.533333333333 5.8643062867 0.460953566366
0.533333333333 6.07374579694 1.10335223766

0.6 0 1.47726872571
0.6 0.209439510239 0.892507594874
0.6 0.418879020479 0.189420720683
0.6 0.628318530718 0.19503728842
0.6 0.837758040957 0.448167674398
0.6 1.0471975512 0.57426754533
0.6 1.25663706144 0.591303429377
0.6 1.46607657168 0.561410628635
0.6 1.67551608191 0.293100722805
0.6 1.88495559215 0.244819257
0.6 2.09439510239 1.15836624852
0.6 2.30383461263 1.6336357178
0.6 2.51327412287 0.0748072249803
0.6 2.72271363311 0.154600574516
0.6 2.93215314335 0.281723860317
0.6 3.14159265359 0.114571574604
0.6 3.35103216383 0.346966635383
0.6 3.56047167407 0.620001320941
0.6 3.76991118431 0.426682126639
0.6 3.97935069455 0.304374975651
0.6 4.18879020479 0.231027297893
0.6 4.39822971503 0.44052917289
0.6 4.60766922527 1.08303843577
0.6 4.8171087355 0.997871179298
0.6 5.02654824574 0.397301868132
0.6 5.23598775598 0.743555574137
0.6 5.44542726622 1.15567047004
0.6 5.65486677646 0.138173474802
0.6 5.8643062867 0.353850911581
0.6 6.07374579694 0.912537178741

0.666666666667 0 1.43829895864
0.666666666667 0.209439510239 1.32498252176
0.666666666667 0.418879020479 0.589824336845
0.666666666667 0.628318530718 0.176910434408
0.666666666667 0.837758040957 0.146276210791
0.666666666667 1.0471975512 0.234908780879
0.666666666667 1.25663706144 0.53067228486
0.666666666667 1.46607657168 0.686007769842
0.666666666667 1.67551608191 0.211644434049
0.666666666667 1.88495559215 0.376192193012
0.666666666667 2.09439510239 1.07730625107
0.666666666667 2.30383461263 1.61173210337
0.666666666667 2.51327412287 0.0979605676805
0.666666666667 2.72271363311 0.269049935094
0.666666666667 2.93215314335 0.142984892695
0.666666666667 3.14159265359 0.256462301858
0.666666666667 3.35103216383 0.0899910970211
0.666666666667 3.56047167407 0.45333384975
0.666666666667 3.76991118431 0.449514589121
0.666666666667 3.97935069455 0.292650809434
0.666666666667 4.18879020479 0.24373737719
0.666666666667 4.39822971503 0.610455268836
0.666666666667 4.60766922527 1.17666033173
0.666666666667 4.8171087355 0.899331860883
0.666666666667 5.02654824574 0.354620147257
0.666666666667 5.23598775598 0.815266208776
0.666666666667 5.44542726622 1.201494765
0.666666666667 5.65486677646 0.154911810117
0.666666666667 5.8643062867 0.235062702606
0.666666666667 6.07374579694 0.64646699571

0.733333333333 0 1.11144527365
0.733333333333 0.209439510239 1.5328990982
0.733333333333 0.418879020479 1.22717063648
0.733333333333 0.628318530718 0.718422318487
0.733333333333 0.837758040957 0.48675845252
0.733333333333 1.0471975512 0.589050683204
0.733333333333 1.25663706144 0.843734008052
0.733333333333 1.46607657168 0.583433322622
0.733333333333 1.67551608191 0.17787883036
0.733333333333 1.88495559215 0.578008683814
0.733333333333 2.09439510239 1.00348050636
0.733333333333 2.30383461263 1.50544724643
0.733333333333 2.51327412287 0.141196822716
0.733333333333 2.72271363311 0.409164930453
0.733333333333 2.93215314335 0.0627167554195
0.733333333333 3.14159265359 0.330358863035
0.733333333333 3.35103216383 0.100561507445
0.733333333333 3.56047167407 0.121912051511
0.733333333333 3.76991118431 0.206112892614
0.733333333333 3.97935069455 0.194952117825
0.733333333333 4.18879020479 0.365179143956
0.733333333333 4.39822971503 0.893634962977
0.733333333333 4.60766922527 1.22177189938
0.733333333333 4.8171087355 0.76085489662
0.733333333333 5.02654824574 0.325900921643
0.733333333333 5.23598775598 0.907053399943
0.733333333333 5.44542726622 1.23616902995
0.733333333333 5.65486677646 0.222468584041
0.733333333333 5.8643062867 0.126474432041
0.733333333333 6.07374579694 0.343099854821

0.8 0 0.546205108805
0.8 0.209439510239 1.1342786604
0.8 0.418879020479 1.41270654557
0.8 0.628318530718 1.31420382493
0.8 0.837758040957 1.12962979892
0.8 1.0471975512 0.994891626643
0.8 1.25663706144 0.708841679789
0.8 1.46607657168 0.269818820611
0.8 1.67551608191 0.433409077354
0.8 1.88495559215 0.800230738235
0.8 2.09439510239 0.947339041492
0.8 2.30383461263 1.26927881604
0.8 2.51327412287 0.197850585681
0.8 2.72271363311 0.456442561808
0.8 2.93215314335 0.272211180343
0.8 3.14159265359 0.259731680288
0.8 3.35103216383 0.398181958772
0.8 3.56047167407 0.288685280763
0.8 3.76991118431 0.285109506047
0.8 3.97935069455 0.445310470029
0.8 4.18879020479 0.816278438038
0.8 4.39822971503 1.20960895654
0.8 4.60766922527 1.1118132279
0.8 4.8171087355 0.579642672761
0.8 5.02654824574 0.350239631001
0.8 5.23598775598 1.00829972925
0.8 5.44542726622 1.25099005
0.8 5.65486677646 0.353202335287
0.8 5.8643062867 0.0701369151322
0.8 6.07374579694 0.0926478953811

0.866666666667 0 0.0978933412753
0.866666666667 0.209439510239 0.337064973491
0.866666666667 0.418879020479 0.597057668429
0.866666666667 0.628318530718 0.723392410142
0.866666666667 0.837758040957 0.656256330708
0.866666666667 1.0471975512 0.451612572397
0.866666666667 1.25663706144 0.285242515595
0.866666666667 1.46607657168 0.463521889802
0.866666666667 1.67551608191 0.905989854465
0.866666666667 1.88495559215 0.93700076815
0.866666666667 2.09439510239 0.858633626511
0.866666666667 2.30383461263 0.925849269656
0.866666666667 2.51327412287 0.277439810304
0.866666666667 2.72271363311 0.290803073205
0.866666666667 2.93215314335 0.5571937785
0.866666666667 3.14159265359 0.426252636446
0.866666666667 3.35103216383 0.567661032863
0.866666666667 3.56047167407 0.781537966976
0.866666666667 3.76991118431 0.930060446888
0.866666666667 3.97935069455 1.09274123581
0.866666666667 4.18879020479 1.2257009702
0.866666666667 4.39822971503 1.1395045649
0.866666666667 4.60766922527 0.774905224499
0.866666666667 4.8171087355 0.419006893359
0.866666666667 5.02654824574 0.477935442588
0.866666666667 5.23598775598 1.09392100107
0.866666666667 5.44542726622 1.23383200897
0.866666666667 5.65486677646 0.548749306587
0.866666666667 5.8643062867 0.13189166465
0.866666666667 6.07374579694 0.0158853620352

0.933333333333 0 0.150998890015
0.933333333333 0.209439510239 0.170920200806
0.933333333333 0.418879020479 0.216281413783
0.933333333333 0.628318530718 0.27511287357
0.933333333333 0.837758040957 0.36195311574
0.933333333333 1.0471975512 0.508610066498
0.933333333333 1.25663706144 0.725089753183
0.933333333333 1.46607657168 0.926673459087
0.933333333333 1.67551608191 0.9518189022
0.933333333333 1.88495559215 0.790318677762
0.933333333333 2.09439510239 0.701838906565
0.933333333333 2.30383461263 0.702533461454
0.933333333333 2.51327412287 0.459696289571
0.933333333333 2.72271363311 0.203837502738
0.933333333333 2.93215314335 0.293777753958
0.933333333333 3.14159265359 0.485458132521
0.933333333333 3.35103216383 0.600202804377
0.933333333333 3.56047167407 0.698760126479
0.933333333333 3.76991118431 0.786777482142
0.933333333333 3.97935069455 0.812460663565
0.933333333333 4.18879020479 0.741214884102
0.933333333333 4.39822971503 0.58987091638
0.933333333333 4.60766922527 0.444062677507
0.933333333333 4.8171087355 0.447251504124
0.933333333333 5.02654824574 0.724166777098
0.933333333333 5.23598775598 1.12002664933
0.933333333333 5.44542726622 1.16707728839
0.933333333333 5.65486677646 0.786073302284
0.933333333333 5.8643062867 0.39530404494
0.933333333333 6.07374579694 0.201521032888

