-1 0 0.374776398454
-1 0.209439510239 0.374776398455
-1 0.418879020479 0.374776398455
-1 0.628318530718 0.374776398455
-1 0.837758040957 0.374776398455
-1 1.0471975512 0.374776398454
-1 1.25663706144 0.374776398454
-1 1.46607657168 0.374776398454
-1 1.67551608191 0.374776398454
-1 1.88495559215 0.374776398455
-1 2.09439510239 0.374776398455
-1 2.30383461263 0.374776398455
-1 2.51327412287 0.374776398454
-1 2.72271363311 0.374776398454
-1 2.93215314335 0.374776398454
-1 3.14159265359 0.374776398454
-1 3.35103216383 0.374776398455
-1 3.56047167407 0.374776398455
-1 3.76991118431 0.374776398455
-1 3.97935069455 0.374776398455
-1 4.18879020479 0.374776398454
-1 4.39822971503 0.374776398454
-1 4.60766922527 0.374776398454
-1 4.8171087355 0.374776398454
-1 5.02654824574 0.374776398455
-1 5.23598775598 0.374776398455
-1 5.44542726622 0.374776398455
-1 5.65486677646 0.374776398454
-1 5.8643062867 0.374776398454
-1 6.07374579694 0.374776398454

-0.933333333333 0 0.073369192442
-0.933333333333 0.209439510239 0.0488008997713
-0.933333333333 0.418879020479 0.0423392588078
-0.933333333333 0.628318530718 0.0428398002762
-0.933333333333 0.837758040957 0.0447738832953
-0.933333333333 1.0471975512 0.0521261444845
-0.933333333333 1.25663706144 0.0969315357925
-0.933333333333 1.46607657168 0.236366136001
-0.933333333333 1.67551608191 0.452861878316
-0.933333333333 1.88495559215 0.56001318378
-0.933333333333 2.09439510239 0.415057331167
-0.933333333333 2.30383461263 0.203583355216
-0.933333333333 2.51327412287 0.178369274699
-0.933333333333 2.72271363311 0.314713520111
-0.933333333333 2.93215314335 0.436577208962
-0.933333333333 3.14159265359 0.403945360281
-0.933333333333 3.35103216383 0.248567537499
-0.933333333333 3.56047167407 0.135237417776
-0.933333333333 3.76991118431 0.147152402303
-0.933333333333 3.97935069455 0.230816433407
-0.933333333333 4.18879020479 0.360780128478
-0.933333333333 4.39822971503 0.695998961624
-0.933333333333 4.60766922527 1.24799058408
-0.933333333333 4.8171087355 1.32856714429
-0.933333333333 5.02654824574 0.592574895006
-0.933333333333 5.23598775598 0.246952974602
-0.933333333333 5.44542726622 0.688455478152
-0.933333333333 5.65486677646 0.739946137782
-0.933333333333 5.8643062867 0.366325461037
-0.933333333333 6.07374579694 0.143818255481

-0.866666666667 0 0.147739299066
-0.866666666667 0.209439510239 0.0691419250605
-0.866666666667 0.418879020479 0.0390684638528
-0.866666666667 0.628318530718 0.0457012785295
-0.866666666667 0.837758040957 0.0704314024676
-0.866666666667 1.0471975512 0.119726588027
-0.866666666667 1.25663706144 0.176348813607
-0.866666666667 1.46607657168 0.209616573589
-0.866666666667 1.67551608191 0.326650464129
-0.866666666667 1.88495559215 0.47989320094
-0.866666666667 2.09439510239 0.330065747234
-0.866666666667 2.30383461263 0.147206337814
-0.866666666667 2.51327412287 0.324616566531
-0.866666666667 2.72271363311 0.401763667756
-0.866666666667 2.93215314335 0.242020529156
-0.866666666667 3.14159265359 0.127340572776
-0.866666666667 3.35103216383 0.353551480466
-0.866666666667 3.56047167407 1.06538371627
-0.866666666667 3.76991118431 2.21338198139
-0.866666666667 3.97935069455 3.30172464779
-0.866666666667 4.18879020479 3.58916842687
-0.866666666667 4.39822971503 2.54744621046
-0.866666666667 4.60766922527 1.25967510855
-0.866666666667 4.8171087355 1.65519481083
-0.866666666667 5.02654824574 1.60188268342
-0.866666666667 5.23598775598 0.503473595048
-0.866666666667 5.44542726622 0.767361547716
-0.866666666667 5.65486677646 0.556432262144
-0.866666666667 5.8643062867 0.220657589656
-0.866666666667 6.07374579694 0.237739532398

-0.8 0 0.0426004543043
-0.8 0.209439510239 0.0229919337246
-0.8 0.418879020479 0.102537699446
-0.8 0.628318530718 0.128073561306
-0.8 0.837758040957 0.084754222867
-0.8 1.0471975512 0.0311325257316
-0.8 1.25663706144 0.0905812856965
-0.8 1.46607657168 0.22644602631
-0.8 1.67551608191 0.336599235806
-0.8 1.88495559215 0.484403980482
-0.8 2.09439510239 0.268981837808
-0.8 2.30383461263 0.117027559859
-0.8 2.51327412287 0.414065413052
-0.8 2.72271363311 0.290102266929
-0.8 2.93215314335 0.13306082603
-0.8 3.14159265359 0.22745724794
-0.8 3.35103216383 0.729145199446
-0.8 3.56047167407 2.2595793899
-0.8 3.76991118431 4.26313900562
-0.8 3.97935069455 5.37976736843
-0.8 4.18879020479 5.77251736119
-0.8 4.39822971503 5.39771326206
-0.8 4.60766922527 2.95178309812
-0.8 4.8171087355 1.28092121758
-0.8 5.02654824574 1.60674235822
-0.8 5.23598775598 0.677059038959
-0.8 5.44542726622 0.765204212865
-0.8 5.65486677646 0.366337767749
-0.8 5.8643062867 0.34521219037
-0.8 6.07374579694 0.3632964091

-0.733333333333 0 0.0289973835558
-0.733333333333 0.209439510239 0.208415236919
-0.733333333333 0.418879020479 0.250487529582
-0.733333333333 0.628318530718 0.236156435247
-0.733333333333 0.837758040957 0.212404597351
-0.733333333333 1.0471975512 0.108159984361
-0.733333333333 1.25663706144 0.0205722502018
-0.733333333333 1.46607657168 0.174503679531
-0.733333333333 1.67551608191 0.326552529196
-0.733333333333 1.88495559215 0.511473692652
-0.733333333333 2.09439510239 0.239307202224
-0.733333333333 2.30383461263 0.105255389611
-0.733333333333 2.51327412287 0.438329695565
-0.733333333333 2.72271363311 0.184483250143
-0.733333333333 2.93215314335 0.154626200369
-0.733333333333 3.14159265359 0.310556995914
-0.733333333333 3.35103216383 1.71015724659
-0.733333333333 3.56047167407 5.22484532472
-0.733333333333 3.76991118431 7.52193265552
-0.733333333333 3.97935069455 6.82665259311
-0.733333333333 4.18879020479 5.2780353517
-0.733333333333 4.39822971503 4.79276943046
-0.733333333333 4.60766922527 3.60392160298
-0.733333333333 4.8171087355 1.24103027881
-0.733333333333 5.02654824574 1.13716493733
-0.733333333333 5.23598775598 0.626317800626
-0.733333333333 5.44542726622 0.745873658989
-0.733333333333 5.65486677646 0.267577946511
-0.733333333333 5.8643062867 0.493227951077
-0.733333333333 6.07374579694 0.335641584472

-0.666666666667 0 0.179674893252
-0.666666666667 0.209439510239 0.27427562114
-0.666666666667 0.418879020479 0.155110100791
-0.666666666667 0.628318530718 0.141372195703
-0.666666666667 0.837758040957 0.202235409122
-0.666666666667 1.0471975512 0.204701068201
-0.666666666667 1.25663706144 0.0480198481257
-0.666666666667 1.46607657168 0.122595695248
-0.666666666667 1.67551608191 0.315223773744
-0.666666666667 1.88495559215 0.518616483358
-0.666666666667 2.09439510239 0.230627963876
-0.666666666667 2.30383461263 0.105850621559
-0.666666666667 2.51327412287 0.418533418858
-0.666666666667 2.72271363311 0.155332012749
-0.666666666667 2.93215314335 0.174637430933
-0.666666666667 3.14159265359 0.710833494223
-0.666666666667 3.35103216383 4.09902031036
-0.666666666667 3.56047167407 9.14116676797
-0.666666666667 3.76991118431 9.81813335678
-0.666666666667 3.97935069455 7.05834552726
-0.666666666667 4.18879020479 4.3687250354
-0.666666666667 4.39822971503 3.29626718464
-0.666666666667 4.60766922527 2.92848717881
-0.666666666667 4.8171087355 1.30470418053
-0.666666666667 5.02654824574 0.871402781933
-0.666666666667 5.23598775598 0.49462141241
-0.666666666667 5.44542726622 0.727166807359
-0.666666666667 5.65486677646 0.254747133164
-0.666666666667 5.8643062867 0.604897976695
-0.666666666667 6.07374579694 0.257094296803

-0.6 0 0.316106364628
-0.6 0.209439510239 0.165916931271
-0.6 0.418879020479 0.0716059830239
-0.6 0.628318530718 0.0896624245317
-0.6 0.837758040957 0.1307855066
-0.6 1.0471975512 0.220086232419
-0.6 1.25663706144 0.117233895737
-0.6 1.46607657168 0.0844192604069
-0.6 1.67551608191 0.325091618736
-0.6 1.88495559215 0.503127956385
-0.6 2.09439510239 0.232633108932
-0.6 2.30383461263 0.113889096256
-0.6 2.51327412287 0.375741864455
-0.6 2.72271363311 0.199579606405
-0.6 2.93215314335 0.189031409034
-0.6 3.14159265359 1.64605427512
-0.6 3.35103216383 6.99857153464
-0.6 3.56047167407 11.3567886563
-0.6 3.76991118431 9.02324092823
-0.6 3.97935069455 5.28362519168
-0.6 4.18879020479 3.21995938829
-0.6 4.39822971503 2.61201527616
-0.6 4.60766922527 2.30553504555
-0.6 4.8171087355 1.31240400767
-0.6 5.02654824574 0.923197707865
-0.6 5.23598775598 0.396479144725
-0.6 5.44542726622 0.710608589402
-0.6 5.65486677646 0.293737629522
-0.6 5.8643062867 0.679328637582
-0.6 6.07374579694 0.207595950276

-0.533333333333 0 0.34572957547
-0.533333333333 0.209439510239 0.0830239456243
-0.533333333333 0.418879020479 0.181593788607
-0.533333333333 0.628318530718 0.190369981415
-0.533333333333 0.837758040957 0.106825794557
-0.533333333333 1.0471975512 0.174927637594
-0.533333333333 1.25663706144 0.175123153809
-0.533333333333 1.46607657168 0.0604812652793
-0.533333333333 1.67551608191 0.349923982804
-0.533333333333 1.88495559215 0.477052710467
-0.533333333333 2.09439510239 0.238516720514
-0.533333333333 2.30383461263 0.125623626455
-0.533333333333 2.51327412287 0.325174934355
-0.533333333333 2.72271363311 0.292022225638
-0.533333333333 2.93215314335 0.247644482708
-0.533333333333 3.14159265359 2.9371162275
-0.533333333333 3.35103216383 9.29645635408
-0.533333333333 3.56047167407 11.1842238955
-0.533333333333 3.76991118431 6.30233927215
-0.533333333333 3.97935069455 2.98788129155
-0.533333333333 4.18879020479 2.14620125512
-0.533333333333 4.39822971503 2.55648051415
-0.533333333333 4.60766922527 2.27405112192
-0.533333333333 4.8171087355 1.28790005689
-0.533333333333 5.02654824574 1.15246111801
-0.533333333333 5.23598775598 0.361847543787
-0.533333333333 5.44542726622 0.696573380384
-0.533333333333 5.65486677646 0.356329859965
-0.533333333333 5.8643062867 0.724228539914
-0.533333333333 6.07374579694 0.20351529733

-0.466666666667 0 0.296318715739
-0.466666666667 0.209439510239 0.1192978756
-0.466666666667 0.418879020479 0.396898658364
-0.466666666667 0.628318530718 0.354762354907
-0.466666666667 0.837758040957 0.143503728744
-0.466666666667 1.0471975512 0.119071141557
-0.466666666667 1.25663706144 0.20035848854
-0.466666666667 1.46607657168 0.0504443377614
-0.466666666667 1.67551608191 0.37586288733
-0.466666666667 1.88495559215 0.451806864441
-0.466666666667 2.09439510239 0.244527879076
-0.466666666667 2.30383461263 0.138355351082
-0.466666666667 2.51327412287 0.276246242414
-0.466666666667 2.72271363311 0.407770373229
-0.466666666667 2.93215314335 0.379988631251
-0.466666666667 3.14159265359 4.2723565097
-0.466666666667 3.35103216383 10.5863790421
-0.466666666667 3.56047167407 9.55526559163
-0.466666666667 3.76991118431 3.597955476
-0.466666666667 3.97935069455 1.63024275977
-0.466666666667 4.18879020479 1.64177926858
-0.466666666667 4.39822971503 2.64492669492
-0.466666666667 4.60766922527 2.6129690161
-0.466666666667 4.8171087355 1.27322019052
-0.466666666667 5.02654824574 1.41826764337
-0.466666666667 5.23598775598 0.379850254647
-0.466666666667 5.44542726622 0.685777152907
-0.466666666667 5.65486677646 0.425953977869
-0.466666666667 5.8643062867 0.747782945177
-0.466666666667 6.07374579694 0.228577654473

-0.4 0 0.224738429667
-0.4 0.209439510239 0.23500536867
-0.4 0.418879020479 0.577733957667
-0.4 0.628318530718 0.478811142498
-0.4 0.837758040957 0.205830700688
-0.4 1.0471975512 0.0832867354678
-0.4 1.25663706144 0.195397975971
-0.4 1.46607657168 0.0516011396059
-0.4 1.67551608191 0.394169790014
-0.4 1.88495559215 0.433830596751
-0.4 2.09439510239 0.248886687471
-0.4 2.30383461263 0.150215992913
-0.4 2.51327412287 0.233998160765
-0.4 2.72271363311 0.528687693807
-0.4 2.93215314335 0.5792447462
-0.4 3.14159265359 5.42279995662
-0.4 3.35103216383 11.027984318
-0.4 3.56047167407 7.57920226225
-0.4 3.76991118431 1.86493669176
-0.4 3.97935069455 1.49532286315
-0.4 4.18879020479 1.79725614729
-0.4 4.39822971503 2.68543178161
-0.4 4.60766922527 3.00763760041
-0.4 4.8171087355 1.28280991781
-0.4 5.02654824574 1.64359510834
-0.4 5.23598775598 0.430228715435
-0.4 5.44542726622 0.678765510981
-0.4 5.65486677646 0.494571547229
-0.4 5.8643062867 0.75688764089
-0.4 6.07374579694 0.262817205815

-0.333333333333 0 0.166143978559
-0.333333333333 0.209439510239 0.361089018201
-0.333333333333 0.418879020479 0.665903908757
-0.333333333333 0.628318530718 0.525351448646
-0.333333333333 0.837758040957 0.261453228748
-0.333333333333 1.0471975512 0.0747075704134
-0.333333333333 1.25663706144 0.172178616054
-0.333333333333 1.46607657168 0.0596787040626
-0.333333333333 1.67551608191 0.402535914065
-0.333333333333 1.88495559215 0.425205067237
-0.333333333333 2.09439510239 0.250904657415
-0.333333333333 2.30383461263 0.159950397562
-0.333333333333 2.51327412287 0.200611536132
-0.333333333333 2.72271363311 0.643374527079
-0.333333333333 2.93215314335 0.815205242551
-0.333333333333 3.14159265359 6.29089042354
-0.333333333333 3.35103216383 10.965281004
-0.333333333333 3.56047167407 5.90541130571
-0.333333333333 3.76991118431 1.1374884059
-0.333333333333 3.97935069455 2.16205628835
-0.333333333333 4.18879020479 2.3637692976
-0.333333333333 4.39822971503 2.67975276965
-0.333333333333 4.60766922527 3.30487958125
-0.333333333333 4.8171087355 1.31351070759
-0.333333333333 5.02654824574 1.80398779788
-0.333333333333 5.23598775598 0.495506147476
-0.333333333333 5.44542726622 0.67575655933
-0.333333333333 5.65486677646 0.558992239486
-0.333333333333 5.8643062867 0.756762072849
-0.333333333333 6.07374579694 0.29350668041

-0.266666666667 0 0.130341421356
-0.266666666667 0.209439510239 0.456679950198
-0.266666666667 0.418879020479 0.675427397035
-0.266666666667 0.628318530718 0.510076371516
-0.266666666667 0.837758040957 0.296465457402
-0.266666666667 1.0471975512 0.0879461500894
-0.266666666667 1.25663706144 0.14245531102
-0.266666666667 1.46607657168 0.0707284486278
-0.266666666667 1.67551608191 0.402515891256
-0.266666666667 1.88495559215 0.425413119096
-0.266666666667 2.09439510239 0.250416801612
-0.266666666667 2.30383461263 0.16673648632
-0.266666666667 2.51327412287 0.1766232506
-0.266666666667 2.72271363311 0.745336505121
-0.266666666667 2.93215314335 1.05097156679
-0.266666666667 3.14159265359 6.873011376
-0.266666666667 3.35103216383 10.6974019814
-0.266666666667 3.56047167407 4.75139892806
-0.266666666667 3.76991118431 1.09444556852
-0.266666666667 3.97935069455 3.13787070284
-0.266666666667 4.18879020479 3.05015784684
-0.266666666667 4.39822971503 2.66391635878
-0.266666666667 4.60766922527 3.48255894875
-0.266666666667 4.8171087355 1.3569742274
-0.266666666667 5.02654824574 1.90368482214
-0.266666666667 5.23598775598 0.563728356106
-0.266666666667 5.44542726622 0.676707040363
-0.266666666667 5.65486677646 0.618379950143
-0.266666666667 5.8643062867 0.751093679488
-0.266666666667 6.07374579694 0.315359088862

-0.2 0 0.113467597065
-0.2 0.209439510239 0.511729668402
-0.2 0.418879020479 0.644393309859
-0.2 0.628318530718 0.466334649024
-0.2 0.837758040957 0.312130061103
-0.2 1.0471975512 0.115220343317
-0.2 1.25663706144 0.114159096208
-0.2 1.46607657168 0.0822034817597
-0.2 1.67551608191 0.397110461843
-0.2 1.88495559215 0.432793706337
-0.2 2.09439510239 0.24745466888
-0.2 2.30383461263 0.1700517007
-0.2 2.51327412287 0.161801307249
-0.2 2.72271363311 0.831122955657
-0.2 2.93215314335 1.25392687417
-0.2 3.14159265359 7.20894331208
-0.2 3.35103216383 10.4120769057
-0.2 3.56047167407 4.10960290767
-0.2 3.76991118431 1.42011122947
-0.2 3.97935069455 4.11883492481
-0.2 4.18879020479 3.67554635427
-0.2 4.39822971503 2.65320612991
-0.2 4.60766922527 3.56948512144
-0.2 4.8171087355 1.40526279545
-0.2 5.02654824574 1.95803684218
-0.2 5.23598775598 0.627842159944
-0.2 5.44542726622 0.681405806352
-0.2 5.65486677646 0.672825429968
-0.2 5.8643062867 0.74230653509
-0.2 6.07374579694 0.327698346227

-0.133333333333 0 0.108024832998
-0.133333333333 0.209439510239 0.531814402974
-0.133333333333 0.418879020479 0.604808265758
-0.133333333333 0.628318530718 0.423365042195
-0.133333333333 0.837758040957 0.318054540517
-0.133333333333 1.0471975512 0.151496192921
-0.133333333333 1.25663706144 0.0913363306502
-0.133333333333 1.46607657168 0.0931344207307
-0.133333333333 1.67551608191 0.389394671261
-0.133333333333 1.88495559215 0.445415748215
-0.133333333333 2.09439510239 0.242072995997
-0.133333333333 2.30383461263 0.169582845717
-0.133333333333 2.51327412287 0.15572328171
-0.133333333333 2.72271363311 0.898920040477
-0.133333333333 2.93215314335 1.40048425521
-0.133333333333 3.14159265359 7.34750922432
-0.133333333333 3.35103216383 10.1964866167
-0.133333333333 3.56047167407 3.90508789851
-0.133333333333 3.76991118431 1.91521281464
-0.133333333333 3.97935069455 4.97810694316
-0.133333333333 4.18879020479 4.1664650188
-0.133333333333 4.39822971503 2.64434032414
-0.133333333333 4.60766922527 3.59917819142
-0.133333333333 4.8171087355 1.45236755255
-0.133333333333 5.02654824574 1.98395305276
-0.133333333333 5.23598775598 0.68426633676
-0.133333333333 5.44542726622 0.689531926888
-0.133333333333 5.65486677646 0.722588205491
-0.133333333333 5.8643062867 0.731829498553
-0.133333333333 6.07374579694 0.331916893089

-0.0666666666667 0 0.107974749814
-0.0666666666667 0.209439510239 0.525770656688
-0.0666666666667 0.418879020479 0.57417693294
-0.0666666666667 0.628318530718 0.400045305101
-0.0666666666667 0.837758040957 0.327588196075
-0.0666666666667 1.0471975512 0.195779525185
-0.0666666666667 1.25663706144 0.0753083763353
-0.0666666666667 1.46607657168 0.103863393475
-0.0666666666667 1.67551608191 0.381958134766
-0.0666666666667 1.88495559215 0.461481679677
-0.0666666666667 2.09439510239 0.234267392774
-0.0666666666667 2.30383461263 0.165173188583
-0.0666666666667 2.51327412287 0.15811881957
-0.0666666666667 2.72271363311 0.947598008767
-0.0666666666667 2.93215314335 1.4769250052
-0.0666666666667 3.14159265359 7.33126811269
-0.0666666666667 3.35103216383 10.0648814113
-0.0666666666667 3.56047167407 4.0712345165
-0.0666666666667 3.76991118431 2.48629689362
-0.0666666666667 3.97935069455 5.6777254071
-0.0666666666667 4.18879020479 4.50413200094
-0.0666666666667 4.39822971503 2.62727743194
-0.0666666666667 4.60766922527 3.59568852934
-0.0666666666667 4.8171087355 1.4943105984
-0.0666666666667 5.02654824574 1.99586464882
-0.0666666666667 5.23598775598 0.731552738606
-0.0666666666667 5.44542726622 0.700673709203
-0.0666666666667 5.65486677646 0.76770568657
-0.0666666666667 5.8643062867 0.720353855654
-0.0666666666667 6.07374579694 0.329916981751

6.12323399574e-17 0 0.110387512071
6.12323399574e-17 0.209439510239 0.500006378184
6.12323399574e-17 0.418879020479 0.557318198036
6.12323399574e-17 0.628318530718 0.406149409053
6.12323399574e-17 0.837758040957 0.355265260675
6.12323399574e-17 1.0471975512 0.249996608987
6.12323399574e-17 1.25663706144 0.0658432276523
6.12323399574e-17 1.46607657168 0.115655878959
6.12323399574e-17 1.67551608191 0.376787210283
6.12323399574e-17 1.88495559215 0.479426705105
6.12323399574e-17 2.09439510239 0.223945571481
6.12323399574e-17 2.30383461263 0.156802328893
6.12323399574e-17 2.51327412287 0.169025238711
6.12323399574e-17 2.72271363311 0.976086458415
6.12323399574e-17 2.93215314335 1.47855420275
6.12323399574e-17 3.14159265359 7.19469247258
6.12323399574e-17 3.35103216383 9.97880521441
6.12323399574e-17 3.56047167407 4.57028100157
6.12323399574e-17 3.76991118431 3.10907808199
6.12323399574e-17 3.97935069455 6.20536367251
6.12323399574e-17 4.18879020479 4.68616690256
6.12323399574e-17 4.39822971503 2.59260505391
6.12323399574e-17 4.60766922527 3.57399106344
6.12323399574e-17 4.8171087355 1.52899166403
6.12323399574e-17 5.02654824574 2.00463295151
6.12323399574e-17 5.23598775598 0.769372040477
6.12323399574e-17 5.44542726622 0.714318175382
6.12323399574e-17 5.65486677646 0.807785383693
6.12323399574e-17 5.8643062867 0.708092897525
6.12323399574e-17 6.07374579694 0.323342742987

0.0666666666667 0 0.115462644053
0.0666666666667 0.209439510239 0.457495510187
0.0666666666667 0.418879020479 0.549964155478
0.0666666666667 0.628318530718 0.4441046629
0.0666666666667 0.837758040957 0.413834452168
0.0666666666667 1.0471975512 0.315892963053
0.0666666666667 1.25663706144 0.0620504676659
0.0666666666667 1.46607657168 0.130265118499
0.0666666666667 1.67551608191 0.37533256529
0.0666666666667 1.88495559215 0.49783495761
0.0666666666667 2.09439510239 0.210933229043
0.0666666666667 2.30383461263 0.144596153248
0.0666666666667 2.51327412287 0.188785130985
0.0666666666667 2.72271363311 0.982960982497
0.0666666666667 2.93215314335 1.40851242645
0.0666666666667 3.14159265359 6.97013457457
0.0666666666667 3.35103216383 9.85749789199
0.0666666666667 3.56047167407 5.38300085122
0.0666666666667 3.76991118431 3.80355266568
0.0666666666667 3.97935069455 6.5548839913
0.0666666666667 4.18879020479 4.71351820351
0.0666666666667 4.39822971503 2.5352298922
0.0666666666667 4.60766922527 3.54408783873
0.0666666666667 4.8171087355 1.55608718418
0.0666666666667 5.02654824574 2.01767079682
0.0666666666667 5.23598775598 0.797825117726
0.0666666666667 5.44542726622 0.729819421209
0.0666666666667 5.65486677646 0.841886167371
0.0666666666667 5.8643062867 0.695058420966
0.0666666666667 6.07374579694 0.313288368167

0.133333333333 0 0.125895519195
0.133333333333 0.209439510239 0.399317367123
0.133333333333 0.418879020479 0.541221556682
0.133333333333 0.628318530718 0.507894889697
0.133333333333 0.837758040957 0.508278382123
0.133333333333 1.0471975512 0.389837246468
0.133333333333 1.25663706144 0.0632829838693
0.133333333333 1.46607657168 0.149335478306
0.133333333333 1.67551608191 0.378613806088
0.133333333333 1.88495559215 0.515247006317
0.133333333333 2.09439510239 0.195008922941
0.133333333333 2.30383461263 0.128869232099
0.133333333333 2.51327412287 0.217892282934
0.133333333333 2.72271363311 0.966189739527
0.133333333333 2.93215314335 1.2767494477
0.133333333333 3.14159265359 6.69724035111
0.133333333333 3.35103216383 9.58706152678
0.133333333333 3.56047167407 6.47661828477
0.133333333333 3.76991118431 4.62281158385
0.133333333333 3.97935069455 6.73542938661
0.133333333333 4.18879020479 4.59299973045
0.133333333333 4.39822971503 2.45716527274
0.133333333333 4.60766922527 3.51482625104
0.133333333333 4.8171087355 1.57697584183
0.133333333333 5.02654824574 2.03929808249
0.133333333333 5.23598775598 0.817015555008
0.133333333333 5.44542726622 0.746353564908
0.133333333333 5.65486677646 0.868446645819
0.133333333333 5.8643062867 0.68136979943
0.133333333333 6.07374579694 0.300258275054

0.2 0 0.145778584656
0.2 0.209439510239 0.327667198014
0.2 0.418879020479 0.515517144983
0.2 0.628318530718 0.579173265141
0.2 0.837758040957 0.626087778726
0.2 1.0471975512 0.456555799247
0.2 1.25663706144 0.0706522695916
0.2 1.46607657168 0.173415366724
0.2 1.67551608191 0.387254297707
0.2 1.88495559215 0.529911124845
0.2 2.09439510239 0.175972006694
0.2 2.30383461263 0.110205391172
0.2 2.51327412287 0.256673975768
0.2 2.72271363311 0.923071940869
0.2 2.93215314335 1.09910220003
0.2 3.14159265359 6.43101602556
0.2 3.35103216383 9.04444166344
0.2 3.56047167407 7.75210510393
0.2 3.76991118431 5.63867720036
0.2 3.97935069455 6.78856734586
0.2 4.18879020479 4.34610317937
0.2 4.39822971503 2.37092855354
0.2 4.60766922527 3.49656354824
0.2 4.8171087355 1.59453618535
0.2 5.02654824574 2.07083208737
0.2 5.23598775598 0.826822865887
0.2 5.44542726622 0.762863344686
0.2 5.65486677646 0.885257979309
0.2 5.8643062867 0.667605592493
0.2 6.07374579694 0.284270544545

0.266666666667 0 0.178748300677
0.266666666667 0.209439510239 0.249788270724
0.266666666667 0.418879020479 0.4564777033
0.266666666667 0.628318530718 0.624130850387
0.266666666667 0.837758040957 0.727851856582
0.266666666667 1.0471975512 0.486602499754
0.266666666667 1.25663706144 0.0895385417405
0.266666666667 1.46607657168 0.200386414383
0.266666666667 1.67551608191 0.401313166281
0.266666666667 1.88495559215 0.539543415438
0.266666666667 2.09439510239 0.153757069252
0.266666666667 2.30383461263 0.0895881579997
0.266666666667 2.51327412287 0.304776433727
0.266666666667 2.72271363311 0.850522133337
0.266666666667 2.93215314335 0.896128603313
0.266666666667 3.14159265359 6.24023037604
0.266666666667 3.35103216383 8.15706281989
0.266666666667 3.56047167407 8.98185127989
0.266666666667 3.76991118431 6.89756393703
0.266666666667 3.97935069455 6.79412670745
0.266666666667 4.18879020479 4.01795515505
0.266666666667 4.39822971503 2.3034576709
0.266666666667 4.60766922527 3.50232843961
0.266666666667 4.8171087355 1.6125749405
0.266666666667 5.02654824574 2.11019432638
0.266666666667 5.23598775598 0.826834307907
0.266666666667 5.44542726622 0.777999709858
0.266666666667 5.65486677646 0.889507915192
0.266666666667 5.8643062867 0.655178688989
0.266666666667 6.07374579694 0.265090965837

0.333333333333 0 0.224984517078
0.333333333333 0.209439510239 0.181647036683
0.333333333333 0.418879020479 0.355709207418
0.333333333333 0.628318530718 0.598825369838
0.333333333333 0.837758040957 0.749944666893
0.333333333333 1.0471975512 0.447359008715
0.333333333333 1.25663706144 0.131667141048
0.333333333333 1.46607657168 0.223562467717
0.333333333333 1.67551608191 0.419704879005
0.333333333333 1.88495559215 0.541217359289
0.333333333333 2.09439510239 0.128617240019
0.333333333333 2.30383461263 0.0685966140517
0.333333333333 2.51327412287 0.360409912728
0.333333333333 2.72271363311 0.746015152051
0.333333333333 2.93215314335 0.691324423174
0.333333333333 3.14159265359 6.1820596787
0.333333333333 3.35103216383 7.0097446708
0.333333333333 3.56047167407 9.78579717669
0.333333333333 3.76991118431 8.32673626391
0.333333333333 3.97935069455 6.84410537033
0.333333333333 4.18879020479 3.67957421304
0.333333333333 4.39822971503 2.29860965234
0.333333333333 4.60766922527 3.54638703664
0.333333333333 4.8171087355 1.63456212522
0.333333333333 5.02654824574 2.15100824036
0.333333333333 5.23598775598 0.8164174513
0.333333333333 5.44542726622 0.790066302885
0.333333333333 5.65486677646 0.877955045573
0.333333333333 5.8643062867 0.646646969472
0.333333333333 6.07374579694 0.24266519981

0.4 0 0.277181724217
0.4 0.209439510239 0.148177524215
0.4 0.418879020479 0.227248542901
0.4 0.628318530718 0.472945887934
0.4 0.837758040957 0.636296269227
0.4 1.0471975512 0.335287555554
0.4 1.25663706144 0.210863262224
0.4 1.46607657168 0.231022014561
0.4 1.67551608191 0.438954821898
0.4 1.88495559215 0.531613152818
0.4 2.09439510239 0.101409538277
0.4 2.30383461263 0.0496819693539
0.4 2.51327412287 0.419310631443
0.4 2.72271363311 0.609708363089
0.4 2.93215314335 0.508552210842
0.4 3.14159265359 6.23732187472
0.4 3.35103216383 5.95930693716
0.4 3.56047167407 9.74551489537
0.4 3.76991118431 9.61872570579
0.4 3.97935069455 6.96958037553
0.4 4.18879020479 3.41432803439
0.4 4.39822971503 2.41398732011
0.4 4.60766922527 3.63797363077
0.4 4.8171087355 1.66130669684
0.4 5.02654824574 2.18140259533
0.4 5.23598775598 0.7949262563
0.4 5.44542726622 0.796981334389
0.4 5.65486677646 0.847329547823
0.4 5.8643062867 0.645740534248
0.4 6.07374579694 0.217884912131

0.466666666667 0 0.317190392944
0.466666666667 0.209439510239 0.174393061333
0.466666666667 0.418879020479 0.120287721232
0.466666666667 0.628318530718 0.273052951733
0.466666666667 0.837758040957 0.402944859101
0.466666666667 1.0471975512 0.21316353817
0.466666666667 1.25663706144 0.322711179139
0.466666666667 1.46607657168 0.209929264455
0.466666666667 1.67551608191 0.451311508478
0.466666666667 1.88495559215 0.508024727944
0.466666666667 2.09439510239 0.0740202391537
0.466666666667 2.30383461263 0.0365174269047
0.466666666667 2.51327412287 0.473435035765
0.466666666667 2.72271363311 0.448352077093
0.466666666667 2.93215314335 0.368738345844
0.466666666667 3.14159265359 6.21256801897
0.466666666667 3.35103216383 5.59804818454
0.466666666667 3.56047167407 8.73045457842
0.466666666667 3.76991118431 10.2191470992
0.466666666667 3.97935069455 7.04324363226
0.466666666667 4.18879020479 3.28407809542
0.466666666667 4.39822971503 2.70563804768
0.466666666667 4.60766922527 3.76746891816
0.466666666667 4.8171087355 1.68736565961
0.466666666667 5.02654824574 2.18313647467
0.466666666667 5.23598775598 0.762016737181
0.466666666667 5.44542726622 0.79627958064
0.466666666667 5.65486677646 0.795100884042
0.466666666667 5.8643062867 0.656683298226
0.466666666667 6.07374579694 0.193847497459

0.533333333333 0 0.31787117013
0.533333333333 0.209439510239 0.262509481628
0.533333333333 0.418879020479 0.10781337987
0.533333333333 0.628318530718 0.11274687582
0.533333333333 0.837758040957 0.187077184135
0.533333333333 1.0471975512 0.191176439274
0.533333333333 1.25663706144 0.410753600806
0.533333333333 1.46607657168 0.160127060215
0.533333333333 1.67551608191 0.443509898222
0.533333333333 1.88495559215 0.47072173074
0.533333333333 2.09439510239 0.049937966658
0.533333333333 2.30383461263 0.0343173633364
0.533333333333 2.51327412287 0.509633986065
0.533333333333 2.72271363311 0.281028748612
0.533333333333 2.93215314335 0.285570609736
0.533333333333 3.14159265359 5.69271074521
0.533333333333 3.35103216383 6.29479768735
0.533333333333 3.56047167407 7.23956526883
0.533333333333 3.76991118431 9.59234517559
0.533333333333 3.97935069455 6.75741381821
0.533333333333 4.18879020479 3.28991723634
0.533333333333 4.39822971503 3.19412145712
0.533333333333 4.60766922527 3.88446539143
0.533333333333 4.8171087355 1.6966531233
0.533333333333 5.02654824574 2.13231181021
0.533333333333 5.23598775598 0.717982823678
0.533333333333 5.44542726622 0.785193190301
0.533333333333 5.65486677646 0.720794891812
0.533333333333 5.8643062867 0.68216492531
0.533333333333 6.07374579694 0.177625954328

0.6 0 0.257053413462
0.6 0.209439510239 0.362972672481
0.6 0.418879020479 0.223252249887
0.6 0.628318530718 0.130339427401
0.6 0.837758040957 0.164842075601
0.6 1.0471975512 0.293740907641
0.6 1.25663706144 0.370412074956
0.6 1.46607657168 0.112158392178
0.6 1.67551608191 0.400612015301
0.6 1.88495559215 0.427269163242
0.6 2.09439510239 0.034789404772
0.6 2.30383461263 0.0496923279286
0.6 2.51327412287 0.509325892698
0.6 2.72271363311 0.143915467219
0.6 2.93215314335 0.258698235687
0.6 3.14159265359 4.25182228915
0.6 3.35103216383 7.31257508047
0.6 3.56047167407 6.12139047374
0.6 3.76991118431 7.70611084741
0.6 3.97935069455 5.81047254499
0.6 4.18879020479 3.36932808809
0.6 4.39822971503 3.81152204398
0.6 4.60766922527 3.87449003877
0.6 4.8171087355 1.659637589
0.6 5.02654824574 2.00369301295
0.6 5.23598775598 0.663878109447
0.6 5.44542726622 0.760876739039
0.6 5.65486677646 0.628048965192
0.6 5.8643062867 0.719325275189
0.6 6.07374579694 0.181914668821

0.666666666667 0 0.145790975431
0.666666666667 0.209439510239 0.378216684294
0.666666666667 0.418879020479 0.369157491274
0.666666666667 0.628318530718 0.296872512678
0.666666666667 0.837758040957 0.298602034001
0.666666666667 1.0471975512 0.333358167155
0.666666666667 1.25663706144 0.177027757287
0.666666666667 1.46607657168 0.119343521643
0.666666666667 1.67551608191 0.323201877551
0.666666666667 1.88495559215 0.398035093321
0.666666666667 2.09439510239 0.0358928154545
0.666666666667 2.30383461263 0.088631580277
0.666666666667 2.51327412287 0.452393683605
0.666666666667 2.72271363311 0.0834042922244
0.666666666667 2.93215314335 0.263472069952
0.666666666667 3.14159265359 2.07617773311
0.666666666667 3.35103216383 6.66170809991
0.666666666667 3.56047167407 5.35778333979
0.666666666667 3.76991118431 5.20655971107
0.666666666667 3.97935069455 4.28470077167
0.666666666667 4.18879020479 3.4688917652
0.666666666667 4.39822971503 4.34247528426
0.666666666667 4.60766922527 3.55606900506
0.666666666667 4.8171087355 1.53898573252
0.666666666667 5.02654824574 1.78076620053
0.666666666667 5.23598775598 0.600955714647
0.666666666667 5.44542726622 0.720881157107
0.666666666667 5.65486677646 0.527477672253
0.666666666667 5.8643062867 0.754047443217
0.666666666667 6.07374579694 0.22407648444

0.733333333333 0 0.0514839618984
0.733333333333 0.209439510239 0.256318201325
0.733333333333 0.418879020479 0.356744945281
0.733333333333 0.628318530718 0.338761807062
0.733333333333 0.837758040957 0.276779816806
0.733333333333 1.0471975512 0.154204303572
0.733333333333 1.25663706144 0.0536958561651
0.733333333333 1.46607657168 0.185522160877
0.733333333333 1.67551608191 0.261246991571
0.733333333333 1.88495559215 0.414665917842
0.733333333333 2.09439510239 0.0578189157764
0.733333333333 2.30383461263 0.149068595078
0.733333333333 2.51327412287 0.33294187322
0.733333333333 2.72271363311 0.117878653502
0.733333333333 2.93215314335 0.247437429078
0.733333333333 3.14159265359 0.409105054926
0.733333333333 3.35103216383 3.56487997157
0.733333333333 3.56047167407 3.73616767823
0.733333333333 3.76991118431 2.95510928918
0.733333333333 3.97935069455 2.90037868904
0.733333333333 4.18879020479 3.61279252103
0.733333333333 4.39822971503 4.37604234726
0.733333333333 4.60766922527 2.74680480851
0.733333333333 4.8171087355 1.31736041944
0.733333333333 5.02654824574 1.47081370747
0.733333333333 5.23598775598 0.528762972966
0.733333333333 5.44542726622 0.664037689968
0.733333333333 5.65486677646 0.439930953517
0.733333333333 5.8643062867 0.757322448371
0.733333333333 6.07374579694 0.316537951841

0.8 0 0.0650542681507
0.8 0.209439510239 0.114981438229
0.8 0.418879020479 0.214448373749
0.8 0.628318530718 0.203926237458
0.8 0.837758040957 0.138854757473
0.8 1.0471975512 0.116451999145
0.8 1.25663706144 0.218716935746
0.8 1.46607657168 0.211013158553
0.8 1.67551608191 0.3255205199
0.8 1.88495559215 0.482805507004
0.8 2.09439510239 0.0900961697328
0.8 2.30383461263 0.20451568943
0.8 2.51327412287 0.192307195824
0.8 2.72271363311 0.182123767894
0.8 2.93215314335 0.170282982633
0.8 3.14159265359 0.241840996696
0.8 3.35103216383 1.02992701377
0.8 3.56047167407 1.73313515379
0.8 3.76991118431 1.83141879983
0.8 3.97935069455 2.5414753641
0.8 4.18879020479 3.57238379501
0.8 4.39822971503 3.32853655008
0.8 4.60766922527 1.48667742711
0.8 4.8171087355 1.05525131939
0.8 5.02654824574 1.11348706755
0.8 5.23598775598 0.441716054366
0.8 5.44542726622 0.591978376651
0.8 5.65486677646 0.398166077336
0.8 5.8643062867 0.696055750094
0.8 6.07374579694 0.440660640931

0.866666666667 0 0.19063227142
0.866666666667 0.209439510239 0.0901293045703
0.866666666667 0.418879020479 0.178015740246
0.866666666667 0.628318530718 0.259943494822
0.866666666667 0.837758040957 0.311361944277
0.866666666667 1.0471975512 0.342941638515
0.866666666667 1.25663706144 0.274550036493
0.866666666667 1.46607657168 0.214571757835
0.866666666667 1.67551608191 0.538415754823
0.866666666667 1.88495559215 0.496077911489
0.866666666667 2.09439510239 0.106986215897
0.866666666667 2.30383461263 0.20149834737
0.866666666667 2.51327412287 0.118907464518
0.866666666667 2.72271363311 0.195486761861
0.866666666667 2.93215314335 0.13346652231
0.866666666667 3.14159265359 0.351193583004
0.866666666667 3.35103216383 0.789540954876
0.866666666667 3.56047167407 1.32959473315
0.866666666667 3.76991118431 1.83632346995
0.866666666667 3.97935069455 2.2495361024
0.866666666667 4.18879020479 2.10814276952
0.866666666667 4.39822971503 1.12389982957
0.866666666667 4.60766922527 0.454596212034
0.866666666667 4.8171087355 0.902270607705
0.866666666667 5.02654824574 0.749647904421
0.866666666667 5.23598775598 0.327769259014
0.866666666667 5.44542726622 0.511464730064
0.866666666667 5.65486677646 0.439980302887
0.866666666667 5.8643062867 0.584021692485
0.866666666667 6.07374579694 0.519781021957

0.933333333333 0 0.358904425332
0.933333333333 0.209439510239 0.162585934848
0.933333333333 0.418879020479 0.0666841508151
0.933333333333 0.628318530718 0.0587673283585
0.933333333333 0.837758040957 0.0758376399983
0.933333333333 1.0471975512 0.103321420231
0.933333333333 1.25663706144 0.208691954838
0.933333333333 1.46607657168 0.435386836908
0.933333333333 1.67551608191 0.559699919696
0.933333333333 1.88495559215 0.351562695757
0.933333333333 2.09439510239 0.156290498973
0.933333333333 2.30383461263 0.152526059953
0.933333333333 2.51327412287 0.100618803464
0.933333333333 2.72271363311 0.176657182671
0.933333333333 2.93215314335 0.321078579005
0.933333333333 3.14159265359 0.298726340843
0.933333333333 3.35103216383 0.231792791963
0.933333333333 3.56047167407 0.230825185857
0.933333333333 3.76991118431 0.22940255819
0.933333333333 3.97935069455 0.155503906714
0.933333333333 4.18879020479 0.0925238564561
0.933333333333 4.39822971503 0.265059949152
0.933333333333 4.60766922527 0.651372244825
0.933333333333 4.8171087355 0.724130652661
0.933333333333 5.02654824574 0.333444389141
0.933333333333 5.23598775598 0.191575594055
0.933333333333 5.44542726622 0.436344131605
0.933333333333 5.65486677646 0.566138415319
0.933333333333 5.8643062867 0.577478934838
0.933333333333 6.07374579694 0.53255574886

