-1 0 0.990152067855
-1 0.209439510239 0.990152067855
-1 0.418879020479 0.990152067854
-1 0.628318530718 0.990152067853
-1 0.837758040957 0.990152067853
-1 1.0471975512 0.990152067853
-1 1.25663706144 0.990152067854
-1 1.46607657168 0.990152067854
-1 1.67551608191 0.990152067855
-1 1.88495559215 0.990152067854
-1 2.09439510239 0.990152067853
-1 2.30383461263 0.990152067853
-1 2.51327412287 0.990152067853
-1 2.72271363311 0.990152067853
-1 2.93215314335 0.990152067854
-1 3.14159265359 0.990152067855
-1 3.35103216383 0.990152067855
-1 3.56047167407 0.990152067854
-1 3.76991118431 0.990152067853
-1 3.97935069455 0.990152067853
-1 4.18879020479 0.990152067853
-1 4.39822971503 0.990152067854
-1 4.60766922527 0.990152067854
-1 4.8171087355 0.990152067855
-1 5.02654824574 0.990152067854
-1 5.23598775598 0.990152067853
-1 5.44542726622 0.990152067853
-1 5.65486677646 0.990152067853
-1 5.8643062867 0.990152067853
-1 6.07374579694 0.990152067854

-0.933333333333 0 3.97127533076
-0.933333333333 0.209439510239 5.05631119539
-0.933333333333 0.418879020479 5.08363407682
-0.933333333333 0.628318530718 4.468865791
-0.933333333333 0.837758040957 3.59766182265
-0.933333333333 1.0471975512 2.64961827478
-0.933333333333 1.25663706144 1.90808173742
-0.933333333333 1.46607657168 1.52716469675
-0.933333333333 1.67551608191 1.15069379048
-0.933333333333 1.88495559215 0.546255729024
-0.933333333333 2.09439510239 0.489156413184
-0.933333333333 2.30383461263 1.04490229323
-0.933333333333 2.51327412287 0.896115851701
-0.933333333333 2.72271363311 0.337505805498
-0.933333333333 2.93215314335 0.34829896054
-0.933333333333 3.14159265359 0.466166103119
-0.933333333333 3.35103216383 0.308272222714
-0.933333333333 3.56047167407 0.118016273237
-0.933333333333 3.76991118431 0.0507075151595
-0.933333333333 3.97935069455 0.0735885767795
-0.933333333333 4.18879020479 0.162366298355
-0.933333333333 4.39822971503 0.383372936736
-0.933333333333 4.60766922527 0.86187725729
-0.933333333333 4.8171087355 1.50514274069
-0.933333333333 5.02654824574 1.67720988806
-0.933333333333 5.23598775598 1.06117231517
-0.933333333333 5.44542726622 0.96796332403
-0.933333333333 5.65486677646 1.97047887369
-0.933333333333 5.8643062867 2.40757047982
-0.933333333333 6.07374579694 2.68539294065

-0.866666666667 0 6.5334588148
-0.866666666667 0.209439510239 7.6336010337
-0.866666666667 0.418879020479 8.86163289797
-0.866666666667 0.628318530718 10.10667279
-0.866666666667 0.837758040957 9.84577286256
-0.866666666667 1.0471975512 7.63548474331
-0.866666666667 1.25663706144 4.30888559385
-0.866666666667 1.46607657168 1.54520584066
-0.866666666667 1.67551608191 0.807160592624
-0.866666666667 1.88495559215 1.03907694593
-0.866666666667 2.09439510239 0.451990288981
-0.866666666667 2.30383461263 0.844652917031
-0.866666666667 2.51327412287 0.710888775472
-0.866666666667 2.72271363311 0.110318075481
-0.866666666667 2.93215314335 0.251572906411
-0.866666666667 3.14159265359 0.0733279635625
-0.866666666667 3.35103216383 0.0730492126755
-0.866666666667 3.56047167407 0.25990640431
-0.866666666667 3.76991118431 0.349951102913
-0.866666666667 3.97935069455 0.390130112203
-0.866666666667 4.18879020479 0.491785793211
-0.866666666667 4.39822971503 0.651062874008
-0.866666666667 4.60766922527 0.745276080493
-0.866666666667 4.8171087355 0.895873469016
-0.866666666667 5.02654824574 1.50828036591
-0.866666666667 5.23598775598 1.795715106
-0.866666666667 5.44542726622 1.36044419775
-0.866666666667 5.65486677646 2.69114590441
-0.866666666667 5.8643062867 3.36604264947
-0.866666666667 6.07374579694 4.25754299322

-0.8 0 6.75669774351
-0.8 0.209439510239 8.61338109521
-0.8 0.418879020479 11.5839184934
-0.8 0.628318530718 13.9137692795
-0.8 0.837758040957 14.456326032
-0.8 1.0471975512 12.4516081222
-0.8 1.25663706144 7.97553743303
-0.8 1.46607657168 3.44518518032
-0.8 1.67551608191 0.759119725933
-0.8 1.88495559215 0.900639213983
-0.8 2.09439510239 0.733905890108
-0.8 2.30383461263 0.642667896892
-0.8 2.51327412287 0.570983127677
-0.8 2.72271363311 0.0734463309269
-0.8 2.93215314335 0.147316036513
-0.8 3.14159265359 0.0592473830396
-0.8 3.35103216383 0.282742570733
-0.8 3.56047167407 0.273877695525
-0.8 3.76991118431 0.159478107915
-0.8 3.97935069455 0.115071067367
-0.8 4.18879020479 0.22321726331
-0.8 4.39822971503 0.634766321336
-0.8 4.60766922527 1.17436740708
-0.8 4.8171087355 1.34258439463
-0.8 5.02654824574 1.24105121816
-0.8 5.23598775598 1.92002403283
-0.8 5.44542726622 1.98418417091
-0.8 5.65486677646 2.97575195933
-0.8 5.8643062867 3.72451714729
-0.8 6.07374579694 4.45967217409

-0.733333333333 0 5.90453492722
-0.733333333333 0.209439510239 7.42411853336
-0.733333333333 0.418879020479 9.92261253909
-0.733333333333 0.628318530718 12.3757239762
-0.733333333333 0.837758040957 15.0902421137
-0.733333333333 1.0471975512 15.7570571502
-0.733333333333 1.25663706144 10.9491167518
-0.733333333333 1.46607657168 4.39122210354
-0.733333333333 1.67551608191 1.25491529051
-0.733333333333 1.88495559215 0.561130738392
-0.733333333333 2.09439510239 1.03478010979
-0.733333333333 2.30383461263 0.479206335268
-0.733333333333 2.51327412287 0.480684420977
-0.733333333333 2.72271363311 0.0963141691792
-0.733333333333 2.93215314335 0.071393126122
-0.733333333333 3.14159265359 0.15734495987
-0.733333333333 3.35103216383 0.267027463364
-0.733333333333 3.56047167407 0.144010533419
-0.733333333333 3.76991118431 0.0924548550166
-0.733333333333 3.97935069455 0.0954227741427
-0.733333333333 4.18879020479 0.143433367579
-0.733333333333 4.39822971503 0.518723450784
-0.733333333333 4.60766922527 1.33544027198
-0.733333333333 4.8171087355 1.70670924946
-0.733333333333 5.02654824574 1.40808831403
-0.733333333333 5.23598775598 1.7589452412
-0.733333333333 5.44542726622 2.64769552514
-0.733333333333 5.65486677646 3.1538794586
-0.733333333333 5.8643062867 3.93923427938
-0.733333333333 6.07374579694 4.03679257608

-0.666666666667 0 4.80390836178
-0.666666666667 0.209439510239 5.18126740459
-0.666666666667 0.418879020479 6.45006493679
-0.666666666667 0.628318530718 8.79319484422
-0.666666666667 0.837758040957 13.5163187656
-0.666666666667 1.0471975512 18.4043685259
-0.666666666667 1.25663706144 15.8268044941
-0.666666666667 1.46607657168 5.69549556881
-0.666666666667 1.67551608191 1.3514269041
-0.666666666667 1.88495559215 0.371641689059
-0.666666666667 2.09439510239 1.23051510842
-0.666666666667 2.30383461263 0.360344967441
-0.666666666667 2.51327412287 0.42632092058
-0.666666666667 2.72271363311 0.126165681695
-0.666666666667 2.93215314335 0.0318186600652
-0.666666666667 3.14159265359 0.209381857587
-0.666666666667 3.35103216383 0.191743663701
-0.666666666667 3.56047167407 0.118143402364
-0.666666666667 3.76991118431 0.117452871969
-0.666666666667 3.97935069455 0.178407701251
-0.666666666667 4.18879020479 0.253427807418
-0.666666666667 4.39822971503 0.459011421112
-0.666666666667 4.60766922527 1.41581728308
-0.666666666667 4.8171087355 1.89930837475
-0.666666666667 5.02654824574 1.65067607124
-0.666666666667 5.23598775598 1.6321591165
-0.666666666667 5.44542726622 3.21958090463
-0.666666666667 5.65486677646 3.35461871834
-0.666666666667 5.8643062867 4.12303071403
-0.666666666667 6.07374579694 3.58836240317

-0.6 0 3.915796393
-0.6 0.209439510239 3.26255447131
-0.6 0.418879020479 3.5579272893
-0.6 0.628318530718 5.29683030037
-0.6 0.837758040957 10.0904282352
-0.6 1.0471975512 18.1040503548
-0.6 1.25663706144 20.7550648799
-0.6 1.46607657168 8.84905858515
-0.6 1.67551608191 1.07588998659
-0.6 1.88495559215 0.370715762085
-0.6 2.09439510239 1.30181094268
-0.6 2.30383461263 0.281032519692
-0.6 2.51327412287 0.394617646198
-0.6 2.72271363311 0.148034742992
-0.6 2.93215314335 0.017945186709
-0.6 3.14159265359 0.211857250639
-0.6 3.35103216383 0.149919710835
-0.6 3.56047167407 0.120198266313
-0.6 3.76991118431 0.108877925571
-0.6 3.97935069455 0.234293239211
-0.6 4.18879020479 0.471016109511
-0.6 4.39822971503 0.535942886094
-0.6 4.60766922527 1.34037112289
-0.6 4.8171087355 1.98892186808
-0.6 5.02654824574 1.85655816962
-0.6 5.23598775598 1.59111587203
-0.6 5.44542726622 3.6633989413
-0.6 5.65486677646 3.54389598743
-0.6 5.8643062867 4.21184329142
-0.6 6.07374579694 3.24495222997

-0.533333333333 0 3.37355936213
-0.533333333333 0.209439510239 2.10498666798
-0.533333333333 0.418879020479 2.0587323532
-0.533333333333 0.628318530718 3.02600136851
-0.533333333333 0.837758040957 6.34403193955
-0.533333333333 1.0471975512 14.9388216951
-0.533333333333 1.25663706144 23.2566396381
-0.533333333333 1.46607657168 13.2719905037
-0.533333333333 1.67551608191 0.921377914195
-0.533333333333 1.88495559215 0.473867412007
-0.533333333333 2.09439510239 1.27406738896
-0.533333333333 2.30383461263 0.233258617518
-0.533333333333 2.51327412287 0.376025715578
-0.533333333333 2.72271363311 0.160906466273
-0.533333333333 2.93215314335 0.0179880124393
-0.533333333333 3.14159265359 0.19152869001
-0.533333333333 3.35103216383 0.141631310648
-0.533333333333 3.56047167407 0.120916964369
-0.533333333333 3.76991118431 0.0888211640288
-0.533333333333 3.97935069455 0.246942356573
-0.533333333333 4.18879020479 0.667741446306
-0.533333333333 4.39822971503 0.782999333304
-0.533333333333 4.60766922527 1.25017650806
-0.533333333333 4.8171087355 1.95552935419
-0.533333333333 5.02654824574 2.03952467444
-0.533333333333 5.23598775598 1.59818762185
-0.533333333333 5.44542726622 3.98927769436
-0.533333333333 5.65486677646 3.68460040904
-0.533333333333 5.8643062867 4.19217672415
-0.533333333333 6.07374579694 2.98877262868

-0.466666666667 0 3.10848073464
-0.466666666667 0.209439510239 1.58200781273
-0.466666666667 0.418879020479 1.71577998659
-0.466666666667 0.628318530718 2.09415342211
-0.466666666667 0.837758040957 3.61153450589
-0.466666666667 1.0471975512 10.8038016727
-0.466666666667 1.25663706144 22.9421176315
-0.466666666667 1.46607657168 17.6366558319
-0.466666666667 1.67551608191 1.2158058368
-0.466666666667 1.88495559215 0.597719131959
-0.466666666667 2.09439510239 1.18388907515
-0.466666666667 2.30383461263 0.209190531506
-0.466666666667 2.51327412287 0.364492375057
-0.466666666667 2.72271363311 0.167438892695
-0.466666666667 2.93215314335 0.0238000845217
-0.466666666667 3.14159265359 0.167293211305
-0.466666666667 3.35103216383 0.153027332902
-0.466666666667 3.56047167407 0.12362873631
-0.466666666667 3.76991118431 0.0762614428487
-0.466666666667 3.97935069455 0.216192489392
-0.466666666667 4.18879020479 0.725083567773
-0.466666666667 4.39822971503 1.0304207498
-0.466666666667 4.60766922527 1.25654439204
-0.466666666667 4.8171087355 1.84348173309
-0.466666666667 5.02654824574 2.20253288608
-0.466666666667 5.23598775598 1.61912116882
-0.466666666667 5.44542726622 4.2205900615
-0.466666666667 5.65486677646 3.76983839061
-0.466666666667 5.8643062867 4.10093995303
-0.466666666667 6.07374579694 2.80243209504

-0.4 0 3.00776771092
-0.4 0.209439510239 1.42982971975
-0.4 0.418879020479 1.93507503577
-0.4 0.628318530718 1.97178657548
-0.4 0.837758040957 2.14513547564
-0.4 1.0471975512 7.22632334358
-0.4 1.25663706144 20.8158655438
-0.4 1.46607657168 21.050762648
-0.4 1.67551608191 1.98705400228
-0.4 1.88495559215 0.695248480386
-0.4 2.09439510239 1.06404782481
-0.4 2.30383461263 0.202261250512
-0.4 2.51327412287 0.356521982342
-0.4 2.72271363311 0.17038098594
-0.4 2.93215314335 0.0307704749589
-0.4 3.14159265359 0.147730987843
-0.4 3.35103216383 0.173387225925
-0.4 3.56047167407 0.127918831541
-0.4 3.76991118431 0.0707779232207
-0.4 3.97935069455 0.166192642884
-0.4 4.18879020479 0.658322349205
-0.4 4.39822971503 1.14296090869
-0.4 4.60766922527 1.32671600141
-0.4 4.8171087355 1.72802105484
-0.4 5.02654824574 2.33415060193
-0.4 5.23598775598 1.63721614726
-0.4 5.44542726622 4.38044940007
-0.4 5.65486677646 3.81010556401
-0.4 5.8643062867 3.98229810552
-0.4 6.07374579694 2.67590347555

-0.333333333333 0 2.98556497258
-0.333333333333 0.209439510239 1.43871524698
-0.333333333333 0.418879020479 2.26716925079
-0.333333333333 0.628318530718 2.13597911129
-0.333333333333 0.837758040957 1.57131521285
-0.333333333333 1.0471975512 4.73869914284
-0.333333333333 1.25663706144 18.0552430079
-0.333333333333 1.46607657168 23.2670646206
-0.333333333333 1.67551608191 3.07959676515
-0.333333333333 1.88495559215 0.750671255959
-0.333333333333 2.09439510239 0.93860772896
-0.333333333333 2.30383461263 0.207393847626
-0.333333333333 2.51327412287 0.350298847483
-0.333333333333 2.72271363311 0.171691779211
-0.333333333333 2.93215314335 0.036738882599
-0.333333333333 3.14159265359 0.135057335245
-0.333333333333 3.35103216383 0.195184622229
-0.333333333333 3.56047167407 0.130181040224
-0.333333333333 3.76991118431 0.0691900238475
-0.333333333333 3.97935069455 0.124762204746
-0.333333333333 4.18879020479 0.553097462826
-0.333333333333 4.39822971503 1.12464946472
-0.333333333333 4.60766922527 1.38938665672
-0.333333333333 4.8171087355 1.65543865837
-0.333333333333 5.02654824574 2.4264070922
-0.333333333333 5.23598775598 1.64749253072
-0.333333333333 5.44542726622 4.48760460376
-0.333333333333 5.65486677646 3.82066669251
-0.333333333333 5.8643062867 3.86825747257
-0.333333333333 6.07374579694 2.59713925237

-0.266666666667 0 2.99316192352
-0.266666666667 0.209439510239 1.49139991213
-0.266666666667 0.418879020479 2.5255184608
-0.266666666667 0.628318530718 2.3221920491
-0.266666666667 0.837758040957 1.4514395514
-0.266666666667 1.0471975512 3.23922967355
-0.266666666667 1.25663706144 15.4426029955
-0.266666666667 1.46607657168 24.4463922915
-0.266666666667 1.67551608191 4.29189207832
-0.266666666667 1.88495559215 0.765765947018
-0.266666666667 2.09439510239 0.822838106392
-0.266666666667 2.30383461263 0.220881167206
-0.266666666667 2.51327412287 0.345038617769
-0.266666666667 2.72271363311 0.172555354837
-0.266666666667 2.93215314335 0.0409849239467
-0.266666666667 3.14159265359 0.128364266092
-0.266666666667 3.35103216383 0.213984454033
-0.266666666667 3.56047167407 0.12887359261
-0.266666666667 3.76991118431 0.0698290151259
-0.266666666667 3.97935069455 0.104342114344
-0.266666666667 4.18879020479 0.474386350029
-0.266666666667 4.39822971503 1.0449965462
-0.266666666667 4.60766922527 1.40904029866
-0.266666666667 4.8171087355 1.6333383674
-0.266666666667 5.02654824574 2.48042038624
-0.266666666667 5.23598775598 1.65032050538
-0.266666666667 5.44542726622 4.55592871721
-0.266666666667 5.65486677646 3.81553106001
-0.266666666667 5.8643062867 3.77692463089
-0.266666666667 6.07374579694 2.55196531339

-0.2 0 3.00927445594
-0.2 0.209439510239 1.53921164804
-0.2 0.418879020479 2.68722051672
-0.2 0.628318530718 2.46611404014
-0.2 0.837758040957 1.50338255669
-0.2 1.0471975512 2.42862849609
-0.2 1.25663706144 13.3349868408
-0.2 1.46607657168 24.8941402173
-0.2 1.67551608191 5.45430470273
-0.2 1.88495559215 0.74927682287
-0.2 2.09439510239 0.724937725952
-0.2 2.30383461263 0.240153041599
-0.2 2.51327412287 0.340556632321
-0.2 2.72271363311 0.173594729974
-0.2 2.93215314335 0.0435014601136
-0.2 3.14159265359 0.125579788111
-0.2 3.35103216383 0.228175781599
-0.2 3.56047167407 0.125089118958
-0.2 3.76991118431 0.0717204830967
-0.2 3.97935069455 0.10316341378
-0.2 4.18879020479 0.442166648143
-0.2 4.39822971503 0.960843917347
-0.2 4.60766922527 1.38783935624
-0.2 4.8171087355 1.64738296277
-0.2 5.02654824574 2.5037901613
-0.2 5.23598775598 1.64765768512
-0.2 5.44542726622 4.59506646375
-0.2 5.65486677646 3.80556239286
-0.2 5.8643062867 3.71661553592
-0.2 6.07374579694 2.52734262709

-0.133333333333 0 3.02815864893
-0.133333333333 0.209439510239 1.56964886051
-0.133333333333 0.418879020479 2.78292068641
-0.133333333333 0.628318530718 2.58405159223
-0.133333333333 0.837758040957 1.59810576352
-0.133333333333 1.0471975512 2.03708583681
-0.133333333333 1.25663706144 11.8217227821
-0.133333333333 1.46607657168 24.8999408588
-0.133333333333 1.67551608191 6.45256077561
-0.133333333333 1.88495559215 0.711137664865
-0.133333333333 2.09439510239 0.648102779446
-0.133333333333 2.30383461263 0.26353150041
-0.133333333333 2.51327412287 0.337000601345
-0.133333333333 2.72271363311 0.175058888423
-0.133333333333 2.93215314335 0.0445393725366
-0.133333333333 3.14159265359 0.124537340074
-0.133333333333 3.35103216383 0.238077380965
-0.133333333333 3.56047167407 0.121089190272
-0.133333333333 3.76991118431 0.0743240317761
-0.133333333333 3.97935069455 0.114801188901
-0.133333333333 4.18879020479 0.449167359693
-0.133333333333 4.39822971503 0.895044919891
-0.133333333333 4.60766922527 1.3440181099
-0.133333333333 4.8171087355 1.67798271419
-0.133333333333 5.02654824574 2.50639756504
-0.133333333333 5.23598775598 1.64133459039
-0.133333333333 5.44542726622 4.61130886806
-0.133333333333 5.65486677646 3.79840161246
-0.133333333333 5.8643062867 3.69026588303
-0.133333333333 6.07374579694 2.51359566103

-0.0666666666667 0 3.05089362346
-0.0666666666667 0.209439510239 1.58453673278
-0.0666666666667 0.418879020479 2.84141691257
-0.0666666666667 0.628318530718 2.70054609905
-0.0666666666667 0.837758040957 1.69484700782
-0.0666666666667 1.0471975512 1.88864011748
-0.0666666666667 1.25663706144 10.873493585
-0.0666666666667 1.46607657168 24.6711903735
-0.0666666666667 1.67551608191 7.22287057166
-0.0666666666667 1.88495559215 0.66020040119
-0.0666666666667 2.09439510239 0.592313377409
-0.0666666666667 2.30383461263 0.290013003723
-0.0666666666667 2.51327412287 0.33469548161
-0.0666666666667 2.72271363311 0.176932559068
-0.0666666666667 2.93215314335 0.0443504769775
-0.0666666666667 3.14159265359 0.123476269029
-0.0666666666667 3.35103216383 0.244849832166
-0.0666666666667 3.56047167407 0.119211487083
-0.0666666666667 3.76991118431 0.0780035113442
-0.0666666666667 3.97935069455 0.135149465394
-0.0666666666667 4.18879020479 0.481600113219
-0.0666666666667 4.39822971503 0.846927016889
-0.0666666666667 4.60766922527 1.296368115
-0.0666666666667 4.8171087355 1.70874180066
-0.0666666666667 5.02654824574 2.49741632526
-0.0666666666667 5.23598775598 1.63250005221
-0.0666666666667 5.44542726622 4.60837427458
-0.0666666666667 5.65486677646 3.79897564696
-0.0666666666667 5.8643062867 3.69858229778
-0.0666666666667 6.07374579694 2.5050511188

6.12323399574e-17 0 3.08046698877
6.12323399574e-17 0.209439510239 1.58954578976
6.12323399574e-17 0.418879020479 2.87544927358
6.12323399574e-17 0.628318530718 2.82636124002
6.12323399574e-17 0.837758040957 1.79100265032
6.12323399574e-17 1.0471975512 1.89672244698
6.12323399574e-17 1.25663706144 10.4311567101
6.12323399574e-17 1.46607657168 24.3190197239
6.12323399574e-17 1.67551608191 7.73896496952
6.12323399574e-17 1.88495559215 0.603889647838
6.12323399574e-17 2.09439510239 0.555644894641
6.12323399574e-17 2.30383461263 0.319088405449
6.12323399574e-17 2.51327412287 0.334060894836
6.12323399574e-17 2.72271363311 0.178970551826
6.12323399574e-17 2.93215314335 0.0430526760863
6.12323399574e-17 3.14159265359 0.121234743461
6.12323399574e-17 3.35103216383 0.249561487099
6.12323399574e-17 3.56047167407 0.121572911139
6.12323399574e-17 3.76991118431 0.084532233684
6.12323399574e-17 3.97935069455 0.164461656863
6.12323399574e-17 4.18879020479 0.528524648345
6.12323399574e-17 4.39822971503 0.806273915543
6.12323399574e-17 4.60766922527 1.25901720303
6.12323399574e-17 4.8171087355 1.72837295993
6.12323399574e-17 5.02654824574 2.48387532407
6.12323399574e-17 5.23598775598 1.6216085698
6.12323399574e-17 5.44542726622 4.58801170868
6.12323399574e-17 5.65486677646 3.81005861093
6.12323399574e-17 5.8643062867 3.74188004084
6.12323399574e-17 6.07374579694 2.49982105443

0.0666666666667 0 3.11984320926
0.0666666666667 0.209439510239 1.5908651933
0.0666666666667 0.418879020479 2.88470022596
0.0666666666667 0.628318530718 2.96055614937
0.0666666666667 0.837758040957 1.90034603346
0.0666666666667 1.0471975512 2.04718516161
0.0666666666667 1.25663706144 10.4409049593
0.0666666666667 1.46607657168 23.8645717315
0.0666666666667 1.67551608191 8.00126807854
0.0666666666667 1.88495559215 0.548674180084
0.0666666666667 2.09439510239 0.535110091866
0.0666666666667 2.30383461263 0.350599688711
0.0666666666667 2.51327412287 0.33557448458
0.0666666666667 2.72271363311 0.180669803103
0.0666666666667 2.93215314335 0.0405648149021
0.0666666666667 3.14159265359 0.11736485302
0.0666666666667 3.35103216383 0.252431995215
0.0666666666667 3.56047167407 0.130108836281
0.0666666666667 3.76991118431 0.0972650724042
0.0666666666667 3.97935069455 0.206046730588
0.0666666666667 4.18879020479 0.581916180167
0.0666666666667 4.39822971503 0.761529386812
0.0666666666667 4.60766922527 1.24194033346
0.0666666666667 4.8171087355 1.72963979479
0.0666666666667 5.02654824574 2.47027112336
0.0666666666667 5.23598775598 1.60859586192
0.0666666666667 5.44542726622 4.55043303668
0.0666666666667 5.65486677646 3.8326835571
0.0666666666667 5.8643062867 3.82091255404
0.0666666666667 6.07374579694 2.49941308305

0.133333333333 0 3.17214926682
0.133333333333 0.209439510239 1.59538152182
0.133333333333 0.418879020479 2.86293281474
0.133333333333 0.628318530718 3.09891325713
0.133333333333 0.837758040957 2.05280765552
0.133333333333 1.0471975512 2.38853205651
0.133333333333 1.25663706144 10.8493458829
0.133333333333 1.46607657168 23.2514543302
0.133333333333 1.67551608191 8.03126857091
0.133333333333 1.88495559215 0.500721131834
0.133333333333 2.09439510239 0.527118902982
0.133333333333 2.30383461263 0.38462843264
0.133333333333 2.51327412287 0.339765205608
0.133333333333 2.72271363311 0.181192439781
0.133333333333 2.93215314335 0.0365955817361
0.133333333333 3.14159265359 0.112344795744
0.133333333333 3.35103216383 0.2521388228
0.133333333333 3.56047167407 0.146295467936
0.133333333333 3.76991118431 0.120526504842
0.133333333333 3.97935069455 0.26305291535
0.133333333333 4.18879020479 0.63274968845
0.133333333333 4.39822971503 0.703650448764
0.133333333333 4.60766922527 1.25275435833
0.133333333333 4.8171087355 1.70782848852
0.133333333333 5.02654824574 2.45866976775
0.133333333333 5.23598775598 1.59306435304
0.133333333333 5.44542726622 4.49460202235
0.133333333333 5.65486677646 3.86634599049
0.133333333333 5.8643062867 3.93693252665
0.133333333333 6.07374579694 2.50850502375

0.2 0 3.2424880111
0.2 0.209439510239 1.61230376973
0.2 0.418879020479 2.80558293143
0.2 0.628318530718 3.24422988127
0.2 0.837758040957 2.30781021237
0.2 1.0471975512 3.02516960984
0.2 1.25663706144 11.5640130179
0.2 1.46607657168 22.3669288463
0.2 1.67551608191 7.8696032657
0.2 1.88495559215 0.46642523181
0.2 2.09439510239 0.527673219108
0.2 2.30383461263 0.421412624958
0.2 2.51327412287 0.347229894937
0.2 2.72271363311 0.179260038017
0.2 2.93215314335 0.0307223118365
0.2 3.14159265359 0.107945461982
0.2 3.35103216383 0.245252121997
0.2 3.56047167407 0.169872090106
0.2 3.76991118431 0.157391332812
0.2 3.97935069455 0.333714554067
0.2 4.18879020479 0.666881132949
0.2 4.39822971503 0.629215575244
0.2 4.60766922527 1.29719236189
0.2 4.8171087355 1.66003982329
0.2 5.02654824574 2.44891829172
0.2 5.23598775598 1.57439746834
0.2 5.44542726622 4.41842021131
0.2 5.65486677646 3.90898722159
0.2 5.8643062867 4.09107341691
0.2 6.07374579694 2.53492880964

0.266666666667 0 3.34103740106
0.266666666667 0.209439510239 1.65552443701
0.266666666667 0.418879020479 2.71728999569
0.266666666667 0.628318530718 3.41885387947
0.266666666667 0.837758040957 2.77108451555
0.266666666667 1.0471975512 4.08954341827
0.266666666667 1.25663706144 12.3841235436
0.266666666667 1.46607657168 21.0880128163
0.266666666667 1.67551608191 7.57247878435
0.266666666667 1.88495559215 0.452724453357
0.266666666667 2.09439510239 0.532433942041
0.266666666667 2.30383461263 0.461293207878
0.266666666667 2.51327412287 0.358671825917
0.266666666667 2.72271363311 0.173065798168
0.266666666667 2.93215314335 0.0226687520574
0.266666666667 3.14159265359 0.107525181052
0.266666666667 3.35103216383 0.226462619435
0.266666666667 3.56047167407 0.196173085406
0.266666666667 3.76991118431 0.205193474069
0.266666666667 3.97935069455 0.405639610123
0.266666666667 4.18879020479 0.663837776011
0.266666666667 4.39822971503 0.545122794379
0.266666666667 4.60766922527 1.3768585126
0.266666666667 4.8171087355 1.58587314543
0.266666666667 5.02654824574 2.43880220566
0.266666666667 5.23598775598 1.55177321756
0.266666666667 5.44542726622 4.31884079966
0.266666666667 5.65486677646 3.95676405198
0.266666666667 5.8643062867 4.28297074641
0.266666666667 6.07374579694 2.58971685964

0.333333333333 0 3.48639770258
0.333333333333 0.209439510239 1.74746647716
0.333333333333 0.418879020479 2.61684801241
0.333333333333 0.628318530718 3.67319023793
0.333333333333 0.837758040957 3.59011502465
0.333333333333 1.0471975512 5.65123788251
0.333333333333 1.25663706144 12.933233979
0.333333333333 1.46607657168 19.3730093588
0.333333333333 1.67551608191 7.1968979911
0.333333333333 1.88495559215 0.467298197161
0.333333333333 2.09439510239 0.536830888675
0.333333333333 2.30383461263 0.504702014319
0.333333333333 2.51327412287 0.374962285759
0.333333333333 2.72271363311 0.160316695046
0.333333333333 2.93215314335 0.0129848430913
0.333333333333 3.14159265359 0.115420896543
0.333333333333 3.35103216383 0.19121373873
0.333333333333 3.56047167407 0.213224179435
0.333333333333 3.76991118431 0.250093142894
0.333333333333 3.97935069455 0.452326997033
0.333333333333 4.18879020479 0.60270532493
0.333333333333 4.39822971503 0.474435716349
0.333333333333 4.60766922527 1.48372578479
0.333333333333 4.8171087355 1.48961428999
0.333333333333 5.02654824574 2.42418532155
0.333333333333 5.23598775598 1.5240716131
0.333333333333 5.44542726622 4.19194477572
0.333333333333 5.65486677646 4.00360891324
0.333333333333 5.8643062867 4.50841966617
0.333333333333 6.07374579694 2.68695703976

0.4 0 3.70582844237
0.4 0.209439510239 1.92744489249
0.4 0.418879020479 2.53335429642
0.4 0.628318530718 4.06539602713
0.4 0.837758040957 4.87452420391
0.4 1.0471975512 7.53151203211
0.4 1.25663706144 12.6929241556
0.4 1.46607657168 17.3916142204
0.4 1.67551608191 6.76336481613
0.4 1.88495559215 0.518885407248
0.4 2.09439510239 0.536442435692
0.4 2.30383461263 0.552222618169
0.4 2.51327412287 0.397211016272
0.4 2.72271363311 0.13867460179
0.4 2.93215314335 0.004365730473
0.4 3.14159265359 0.133757001531
0.4 3.35103216383 0.142531824063
0.4 3.56047167407 0.203368335499
0.4 3.76991118431 0.266633950565
0.4 3.97935069455 0.439620727672
0.4 4.18879020479 0.479216817564
0.4 4.39822971503 0.458343327433
0.4 4.60766922527 1.5926916036
0.4 4.8171087355 1.3833485584
0.4 5.02654824574 2.39936999678
0.4 5.23598775598 1.48968707885
0.4 5.44542726622 4.03301333198
0.4 5.65486677646 4.04059198459
0.4 5.8643062867 4.75582611765
0.4 6.07374579694 2.843175592

0.466666666667 0 4.02465562648
0.466666666667 0.209439510239 2.26923546562
0.466666666667 0.418879020479 2.49225816988
0.466666666667 0.628318530718 4.57280484804
0.466666666667 0.837758040957 6.4796624941
0.466666666667 1.0471975512 9.09634936648
0.466666666667 1.25663706144 11.293218817
0.466666666667 1.46607657168 15.5915183582
0.466666666667 1.67551608191 6.19619815359
0.466666666667 1.88495559215 0.617779114192
0.466666666667 2.09439510239 0.527955135269
0.466666666667 2.30383461263 0.604786682895
0.466666666667 2.51327412287 0.426768826005
0.466666666667 2.72271363311 0.10721309526
0.466666666667 2.93215314335 0.00348906710299
0.466666666667 3.14159265359 0.155321559381
0.466666666667 3.35103216383 0.0997911808986
0.466666666667 3.56047167407 0.156814491493
0.466666666667 3.76991118431 0.232049523716
0.466666666667 3.97935069455 0.350636935807
0.466666666667 4.18879020479 0.330590401191
0.466666666667 4.39822971503 0.543598282649
0.466666666667 4.60766922527 1.65778301665
0.466666666667 4.8171087355 1.28903346081
0.466666666667 5.02654824574 2.35811570093
0.466666666667 5.23598775598 1.44627461128
0.466666666667 5.44542726622 3.83663898543
0.466666666667 5.65486677646 4.05511068761
0.466666666667 5.8643062867 5.00133709265
0.466666666667 6.07374579694 3.07598643526

0.533333333333 0 4.43340242949
0.533333333333 0.209439510239 2.90317824618
0.533333333333 0.418879020479 2.52282558862
0.533333333333 0.628318530718 4.95093621573
0.533333333333 0.837758040957 7.72431755108
0.533333333333 1.0471975512 9.33495362094
0.533333333333 1.25663706144 9.05624209695
0.533333333333 1.46607657168 14.4518578745
0.533333333333 1.67551608191 5.28861798381
0.533333333333 1.88495559215 0.775073347825
0.533333333333 2.09439510239 0.511098433618
0.533333333333 2.30383461263 0.664104727886
0.533333333333 2.51327412287 0.46488865381
0.533333333333 2.72271363311 0.0702294318319
0.533333333333 2.93215314335 0.0215497001698
0.533333333333 3.14159265359 0.15725362095
0.533333333333 3.35103216383 0.0947436732343
0.533333333333 3.56047167407 0.0945301717532
0.533333333333 3.76991118431 0.156264987504
0.533333333333 3.97935069455 0.222141978977
0.533333333333 4.18879020479 0.245111024759
0.533333333333 4.39822971503 0.744982594892
0.533333333333 4.60766922527 1.62349727317
0.533333333333 4.8171087355 1.23556649414
0.533333333333 5.02654824574 2.29586205783
0.533333333333 5.23598775598 1.39049345628
0.533333333333 5.44542726622 3.59693747228
0.533333333333 5.65486677646 4.02997346206
0.533333333333 5.8643062867 5.20301382459
0.533333333333 6.07374579694 3.4014865653

0.6 0 4.830525942
0.6 0.209439510239 3.9894342873
0.6 0.418879020479 2.77024014326
0.6 0.628318530718 4.77772533259
0.6 0.837758040957 7.51041129708
0.6 1.0471975512 7.63440236752
0.6 1.25663706144 7.23402541945
0.6 1.46607657168 13.7222578264
0.6 1.67551608191 3.82959736115
0.6 1.88495559215 0.994379781033
0.6 2.09439510239 0.491910261005
0.6 2.30383461263 0.733383901422
0.6 2.51327412287 0.511247659568
0.6 2.72271363311 0.0458335049009
0.6 2.93215314335 0.0673033983801
0.6 3.14159265359 0.116958942464
0.6 3.35103216383 0.131597978816
0.6 3.56047167407 0.0682852117549
0.6 3.76991118431 0.0971999363166
0.6 3.97935069455 0.15001199446
0.6 4.18879020479 0.315964119339
0.6 4.39822971503 0.995119471117
0.6 4.60766922527 1.46206700761
0.6 4.8171087355 1.24619919716
0.6 5.02654824574 2.21332298105
0.6 5.23598775598 1.31787588387
0.6 5.44542726622 3.30796548356
0.6 5.65486677646 3.94254077841
0.6 5.8643062867 5.29549449671
0.6 6.07374579694 3.8281562246

0.666666666667 0 4.98712687322
0.666666666667 0.209439510239 5.48443633568
0.666666666667 0.418879020479 3.69523614216
0.666666666667 0.628318530718 4.12570967208
0.666666666667 0.837758040957 5.5559524435
0.666666666667 1.0471975512 5.02062780148
0.666666666667 1.25663706144 6.98488563974
0.666666666667 1.46607657168 11.7821518546
0.666666666667 1.67551608191 2.03193550321
0.666666666667 1.88495559215 1.24050914673
0.666666666667 2.09439510239 0.486964303623
0.666666666667 2.30383461263 0.817860582264
0.666666666667 2.51327412287 0.559535241446
0.666666666667 2.72271363311 0.080811280835
0.666666666667 2.93215314335 0.123583225253
0.666666666667 3.14159265359 0.0763453939341
0.666666666667 3.35103216383 0.146363479853
0.666666666667 3.56047167407 0.101213473103
0.666666666667 3.76991118431 0.114649563538
0.666666666667 3.97935069455 0.214060756151
0.666666666667 4.18879020479 0.534635055594
0.666666666667 4.39822971503 1.14882941445
0.666666666667 4.60766922527 1.22220559341
0.666666666667 4.8171087355 1.3180937689
0.666666666667 5.02654824574 2.1198086794
0.666666666667 5.23598775598 1.22306414499
0.666666666667 5.44542726622 2.96453194503
0.666666666667 5.65486677646 3.76428223991
0.666666666667 5.8643062867 5.18865862508
0.666666666667 6.07374579694 4.33908399605

0.733333333333 0 4.67345110703
0.733333333333 0.209439510239 6.59221259988
0.733333333333 0.418879020479 5.69305738651
0.733333333333 0.628318530718 4.44105921832
0.733333333333 0.837758040957 4.07086082119
0.733333333333 1.0471975512 4.11001735046
0.733333333333 1.25663706144 7.24022817494
0.733333333333 1.46607657168 7.18868890434
0.733333333333 1.67551608191 0.924998484045
0.733333333333 1.88495559215 1.37377091373
0.733333333333 2.09439510239 0.524612065825
0.733333333333 2.30383461263 0.922387699867
0.733333333333 2.51327412287 0.588616906411
0.733333333333 2.72271363311 0.256680784957
0.733333333333 2.93215314335 0.128566641454
0.733333333333 3.14159265359 0.173022191521
0.733333333333 3.35103216383 0.136396895534
0.733333333333 3.56047167407 0.1552593244
0.733333333333 3.76991118431 0.21001242005
0.733333333333 3.97935069455 0.387614683226
0.733333333333 4.18879020479 0.757616634114
0.733333333333 4.39822971503 1.11528967784
0.733333333333 4.60766922527 1.02129932904
0.733333333333 4.8171087355 1.41744522133
0.733333333333 5.02654824574 2.02960308357
0.733333333333 5.23598775598 1.10089827125
0.733333333333 5.44542726622 2.56377659495
0.733333333333 5.65486677646 3.46155214737
0.733333333333 5.8643062867 4.7773940511
0.733333333333 6.07374579694 4.84135908815

0.8 0 4.07262188276
0.8 0.209439510239 5.7398626264
0.8 0.418879020479 7.00691144018
0.8 0.628318530718 6.31911257864
0.8 0.837758040957 5.26899740543
0.8 1.0471975512 4.98660268254
0.8 1.25663706144 4.99131492791
0.8 1.46607657168 2.26115955056
0.8 1.67551608191 1.4504512829
0.8 1.88495559215 1.13681294941
0.8 2.09439510239 0.628914894564
0.8 2.30383461263 1.03824838101
0.8 2.51327412287 0.561822929957
0.8 2.72271363311 0.609464743707
0.8 2.93215314335 0.0894292380625
0.8 3.14159265359 0.362871526575
0.8 3.35103216383 0.333431430145
0.8 3.56047167407 0.325901400557
0.8 3.76991118431 0.421619399872
0.8 3.97935069455 0.626361822922
0.8 4.18879020479 0.883959311247
0.8 4.39822971503 0.961707337179
0.8 4.60766922527 0.926993313105
0.8 4.8171087355 1.53698446997
0.8 5.02654824574 1.93525934571
0.8 5.23598775598 0.949467635367
0.8 5.44542726622 2.10832017214
0.8 5.65486677646 2.99946857234
0.8 5.8643062867 3.97549787713
0.8 6.07374579694 5.05219781434

0.866666666667 0 3.89191567701
0.866666666667 0.209439510239 3.30213666881
0.866666666667 0.418879020479 4.08193688494
0.866666666667 0.628318530718 4.56305225853
0.866666666667 0.837758040957 3.98297706469
0.866666666667 1.0471975512 2.70279087089
0.866666666667 1.25663706144 1.33815854692
0.866666666667 1.46607657168 1.32018523965
0.866666666667 1.67551608191 2.15148839601
0.866666666667 1.88495559215 0.483687198309
0.866666666667 2.09439510239 0.773752010348
0.866666666667 2.30383461263 1.11881093814
0.866666666667 2.51327412287 0.495662484632
0.866666666667 2.72271363311 0.892661537599
0.866666666667 2.93215314335 0.339478734578
0.866666666667 3.14159265359 0.278304834871
0.866666666667 3.35103216383 0.489056701659
0.866666666667 3.56047167407 0.593339329882
0.866666666667 3.76991118431 0.681236588492
0.866666666667 3.97935069455 0.762794357361
0.866666666667 4.18879020479 0.769325271026
0.866666666667 4.39822971503 0.723979990015
0.866666666667 4.60766922527 1.00256339945
0.866666666667 4.8171087355 1.76831806529
0.866666666667 5.02654824574 1.73754201876
0.866666666667 5.23598775598 0.778413184656
0.866666666667 5.44542726622 1.61305800335
0.866666666667 5.65486677646 2.35393005044
0.866666666667 5.8643062867 2.79579364981
0.866666666667 6.07374579694 4.36220591469

0.933333333333 0 3.0380413569
0.933333333333 0.209439510239 2.9679184918
0.933333333333 0.418879020479 2.30860431981
0.933333333333 0.628318530718 1.71639310777
0.933333333333 0.837758040957 1.4027645234
0.933333333333 1.0471975512 1.44588289632
0.933333333333 1.25663706144 1.78801185938
0.933333333333 1.46607657168 1.77027224617
0.933333333333 1.67551608191 0.778397927998
0.933333333333 1.88495559215 0.130389286514
0.933333333333 2.09439510239 0.894319512494
0.933333333333 2.30383461263 1.09940226968
0.933333333333 2.51327412287 0.588097944017
0.933333333333 2.72271363311 0.739854822566
0.933333333333 2.93215314335 0.912938902962
0.933333333333 3.14159265359 0.703995931907
0.933333333333 3.35103216383 0.49578807445
0.933333333333 3.56047167407 0.426314303822
0.933333333333 3.76991118431 0.439837195981
0.933333333333 3.97935069455 0.514796317999
0.933333333333 4.18879020479 0.710386963335
0.933333333333 4.39822971503 1.12698138905
0.933333333333 4.60766922527 1.67961715131
0.933333333333 4.8171087355 1.83481405882
0.933333333333 5.02654824574 1.18944467422
0.933333333333 5.23598775598 0.635973489675
0.933333333333 5.44542726622 1.12296576181
0.933333333333 5.65486677646 1.54904683876
0.933333333333 5.8643062867 1.50637963144
0.933333333333 6.07374579694 2.18451774886

