-1 0 0.0241618386298
-1 0.209439510239 0.0241618386298
-1 0.418879020479 0.0241618386299
-1 0.628318530718 0.0241618386299
-1 0.837758040957 0.0241618386299
-1 1.0471975512 0.0241618386299
-1 1.25663706144 0.0241618386298
-1 1.46607657168 0.0241618386298
-1 1.67551608191 0.0241618386298
-1 1.88495559215 0.0241618386298
-1 2.09439510239 0.0241618386299
-1 2.30383461263 0.0241618386299
-1 2.51327412287 0.0241618386299
-1 2.72271363311 0.0241618386298
-1 2.93215314335 0.0241618386298
-1 3.14159265359 0.0241618386298
-1 3.35103216383 0.0241618386298
-1 3.56047167407 0.0241618386299
-1 3.76991118431 0.0241618386299
-1 3.97935069455 0.0241618386299
-1 4.18879020479 0.0241618386299
-1 4.39822971503 0.0241618386298
-1 4.60766922527 0.0241618386298
-1 4.8171087355 0.0241618386298
-1 5.02654824574 0.0241618386298
-1 5.23598775598 0.0241618386299
-1 5.44542726622 0.0241618386299
-1 5.65486677646 0.0241618386299
-1 5.8643062867 0.0241618386298
-1 6.07374579694 0.0241618386298

-0.933333333333 0 0.0989162367801
-0.933333333333 0.209439510239 0.183596442686
-0.933333333333 0.418879020479 0.245165767244
-0.933333333333 0.628318530718 0.275632471752
-0.933333333333 0.837758040957 0.308777798239
-0.933333333333 1.0471975512 0.367311749851
-0.933333333333 1.25663706144 0.41818122062
-0.933333333333 1.46607657168 0.357869530064
-0.933333333333 1.67551608191 0.160996159688
-0.933333333333 1.88495559215 0.0867347438593
-0.933333333333 2.09439510239 0.276183929534
-0.933333333333 2.30383461263 0.327364225646
-0.933333333333 2.51327412287 0.189588099692
-0.933333333333 2.72271363311 0.26617898723
-0.933333333333 2.93215314335 0.362429252172
-0.933333333333 3.14159265359 0.234601121065
-0.933333333333 3.35103216383 0.0804774622966
-0.933333333333 3.56047167407 0.0406839295462
-0.933333333333 3.76991118431 0.072019658911
-0.933333333333 3.97935069455 0.110678164635
-0.933333333333 4.18879020479 0.12198646969
-0.933333333333 4.39822971503 0.100617164931
-0.933333333333 4.60766922527 0.092613860397
-0.933333333333 4.8171087355 0.155193556384
-0.933333333333 5.02654824574 0.196596584194
-0.933333333333 5.23598775598 0.0956245433096
-0.933333333333 5.44542726622 0.0274081069292
-0.933333333333 5.65486677646 0.115827590057
-0.933333333333 5.8643062867 0.13409088807
-0.933333333333 6.07374579694 0.0744640534395

-0.866666666667 0 0.0602250062959
-0.866666666667 0.209439510239 0.11123467036
-0.866666666667 0.418879020479 0.112081767845
-0.866666666667 0.628318530718 0.0798293542316
-0.866666666667 0.837758040957 0.042938967875
-0.866666666667 1.0471975512 0.0126949477638
-0.866666666667 1.25663706144 0.0495184868277
-0.866666666667 1.46607657168 0.23145164665
-0.866666666667 1.67551608191 0.329014788479
-0.866666666667 1.88495559215 0.110738003145
-0.866666666667 2.09439510239 0.265131920429
-0.866666666667 2.30383461263 0.473444288308
-0.866666666667 2.51327412287 0.225052165887
-0.866666666667 2.72271363311 0.299230580688
-0.866666666667 2.93215314335 0.137263719716
-0.866666666667 3.14159265359 0.00552454651176
-0.866666666667 3.35103216383 0.0899414853734
-0.866666666667 3.56047167407 0.15037768273
-0.866666666667 3.76991118431 0.179840325536
-0.866666666667 3.97935069455 0.213819104528
-0.866666666667 4.18879020479 0.277613410735
-0.866666666667 4.39822971503 0.353992411333
-0.866666666667 4.60766922527 0.301970493731
-0.866666666667 4.8171087355 0.12887276638
-0.866666666667 5.02654824574 0.129389998642
-0.866666666667 5.23598775598 0.144197115926
-0.866666666667 5.44542726622 0.0353211784273
-0.866666666667 5.65486677646 0.113835457641
-0.866666666667 5.8643062867 0.133397676033
-0.866666666667 6.07374579694 0.0526557377732

-0.8 0 0.152002081451
-0.8 0.209439510239 0.18113469351
-0.8 0.418879020479 0.128461099146
-0.8 0.628318530718 0.101098128024
-0.8 0.837758040957 0.103969512513
-0.8 1.0471975512 0.108226569417
-0.8 1.25663706144 0.0668491620398
-0.8 1.46607657168 0.0616413215319
-0.8 1.67551608191 0.238500159881
-0.8 1.88495559215 0.148813769734
-0.8 2.09439510239 0.208884090175
-0.8 2.30383461263 0.543681096342
-0.8 2.51327412287 0.226877266559
-0.8 2.72271363311 0.241684769931
-0.8 2.93215314335 0.0131585620712
-0.8 3.14159265359 0.101720892145
-0.8 3.35103216383 0.113840364991
-0.8 3.56047167407 0.146072458281
-0.8 3.76991118431 0.20584440202
-0.8 3.97935069455 0.192458789338
-0.8 4.18879020479 0.14689143916
-0.8 4.39822971503 0.171916610315
-0.8 4.60766922527 0.289314520625
-0.8 4.8171087355 0.217543926068
-0.8 5.02654824574 0.135938318123
-0.8 5.23598775598 0.174944881383
-0.8 5.44542726622 0.0791908053156
-0.8 5.65486677646 0.0795457847397
-0.8 5.8643062867 0.0904599001104
-0.8 6.07374579694 0.0440776873842

-0.733333333333 0 0.232947552816
-0.733333333333 0.209439510239 0.133455541759
-0.733333333333 0.418879020479 0.0798969256092
-0.733333333333 0.628318530718 0.0479311748178
-0.733333333333 0.837758040957 0.0615887910152
-0.733333333333 1.0471975512 0.105069621392
-0.733333333333 1.25663706144 0.132079706413
-0.733333333333 1.46607657168 0.100484620403
-0.733333333333 1.67551608191 0.17176674492
-0.733333333333 1.88495559215 0.160133625449
-0.733333333333 2.09439510239 0.156228749185
-0.733333333333 2.30383461263 0.567976705835
-0.733333333333 2.51327412287 0.219987820165
-0.733333333333 2.72271363311 0.168943716055
-0.733333333333 2.93215314335 0.0456368762099
-0.733333333333 3.14159265359 0.141521429254
-0.733333333333 3.35103216383 0.122212994204
-0.733333333333 3.56047167407 0.307827633317
-0.733333333333 3.76991118431 0.353778879193
-0.733333333333 3.97935069455 0.293571305405
-0.733333333333 4.18879020479 0.235351184639
-0.733333333333 4.39822971503 0.165994513464
-0.733333333333 4.60766922527 0.156859667566
-0.733333333333 4.8171087355 0.166408477634
-0.733333333333 5.02654824574 0.13719356598
-0.733333333333 5.23598775598 0.172954664066
-0.733333333333 5.44542726622 0.132079787884
-0.733333333333 5.65486677646 0.0598317237513
-0.733333333333 5.8643062867 0.0450996890702
-0.733333333333 6.07374579694 0.119449917836

-0.666666666667 0 0.208017587162
-0.666666666667 0.209439510239 0.124024907462
-0.666666666667 0.418879020479 0.069261623362
-0.666666666667 0.628318530718 0.0185802353767
-0.666666666667 0.837758040957 0.0516717824539
-0.666666666667 1.0471975512 0.0905391098272
-0.666666666667 1.25663706144 0.121755926488
-0.666666666667 1.46607657168 0.132315074462
-0.666666666667 1.67551608191 0.173754373119
-0.666666666667 1.88495559215 0.164693607707
-0.666666666667 2.09439510239 0.118307360055
-0.666666666667 2.30383461263 0.565380044146
-0.666666666667 2.51327412287 0.212926945232
-0.666666666667 2.72271363311 0.112206517106
-0.666666666667 2.93215314335 0.129523556877
-0.666666666667 3.14159265359 0.10812798013
-0.666666666667 3.35103216383 0.220524977276
-0.666666666667 3.56047167407 0.388552947756
-0.666666666667 3.76991118431 0.272381934253
-0.666666666667 3.97935069455 0.182177917405
-0.666666666667 4.18879020479 0.210166869551
-0.666666666667 4.39822971503 0.268518394848
-0.666666666667 4.60766922527 0.184586258061
-0.666666666667 4.8171087355 0.098376996424
-0.666666666667 5.02654824574 0.114061399808
-0.666666666667 5.23598775598 0.152495210414
-0.666666666667 5.44542726622 0.166625996858
-0.666666666667 5.65486677646 0.057477396371
-0.666666666667 5.8643062867 0.0219953398334
-0.666666666667 6.07374579694 0.198882706958

-0.6 0 0.185066510819
-0.6 0.209439510239 0.15951011785
-0.6 0.418879020479 0.0349133297345
-0.6 0.628318530718 0.0156716979898
-0.6 0.837758040957 0.0773964509429
-0.6 1.0471975512 0.10640370349
-0.6 1.25663706144 0.114003655632
-0.6 1.46607657168 0.122125725417
-0.6 1.67551608191 0.189077923433
-0.6 1.88495559215 0.177214941642
-0.6 2.09439510239 0.0941871051884
-0.6 2.30383461263 0.547973411431
-0.6 2.51327412287 0.207963192352
-0.6 2.72271363311 0.0779411872761
-0.6 2.93215314335 0.19814845944
-0.6 3.14159265359 0.0760314342337
-0.6 3.35103216383 0.308743854774
-0.6 3.56047167407 0.29955106075
-0.6 3.76991118431 0.0994712103342
-0.6 3.97935069455 0.037007190293
-0.6 4.18879020479 0.081488345336
-0.6 4.39822971503 0.266118293898
-0.6 4.60766922527 0.299122877673
-0.6 4.8171087355 0.0844998755393
-0.6 5.02654824574 0.0870945385935
-0.6 5.23598775598 0.132228966095
-0.6 5.44542726622 0.180929014684
-0.6 5.65486677646 0.0658117258247
-0.6 5.8643062867 0.0199673837121
-0.6 6.07374579694 0.224779448323

-0.533333333333 0 0.213311487449
-0.533333333333 0.209439510239 0.157880057659
-0.533333333333 0.418879020479 0.0188122072551
-0.533333333333 0.628318530718 0.0710333968528
-0.533333333333 0.837758040957 0.119740028234
-0.533333333333 1.0471975512 0.1225440842
-0.533333333333 1.25663706144 0.120465374271
-0.533333333333 1.46607657168 0.104717616602
-0.533333333333 1.67551608191 0.188043779025
-0.533333333333 1.88495559215 0.199107307352
-0.533333333333 2.09439510239 0.080077547988
-0.533333333333 2.30383461263 0.523245762161
-0.533333333333 2.51327412287 0.205034341265
-0.533333333333 2.72271363311 0.0626903616503
-0.533333333333 2.93215314335 0.233307782001
-0.533333333333 3.14159265359 0.069563541403
-0.533333333333 3.35103216383 0.329002106966
-0.533333333333 3.56047167407 0.167880758445
-0.533333333333 3.76991118431 0.0166727497061
-0.533333333333 3.97935069455 0.0115103108795
-0.533333333333 4.18879020479 0.0150876550076
-0.533333333333 4.39822971503 0.174166136496
-0.533333333333 4.60766922527 0.383606177126
-0.533333333333 4.8171087355 0.116745076678
-0.533333333333 5.02654824574 0.0655783683996
-0.533333333333 5.23598775598 0.118953938108
-0.533333333333 5.44542726622 0.182177784602
-0.533333333333 5.65486677646 0.0794968361685
-0.533333333333 5.8643062867 0.0281226020877
-0.533333333333 6.07374579694 0.20701686487

-0.466666666667 0 0.265163368179
-0.466666666667 0.209439510239 0.122253518768
-0.466666666667 0.418879020479 0.0741982871926
-0.466666666667 0.628318530718 0.165735656813
-0.466666666667 0.837758040957 0.159742244485
-0.466666666667 1.0471975512 0.126023576516
-0.466666666667 1.25663706144 0.125376340799
-0.466666666667 1.46607657168 0.09790560756
-0.466666666667 1.67551608191 0.170583695022
-0.466666666667 1.88495559215 0.225742826307
-0.466666666667 2.09439510239 0.0724428467436
-0.466666666667 2.30383461263 0.495692561463
-0.466666666667 2.51327412287 0.203380287184
-0.466666666667 2.72271363311 0.0605380345848
-0.466666666667 2.93215314335 0.240841300686
-0.466666666667 3.14159265359 0.0802779241827
-0.466666666667 3.35103216383 0.297483852885
-0.466666666667 3.56047167407 0.0839175605655
-0.466666666667 3.76991118431 0.0271268636376
-0.466666666667 3.97935069455 0.0720081905727
-0.466666666667 4.18879020479 0.0443763681504
-0.466666666667 4.39822971503 0.0942508067049
-0.466666666667 4.60766922527 0.399881640865
-0.466666666667 4.8171087355 0.168258989589
-0.466666666667 5.02654824574 0.0502076128481
-0.466666666667 5.23598775598 0.112170338498
-0.466666666667 5.44542726622 0.17698254445
-0.466666666667 5.65486677646 0.0950671257512
-0.466666666667 5.8643062867 0.0380953757138
-0.466666666667 6.07374579694 0.175089602269

-0.4 0 0.306765894421
-0.4 0.209439510239 0.0921756210965
-0.4 0.418879020479 0.177240995166
-0.4 0.628318530718 0.247977708294
-0.4 0.837758040957 0.181123467211
-0.4 1.0471975512 0.119068129727
-0.4 1.25663706144 0.121522007277
-0.4 1.46607657168 0.100807574418
-0.4 1.67551608191 0.145724719894
-0.4 1.88495559215 0.252255779234
-0.4 2.09439510239 0.0687676878391
-0.4 2.30383461263 0.467892356931
-0.4 2.51327412287 0.202192288625
-0.4 2.72271363311 0.0660989266242
-0.4 2.93215314335 0.232313353147
-0.4 3.14159265359 0.0953034343149
-0.4 3.35103216383 0.250014684668
-0.4 3.56047167407 0.0559271730207
-0.4 3.76991118431 0.0722181786106
-0.4 3.97935069455 0.145850062152
-0.4 4.18879020479 0.121428586159
-0.4 4.39822971503 0.0711806581969
-0.4 4.60766922527 0.37031411234
-0.4 4.8171087355 0.219279234534
-0.4 5.02654824574 0.0398109561422
-0.4 5.23598775598 0.109477401162
-0.4 5.44542726622 0.169467713479
-0.4 5.65486677646 0.110373464031
-0.4 5.8643062867 0.0461463669247
-0.4 6.07374579694 0.148486590998

-0.333333333333 0 0.326154636794
-0.333333333333 0.209439510239 0.0872754293998
-0.333333333333 0.418879020479 0.276327382826
-0.333333333333 0.628318530718 0.292501631713
-0.333333333333 0.837758040957 0.182917257183
-0.333333333333 1.0471975512 0.106856485443
-0.333333333333 1.25663706144 0.110793752318
-0.333333333333 1.46607657168 0.107674272911
-0.333333333333 1.67551608191 0.120866928086
-0.333333333333 1.88495559215 0.275671943418
-0.333333333333 2.09439510239 0.0675163742404
-0.333333333333 2.30383461263 0.441219555788
-0.333333333333 2.51327412287 0.200834825123
-0.333333333333 2.72271363311 0.0753984814191
-0.333333333333 2.93215314335 0.217246198608
-0.333333333333 3.14159265359 0.107210015097
-0.333333333333 3.35103216383 0.209513155404
-0.333333333333 3.56047167407 0.0603974812673
-0.333333333333 3.76991118431 0.111422617646
-0.333333333333 3.97935069455 0.195866811892
-0.333333333333 4.18879020479 0.197161591642
-0.333333333333 4.39822971503 0.0940802111205
-0.333333333333 4.60766922527 0.327247947157
-0.333333333333 4.8171087355 0.26061388552
-0.333333333333 5.02654824574 0.0331996931722
-0.333333333333 5.23598775598 0.108838480716
-0.333333333333 5.44542726622 0.161766022155
-0.333333333333 5.65486677646 0.124155745738
-0.333333333333 5.8643062867 0.051498314478
-0.333333333333 6.07374579694 0.133377665606

-0.266666666667 0 0.327230312051
-0.266666666667 0.209439510239 0.102853301587
-0.266666666667 0.418879020479 0.343373758002
-0.266666666667 0.628318530718 0.305855642107
-0.266666666667 0.837758040957 0.174216431638
-0.266666666667 1.0471975512 0.0933210237284
-0.266666666667 1.25663706144 0.0975216692463
-0.266666666667 1.46607657168 0.114291263103
-0.266666666667 1.67551608191 0.0996220604735
-0.266666666667 1.88495559215 0.294868797248
-0.266666666667 2.09439510239 0.0678893285463
-0.266666666667 2.30383461263 0.416308780296
-0.266666666667 2.51327412287 0.198890605966
-0.266666666667 2.72271363311 0.085895434245
-0.266666666667 2.93215314335 0.201541729188
-0.266666666667 3.14159265359 0.113844861925
-0.266666666667 3.35103216383 0.183256714354
-0.266666666667 3.56047167407 0.0754487850496
-0.266666666667 3.76991118431 0.133944747963
-0.266666666667 3.97935069455 0.220018845939
-0.266666666667 4.18879020479 0.249224145873
-0.266666666667 4.39822971503 0.135794310142
-0.266666666667 4.60766922527 0.289254450024
-0.266666666667 4.8171087355 0.290319630782
-0.266666666667 5.02654824574 0.0293785395923
-0.266666666667 5.23598775598 0.109044023193
-0.266666666667 5.44542726622 0.15478922642
-0.266666666667 5.65486677646 0.135729226282
-0.266666666667 5.8643062867 0.0546151413424
-0.266666666667 6.07374579694 0.128059801467

-0.2 0 0.318825641573
-0.2 0.209439510239 0.125310627438
-0.2 0.418879020479 0.377365812242
-0.2 0.628318530718 0.304755214301
-0.2 0.837758040957 0.164004248448
-0.2 1.0471975512 0.0803323274777
-0.2 1.25663706144 0.0849364686842
-0.2 1.46607657168 0.11873729326
-0.2 1.67551608191 0.0828534753567
-0.2 1.88495559215 0.309852889112
-0.2 2.09439510239 0.0695882263353
-0.2 2.30383461263 0.39335211046
-0.2 2.51327412287 0.196142252821
-0.2 2.72271363311 0.0962224737285
-0.2 2.93215314335 0.188166418094
-0.2 3.14159265359 0.115753633031
-0.2 3.35103216383 0.169983080757
-0.2 3.56047167407 0.0895264651734
-0.2 3.76991118431 0.144423636012
-0.2 3.97935069455 0.228305623087
-0.2 4.18879020479 0.276367681843
-0.2 4.39822971503 0.176077402339
-0.2 4.60766922527 0.261739290067
-0.2 4.8171087355 0.30981130999
-0.2 5.02654824574 0.0275815880747
-0.2 5.23598775598 0.10955116812
-0.2 5.44542726622 0.148794372793
-0.2 5.65486677646 0.144756872748
-0.2 5.8643062867 0.0562375044933
-0.2 6.07374579694 0.128117924156

-0.133333333333 0 0.308735861377
-0.133333333333 0.209439510239 0.143256497698
-0.133333333333 0.418879020479 0.388776055622
-0.133333333333 0.628318530718 0.301626148528
-0.133333333333 0.837758040957 0.156902063925
-0.133333333333 1.0471975512 0.068207664575
-0.133333333333 1.25663706144 0.0745914442903
-0.133333333333 1.46607657168 0.120530602181
-0.133333333333 1.67551608191 0.070092548351
-0.133333333333 1.88495559215 0.321083324804
-0.133333333333 2.09439510239 0.0726434353477
-0.133333333333 2.30383461263 0.372286113953
-0.133333333333 2.51327412287 0.192543447321
-0.133333333333 2.72271363311 0.10589071366
-0.133333333333 2.93215314335 0.178198542734
-0.133333333333 3.14159265359 0.114172057489
-0.133333333333 3.35103216383 0.165904396428
-0.133333333333 3.56047167407 0.0990935046298
-0.133333333333 3.76991118431 0.149664790765
-0.133333333333 3.97935069455 0.228557632673
-0.133333333333 4.18879020479 0.285596403892
-0.133333333333 4.39822971503 0.205917881325
-0.133333333333 4.60766922527 0.243811916249
-0.133333333333 4.8171087355 0.321300494591
-0.133333333333 5.02654824574 0.0273039393993
-0.133333333333 5.23598775598 0.110218549446
-0.133333333333 5.44542726622 0.143729027947
-0.133333333333 5.65486677646 0.151095047204
-0.133333333333 5.8643062867 0.0570031774272
-0.133333333333 6.07374579694 0.129305221134

-0.0666666666667 0 0.302034628726
-0.0666666666667 0.209439510239 0.150543439676
-0.0666666666667 0.418879020479 0.387830829787
-0.0666666666667 0.628318530718 0.301453382681
-0.0666666666667 0.837758040957 0.15339902698
-0.0666666666667 1.0471975512 0.056627959265
-0.0666666666667 1.25663706144 0.0669623842507
-0.0666666666667 1.46607657168 0.119818292791
-0.0666666666667 1.67551608191 0.0604934060408
-0.0666666666667 1.88495559215 0.329033715555
-0.0666666666667 2.09439510239 0.0773012762891
-0.0666666666667 2.30383461263 0.35290747093
-0.0666666666667 2.51327412287 0.188202178751
-0.0666666666667 2.72271363311 0.115048721908
-0.0666666666667 2.93215314335 0.171615185359
-0.0666666666667 3.14159265359 0.110049409283
-0.0666666666667 3.35103216383 0.167674815169
-0.0666666666667 3.56047167407 0.10437574341
-0.0666666666667 3.76991118431 0.153270831946
-0.0666666666667 3.97935069455 0.223962575554
-0.0666666666667 4.18879020479 0.284617553166
-0.0666666666667 4.39822971503 0.223585558305
-0.0666666666667 4.60766922527 0.233191500317
-0.0666666666667 4.8171087355 0.326607152621
-0.0666666666667 5.02654824574 0.0283002573651
-0.0666666666667 5.23598775598 0.111096637692
-0.0666666666667 5.44542726622 0.139422036478
-0.0666666666667 5.65486677646 0.15469959966
-0.0666666666667 5.8643062867 0.0573681183847
-0.0666666666667 6.07374579694 0.128658369017

6.12323399574e-17 0 0.301259455347
6.12323399574e-17 0.209439510239 0.145386424381
6.12323399574e-17 0.418879020479 0.380081421077
6.12323399574e-17 0.628318530718 0.303699370258
6.12323399574e-17 0.837758040957 0.151326811591
6.12323399574e-17 1.0471975512 0.04546231886
6.12323399574e-17 1.25663706144 0.0621841681272
6.12323399574e-17 1.46607657168 0.116909312348
6.12323399574e-17 1.67551608191 0.0533226324729
6.12323399574e-17 1.88495559215 0.333959277275
6.12323399574e-17 2.09439510239 0.0839512901911
6.12323399574e-17 2.30383461263 0.334943978085
6.12323399574e-17 2.51327412287 0.183388013042
6.12323399574e-17 2.72271363311 0.124313502716
6.12323399574e-17 2.93215314335 0.167727354774
6.12323399574e-17 3.14159265359 0.103768810225
6.12323399574e-17 3.35103216383 0.173249608127
6.12323399574e-17 3.56047167407 0.106481511182
6.12323399574e-17 3.76991118431 0.15524997045
6.12323399574e-17 3.97935069455 0.215120260106
6.12323399574e-17 4.18879020479 0.279352113481
6.12323399574e-17 4.39822971503 0.230211697976
6.12323399574e-17 4.60766922527 0.228315876813
6.12323399574e-17 4.8171087355 0.32680593429
6.12323399574e-17 5.02654824574 0.0305542838723
6.12323399574e-17 5.23598775598 0.112294868797
6.12323399574e-17 5.44542726622 0.135680442864
6.12323399574e-17 5.65486677646 0.155580132458
6.12323399574e-17 5.8643062867 0.0576404716051
6.12323399574e-17 6.07374579694 0.124721120238

0.0666666666667 0 0.306873639767
0.0666666666667 0.209439510239 0.12909300333
0.0666666666667 0.418879020479 0.366203007982
0.0666666666667 0.628318530718 0.304765095968
0.0666666666667 0.837758040957 0.14730174338
0.0666666666667 1.0471975512 0.0355721812581
0.0666666666667 1.25663706144 0.0605426956077
0.0666666666667 1.46607657168 0.112087636099
0.0666666666667 1.67551608191 0.0481731806012
0.0666666666667 1.88495559215 0.335787773664
0.0666666666667 2.09439510239 0.0930700719828
0.0666666666667 2.30383461263 0.318099800964
0.0666666666667 2.51327412287 0.178570006498
0.0666666666667 2.72271363311 0.134653492863
0.0666666666667 2.93215314335 0.165333448775
0.0666666666667 3.14159265359 0.0952198743886
0.0666666666667 3.35103216383 0.181684551027
0.0666666666667 3.56047167407 0.10622215894
0.0666666666667 3.76991118431 0.153262204356
0.0666666666667 3.97935069455 0.202218903624
0.0666666666667 4.18879020479 0.273566581655
0.0666666666667 4.39822971503 0.22730762634
0.0666666666667 4.60766922527 0.228820623217
0.0666666666667 4.8171087355 0.322239570406
0.0666666666667 5.02654824574 0.0342383841956
0.0666666666667 5.23598775598 0.113905614165
0.0666666666667 5.44542726622 0.132332913752
0.0666666666667 5.65486677646 0.153794035974
0.0666666666667 5.8643062867 0.058031134659
0.0666666666667 6.07374579694 0.117474231217

0.133333333333 0 0.317346575643
0.133333333333 0.209439510239 0.105703015856
0.133333333333 0.418879020479 0.343545126646
0.133333333333 0.628318530718 0.299826909768
0.133333333333 0.837758040957 0.138388016121
0.133333333333 1.0471975512 0.029886013948
0.133333333333 1.25663706144 0.0625933964964
0.133333333333 1.46607657168 0.105642659146
0.133333333333 1.67551608191 0.0450523521041
0.133333333333 1.88495559215 0.33407520811
0.133333333333 2.09439510239 0.105156698728
0.133333333333 2.30383461263 0.302087850547
0.133333333333 2.51327412287 0.17449255015
0.133333333333 2.72271363311 0.147277462307
0.133333333333 2.93215314335 0.162701527018
0.133333333333 3.14159265359 0.0840783149853
0.133333333333 3.35103216383 0.192382899493
0.133333333333 3.56047167407 0.104185054885
0.133333333333 3.76991118431 0.144278201399
0.133333333333 3.97935069455 0.186343353718
0.133333333333 4.18879020479 0.268947208459
0.133333333333 4.39822971503 0.216021246972
0.133333333333 4.60766922527 0.235344187968
0.133333333333 4.8171087355 0.312667548935
0.133333333333 5.02654824574 0.0396740587929
0.133333333333 5.23598775598 0.115961319696
0.133333333333 5.44542726622 0.129244477909
0.133333333333 5.65486677646 0.149475487058
0.133333333333 5.8643062867 0.0586775789898
0.133333333333 6.07374579694 0.108240395649

0.2 0 0.328853118317
0.2 0.209439510239 0.0823097437566
0.2 0.418879020479 0.308711327286
0.2 0.628318530718 0.284822377891
0.2 0.837758040957 0.124806288495
0.2 1.0471975512 0.0346928625438
0.2 1.25663706144 0.0687716441512
0.2 1.46607657168 0.0981321548502
0.2 1.67551608191 0.0444163812502
0.2 1.88495559215 0.328005820225
0.2 2.09439510239 0.120631518602
0.2 2.30383461263 0.286661643074
0.2 2.51327412287 0.172297169242
0.2 2.72271363311 0.16345450661
0.2 2.93215314335 0.157528787584
0.2 3.14159265359 0.0703338668521
0.2 3.35103216383 0.20382974478
0.2 3.56047167407 0.10168516115
0.2 3.76991118431 0.126756999025
0.2 3.97935069455 0.17005703454
0.2 4.18879020479 0.265036812137
0.2 4.39822971503 0.197536348794
0.2 4.60766922527 0.249037756063
0.2 4.8171087355 0.297501997042
0.2 5.02654824574 0.0472895414273
0.2 5.23598775598 0.11840578851
0.2 5.44542726622 0.126316440982
0.2 5.65486677646 0.142897938477
0.2 5.8643062867 0.0596224877361
0.2 6.07374579694 0.0995798007694

0.266666666667 0 0.335141293718
0.266666666667 0.209439510239 0.0688353973252
0.266666666667 0.418879020479 0.261315147117
0.266666666667 0.628318530718 0.259669248463
0.266666666667 0.837758040957 0.113864545897
0.266666666667 1.0471975512 0.059988597976
0.266666666667 1.25663706144 0.0783469031052
0.266666666667 1.46607657168 0.0909484734766
0.266666666667 1.67551608191 0.047159292655
0.266666666667 1.88495559215 0.316460331021
0.266666666667 2.09439510239 0.139663605015
0.266666666667 2.30383461263 0.271657745689
0.266666666667 2.51327412287 0.173697697491
0.266666666667 2.72271363311 0.18415242644
0.266666666667 2.93215314335 0.147118716427
0.266666666667 3.14159265359 0.0552028141753
0.266666666667 3.35103216383 0.211807895216
0.266666666667 3.56047167407 0.102013048544
0.266666666667 3.76991118431 0.10342345548
0.266666666667 3.97935069455 0.157233129683
0.266666666667 4.18879020479 0.259130586022
0.266666666667 4.39822971503 0.174286342245
0.266666666667 4.60766922527 0.27075068988
0.266666666667 4.8171087355 0.276191925857
0.266666666667 5.02654824574 0.0575577871405
0.266666666667 5.23598775598 0.121067411129
0.266666666667 5.44542726622 0.123478947824
0.266666666667 5.65486677646 0.134567689658
0.266666666667 5.8643062867 0.0607412532845
0.266666666667 6.07374579694 0.0950046501389

0.333333333333 0 0.328683717212
0.333333333333 0.209439510239 0.075353962913
0.333333333333 0.418879020479 0.208275400665
0.333333333333 0.628318530718 0.232342190919
0.333333333333 0.837758040957 0.12267526915
0.333333333333 1.0471975512 0.11581578536
0.333333333333 1.25663706144 0.0879962620471
0.333333333333 1.46607657168 0.0871963157938
0.333333333333 1.67551608191 0.0545157868973
0.333333333333 1.88495559215 0.298228933967
0.333333333333 2.09439510239 0.161884706811
0.333333333333 2.30383461263 0.257064493303
0.333333333333 2.51327412287 0.181207622025
0.333333333333 2.72271363311 0.209337877762
0.333333333333 2.93215314335 0.129183825715
0.333333333333 3.14159265359 0.0424229805075
0.333333333333 3.35103216383 0.208024460784
0.333333333333 3.56047167407 0.110192795973
0.333333333333 3.76991118431 0.0834736412788
0.333333333333 3.97935069455 0.151865025771
0.333333333333 4.18879020479 0.24696475436
0.333333333333 4.39822971503 0.151730641563
0.333333333333 4.60766922527 0.299676473253
0.333333333333 4.8171087355 0.248866264235
0.333333333333 5.02654824574 0.0708851133882
0.333333333333 5.23598775598 0.12362933987
0.333333333333 5.44542726622 0.120679436858
0.333333333333 5.65486677646 0.125341447034
0.333333333333 5.8643062867 0.0616274198951
0.333333333333 6.07374579694 0.0982063621478

0.4 0 0.304495642691
0.4 0.209439510239 0.105582994603
0.4 0.418879020479 0.165152904132
0.4 0.628318530718 0.219700923497
0.4 0.837758040957 0.172607688473
0.4 1.0471975512 0.200765540922
0.4 1.25663706144 0.0917429013983
0.4 1.46607657168 0.0924764579495
0.4 1.67551608191 0.0677926126958
0.4 1.88495559215 0.272510180656
0.4 2.09439510239 0.185949426167
0.4 2.30383461263 0.243138955866
0.4 2.51327412287 0.198383102193
0.4 2.72271363311 0.236774235337
0.4 2.93215314335 0.103865164428
0.4 3.14159265359 0.0392095527525
0.4 3.35103216383 0.182580869691
0.4 3.56047167407 0.128032576017
0.4 3.76991118431 0.0811231287826
0.4 3.97935069455 0.156222093684
0.4 4.18879020479 0.225668661517
0.4 4.39822971503 0.139889174425
0.4 4.60766922527 0.331341530077
0.4 4.8171087355 0.217313210115
0.4 5.02654824574 0.0874120477644
0.4 5.23598775598 0.125599887153
0.4 5.44542726622 0.117867330359
0.4 5.65486677646 0.116546135268
0.4 5.8643062867 0.06147352723
0.4 6.07374579694 0.111470190947

0.466666666667 0 0.266790050008
0.466666666667 0.209439510239 0.148943439812
0.466666666667 0.418879020479 0.147817580634
0.466666666667 0.628318530718 0.236598130926
0.466666666667 0.837758040957 0.266604993468
0.466666666667 1.0471975512 0.285074355703
0.466666666667 1.25663706144 0.0862305836704
0.466666666667 1.46607657168 0.113948407326
0.466666666667 1.67551608191 0.0877904597383
0.466666666667 1.88495559215 0.239890841667
0.466666666667 2.09439510239 0.208945786745
0.466666666667 2.30383461263 0.230607003065
0.466666666667 2.51327412287 0.229933745086
0.466666666667 2.72271363311 0.260308960771
0.466666666667 2.93215314335 0.077476571468
0.466666666667 3.14159265359 0.0543526820551
0.466666666667 3.35103216383 0.136041250888
0.466666666667 3.56047167407 0.14536870602
0.466666666667 3.76991118431 0.106640745296
0.466666666667 3.97935069455 0.169976492573
0.466666666667 4.18879020479 0.199645902444
0.466666666667 4.39822971503 0.152370844415
0.466666666667 4.60766922527 0.355519734347
0.466666666667 4.8171087355 0.186156553791
0.466666666667 5.02654824574 0.106696113598
0.466666666667 5.23598775598 0.126298873994
0.466666666667 5.44542726622 0.114973214449
0.466666666667 5.65486677646 0.11005175956
0.466666666667 5.8643062867 0.059040031777
0.466666666667 6.07374579694 0.133249288311

0.533333333333 0 0.234155813645
0.533333333333 0.209439510239 0.181519974283
0.533333333333 0.418879020479 0.152414358188
0.533333333333 0.628318530718 0.269082468087
0.533333333333 0.837758040957 0.355731571204
0.533333333333 1.0471975512 0.309320928978
0.533333333333 1.25663706144 0.0844490640931
0.533333333333 1.46607657168 0.15393185453
0.533333333333 1.67551608191 0.113842512949
0.533333333333 1.88495559215 0.203949491552
0.533333333333 2.09439510239 0.225848565424
0.533333333333 2.30383461263 0.220992261353
0.533333333333 2.51327412287 0.28122760176
0.533333333333 2.72271363311 0.268293604397
0.533333333333 2.93215314335 0.0672421552103
0.533333333333 3.14159265359 0.0888980995114
0.533333333333 3.35103216383 0.100507703479
0.533333333333 3.56047167407 0.145843168583
0.533333333333 3.76991118431 0.152993201366
0.533333333333 3.97935069455 0.191998968902
0.533333333333 4.18879020479 0.186252020266
0.533333333333 4.39822971503 0.198530157721
0.533333333333 4.60766922527 0.356575798387
0.533333333333 4.8171087355 0.163512142385
0.533333333333 5.02654824574 0.12731662713
0.533333333333 5.23598775598 0.124898776026
0.533333333333 5.44542726622 0.111877485568
0.533333333333 5.65486677646 0.108198731145
0.533333333333 5.8643062867 0.0528879381306
0.533333333333 6.07374579694 0.15582709616

0.6 0 0.232014849941
0.6 0.209439510239 0.190504565178
0.6 0.418879020479 0.146674663819
0.6 0.628318530718 0.256981646862
0.6 0.837758040957 0.34300641031
0.6 1.0471975512 0.235268857768
0.6 1.25663706144 0.126882800211
0.6 1.46607657168 0.195443154361
0.6 1.67551608191 0.143398011028
0.6 1.88495559215 0.173145976737
0.6 2.09439510239 0.22982015533
0.6 2.30383461263 0.217093074265
0.6 2.51327412287 0.355850661952
0.6 2.72271363311 0.244567096378
0.6 2.93215314335 0.101743540387
0.6 3.14159265359 0.119888383227
0.6 3.35103216383 0.14101616662
0.6 3.56047167407 0.148864116764
0.6 3.76991118431 0.202998762207
0.6 3.97935069455 0.22649060232
0.6 4.18879020479 0.210844780998
0.6 4.39822971503 0.265067617063
0.6 4.60766922527 0.321757927407
0.6 4.8171087355 0.159340070456
0.6 5.02654824574 0.146658413061
0.6 5.23598775598 0.120593874034
0.6 5.44542726622 0.108358689175
0.6 5.65486677646 0.113400929219
0.6 5.8643062867 0.0421368479673
0.6 6.07374579694 0.165843855565

0.666666666667 0 0.262485148613
0.666666666667 0.209439510239 0.209537965338
0.666666666667 0.418879020479 0.122463528858
0.666666666667 0.628318530718 0.159236582607
0.666666666667 0.837758040957 0.198368965799
0.666666666667 1.0471975512 0.144963592648
0.666666666667 1.25663706144 0.241729895754
0.666666666667 1.46607657168 0.194050452402
0.666666666667 1.67551608191 0.176260286721
0.666666666667 1.88495559215 0.160912370347
0.666666666667 2.09439510239 0.215793706822
0.666666666667 2.30383461263 0.223373308295
0.666666666667 2.51327412287 0.447972064593
0.666666666667 2.72271363311 0.177819949608
0.666666666667 2.93215314335 0.201634649736
0.666666666667 3.14159265359 0.10439630853
0.666666666667 3.35103216383 0.27321907617
0.666666666667 3.56047167407 0.224663639251
0.666666666667 3.76991118431 0.265687841954
0.666666666667 3.97935069455 0.282897930535
0.666666666667 4.18879020479 0.271404962999
0.666666666667 4.39822971503 0.300122396857
0.666666666667 4.60766922527 0.261771532775
0.666666666667 4.8171087355 0.178577147867
0.666666666667 5.02654824574 0.161562820948
0.666666666667 5.23598775598 0.113004374614
0.666666666667 5.44542726622 0.104003364395
0.666666666667 5.65486677646 0.127135937056
0.666666666667 5.8643062867 0.0279842652951
0.666666666667 6.07374579694 0.152035854184

0.733333333333 0 0.274335493306
0.733333333333 0.209439510239 0.279489245706
0.733333333333 0.418879020479 0.170018285573
0.733333333333 0.628318530718 0.110342603309
0.733333333333 0.837758040957 0.122858376971
0.733333333333 1.0471975512 0.209303296463
0.733333333333 1.25663706144 0.323426246976
0.733333333333 1.46607657168 0.12183573726
0.733333333333 1.67551608191 0.226997451962
0.733333333333 1.88495559215 0.177755542381
0.733333333333 2.09439510239 0.192364302257
0.733333333333 2.30383461263 0.244788424394
0.733333333333 2.51327412287 0.524552062156
0.733333333333 2.72271363311 0.0863373785708
0.733333333333 2.93215314335 0.324319981669
0.733333333333 3.14159265359 0.053787166466
0.733333333333 3.35103216383 0.329593576927
0.733333333333 3.56047167407 0.348957841182
0.733333333333 3.76991118431 0.333046230871
0.733333333333 3.97935069455 0.320831077423
0.733333333333 4.18879020479 0.287005560356
0.733333333333 4.39822971503 0.255502963393
0.733333333333 4.60766922527 0.226779751139
0.733333333333 4.8171087355 0.207737332845
0.733333333333 5.02654824574 0.17097427973
0.733333333333 5.23598775598 0.102887661654
0.733333333333 5.44542726622 0.0980416364713
0.733333333333 5.65486677646 0.147917375976
0.733333333333 5.8643062867 0.015757303848
0.733333333333 6.07374579694 0.120546322254

0.8 0 0.220980834547
0.8 0.209439510239 0.304940172778
0.8 0.418879020479 0.294748472772
0.8 0.628318530718 0.251812978043
0.8 0.837758040957 0.258228647429
0.8 1.0471975512 0.289143006587
0.8 1.25663706144 0.182890106083
0.8 1.46607657168 0.0997491663768
0.8 1.67551608191 0.322308006073
0.8 1.88495559215 0.209687332052
0.8 2.09439510239 0.201136767693
0.8 2.30383461263 0.278663525041
0.8 2.51327412287 0.505238283846
0.8 2.72271363311 0.0416204510508
0.8 2.93215314335 0.339019747018
0.8 3.14159265359 0.0971631648721
0.8 3.35103216383 0.157490961347
0.8 3.56047167407 0.284133102514
0.8 3.76991118431 0.274778730141
0.8 3.97935069455 0.234581583686
0.8 4.18879020479 0.198993363939
0.8 4.39822971503 0.209339456523
0.8 4.60766922527 0.255440005173
0.8 4.8171087355 0.208928508408
0.8 5.02654824574 0.180981397468
0.8 5.23598775598 0.0928623502668
0.8 5.44542726622 0.0890397391983
0.8 5.65486677646 0.167868016526
0.8 5.8643062867 0.0156413466056
0.8 6.07374579694 0.100216402387

0.866666666667 0 0.209163095924
0.866666666667 0.209439510239 0.233564363128
0.866666666667 0.418879020479 0.232253114056
0.866666666667 0.628318530718 0.214761307149
0.866666666667 0.837758040957 0.174513066223
0.866666666667 1.0471975512 0.11799681978
0.866666666667 1.25663706144 0.14707731978
0.866666666667 1.46607657168 0.372359623371
0.866666666667 1.67551608191 0.399571832645
0.866666666667 1.88495559215 0.219568650749
0.866666666667 2.09439510239 0.290332525699
0.866666666667 2.30383461263 0.292758433248
0.866666666667 2.51327412287 0.314154792443
0.866666666667 2.72271363311 0.0971452317221
0.866666666667 2.93215314335 0.223972835208
0.866666666667 3.14159265359 0.220330396426
0.866666666667 3.35103216383 0.0987557626852
0.866666666667 3.56047167407 0.106387020588
0.866666666667 3.76991118431 0.134947337024
0.866666666667 3.97935069455 0.158319240865
0.866666666667 4.18879020479 0.207969130258
0.866666666667 4.39822971503 0.265127096713
0.866666666667 4.60766922527 0.241865591513
0.866666666667 4.8171087355 0.17810195697
0.866666666667 5.02654824574 0.206306891907
0.866666666667 5.23598775598 0.0863273158939
0.866666666667 5.44542726622 0.0743199878404
0.866666666667 5.65486677646 0.168256358927
0.866666666667 5.8643062867 0.0366315066625
0.866666666667 6.07374579694 0.099453953621

0.933333333333 0 0.188810399488
0.933333333333 0.209439510239 0.341388910584
0.933333333333 0.418879020479 0.416345449189
0.933333333333 0.628318530718 0.444639145163
0.933333333333 0.837758040957 0.478802851418
0.933333333333 1.0471975512 0.536405298707
0.933333333333 1.25663706144 0.558533703481
0.933333333333 1.46607657168 0.429712828946
0.933333333333 1.67551608191 0.220978438426
0.933333333333 1.88495559215 0.235902391595
0.933333333333 2.09439510239 0.349028720425
0.933333333333 2.30383461263 0.221190548708
0.933333333333 2.51327412287 0.0751723736842
0.933333333333 2.72271363311 0.119496761882
0.933333333333 2.93215314335 0.224314305431
0.933333333333 3.14159265359 0.257322065702
0.933333333333 3.35103216383 0.213635146865
0.933333333333 3.56047167407 0.1734784422
0.933333333333 3.76991118431 0.168917319668
0.933333333333 3.97935069455 0.180441501147
0.933333333333 4.18879020479 0.183722506889
0.933333333333 4.39822971503 0.17672895118
0.933333333333 4.60766922527 0.198516254071
0.933333333333 4.8171087355 0.260382628103
0.933333333333 5.02654824574 0.230691954638
0.933333333333 5.23598775598 0.0772373648239
0.933333333333 5.44542726622 0.0489870563951
0.933333333333 5.65486677646 0.118616451733
0.933333333333 5.8643062867 0.0651587783003
0.933333333333 6.07374579694 0.049001891418

