-1 0 0.4327817229
-1 0.209439510239 0.432781722899
-1 0.418879020479 0.432781722899
-1 0.628318530718 0.432781722899
-1 0.837758040957 0.432781722899
-1 1.0471975512 0.432781722899
-1 1.25663706144 0.4327817229
-1 1.46607657168 0.4327817229
-1 1.67551608191 0.4327817229
-1 1.88495559215 0.432781722899
-1 2.09439510239 0.432781722899
-1 2.30383461263 0.432781722899
-1 2.51327412287 0.432781722899
-1 2.72271363311 0.4327817229
-1 2.93215314335 0.4327817229
-1 3.14159265359 0.4327817229
-1 3.35103216383 0.432781722899
-1 3.56047167407 0.432781722899
-1 3.76991118431 0.432781722899
-1 3.97935069455 0.432781722899
-1 4.18879020479 0.432781722899
-1 4.39822971503 0.4327817229
-1 4.60766922527 0.4327817229
-1 4.8171087355 0.4327817229
-1 5.02654824574 0.432781722899
-1 5.23598775598 0.432781722899
-1 5.44542726622 0.432781722899
-1 5.65486677646 0.432781722899
-1 5.8643062867 0.4327817229
-1 6.07374579694 0.4327817229

-0.933333333333 0 0.82539161359
-0.933333333333 0.209439510239 0.733519315257
-0.933333333333 0.418879020479 0.648969570889
-0.933333333333 0.628318530718 0.663229903832
-0.933333333333 0.837758040957 0.76085387331
-0.933333333333 1.0471975512 0.900173716425
-0.933333333333 1.25663706144 1.01724071694
-0.933333333333 1.46607657168 1.02594236871
-0.933333333333 1.67551608191 0.927663071855
-0.933333333333 1.88495559215 0.871199045978
-0.933333333333 2.09439510239 0.803803345974
-0.933333333333 2.30383461263 0.499144257126
-0.933333333333 2.51327412287 0.281884532595
-0.933333333333 2.72271363311 0.44046207877
-0.933333333333 2.93215314335 0.606141234236
-0.933333333333 3.14159265359 0.597280997322
-0.933333333333 3.35103216383 0.568195134433
-0.933333333333 3.56047167407 0.590503455935
-0.933333333333 3.76991118431 0.647524432254
-0.933333333333 3.97935069455 0.727246126242
-0.933333333333 4.18879020479 0.807747870173
-0.933333333333 4.39822971503 0.824516000656
-0.933333333333 4.60766922527 0.718805707287
-0.933333333333 4.8171087355 0.533742596754
-0.933333333333 5.02654824574 0.386561578124
-0.933333333333 5.23598775598 0.423277329767
-0.933333333333 5.44542726622 0.656925782326
-0.933333333333 5.65486677646 0.763107898951
-0.933333333333 5.8643062867 0.711933562317
-0.933333333333 6.07374579694 0.77811519184

-0.866666666667 0 0.465322618869
-0.866666666667 0.209439510239 0.265731294596
-0.866666666667 0.418879020479 0.213093562276
-0.866666666667 0.628318530718 0.198291051222
-0.866666666667 0.837758040957 0.249329093082
-0.866666666667 1.0471975512 0.435742532141
-0.866666666667 1.25663706144 0.828279823482
-0.866666666667 1.46607657168 1.37456256448
-0.866666666667 1.67551608191 1.54262162219
-0.866666666667 1.88495559215 0.978312268209
-0.866666666667 2.09439510239 0.677179071906
-0.866666666667 2.30383461263 0.482914739596
-0.866666666667 2.51327412287 0.185774028975
-0.866666666667 2.72271363311 0.441327742951
-0.866666666667 2.93215314335 0.495233218284
-0.866666666667 3.14159265359 0.366366225325
-0.866666666667 3.35103216383 0.291634185822
-0.866666666667 3.56047167407 0.242236094464
-0.866666666667 3.76991118431 0.198496989185
-0.866666666667 3.97935069455 0.181169638396
-0.866666666667 4.18879020479 0.281893949916
-0.866666666667 4.39822971503 0.589771751002
-0.866666666667 4.60766922527 0.875565397022
-0.866666666667 4.8171087355 0.750151114552
-0.866666666667 5.02654824574 0.385178291052
-0.866666666667 5.23598775598 0.339194963891
-0.866666666667 5.44542726622 0.835200106535
-0.866666666667 5.65486677646 0.712955835986
-0.866666666667 5.8643062867 0.409119413673
-0.866666666667 6.07374579694 0.612489995668

-0.8 0 0.167847185641
-0.8 0.209439510239 0.0947971942317
-0.8 0.418879020479 0.143202262305
-0.8 0.628318530718 0.179728790606
-0.8 0.837758040957 0.126110040068
-0.8 1.0471975512 0.0518505826296
-0.8 1.25663706144 0.16111602062
-0.8 1.46607657168 0.762625793186
-0.8 1.67551608191 1.80419603018
-0.8 1.88495559215 1.54924344684
-0.8 2.09439510239 0.569455795107
-0.8 2.30383461263 0.439805343078
-0.8 2.51327412287 0.125603574432
-0.8 2.72271363311 0.420459315276
-0.8 2.93215314335 0.341035972572
-0.8 3.14159265359 0.218064937793
-0.8 3.35103216383 0.249368869682
-0.8 3.56047167407 0.291136489567
-0.8 3.76991118431 0.270996161434
-0.8 3.97935069455 0.197108505437
-0.8 4.18879020479 0.0711598488828
-0.8 4.39822971503 0.0956478003785
-0.8 4.60766922527 0.570085694717
-0.8 4.8171087355 0.845575885857
-0.8 5.02654824574 0.514879760114
-0.8 5.23598775598 0.309867672677
-0.8 5.44542726622 0.902069683148
-0.8 5.65486677646 0.534620866803
-0.8 5.8643062867 0.318265864548
-0.8 6.07374579694 0.482353867475

-0.733333333333 0 0.0503831439362
-0.733333333333 0.209439510239 0.349844741806
-0.733333333333 0.418879020479 0.829071482857
-0.733333333333 0.628318530718 0.989567343418
-0.733333333333 0.837758040957 0.781690840175
-0.733333333333 1.0471975512 0.39965937929
-0.733333333333 1.25663706144 0.117045970672
-0.733333333333 1.46607657168 0.208796691482
-0.733333333333 1.67551608191 1.38762918423
-0.733333333333 1.88495559215 2.08431738976
-0.733333333333 2.09439510239 0.588740483726
-0.733333333333 2.30383461263 0.390571956995
-0.733333333333 2.51327412287 0.0922532879197
-0.733333333333 2.72271363311 0.379338658655
-0.733333333333 2.93215314335 0.226323277045
-0.733333333333 3.14159265359 0.259565406713
-0.733333333333 3.35103216383 0.393030117208
-0.733333333333 3.56047167407 0.389836777402
-0.733333333333 3.76991118431 0.348076683271
-0.733333333333 3.97935069455 0.38222515587
-0.733333333333 4.18879020479 0.383134384635
-0.733333333333 4.39822971503 0.154287309219
-0.733333333333 4.60766922527 0.289932913644
-0.733333333333 4.8171087355 0.786227054787
-0.733333333333 5.02654824574 0.652732027537
-0.733333333333 5.23598775598 0.302237009549
-0.733333333333 5.44542726622 0.890704363216
-0.733333333333 5.65486677646 0.4493006523
-0.733333333333 5.8643062867 0.340829346946
-0.733333333333 6.07374579694 0.323944229535

-0.666666666667 0 0.164044154763
-0.666666666667 0.209439510239 1.07804361486
-0.666666666667 0.418879020479 1.63720907301
-0.666666666667 0.628318530718 1.58673690326
-0.666666666667 0.837758040957 1.26843604226
-0.666666666667 1.0471975512 0.761921007321
-0.666666666667 1.25663706144 0.331457151128
-0.666666666667 1.46607657168 0.10706862872
-0.666666666667 1.67551608191 0.827099514488
-0.666666666667 1.88495559215 2.34165670418
-0.666666666667 2.09439510239 0.709917426033
-0.666666666667 2.30383461263 0.343853388391
-0.666666666667 2.51327412287 0.0752500254403
-0.666666666667 2.72271363311 0.324810261243
-0.666666666667 2.93215314335 0.189808877223
-0.666666666667 3.14159265359 0.378815872019
-0.666666666667 3.35103216383 0.430303419252
-0.666666666667 3.56047167407 0.30197354593
-0.666666666667 3.76991118431 0.229874874905
-0.666666666667 3.97935069455 0.314603000358
-0.666666666667 4.18879020479 0.548918945193
-0.666666666667 4.39822971503 0.500477111798
-0.666666666667 4.60766922527 0.270831514218
-0.666666666667 4.8171087355 0.710870419862
-0.666666666667 5.02654824574 0.736946347133
-0.666666666667 5.23598775598 0.306127945505
-0.666666666667 5.44542726622 0.856139279886
-0.666666666667 5.65486677646 0.458872570956
-0.666666666667 5.8643062867 0.316746909366
-0.666666666667 6.07374579694 0.244892275809

-0.6 0 0.521114330206
-0.6 0.209439510239 1.81188108279
-0.6 0.418879020479 1.84287642735
-0.6 0.628318530718 1.67643548151
-0.6 0.837758040957 1.4711767465
-0.6 1.0471975512 0.946196196479
-0.6 1.25663706144 0.452070178489
-0.6 1.46607657168 0.20264700357
-0.6 1.67551608191 0.444056622415
-0.6 1.88495559215 2.34367173845
-0.6 2.09439510239 0.882249289518
-0.6 2.30383461263 0.302730565728
-0.6 2.51327412287 0.0671261854696
-0.6 2.72271363311 0.267417348633
-0.6 2.93215314335 0.21924222493
-0.6 3.14159265359 0.457643893621
-0.6 3.35103216383 0.365004432647
-0.6 3.56047167407 0.19689928836
-0.6 3.76991118431 0.120274186338
-0.6 3.97935069455 0.140151066367
-0.6 4.18879020479 0.401191171956
-0.6 4.39822971503 0.680883756287
-0.6 4.60766922527 0.393176148727
-0.6 4.8171087355 0.703794414074
-0.6 5.02654824574 0.771485473351
-0.6 5.23598775598 0.317496711829
-0.6 5.44542726622 0.824252693655
-0.6 5.65486677646 0.49998056803
-0.6 5.8643062867 0.260878435189
-0.6 6.07374579694 0.279651513207

-0.533333333333 0 0.985957190512
-0.533333333333 0.209439510239 2.1124004378
-0.533333333333 0.418879020479 1.56171127177
-0.533333333333 0.628318530718 1.67529394852
-0.533333333333 0.837758040957 1.70789814721
-0.533333333333 1.0471975512 1.15178421734
-0.533333333333 1.25663706144 0.503492339214
-0.533333333333 1.46607657168 0.281896715001
-0.533333333333 1.67551608191 0.271046206133
-0.533333333333 1.88495559215 2.19703847741
-0.533333333333 2.09439510239 1.06525398335
-0.533333333333 2.30383461263 0.267714984575
-0.533333333333 2.51327412287 0.0633876701103
-0.533333333333 2.72271363311 0.215365598312
-0.533333333333 2.93215314335 0.281363721732
-0.533333333333 3.14159265359 0.471036293693
-0.533333333333 3.35103216383 0.290426384066
-0.533333333333 3.56047167407 0.153735789258
-0.533333333333 3.76991118431 0.0860037197007
-0.533333333333 3.97935069455 0.0321444066477
-0.533333333333 4.18879020479 0.172169631407
-0.533333333333 4.39822971503 0.59932673216
-0.533333333333 4.60766922527 0.483506188159
-0.533333333333 4.8171087355 0.743119190736
-0.533333333333 5.02654824574 0.790059237257
-0.533333333333 5.23598775598 0.330661055403
-0.533333333333 5.44542726622 0.800655988376
-0.533333333333 5.65486677646 0.5350148929
-0.533333333333 5.8643062867 0.227226707461
-0.533333333333 6.07374579694 0.382660867424

-0.466666666667 0 1.38709907172
-0.466666666667 0.209439510239 1.96515506845
-0.466666666667 0.418879020479 1.19552579242
-0.466666666667 0.628318530718 1.76518038148
-0.466666666667 0.837758040957 2.01744249856
-0.466666666667 1.0471975512 1.46058140856
-0.466666666667 1.25663706144 0.591863107616
-0.466666666667 1.46607657168 0.298627571107
-0.466666666667 1.67551608191 0.231071725598
-0.466666666667 1.88495559215 1.99595743084
-0.466666666667 2.09439510239 1.23502104874
-0.466666666667 2.30383461263 0.238212994212
-0.466666666667 2.51327412287 0.0616273154039
-0.466666666667 2.72271363311 0.172740202704
-0.466666666667 2.93215314335 0.34773286577
-0.466666666667 3.14159265359 0.44444240743
-0.466666666667 3.35103216383 0.244120629784
-0.466666666667 3.56047167407 0.151727878526
-0.466666666667 3.76991118431 0.0967946462482
-0.466666666667 3.97935069455 0.0308856536524
-0.466666666667 4.18879020479 0.0817927462783
-0.466666666667 4.39822971503 0.426174933476
-0.466666666667 4.60766922527 0.490212760653
-0.466666666667 4.8171087355 0.776947393672
-0.466666666667 5.02654824574 0.817177242469
-0.466666666667 5.23598775598 0.341491128428
-0.466666666667 5.44542726622 0.784227388097
-0.466666666667 5.65486677646 0.553216684063
-0.466666666667 5.8643062867 0.237409515998
-0.466666666667 6.07374579694 0.499821084471

-0.4 0 1.63744107917
-0.4 0.209439510239 1.59390136182
-0.4 0.418879020479 0.931506370627
-0.4 0.628318530718 1.82707965671
-0.4 0.837758040957 2.24303443639
-0.4 1.0471975512 1.80026128457
-0.4 1.25663706144 0.752614329043
-0.4 1.46607657168 0.282287018614
-0.4 1.67551608191 0.248151022756
-0.4 1.88495559215 1.79755572234
-0.4 2.09439510239 1.38091543798
-0.4 2.30383461263 0.213244458722
-0.4 2.51327412287 0.0607070759131
-0.4 2.72271363311 0.140285122027
-0.4 2.93215314335 0.402937733504
-0.4 3.14159265359 0.406288079175
-0.4 3.35103216383 0.220986338927
-0.4 3.56047167407 0.162643859264
-0.4 3.76991118431 0.11742229704
-0.4 3.97935069455 0.0916691776713
-0.4 4.18879020479 0.161968250688
-0.4 4.39822971503 0.317760855382
-0.4 4.60766922527 0.448715862367
-0.4 4.8171087355 0.778148796824
-0.4 5.02654824574 0.859410173644
-0.4 5.23598775598 0.348497188258
-0.4 5.44542726622 0.772753682203
-0.4 5.65486677646 0.556317603072
-0.4 5.8643062867 0.284751797512
-0.4 6.07374579694 0.598859249407

-0.333333333333 0 1.73913597828
-0.333333333333 0.209439510239 1.20224488183
-0.333333333333 0.418879020479 0.757962566892
-0.333333333333 0.628318530718 1.74078831403
-0.333333333333 0.837758040957 2.27967076322
-0.333333333333 1.0471975512 2.07813550447
-0.333333333333 1.25663706144 0.960875693661
-0.333333333333 1.46607657168 0.265873298371
-0.333333333333 1.67551608191 0.277402935369
-0.333333333333 1.88495559215 1.62769924491
-0.333333333333 2.09439510239 1.50064550736
-0.333333333333 2.30383461263 0.19178352166
-0.333333333333 2.51327412287 0.060187871882
-0.333333333333 2.72271363311 0.11682411894
-0.333333333333 2.93215314335 0.442445407413
-0.333333333333 3.14159265359 0.372063684476
-0.333333333333 3.35103216383 0.208931660918
-0.333333333333 3.56047167407 0.17533847247
-0.333333333333 3.76991118431 0.131067684942
-0.333333333333 3.97935069455 0.160859861136
-0.333333333333 4.18879020479 0.326471301463
-0.333333333333 4.39822971503 0.308575887935
-0.333333333333 4.60766922527 0.403824945069
-0.333333333333 4.8171087355 0.747476652499
-0.333333333333 5.02654824574 0.912234602756
-0.333333333333 5.23598775598 0.352065940416
-0.333333333333 5.44542726622 0.7644257342
-0.333333333333 5.65486677646 0.549724934607
-0.333333333333 5.8643062867 0.352120127772
-0.333333333333 6.07374579694 0.668604285809

-0.266666666667 0 1.73688318815
-0.266666666667 0.209439510239 0.889523801161
-0.266666666667 0.418879020479 0.620490414083
-0.266666666667 0.628318530718 1.51014990461
-0.266666666667 0.837758040957 2.13941201264
-0.266666666667 1.0471975512 2.25148832903
-0.266666666667 1.25663706144 1.17589314074
-0.266666666667 1.46607657168 0.264177220863
-0.266666666667 1.67551608191 0.300128077434
-0.266666666667 1.88495559215 1.49320305034
-0.266666666667 2.09439510239 1.59626622648
-0.266666666667 2.30383461263 0.172908105282
-0.266666666667 2.51327412287 0.059981411091
-0.266666666667 2.72271363311 0.100443737641
-0.266666666667 2.93215314335 0.467817055342
-0.266666666667 3.14159265359 0.346390344761
-0.266666666667 3.35103216383 0.20180255192
-0.266666666667 3.56047167407 0.187622872395
-0.266666666667 3.76991118431 0.134352475181
-0.266666666667 3.97935069455 0.210552410912
-0.266666666667 4.18879020479 0.484801741571
-0.266666666667 4.39822971503 0.358017671248
-0.266666666667 4.60766922527 0.377329679956
-0.266666666667 4.8171087355 0.69827725876
-0.266666666667 5.02654824574 0.967931012977
-0.266666666667 5.23598775598 0.353418045683
-0.266666666667 5.44542726622 0.758000733192
-0.266666666667 5.65486677646 0.538887298906
-0.266666666667 5.8643062867 0.422971952501
-0.266666666667 6.07374579694 0.710045755538

-0.2 0 1.67962210059
-0.2 0.209439510239 0.676757338078
-0.2 0.418879020479 0.49314788053
-0.2 0.628318530718 1.21466433698
-0.2 0.837758040957 1.89795861379
-0.2 1.0471975512 2.32537583877
-0.2 1.25663706144 1.36577201368
-0.2 1.46607657168 0.276705739139
-0.2 1.67551608191 0.312168614523
-0.2 1.88495559215 1.39170460544
-0.2 2.09439510239 1.67154978674
-0.2 2.30383461263 0.155856699899
-0.2 2.51327412287 0.0601576923878
-0.2 2.72271363311 0.0892369261384
-0.2 2.93215314335 0.482865100345
-0.2 3.14159265359 0.328686499674
-0.2 3.35103216383 0.198246692141
-0.2 3.56047167407 0.198545780962
-0.2 3.76991118431 0.129503661004
-0.2 3.97935069455 0.236940334207
-0.2 4.18879020479 0.592187659628
-0.2 4.39822971503 0.417574963924
-0.2 4.60766922527 0.370983842841
-0.2 4.8171087355 0.644492693674
-0.2 5.02654824574 1.02002161036
-0.2 5.23598775598 0.353876899738
-0.2 5.44542726622 0.752663707529
-0.2 5.65486677646 0.528229705649
-0.2 5.8643062867 0.485360040461
-0.2 6.07374579694 0.728855848742

-0.133333333333 0 1.60378686067
-0.133333333333 0.209439510239 0.550435101138
-0.133333333333 0.418879020479 0.375795856522
-0.133333333333 0.628318530718 0.933235831493
-0.133333333333 0.837758040957 1.63373466766
-0.133333333333 1.0471975512 2.3268724581
-0.133333333333 1.25663706144 1.51196641527
-0.133333333333 1.46607657168 0.295717746898
-0.133333333333 1.67551608191 0.315214949866
-0.133333333333 1.88495559215 1.31771458391
-0.133333333333 2.09439510239 1.73047069373
-0.133333333333 2.30383461263 0.140043052786
-0.133333333333 2.51327412287 0.0608482141452
-0.133333333333 2.72271363311 0.0816861354113
-0.133333333333 2.93215314335 0.491472827824
-0.133333333333 3.14159265359 0.316959374054
-0.133333333333 3.35103216383 0.198349872251
-0.133333333333 3.56047167407 0.20634957823
-0.133333333333 3.76991118431 0.119699931024
-0.133333333333 3.97935069455 0.247375932205
-0.133333333333 4.18879020479 0.643930812066
-0.133333333333 4.39822971503 0.46013136789
-0.133333333333 4.60766922527 0.378037987119
-0.133333333333 4.8171087355 0.595864922547
-0.133333333333 5.02654824574 1.06463161979
-0.133333333333 5.23598775598 0.354497490659
-0.133333333333 5.44542726622 0.747877942056
-0.133333333333 5.65486677646 0.521101349154
-0.133333333333 5.8643062867 0.532167636815
-0.133333333333 6.07374579694 0.731154677228

-0.0666666666667 0 1.53078682423
-0.0666666666667 0.209439510239 0.489998671755
-0.0666666666667 0.418879020479 0.275196087971
-0.0666666666667 0.628318530718 0.708332075881
-0.0666666666667 0.837758040957 1.39863220118
-0.0666666666667 1.0471975512 2.28377041984
-0.0666666666667 1.25663706144 1.60465731524
-0.0666666666667 1.46607657168 0.312310998619
-0.0666666666667 1.67551608191 0.312112244713
-0.0666666666667 1.88495559215 1.26571929925
-0.0666666666667 2.09439510239 1.77643326708
-0.0666666666667 2.30383461263 0.125056221496
-0.0666666666667 2.51327412287 0.0622010199123
-0.0666666666667 2.72271363311 0.0768268873306
-0.0666666666667 2.93215314335 0.496660218475
-0.0666666666667 3.14159265359 0.309358700833
-0.0666666666667 3.35103216383 0.202118079395
-0.0666666666667 3.56047167407 0.208930179652
-0.0666666666667 3.76991118431 0.107334789282
-0.0666666666667 3.97935069455 0.250545825354
-0.0666666666667 4.18879020479 0.653147414629
-0.0666666666667 4.39822971503 0.479636552952
-0.0666666666667 4.60766922527 0.390922100117
-0.0666666666667 4.8171087355 0.557695164446
-0.0666666666667 5.02654824574 1.10019469072
-0.0666666666667 5.23598775598 0.355949276834
-0.0666666666667 5.44542726622 0.743280645265
-0.0666666666667 5.65486677646 0.520034356947
-0.0666666666667 5.8643062867 0.559961298454
-0.0666666666667 6.07374579694 0.72172998816

6.12323399574e-17 0 1.47008808477
6.12323399574e-17 0.209439510239 0.479064955605
6.12323399574e-17 0.418879020479 0.19500343928
6.12323399574e-17 0.628318530718 0.546649135741
6.12323399574e-17 0.837758040957 1.21400506755
6.12323399574e-17 1.0471975512 2.21304237729
6.12323399574e-17 1.25663706144 1.63669701026
6.12323399574e-17 1.46607657168 0.319913855997
6.12323399574e-17 1.67551608191 0.304843979626
6.12323399574e-17 1.88495559215 1.2314990898
6.12323399574e-17 2.09439510239 1.81193678285
6.12323399574e-17 2.30383461263 0.110659175401
6.12323399574e-17 2.51327412287 0.0643587274598
6.12323399574e-17 2.72271363311 0.0743127699549
6.12323399574e-17 2.93215314335 0.500287669021
6.12323399574e-17 3.14159265359 0.304498720665
6.12323399574e-17 3.35103216383 0.209607884243
6.12323399574e-17 3.56047167407 0.204676439747
6.12323399574e-17 3.76991118431 0.0939105349207
6.12323399574e-17 3.97935069455 0.25228668681
6.12323399574e-17 4.18879020479 0.634653598031
6.12323399574e-17 4.39822971503 0.481847425165
6.12323399574e-17 4.60766922527 0.403864738579
6.12323399574e-17 4.8171087355 0.532301780932
6.12323399574e-17 5.02654824574 1.1265872565
6.12323399574e-17 5.23598775598 0.358535080953
6.12323399574e-17 5.44542726622 0.738620185677
6.12323399574e-17 5.65486677646 0.527036459085
6.12323399574e-17 5.8643062867 0.567667668243
6.12323399574e-17 6.07374579694 0.703617177024

0.0666666666667 0 1.42300700388
0.0666666666667 0.209439510239 0.507918546474
0.0666666666667 0.418879020479 0.135095798831
0.0666666666667 0.628318530718 0.433466157308
0.0666666666667 0.837758040957 1.0767567164
0.0666666666667 1.0471975512 2.11590511168
0.0666666666667 1.25663706144 1.59970170831
0.0666666666667 1.46607657168 0.316331238529
0.0666666666667 1.67551608191 0.293876355612
0.0666666666667 1.88495559215 1.21250107073
0.0666666666667 2.09439510239 1.83847450384
0.0666666666667 2.30383461263 0.0967919152865
0.0666666666667 2.51327412287 0.0674413057395
0.0666666666667 2.72271363311 0.0744579185458
0.0666666666667 2.93215314335 0.502924887434
0.0666666666667 3.14159265359 0.301413865898
0.0666666666667 3.35103216383 0.221616064571
0.0666666666667 3.56047167407 0.193456360067
0.0666666666667 3.76991118431 0.0807059977326
0.0666666666667 3.97935069455 0.255016444907
0.0666666666667 4.18879020479 0.599151643884
0.0666666666667 4.39822971503 0.476847524638
0.0666666666667 4.60766922527 0.412668165675
0.0666666666667 4.8171087355 0.520606432834
0.0666666666667 5.02654824574 1.14426639291
0.0666666666667 5.23598775598 0.362258998064
0.0666666666667 5.44542726622 0.73372273711
0.0666666666667 5.65486677646 0.543819406423
0.0666666666667 5.8643062867 0.555556383314
0.0666666666667 6.07374579694 0.678267800196

0.133333333333 0 1.38538801222
0.133333333333 0.209439510239 0.572576106198
0.133333333333 0.418879020479 0.0950112946113
0.133333333333 0.628318530718 0.346020884419
0.133333333333 0.837758040957 0.966276893212
0.133333333333 1.0471975512 1.97680331546
0.133333333333 1.25663706144 1.4843645447
0.133333333333 1.46607657168 0.305256817702
0.133333333333 1.67551608191 0.27811335441
0.133333333333 1.88495559215 1.20770167502
0.133333333333 2.09439510239 1.85655402022
0.133333333333 2.30383461263 0.0835808418502
0.133333333333 2.51327412287 0.0715247370091
0.133333333333 2.72271363311 0.0782863705422
0.133333333333 2.93215314335 0.503593661485
0.133333333333 3.14159265359 0.29964664678
0.133333333333 3.35103216383 0.239999615973
0.133333333333 3.56047167407 0.178197468921
0.133333333333 3.76991118431 0.0699822639375
0.133333333333 3.97935069455 0.258940001284
0.133333333333 4.18879020479 0.554230780625
0.133333333333 4.39822971503 0.475011723814
0.133333333333 4.60766922527 0.413671381741
0.133333333333 4.8171087355 0.523263111105
0.133333333333 5.02654824574 1.15363783298
0.133333333333 5.23598775598 0.366889694982
0.133333333333 5.44542726622 0.728477221351
0.133333333333 5.65486677646 0.571934029162
0.133333333333 5.8643062867 0.524664720605
0.133333333333 6.07374579694 0.645899542943

0.2 0 1.34892978775
0.2 0.209439510239 0.672529669047
0.2 0.418879020479 0.0783207362114
0.2 0.628318530718 0.262536900662
0.2 0.837758040957 0.850540454829
0.2 1.0471975512 1.76762538009
0.2 1.25663706144 1.28718116201
0.2 1.46607657168 0.297097946553
0.2 1.67551608191 0.255292904001
0.2 1.88495559215 1.21707408421
0.2 2.09439510239 1.86578872825
0.2 2.30383461263 0.0713517419123
0.2 2.51327412287 0.0766174372831
0.2 2.72271363311 0.0875617908298
0.2 2.93215314335 0.499281711458
0.2 3.14159265359 0.299751766037
0.2 3.35103216383 0.266760873068
0.2 3.56047167407 0.166994392375
0.2 3.76991118431 0.0667595511833
0.2 3.97935069455 0.264380625794
0.2 4.18879020479 0.508060845489
0.2 4.39822971503 0.484510843051
0.2 4.60766922527 0.40312211638
0.2 4.8171087355 0.54120547064
0.2 5.02654824574 1.15471387819
0.2 5.23598775598 0.37198919037
0.2 5.44542726622 0.722832503165
0.2 5.65486677646 0.612798547759
0.2 5.8643062867 0.476671749746
0.2 6.07374579694 0.605860744216

0.266666666667 0 1.30163314398
0.266666666667 0.209439510239 0.807161439775
0.266666666667 0.418879020479 0.0968633834554
0.266666666667 0.628318530718 0.170129764336
0.266666666667 0.837758040957 0.695561151119
0.266666666667 1.0471975512 1.46272406082
0.266666666667 1.25663706144 1.02494965058
0.266666666667 1.46607657168 0.307343074698
0.266666666667 1.67551608191 0.223193425343
0.266666666667 1.88495559215 1.24053155514
0.266666666667 2.09439510239 1.86505680558
0.266666666667 2.30383461263 0.0606401067048
0.266666666667 2.51327412287 0.082654058224
0.266666666667 2.72271363311 0.10468481107
0.266666666667 2.93215314335 0.484377400779
0.266666666667 3.14159265359 0.304337855128
0.266666666667 3.35103216383 0.301078601392
0.266666666667 3.56047167407 0.173853338766
0.266666666667 3.76991118431 0.0805385255598
0.266666666667 3.97935069455 0.274775284149
0.266666666667 4.18879020479 0.472379481683
0.266666666667 4.39822971503 0.508229015811
0.266666666667 4.60766922527 0.377684794823
0.266666666667 4.8171087355 0.575607915641
0.266666666667 5.02654824574 1.14706461223
0.266666666667 5.23598775598 0.37689806069
0.266666666667 5.44542726622 0.71680087136
0.266666666667 5.65486677646 0.667605685494
0.266666666667 5.8643062867 0.414202805892
0.266666666667 6.07374579694 0.556988440296

0.333333333333 0 1.22825680636
0.333333333333 0.209439510239 0.969770808952
0.333333333333 0.418879020479 0.173348156665
0.333333333333 0.628318530718 0.0763412951011
0.333333333333 0.837758040957 0.485376098639
0.333333333333 1.0471975512 1.06996699824
0.333333333333 1.25663706144 0.752484055672
0.333333333333 1.46607657168 0.349101321346
0.333333333333 1.67551608191 0.182485376586
0.333333333333 1.88495559215 1.27609601674
0.333333333333 2.09439510239 1.852738264
0.333333333333 2.30383461263 0.0521852653809
0.333333333333 2.51327412287 0.0895616989168
0.333333333333 2.72271363311 0.132200505413
0.333333333333 2.93215314335 0.450665196127
0.333333333333 3.14159265359 0.319271558711
0.333333333333 3.35103216383 0.33463268586
0.333333333333 3.56047167407 0.213282096751
0.333333333333 3.76991118431 0.124084160469
0.333333333333 3.97935069455 0.298236493754
0.333333333333 4.18879020479 0.461166065281
0.333333333333 4.39822971503 0.539460918934
0.333333333333 4.60766922527 0.336520452727
0.333333333333 4.8171087355 0.627261777545
0.333333333333 5.02654824574 1.13006570682
0.333333333333 5.23598775598 0.380682383221
0.333333333333 5.44542726622 0.710466691035
0.333333333333 5.65486677646 0.73708463778
0.333333333333 5.8643062867 0.341547876528
0.333333333333 6.07374579694 0.498010956848

0.4 0 1.11210350473
0.4 0.209439510239 1.13843543957
0.4 0.418879020479 0.337275148381
0.4 0.628318530718 0.0242672406103
0.4 0.837758040957 0.25483302202
0.4 1.0471975512 0.66914948458
0.4 1.25663706144 0.564561114366
0.4 1.46607657168 0.417423674134
0.4 1.67551608191 0.14197646402
0.4 1.88495559215 1.31719725644
0.4 2.09439510239 1.82700870454
0.4 2.30383461263 0.0468857992281
0.4 2.51327412287 0.0975187826291
0.4 2.72271363311 0.171434410772
0.4 2.93215314335 0.389360483902
0.4 3.14159265359 0.353195229964
0.4 3.35103216383 0.349770667122
0.4 3.56047167407 0.283464716117
0.4 3.76991118431 0.203467115546
0.4 3.97935069455 0.342755520406
0.4 4.18879020479 0.481577424989
0.4 4.39822971503 0.558734712956
0.4 4.60766922527 0.28474341931
0.4 4.8171087355 0.695450439256
0.4 5.02654824574 1.10341638607
0.4 5.23598775598 0.382071856017
0.4 5.44542726622 0.703994231194
0.4 5.65486677646 0.821082077283
0.4 5.8643062867 0.265760972468
0.4 6.07374579694 0.428087469806

0.466666666667 0 0.939788816678
0.466666666667 0.209439510239 1.26595801733
0.466666666667 0.418879020479 0.604042966968
0.466666666667 0.628318530718 0.0960239411482
0.466666666667 0.837758040957 0.115288764144
0.466666666667 1.0471975512 0.416899764184
0.466666666667 1.25663706144 0.549007050269
0.466666666667 1.46607657168 0.472348410198
0.466666666667 1.67551608191 0.124958342907
0.466666666667 1.88495559215 1.34985171834
0.466666666667 2.09439510239 1.78601029489
0.466666666667 2.30383461263 0.0456783558145
0.466666666667 2.51327412287 0.107631920387
0.466666666667 2.72271363311 0.219558321269
0.466666666667 2.93215314335 0.297576227141
0.466666666667 3.14159265359 0.410829932052
0.466666666667 3.35103216383 0.331960721924
0.466666666667 3.56047167407 0.344912616504
0.466666666667 3.76991118431 0.296839142255
0.466666666667 3.97935069455 0.40092579267
0.466666666667 4.18879020479 0.518774606467
0.466666666667 4.39822971503 0.537916181435
0.466666666667 4.60766922527 0.236558669242
0.466666666667 4.8171087355 0.776739524253
0.466666666667 5.02654824574 1.06778544797
0.466666666667 5.23598775598 0.379453142959
0.466666666667 5.44542726622 0.697630282719
0.466666666667 5.65486677646 0.917924296069
0.466666666667 5.8643062867 0.198018433815
0.466666666667 6.07374579694 0.34760719377

0.533333333333 0 0.710147752259
0.533333333333 0.209439510239 1.2786855048
0.533333333333 0.418879020479 0.929426089408
0.533333333333 0.628318530718 0.366584578348
0.533333333333 0.837758040957 0.214773069176
0.533333333333 1.0471975512 0.453150141684
0.533333333333 1.25663706144 0.682621528988
0.533333333333 1.46607657168 0.448602471492
0.533333333333 1.67551608191 0.169333946196
0.533333333333 1.88495559215 1.35257568096
0.533333333333 2.09439510239 1.72731377151
0.533333333333 2.30383461263 0.0492835723622
0.533333333333 2.51327412287 0.123356331756
0.533333333333 2.72271363311 0.264682339542
0.533333333333 2.93215314335 0.190726977211
0.533333333333 3.14159265359 0.474764111145
0.533333333333 3.35103216383 0.305016337164
0.533333333333 3.56047167407 0.333794175101
0.533333333333 3.76991118431 0.342641764892
0.533333333333 3.97935069455 0.43504035437
0.533333333333 4.18879020479 0.530135217128
0.533333333333 4.39822971503 0.458036662744
0.533333333333 4.60766922527 0.214346243548
0.533333333333 4.8171087355 0.864740391691
0.533333333333 5.02654824574 1.02515636147
0.533333333333 5.23598775598 0.371043774389
0.533333333333 5.44542726622 0.691689790374
0.533333333333 5.65486677646 1.02353028526
0.533333333333 5.8643062867 0.154881711138
0.533333333333 6.07374579694 0.259426910809

0.6 0 0.44565596895
0.6 0.209439510239 1.10349282613
0.6 0.418879020479 1.16244384229
0.6 0.628318530718 0.778370427863
0.6 0.837758040957 0.572564446029
0.6 1.0471975512 0.710206601752
0.6 1.25663706144 0.769308531202
0.6 1.46607657168 0.32902008756
0.6 1.67551608191 0.30627296989
0.6 1.88495559215 1.3048674167
0.6 2.09439510239 1.64527196506
0.6 2.30383461263 0.0577434169448
0.6 2.51327412287 0.152785232301
0.6 2.72271363311 0.281132646028
0.6 2.93215314335 0.114150134734
0.6 3.14159265359 0.483632738405
0.6 3.35103216383 0.352901585086
0.6 3.56047167407 0.2601845702
0.6 3.76991118431 0.294838932406
0.6 3.97935069455 0.402659479045
0.6 4.18879020479 0.475763683135
0.6 4.39822971503 0.334913085792
0.6 4.60766922527 0.240308246533
0.6 4.8171087355 0.952396498338
0.6 5.02654824574 0.97798101625
0.6 5.23598775598 0.355461167538
0.6 5.44542726622 0.686500135053
0.6 5.65486677646 1.13028687584
0.6 5.8643062867 0.158636360992
0.6 6.07374579694 0.17089879087

0.666666666667 0 0.198538805569
0.666666666667 0.209439510239 0.737014381086
0.666666666667 0.418879020479 1.08855651868
0.666666666667 0.628318530718 1.03333764221
0.666666666667 0.837758040957 0.891865049743
0.666666666667 1.0471975512 0.841444265476
0.666666666667 1.25663706144 0.614820963224
0.666666666667 1.46607657168 0.243664248033
0.666666666667 1.67551608191 0.511632851258
0.666666666667 1.88495559215 1.20818542795
0.666666666667 2.09439510239 1.5241641868
0.666666666667 2.30383461263 0.0696855920449
0.666666666667 2.51327412287 0.210260050188
0.666666666667 2.72271363311 0.23588920157
0.666666666667 2.93215314335 0.125158734332
0.666666666667 3.14159265359 0.355761544726
0.666666666667 3.35103216383 0.51507600346
0.666666666667 3.56047167407 0.301231964521
0.666666666667 3.76991118431 0.25397756363
0.666666666667 3.97935069455 0.343659194374
0.666666666667 4.18879020479 0.37618054379
0.666666666667 4.39822971503 0.22121624448
0.666666666667 4.60766922527 0.326129678245
0.666666666667 4.8171087355 1.03679590196
0.666666666667 5.02654824574 0.92590392493
0.666666666667 5.23598775598 0.333007624663
0.666666666667 5.44542726622 0.682251666323
0.666666666667 5.65486677646 1.22578543192
0.666666666667 5.8643062867 0.235050366265
0.666666666667 6.07374579694 0.0975038341672

0.733333333333 0 0.0375376707054
0.733333333333 0.209439510239 0.318985986443
0.733333333333 0.418879020479 0.664306282402
0.733333333333 0.628318530718 0.812766174852
0.733333333333 0.837758040957 0.764825190695
0.733333333333 1.0471975512 0.605085024521
0.733333333333 1.25663706144 0.38209185926
0.733333333333 1.46607657168 0.395681434285
0.733333333333 1.67551608191 0.682851384112
0.733333333333 1.88495559215 1.09928751753
0.733333333333 2.09439510239 1.32889042852
0.733333333333 2.30383461263 0.0814315038786
0.733333333333 2.51327412287 0.30952153548
0.733333333333 2.72271363311 0.132771848195
0.733333333333 2.93215314335 0.206954688894
0.733333333333 3.14159265359 0.121088876003
0.733333333333 3.35103216383 0.563747879102
0.733333333333 3.56047167407 0.540684718263
0.733333333333 3.76991118431 0.402304871853
0.733333333333 3.97935069455 0.36641062407
0.733333333333 4.18879020479 0.28558047285
0.733333333333 4.39822971503 0.163239148171
0.733333333333 4.60766922527 0.482845765801
0.733333333333 4.8171087355 1.11901680004
0.733333333333 5.02654824574 0.859769679627
0.733333333333 5.23598775598 0.308024768949
0.733333333333 5.44542726622 0.678624980767
0.733333333333 5.65486677646 1.29166376193
0.733333333333 5.8643062867 0.405656903411
0.733333333333 6.07374579694 0.069686351641

0.8 0 0.0111889027725
0.8 0.209439510239 0.081132126684
0.8 0.418879020479 0.244787333298
0.8 0.628318530718 0.366648055854
0.8 0.837758040957 0.398854611689
0.8 1.0471975512 0.395029567115
0.8 1.25663706144 0.490370774176
0.8 1.46607657168 0.721474475278
0.8 1.67551608191 0.724486676555
0.8 1.88495559215 0.994265529411
0.8 2.09439510239 1.0186984553
0.8 2.30383461263 0.0871827914248
0.8 2.51327412287 0.429845705046
0.8 2.72271363311 0.0988535608385
0.8 2.93215314335 0.211955782361
0.8 3.14159265359 0.0141620866594
0.8 3.35103216383 0.222179112926
0.8 3.56047167407 0.481889260911
0.8 3.76991118431 0.457748125097
0.8 3.97935069455 0.318385351938
0.8 4.18879020479 0.163511181465
0.8 4.39822971503 0.220077083788
0.8 4.60766922527 0.75383000242
0.8 4.8171087355 1.17716202239
0.8 5.02654824574 0.757812812437
0.8 5.23598775598 0.292276360674
0.8 5.44542726622 0.673843018232
0.8 5.65486677646 1.30290447899
0.8 5.8643062867 0.670143703852
0.8 6.07374579694 0.143975184299

0.866666666667 0 0.140207824597
0.866666666667 0.209439510239 0.108396921875
0.866666666667 0.418879020479 0.193309743415
0.866666666667 0.628318530718 0.310775154458
0.866666666667 0.837758040957 0.441652757712
0.866666666667 1.0471975512 0.602367460056
0.866666666667 1.25663706144 0.767741623124
0.866666666667 1.46607657168 0.780483767659
0.866666666667 1.67551608191 0.628590105778
0.866666666667 1.88495559215 0.824337270611
0.866666666667 2.09439510239 0.643553220456
0.866666666667 2.30383461263 0.0860556191611
0.866666666667 2.51327412287 0.464950136926
0.866666666667 2.72271363311 0.319883017563
0.866666666667 2.93215314335 0.180123160047
0.866666666667 3.14159265359 0.171197617848
0.866666666667 3.35103216383 0.0494613292003
0.866666666667 3.56047167407 0.0576184034528
0.866666666667 3.76991118431 0.0921664141186
0.866666666667 3.97935069455 0.106886696741
0.866666666667 4.18879020479 0.238988934479
0.866666666667 4.39822971503 0.637880932577
0.866666666667 4.60766922527 1.11302777419
0.866666666667 4.8171087355 1.100823686
0.866666666667 5.02654824574 0.602392075724
0.866666666667 5.23598775598 0.307160313376
0.866666666667 5.44542726622 0.661988348681
0.866666666667 5.65486677646 1.22729292613
0.866666666667 5.8643062867 0.972570875143
0.866666666667 6.07374579694 0.407747279797

0.933333333333 0 0.568401940087
0.933333333333 0.209439510239 0.372174319395
0.933333333333 0.418879020479 0.321174371458
0.933333333333 0.628318530718 0.363572082259
0.933333333333 0.837758040957 0.440681061023
0.933333333333 1.0471975512 0.503609234513
0.933333333333 1.25663706144 0.520181191801
0.933333333333 1.46607657168 0.519274836021
0.933333333333 1.67551608191 0.602938692929
0.933333333333 1.88495559215 0.676428025194
0.933333333333 2.09439510239 0.405570659738
0.933333333333 2.30383461263 0.107059419287
0.933333333333 2.51327412287 0.313650952492
0.933333333333 2.72271363311 0.547646350968
0.933333333333 2.93215314335 0.509039096819
0.933333333333 3.14159265359 0.496758205168
0.933333333333 3.35103216383 0.558734299487
0.933333333333 3.56047167407 0.617258219279
0.933333333333 3.76991118431 0.694937363132
0.933333333333 3.97935069455 0.832117614171
0.933333333333 4.18879020479 1.01266586287
0.933333333333 4.39822971503 1.1300020844
0.933333333333 4.60766922527 1.03957241662
0.933333333333 4.8171087355 0.741284160131
0.933333333333 5.02654824574 0.445059413952
0.933333333333 5.23598775598 0.372534549208
0.933333333333 5.44542726622 0.623146804008
0.933333333333 5.65486677646 1.01801860762
0.933333333333 5.8643062867 1.13484494583
0.933333333333 6.07374579694 0.88947216607

