-1 0 0.0499822255307
-1 0.209439510239 0.0499822255306
-1 0.418879020479 0.0499822255306
-1 0.628318530718 0.0499822255307
-1 0.837758040957 0.0499822255308
-1 1.0471975512 0.0499822255309
-1 1.25663706144 0.0499822255308
-1 1.46607657168 0.0499822255308
-1 1.67551608191 0.0499822255306
-1 1.88495559215 0.0499822255306
-1 2.09439510239 0.0499822255306
-1 2.30383461263 0.0499822255307
-1 2.51327412287 0.0499822255308
-1 2.72271363311 0.0499822255309
-1 2.93215314335 0.0499822255308
-1 3.14159265359 0.0499822255307
-1 3.35103216383 0.0499822255306
-1 3.56047167407 0.0499822255306
-1 3.76991118431 0.0499822255307
-1 3.97935069455 0.0499822255308
-1 4.18879020479 0.0499822255309
-1 4.39822971503 0.0499822255308
-1 4.60766922527 0.0499822255308
-1 4.8171087355 0.0499822255306
-1 5.02654824574 0.0499822255306
-1 5.23598775598 0.0499822255306
-1 5.44542726622 0.0499822255307
-1 5.65486677646 0.0499822255308
-1 5.8643062867 0.0499822255309
-1 6.07374579694 0.0499822255308

-0.933333333333 0 0.1816505511
-0.933333333333 0.209439510239 0.142881211672
-0.933333333333 0.418879020479 0.145101195407
-0.933333333333 0.628318530718 0.158017232203
-0.933333333333 0.837758040957 0.188709665291
-0.933333333333 1.0471975512 0.249500951951
-0.933333333333 1.25663706144 0.325907868546
-0.933333333333 1.46607657168 0.344767264183
-0.933333333333 1.67551608191 0.226297661568
-0.933333333333 1.88495559215 0.0578187583854
-0.933333333333 2.09439510239 0.0104156961308
-0.933333333333 2.30383461263 0.0228908780354
-0.933333333333 2.51327412287 0.00652126435081
-0.933333333333 2.72271363311 0.0484024040048
-0.933333333333 2.93215314335 0.134275479845
-0.933333333333 3.14159265359 0.193410072411
-0.933333333333 3.35103216383 0.218731766596
-0.933333333333 3.56047167407 0.216789421827
-0.933333333333 3.76991118431 0.199954723694
-0.933333333333 3.97935069455 0.178768328129
-0.933333333333 4.18879020479 0.155031476075
-0.933333333333 4.39822971503 0.132717652164
-0.933333333333 4.60766922527 0.119419615767
-0.933333333333 4.8171087355 0.108560919492
-0.933333333333 5.02654824574 0.098542028302
-0.933333333333 5.23598775598 0.113111991223
-0.933333333333 5.44542726622 0.133718193643
-0.933333333333 5.65486677646 0.204138695833
-0.933333333333 5.8643062867 0.299821365815
-0.933333333333 6.07374579694 0.272372964006

-0.866666666667 0 0.150527621011
-0.866666666667 0.209439510239 0.17806335642
-0.866666666667 0.418879020479 0.1386646412
-0.866666666667 0.628318530718 0.131089197087
-0.866666666667 0.837758040957 0.116043245026
-0.866666666667 1.0471975512 0.0804537304687
-0.866666666667 1.25663706144 0.0806957417128
-0.866666666667 1.46607657168 0.193359457009
-0.866666666667 1.67551608191 0.342596275465
-0.866666666667 1.88495559215 0.210652112365
-0.866666666667 2.09439510239 0.031681311603
-0.866666666667 2.30383461263 0.0526497763517
-0.866666666667 2.51327412287 0.00259298914234
-0.866666666667 2.72271363311 0.105555771864
-0.866666666667 2.93215314335 0.24937450861
-0.866666666667 3.14159265359 0.316756357485
-0.866666666667 3.35103216383 0.25887608358
-0.866666666667 3.56047167407 0.184570308694
-0.866666666667 3.76991118431 0.162001041012
-0.866666666667 3.97935069455 0.168572025705
-0.866666666667 4.18879020479 0.177377418632
-0.866666666667 4.39822971503 0.160142079014
-0.866666666667 4.60766922527 0.124256773621
-0.866666666667 4.8171087355 0.152155813482
-0.866666666667 5.02654824574 0.140878758635
-0.866666666667 5.23598775598 0.15524945529
-0.866666666667 5.44542726622 0.267978533054
-0.866666666667 5.65486677646 0.20264500924
-0.866666666667 5.8643062867 0.186361562211
-0.866666666667 6.07374579694 0.100697903556

-0.8 0 0.306639143381
-0.8 0.209439510239 0.193809727429
-0.8 0.418879020479 0.264327834233
-0.8 0.628318530718 0.362198174404
-0.8 0.837758040957 0.313477692556
-0.8 1.0471975512 0.202975583982
-0.8 1.25663706144 0.120276148139
-0.8 1.46607657168 0.0838970994776
-0.8 1.67551608191 0.185439786823
-0.8 1.88495559215 0.268710687341
-0.8 2.09439510239 0.0699531481353
-0.8 2.30383461263 0.0929299565972
-0.8 2.51327412287 0.00491147428558
-0.8 2.72271363311 0.162640455114
-0.8 2.93215314335 0.331688833559
-0.8 3.14159265359 0.295184560095
-0.8 3.35103216383 0.130879717946
-0.8 3.56047167407 0.0738843982744
-0.8 3.76991118431 0.0632561643877
-0.8 3.97935069455 0.0700094563497
-0.8 4.18879020479 0.100180724491
-0.8 4.39822971503 0.149810300225
-0.8 4.60766922527 0.140243230007
-0.8 4.8171087355 0.0857912915439
-0.8 5.02654824574 0.140674065992
-0.8 5.23598775598 0.155214386358
-0.8 5.44542726622 0.367037165578
-0.8 5.65486677646 0.129511489144
-0.8 5.8643062867 0.111948251499
-0.8 6.07374579694 0.169385663027

-0.733333333333 0 0.242829516663
-0.733333333333 0.209439510239 0.190371867256
-0.733333333333 0.418879020479 0.471503495403
-0.733333333333 0.628318530718 0.508118411863
-0.733333333333 0.837758040957 0.390757756227
-0.733333333333 1.0471975512 0.229273363747
-0.733333333333 1.25663706144 0.115480143543
-0.733333333333 1.46607657168 0.120982686145
-0.733333333333 1.67551608191 0.101965479516
-0.733333333333 1.88495559215 0.21897701766
-0.733333333333 2.09439510239 0.0961958199172
-0.733333333333 2.30383461263 0.130914802422
-0.733333333333 2.51327412287 0.0124291014797
-0.733333333333 2.72271363311 0.209053621815
-0.733333333333 2.93215314335 0.365374250774
-0.733333333333 3.14159265359 0.190874565947
-0.733333333333 3.35103216383 0.0413470733819
-0.733333333333 3.56047167407 0.0133125471755
-0.733333333333 3.76991118431 0.0122093984177
-0.733333333333 3.97935069455 0.026376683924
-0.733333333333 4.18879020479 0.0204501804547
-0.733333333333 4.39822971503 0.0399900463356
-0.733333333333 4.60766922527 0.14316806891
-0.733333333333 4.8171087355 0.108554610142
-0.733333333333 5.02654824574 0.0860248101895
-0.733333333333 5.23598775598 0.158672536615
-0.733333333333 5.44542726622 0.393412492727
-0.733333333333 5.65486677646 0.0662566305823
-0.733333333333 5.8643062867 0.154218601929
-0.733333333333 6.07374579694 0.272994648178

-0.666666666667 0 0.114108116403
-0.666666666667 0.209439510239 0.327817821476
-0.666666666667 0.418879020479 0.54331421954
-0.666666666667 0.628318530718 0.461987165143
-0.666666666667 0.837758040957 0.428048666393
-0.666666666667 1.0471975512 0.316256013179
-0.666666666667 1.25663706144 0.101138568284
-0.666666666667 1.46607657168 0.09693945648
-0.666666666667 1.67551608191 0.125602063418
-0.666666666667 1.88495559215 0.143643974103
-0.666666666667 2.09439510239 0.105735401567
-0.666666666667 2.30383461263 0.16193574902
-0.666666666667 2.51327412287 0.0237614539114
-0.666666666667 2.72271363311 0.243922043021
-0.666666666667 2.93215314335 0.354822447232
-0.666666666667 3.14159265359 0.0954509613076
-0.666666666667 3.35103216383 0.0103340873542
-0.666666666667 3.56047167407 0.0101161327856
-0.666666666667 3.76991118431 0.0731501239313
-0.666666666667 3.97935069455 0.122969522708
-0.666666666667 4.18879020479 0.101147246624
-0.666666666667 4.39822971503 0.0219550968868
-0.666666666667 4.60766922527 0.0481552749693
-0.666666666667 4.8171087355 0.174026825589
-0.666666666667 5.02654824574 0.0495088082415
-0.666666666667 5.23598775598 0.178059838664
-0.666666666667 5.44542726622 0.378404406413
-0.666666666667 5.65486677646 0.0399466543689
-0.666666666667 5.8643062867 0.222219392413
-0.666666666667 6.07374579694 0.266838526004

-0.6 0 0.0878019407423
-0.6 0.209439510239 0.439513453693
-0.6 0.418879020479 0.41742465661
-0.6 0.628318530718 0.362296095707
-0.6 0.837758040957 0.478097151994
-0.6 1.0471975512 0.474117487261
-0.6 1.25663706144 0.193798627583
-0.6 1.46607657168 0.0395348832348
-0.6 1.67551608191 0.166996784912
-0.6 1.88495559215 0.0915680969288
-0.6 2.09439510239 0.10325775654
-0.6 2.30383461263 0.185050311675
-0.6 2.51327412287 0.0373617528393
-0.6 2.72271363311 0.26852683017
-0.6 2.93215314335 0.318552780365
-0.6 3.14159265359 0.0387082191258
-0.6 3.35103216383 0.0109152580749
-0.6 3.56047167407 0.0549257399065
-0.6 3.76991118431 0.174224584391
-0.6 3.97935069455 0.222130113566
-0.6 4.18879020479 0.202990473613
-0.6 4.39822971503 0.140634001448
-0.6 4.60766922527 0.00857706605163
-0.6 4.8171087355 0.177745308215
-0.6 5.02654824574 0.0528297096066
-0.6 5.23598775598 0.203533890814
-0.6 5.44542726622 0.353346883192
-0.6 5.65486677646 0.0405956787228
-0.6 5.8643062867 0.26005402157
-0.6 6.07374579694 0.192664168027

-0.533333333333 0 0.141031221717
-0.533333333333 0.209439510239 0.425000729279
-0.533333333333 0.418879020479 0.279042819605
-0.533333333333 0.628318530718 0.320861545844
-0.533333333333 0.837758040957 0.501849546486
-0.533333333333 1.0471975512 0.586650038581
-0.533333333333 1.25663706144 0.340125209508
-0.533333333333 1.46607657168 0.0199267749231
-0.533333333333 1.67551608191 0.176536973073
-0.533333333333 1.88495559215 0.0722710645315
-0.533333333333 2.09439510239 0.0948105781498
-0.533333333333 2.30383461263 0.200959007058
-0.533333333333 2.51327412287 0.0518410422044
-0.533333333333 2.72271363311 0.284480521174
-0.533333333333 2.93215314335 0.273233250611
-0.533333333333 3.14159265359 0.0164591893285
-0.533333333333 3.35103216383 0.0238979653329
-0.533333333333 3.56047167407 0.115575304708
-0.533333333333 3.76991118431 0.23911595445
-0.533333333333 3.97935069455 0.243728728146
-0.533333333333 4.18879020479 0.216086685068
-0.533333333333 4.39822971503 0.243620434294
-0.533333333333 4.60766922527 0.0803066260453
-0.533333333333 4.8171087355 0.128684102671
-0.533333333333 5.02654824574 0.0783709615541
-0.533333333333 5.23598775598 0.225205274498
-0.533333333333 5.44542726622 0.3317784808
-0.533333333333 5.65486677646 0.0538629378475
-0.533333333333 5.8643062867 0.263981655889
-0.533333333333 6.07374579694 0.117585818562

-0.466666666667 0 0.206798631625
-0.466666666667 0.209439510239 0.343017331684
-0.466666666667 0.418879020479 0.225826989631
-0.466666666667 0.628318530718 0.315378402763
-0.466666666667 0.837758040957 0.463707348158
-0.466666666667 1.0471975512 0.599797773182
-0.466666666667 1.25663706144 0.453399045102
-0.466666666667 1.46607657168 0.048277470345
-0.466666666667 1.67551608191 0.155203160378
-0.466666666667 1.88495559215 0.0769671880689
-0.466666666667 2.09439510239 0.0848785600366
-0.466666666667 2.30383461263 0.210958053058
-0.466666666667 2.51327412287 0.0660990006837
-0.466666666667 2.72271363311 0.293486947674
-0.466666666667 2.93215314335 0.229198529854
-0.466666666667 3.14159265359 0.0155538355145
-0.466666666667 3.35103216383 0.0404773669241
-0.466666666667 3.56047167407 0.165010636693
-0.466666666667 3.76991118431 0.247958971805
-0.466666666667 3.97935069455 0.206235028907
-0.466666666667 4.18879020479 0.164823788923
-0.466666666667 4.39822971503 0.246409759064
-0.466666666667 4.60766922527 0.191167522351
-0.466666666667 4.8171087355 0.0806421562511
-0.466666666667 5.02654824574 0.108092962678
-0.466666666667 5.23598775598 0.238856125032
-0.466666666667 5.44542726622 0.316561624942
-0.466666666667 5.65486677646 0.0707501894923
-0.466666666667 5.8643062867 0.246797074916
-0.466666666667 6.07374579694 0.0692759434443

-0.4 0 0.249639127338
-0.4 0.209439510239 0.264616999581
-0.4 0.418879020479 0.235324468708
-0.4 0.628318530718 0.300826309872
-0.4 0.837758040957 0.376061536719
-0.4 1.0471975512 0.535704489478
-0.4 1.25663706144 0.501526500236
-0.4 1.46607657168 0.0987334365718
-0.4 1.67551608191 0.12122077475
-0.4 1.88495559215 0.0933445572942
-0.4 2.09439510239 0.0759583741392
-0.4 2.30383461263 0.216427057614
-0.4 2.51327412287 0.0793394840779
-0.4 2.72271363311 0.297256129177
-0.4 2.93215314335 0.191571409511
-0.4 3.14159265359 0.024400410175
-0.4 3.35103216383 0.0565295615828
-0.4 3.56047167407 0.192430414803
-0.4 3.76991118431 0.227758105935
-0.4 3.97935069455 0.170487579024
-0.4 4.18879020479 0.112739240926
-0.4 4.39822971503 0.182297159604
-0.4 4.60766922527 0.273721307542
-0.4 4.8171087355 0.0600114577598
-0.4 5.02654824574 0.132983708141
-0.4 5.23598775598 0.244533314006
-0.4 5.44542726622 0.306591690638
-0.4 5.65486677646 0.0870003977606
-0.4 5.8643062867 0.220606986316
-0.4 6.07374579694 0.0470694713819

-0.333333333333 0 0.265477954772
-0.333333333333 0.209439510239 0.213983866987
-0.333333333333 0.418879020479 0.259854709324
-0.333333333333 0.628318530718 0.265165534415
-0.333333333333 0.837758040957 0.278605015686
-0.333333333333 1.0471975512 0.439886849505
-0.333333333333 1.25663706144 0.497055495146
-0.333333333333 1.46607657168 0.145779470257
-0.333333333333 1.67551608191 0.0893426330819
-0.333333333333 1.88495559215 0.11191864795
-0.333333333333 2.09439510239 0.0690416492479
-0.333333333333 2.30383461263 0.218599998456
-0.333333333333 2.51327412287 0.0910346170049
-0.333333333333 2.72271363311 0.297408830469
-0.333333333333 2.93215314335 0.1621288079
-0.333333333333 3.14159265359 0.0357047489748
-0.333333333333 3.35103216383 0.0696111659061
-0.333333333333 3.56047167407 0.201321504683
-0.333333333333 3.76991118431 0.211392277847
-0.333333333333 3.97935069455 0.173061503575
-0.333333333333 4.18879020479 0.0958164635035
-0.333333333333 4.39822971503 0.114251429927
-0.333333333333 4.60766922527 0.307007768655
-0.333333333333 4.8171087355 0.0634656211442
-0.333333333333 5.02654824574 0.150509596778
-0.333333333333 5.23598775598 0.244254550672
-0.333333333333 5.44542726622 0.299935412372
-0.333333333333 5.65486677646 0.101021556593
-0.333333333333 5.8643062867 0.193188157198
-0.333333333333 6.07374579694 0.0418198515313

-0.266666666667 0 0.263187410466
-0.266666666667 0.209439510239 0.187704172534
-0.266666666667 0.418879020479 0.27265482061
-0.266666666667 0.628318530718 0.221830578301
-0.266666666667 0.837758040957 0.205356508555
-0.266666666667 1.0471975512 0.348920727422
-0.266666666667 1.25663706144 0.464685033106
-0.266666666667 1.46607657168 0.177269045009
-0.266666666667 1.67551608191 0.0662182192585
-0.266666666667 1.88495559215 0.127345036563
-0.266666666667 2.09439510239 0.0642368003498
-0.266666666667 2.30383461263 0.218482757965
-0.266666666667 2.51327412287 0.100872651948
-0.266666666667 2.72271363311 0.295405155948
-0.266666666667 2.93215314335 0.140804178259
-0.266666666667 3.14159265359 0.0458817292385
-0.266666666667 3.35103216383 0.0783837601098
-0.266666666667 3.56047167407 0.200547430851
-0.266666666667 3.76991118431 0.211881538071
-0.266666666667 3.97935069455 0.20937767795
-0.266666666667 4.18879020479 0.110527733445
-0.266666666667 4.39822971503 0.0710624998288
-0.266666666667 4.60766922527 0.30273565555
-0.266666666667 4.8171087355 0.0787251091798
-0.266666666667 5.02654824574 0.161301018571
-0.266666666667 5.23598775598 0.240471233486
-0.266666666667 5.44542726622 0.29493393135
-0.266666666667 5.65486677646 0.11245260142
-0.266666666667 5.8643062867 0.168652467118
-0.266666666667 6.07374579694 0.045124088655

-0.2 0 0.252269760127
-0.2 0.209439510239 0.175995607619
-0.2 0.418879020479 0.270181947553
-0.2 0.628318530718 0.185178865152
-0.2 0.837758040957 0.167815022256
-0.2 1.0471975512 0.280804794042
-0.2 1.25663706144 0.423666899321
-0.2 1.46607657168 0.191967186764
-0.2 1.67551608191 0.0526477059747
-0.2 1.88495559215 0.13758484989
-0.2 2.09439510239 0.0612536059697
-0.2 2.30383461263 0.216842275562
-0.2 2.51327412287 0.108707457024
-0.2 2.72271363311 0.292518306806
-0.2 2.93215314335 0.126717452606
-0.2 3.14159265359 0.0536335821328
-0.2 3.35103216383 0.0824402816778
-0.2 3.56047167407 0.196975651296
-0.2 3.76991118431 0.226995993121
-0.2 3.97935069455 0.257528803339
-0.2 4.18879020479 0.135957758063
-0.2 4.39822971503 0.0521893553843
-0.2 4.60766922527 0.281419494665
-0.2 4.8171087355 0.0959731479353
-0.2 5.02654824574 0.167114990591
-0.2 5.23598775598 0.235328405503
-0.2 5.44542726622 0.290453516173
-0.2 5.65486677646 0.121404663299
-0.2 5.8643062867 0.148789020269
-0.2 6.07374579694 0.0514461956176

-0.133333333333 0 0.238869238108
-0.133333333333 0.209439510239 0.171141755749
-0.133333333333 0.418879020479 0.258928778159
-0.133333333333 0.628318530718 0.160183428388
-0.133333333333 0.837758040957 0.158967278337
-0.133333333333 1.0471975512 0.237674864844
-0.133333333333 1.25663706144 0.384337763658
-0.133333333333 1.46607657168 0.193604975574
-0.133333333333 1.67551608191 0.0468162449454
-0.133333333333 1.88495559215 0.142595464449
-0.133333333333 2.09439510239 0.059708248218
-0.133333333333 2.30383461263 0.214226607837
-0.133333333333 2.51327412287 0.114516775562
-0.133333333333 2.72271363311 0.289848785201
-0.133333333333 2.93215314335 0.118794697193
-0.133333333333 3.14159265359 0.0588062134376
-0.133333333333 3.35103216383 0.0819337052968
-0.133333333333 3.56047167407 0.193414180037
-0.133333333333 3.76991118431 0.250168886431
-0.133333333333 3.97935069455 0.298268808397
-0.133333333333 4.18879020479 0.156242261506
-0.133333333333 4.39822971503 0.0481449193727
-0.133333333333 4.60766922527 0.258065641176
-0.133333333333 4.8171087355 0.109916693261
-0.133333333333 5.02654824574 0.169823100081
-0.133333333333 5.23598775598 0.23043272323
-0.133333333333 5.44542726622 0.285838182246
-0.133333333333 5.65486677646 0.128105263972
-0.133333333333 5.8643062867 0.134133707992
-0.133333333333 6.07374579694 0.0577308412761

-0.0666666666667 0 0.225868322384
-0.0666666666667 0.209439510239 0.168902121287
-0.0666666666667 0.418879020479 0.245455825665
-0.0666666666667 0.628318530718 0.145087681321
-0.0666666666667 0.837758040957 0.16445406137
-0.0666666666667 1.0471975512 0.212693557768
-0.0666666666667 1.25663706144 0.350554591431
-0.0666666666667 1.46607657168 0.186740999985
-0.0666666666667 1.67551608191 0.046481642461
-0.0666666666667 1.88495559215 0.143262849243
-0.0666666666667 2.09439510239 0.059289795157
-0.0666666666667 2.30383461263 0.210994778635
-0.0666666666667 2.51327412287 0.118372376876
-0.0666666666667 2.72271363311 0.28836241747
-0.0666666666667 2.93215314335 0.116082764237
-0.0666666666667 3.14159265359 0.0617407698799
-0.0666666666667 3.35103216383 0.077175646249
-0.0666666666667 3.56047167407 0.189447275801
-0.0666666666667 3.76991118431 0.275322263513
-0.0666666666667 3.97935069455 0.322440748332
-0.0666666666667 4.18879020479 0.16616614463
-0.0666666666667 4.39822971503 0.0508286503525
-0.0666666666667 4.60766922527 0.23963233966
-0.0666666666667 4.8171087355 0.118522079991
-0.0666666666667 5.02654824574 0.170997362255
-0.0666666666667 5.23598775598 0.226871204947
-0.0666666666667 5.44542726622 0.280786931226
-0.0666666666667 5.65486677646 0.132745046735
-0.0666666666667 5.8643062867 0.124656636899
-0.0666666666667 6.07374579694 0.0625554562574

6.12323399574e-17 0 0.213972346904
6.12323399574e-17 0.209439510239 0.167651706364
6.12323399574e-17 0.418879020479 0.233171675931
6.12323399574e-17 0.628318530718 0.136169995002
6.12323399574e-17 0.837758040957 0.170515144416
6.12323399574e-17 1.0471975512 0.196039358688
6.12323399574e-17 1.25663706144 0.32312376557
6.12323399574e-17 1.46607657168 0.174994631684
6.12323399574e-17 1.67551608191 0.0499548921407
6.12323399574e-17 1.88495559215 0.14074631386
6.12323399574e-17 2.09439510239 0.0598430828613
6.12323399574e-17 2.30383461263 0.207346176404
6.12323399574e-17 2.51327412287 0.120423022102
6.12323399574e-17 2.72271363311 0.288930932215
6.12323399574e-17 2.93215314335 0.11785732755
6.12323399574e-17 3.14159265359 0.0630041446502
6.12323399574e-17 3.35103216383 0.0684768599903
6.12323399574e-17 3.56047167407 0.182562336895
6.12323399574e-17 3.76991118431 0.296624229822
6.12323399574e-17 3.97935069455 0.328924357311
6.12323399574e-17 4.18879020479 0.16682359841
6.12323399574e-17 4.39822971503 0.0556828759777
6.12323399574e-17 4.60766922527 0.227735087122
6.12323399574e-17 4.8171087355 0.121472948485
6.12323399574e-17 5.02654824574 0.171797942582
6.12323399574e-17 5.23598775598 0.225322304864
6.12323399574e-17 5.44542726622 0.275234508726
6.12323399574e-17 5.65486677646 0.13541725223
6.12323399574e-17 5.8643062867 0.120153650069
6.12323399574e-17 6.07374579694 0.0654341548083

0.0666666666667 0 0.202651140115
0.0666666666667 0.209439510239 0.167293114906
0.0666666666667 0.418879020479 0.222726650241
0.0666666666667 0.628318530718 0.130098526813
0.0666666666667 0.837758040957 0.167133343806
0.0666666666667 1.0471975512 0.178774901436
0.0666666666667 1.25663706144 0.302541905405
0.0666666666667 1.46607657168 0.160745678976
0.0666666666667 1.67551608191 0.0562516688172
0.0666666666667 1.88495559215 0.136177542153
0.0666666666667 2.09439510239 0.0614131937574
0.0666666666667 2.30383461263 0.203345423132
0.0666666666667 2.51327412287 0.120891066418
0.0666666666667 2.72271363311 0.292349742399
0.0666666666667 2.93215314335 0.123597485837
0.0666666666667 3.14159265359 0.0633441686183
0.0666666666667 3.35103216383 0.0563858361158
0.0666666666667 3.56047167407 0.168887842335
0.0666666666667 3.76991118431 0.306250848058
0.0666666666667 3.97935069455 0.318777073916
0.0666666666667 4.18879020479 0.160799475004
0.0666666666667 4.39822971503 0.0609267961219
0.0666666666667 4.60766922527 0.221552477337
0.0666666666667 4.8171087355 0.119166220866
0.0666666666667 5.02654824574 0.172984854585
0.0666666666667 5.23598775598 0.226176503359
0.0666666666667 5.44542726622 0.269257708325
0.0666666666667 5.65486677646 0.136098508849
0.0666666666667 5.8643062867 0.120440738333
0.0666666666667 6.07374579694 0.0663630242524

0.133333333333 0 0.190812960653
0.133333333333 0.209439510239 0.168437685206
0.133333333333 0.418879020479 0.213439896782
0.133333333333 0.628318530718 0.124451986028
0.133333333333 0.837758040957 0.148799792242
0.133333333333 1.0471975512 0.155739392985
0.133333333333 1.25663706144 0.290768431552
0.133333333333 1.46607657168 0.145444927283
0.133333333333 1.67551608191 0.0647700127929
0.133333333333 1.88495559215 0.130602335019
0.133333333333 2.09439510239 0.0642821797383
0.133333333333 2.30383461263 0.198941631192
0.133333333333 2.51327412287 0.12008491109
0.133333333333 2.72271363311 0.299299785407
0.133333333333 2.93215314335 0.132877006092
0.133333333333 3.14159265359 0.0637514298251
0.133333333333 3.35103216383 0.0424112169948
0.133333333333 3.56047167407 0.144141276341
0.133333333333 3.76991118431 0.293491272533
0.133333333333 3.97935069455 0.292321040084
0.133333333333 4.18879020479 0.150208054523
0.133333333333 4.39822971503 0.0664495225868
0.133333333333 4.60766922527 0.219482936804
0.133333333333 4.8171087355 0.112265794294
0.133333333333 5.02654824574 0.174954959312
0.133333333333 5.23598775598 0.229631523642
0.133333333333 5.44542726622 0.263007706306
0.133333333333 5.65486677646 0.134649953478
0.133333333333 5.8643062867 0.12541884699
0.133333333333 6.07374579694 0.0655505149636

0.2 0 0.177420031189
0.2 0.209439510239 0.171672679143
0.2 0.418879020479 0.204922866256
0.2 0.628318530718 0.118145163134
0.2 0.837758040957 0.115664821225
0.2 1.0471975512 0.128998865828
0.2 1.25663706144 0.291854683718
0.2 1.46607657168 0.130059612755
0.2 1.67551608191 0.0747076872877
0.2 1.88495559215 0.125064999054
0.2 2.09439510239 0.0690171486363
0.2 2.30383461263 0.193982815867
0.2 2.51327412287 0.118432345285
0.2 2.72271363311 0.310203225027
0.2 2.93215314335 0.145219387144
0.2 3.14159265359 0.065529129496
0.2 3.35103216383 0.0302285626529
0.2 3.56047167407 0.105869349498
0.2 3.76991118431 0.249486656519
0.2 3.97935069455 0.251019329979
0.2 4.18879020479 0.136765365889
0.2 4.39822971503 0.0730372350061
0.2 4.60766922527 0.21976185898
0.2 4.8171087355 0.101681601106
0.2 5.02654824574 0.177753578232
0.2 5.23598775598 0.2357504299
0.2 5.44542726622 0.256663624326
0.2 5.65486677646 0.130835492863
0.2 5.8643062867 0.135044116417
0.2 6.07374579694 0.0632577356926

0.266666666667 0 0.162294931766
0.266666666667 0.209439510239 0.176568333964
0.266666666667 0.418879020479 0.198700019609
0.266666666667 0.628318530718 0.113033534696
0.266666666667 0.837758040957 0.0766835837678
0.266666666667 1.0471975512 0.111884968895
0.266666666667 1.25663706144 0.310673312363
0.266666666667 1.46607657168 0.115438735564
0.266666666667 1.67551608191 0.0843995526935
0.266666666667 1.88495559215 0.120747468014
0.266666666667 2.09439510239 0.0765383996348
0.266666666667 2.30383461263 0.188226692886
0.266666666667 2.51327412287 0.116544389042
0.266666666667 2.72271363311 0.324900006963
0.266666666667 2.93215314335 0.159993270872
0.266666666667 3.14159265359 0.0702547895759
0.266666666667 3.35103216383 0.0269001223627
0.266666666667 3.56047167407 0.0577391532699
0.266666666667 3.76991118431 0.178064304461
0.266666666667 3.97935069455 0.200911185198
0.266666666667 4.18879020479 0.122427586544
0.266666666667 4.39822971503 0.0818391267096
0.266666666667 4.60766922527 0.220479743517
0.266666666667 4.8171087355 0.0888767642791
0.266666666667 5.02654824574 0.181039860717
0.266666666667 5.23598775598 0.244479821337
0.266666666667 5.44542726622 0.250399794034
0.266666666667 5.65486677646 0.124364791893
0.266666666667 5.8643062867 0.149211604136
0.266666666667 6.07374579694 0.0596941986073

0.333333333333 0 0.147194532942
0.333333333333 0.209439510239 0.18036517445
0.333333333333 0.418879020479 0.198983519071
0.333333333333 0.628318530718 0.116744729029
0.333333333333 0.837758040957 0.053675161648
0.333333333333 1.0471975512 0.129964953741
0.333333333333 1.25663706144 0.348429290494
0.333333333333 1.46607657168 0.102395151815
0.333333333333 1.67551608191 0.0909705703369
0.333333333333 1.88495559215 0.119053531731
0.333333333333 2.09439510239 0.0882044986926
0.333333333333 2.30383461263 0.181349891448
0.333333333333 2.51327412287 0.115324826914
0.333333333333 2.72271363311 0.342054896245
0.333333333333 2.93215314335 0.17648587688
0.333333333333 3.14159265359 0.0794825399203
0.333333333333 3.35103216383 0.0422282379905
0.333333333333 3.56047167407 0.0149284755618
0.333333333333 3.76991118431 0.101998079709
0.333333333333 3.97935069455 0.153070331036
0.333333333333 4.18879020479 0.109708331459
0.333333333333 4.39822971503 0.0937384140766
0.333333333333 4.60766922527 0.219233383033
0.333333333333 4.8171087355 0.0764416743271
0.333333333333 5.02654824574 0.184007692075
0.333333333333 5.23598775598 0.255625834884
0.333333333333 5.44542726622 0.244361192712
0.333333333333 5.65486677646 0.114977460284
0.333333333333 5.8643062867 0.167541583729
0.333333333333 6.07374579694 0.0549602985796

0.4 0 0.136704768962
0.4 0.209439510239 0.177303686718
0.4 0.418879020479 0.210271445256
0.4 0.628318530718 0.143929846086
0.4 0.837758040957 0.0802735910724
0.4 1.0471975512 0.210940363266
0.4 1.25663706144 0.394290770734
0.4 1.46607657168 0.0910600769029
0.4 1.67551608191 0.0912208908044
0.4 1.88495559215 0.121454071574
0.4 2.09439510239 0.105888718588
0.4 2.30383461263 0.172955710731
0.4 2.51327412287 0.11614428758
0.4 2.72271363311 0.358237548449
0.4 2.93215314335 0.194334327754
0.4 3.14159265359 0.0940743256434
0.4 3.35103216383 0.0825741496903
0.4 3.56047167407 0.00570468338962
0.4 3.76991118431 0.0536493429055
0.4 3.97935069455 0.119692255598
0.4 4.18879020479 0.1013792701
0.4 4.39822971503 0.108398045608
0.4 4.60766922527 0.212500026636
0.4 4.8171087355 0.0688005172977
0.4 5.02654824574 0.185295729977
0.4 5.23598775598 0.268780764549
0.4 5.44542726622 0.238641066162
0.4 5.65486677646 0.102591966197
0.4 5.8643062867 0.189047417852
0.4 6.07374579694 0.0491095206886

0.466666666667 0 0.137529629921
0.466666666667 0.209439510239 0.161513128715
0.466666666667 0.418879020479 0.229223980746
0.466666666667 0.628318530718 0.208229105695
0.466666666667 0.837758040957 0.184689795195
0.466666666667 1.0471975512 0.356274558117
0.466666666667 1.25663706144 0.416416408327
0.466666666667 1.46607657168 0.0789912599294
0.466666666667 1.67551608191 0.085147510735
0.466666666667 1.88495559215 0.128822078978
0.466666666667 2.09439510239 0.131969026864
0.466666666667 2.30383461263 0.162581205123
0.466666666667 2.51327412287 0.121081557795
0.466666666667 2.72271363311 0.366836096724
0.466666666667 2.93215314335 0.214346028626
0.466666666667 3.14159265359 0.113410929391
0.466666666667 3.35103216383 0.138496582066
0.466666666667 3.56047167407 0.057998304615
0.466666666667 3.76991118431 0.0561411489699
0.466666666667 3.97935069455 0.108202973433
0.466666666667 4.18879020479 0.0993618167224
0.466666666667 4.39822971503 0.123521383036
0.466666666667 4.60766922527 0.195197668293
0.466666666667 4.8171087355 0.0726555488574
0.466666666667 5.02654824574 0.182974686089
0.466666666667 5.23598775598 0.283184548337
0.466666666667 5.44542726622 0.233256421233
0.466666666667 5.65486677646 0.0875494083817
0.466666666667 5.8643062867 0.211678155993
0.466666666667 6.07374579694 0.0425311266194

0.533333333333 0 0.153810538866
0.533333333333 0.209439510239 0.137337399918
0.533333333333 0.418879020479 0.234941056774
0.533333333333 0.628318530718 0.296073613964
0.533333333333 0.837758040957 0.347580783295
0.533333333333 1.0471975512 0.5006741571
0.533333333333 1.25663706144 0.366273453892
0.533333333333 1.46607657168 0.0596348776649
0.533333333333 1.67551608191 0.0825510732985
0.533333333333 1.88495559215 0.140105698227
0.533333333333 2.09439510239 0.169022623052
0.533333333333 2.30383461263 0.149702966053
0.533333333333 2.51327412287 0.133143404872
0.533333333333 2.72271363311 0.357643309226
0.533333333333 2.93215314335 0.239078229546
0.533333333333 3.14159265359 0.135659760797
0.533333333333 3.35103216383 0.178616809889
0.533333333333 3.56047167407 0.159353612192
0.533333333333 3.76991118431 0.107873181813
0.533333333333 3.97935069455 0.116346063841
0.533333333333 4.18879020479 0.101314619278
0.533333333333 4.39822971503 0.135641222308
0.533333333333 4.60766922527 0.162459342995
0.533333333333 4.8171087355 0.0962985468307
0.533333333333 5.02654824574 0.174784892046
0.533333333333 5.23598775598 0.297495815642
0.533333333333 5.44542726622 0.22811551573
0.533333333333 5.65486677646 0.0709782661835
0.533333333333 5.8643062867 0.231797825011
0.533333333333 6.07374579694 0.0369692907871

0.6 0 0.177196640035
0.6 0.209439510239 0.132851015267
0.6 0.418879020479 0.200185269382
0.6 0.628318530718 0.337499657716
0.6 0.837758040957 0.454930077011
0.6 1.0471975512 0.504953566742
0.6 1.25663706144 0.222143603265
0.6 1.46607657168 0.0302841685472
0.6 1.67551608191 0.107675719085
0.6 1.88495559215 0.151124481967
0.6 2.09439510239 0.218682561315
0.6 2.30383461263 0.133744897795
0.6 2.51327412287 0.15603111701
0.6 2.72271363311 0.319442113049
0.6 2.93215314335 0.27110483385
0.6 3.14159265359 0.160602178544
0.6 3.35103216383 0.167286405492
0.6 3.56047167407 0.222638667797
0.6 3.76991118431 0.165606864774
0.6 3.97935069455 0.124257435477
0.6 4.18879020479 0.097544160868
0.6 4.39822971503 0.14075519072
0.6 4.60766922527 0.117693121211
0.6 4.8171087355 0.146235898915
0.6 5.02654824574 0.158890394588
0.6 5.23598775598 0.309441942698
0.6 5.44542726622 0.222969978295
0.6 5.65486677646 0.0552777625333
0.6 5.8643062867 0.243862134874
0.6 6.07374579694 0.0373048712924

0.666666666667 0 0.177926014349
0.666666666667 0.209439510239 0.186646459092
0.666666666667 0.418879020479 0.151432146418
0.666666666667 0.628318530718 0.25825497063
0.666666666667 0.837758040957 0.359274628118
0.666666666667 1.0471975512 0.29521314542
0.666666666667 1.25663706144 0.0587599177596
0.666666666667 1.46607657168 0.0188789335017
0.666666666667 1.67551608191 0.184006462153
0.666666666667 1.88495559215 0.156673858104
0.666666666667 2.09439510239 0.278317668621
0.666666666667 2.30383461263 0.114108327117
0.666666666667 2.51327412287 0.192030107589
0.666666666667 2.72271363311 0.249515628365
0.666666666667 2.93215314335 0.305494464771
0.666666666667 3.14159265359 0.193885428373
0.666666666667 3.35103216383 0.109811950814
0.666666666667 3.56047167407 0.165197474983
0.666666666667 3.76991118431 0.146089316867
0.666666666667 3.97935069455 0.0960313809716
0.666666666667 4.18879020479 0.0854885289175
0.666666666667 4.39822971503 0.130910088166
0.666666666667 4.60766922527 0.0863339019717
0.666666666667 4.8171087355 0.21867040394
0.666666666667 5.02654824574 0.135430640666
0.666666666667 5.23598775598 0.315343150688
0.666666666667 5.44542726622 0.21733630594
0.666666666667 5.65486677646 0.0446253110963
0.666666666667 5.8643062867 0.240986748546
0.666666666667 6.07374579694 0.05300730461

0.733333333333 0 0.122404375362
0.733333333333 0.209439510239 0.268043318496
0.733333333333 0.418879020479 0.200254622056
0.733333333333 0.628318530718 0.166601599759
0.733333333333 0.837758040957 0.164094572054
0.733333333333 1.0471975512 0.0902309409103
0.733333333333 1.25663706144 0.0248600335457
0.733333333333 1.46607657168 0.0868026084883
0.733333333333 1.67551608191 0.281200824338
0.733333333333 1.88495559215 0.161200811882
0.733333333333 2.09439510239 0.333001922433
0.733333333333 2.30383461263 0.0902947426869
0.733333333333 2.51327412287 0.234743392051
0.733333333333 2.72271363311 0.17028631536
0.733333333333 2.93215314335 0.317718916133
0.733333333333 3.14159265359 0.251852796956
0.733333333333 3.35103216383 0.095565608741
0.733333333333 3.56047167407 0.0594516803081
0.733333333333 3.76991118431 0.0580811294766
0.733333333333 3.97935069455 0.0525578754416
0.733333333333 4.18879020479 0.0845087634577
0.733333333333 4.39822971503 0.108946446024
0.733333333333 4.60766922527 0.115595580097
0.733333333333 4.8171087355 0.284707367765
0.733333333333 5.02654824574 0.10890778022
0.733333333333 5.23598775598 0.309631137166
0.733333333333 5.44542726622 0.210352249561
0.733333333333 5.65486677646 0.0451643954966
0.733333333333 5.8643062867 0.217763782904
0.733333333333 6.07374579694 0.094947163012

0.8 0 0.0484302306623
0.8 0.209439510239 0.214023987053
0.8 0.418879020479 0.309195778313
0.8 0.628318530718 0.266438202349
0.8 0.837758040957 0.203827697609
0.8 1.0471975512 0.155791756205
0.8 1.25663706144 0.143200766162
0.8 1.46607657168 0.21638009031
0.8 1.67551608191 0.303727682432
0.8 1.88495559215 0.192686437275
0.8 2.09439510239 0.343390911918
0.8 2.30383461263 0.0623306230909
0.8 2.51327412287 0.255382728102
0.8 2.72271363311 0.132218034877
0.8 2.93215314335 0.272673062102
0.8 3.14159265359 0.342814696732
0.8 3.35103216383 0.202107664168
0.8 3.56047167407 0.100426630917
0.8 3.76991118431 0.0742931328943
0.8 3.97935069455 0.0891941142198
0.8 4.18879020479 0.11789260385
0.8 4.39822971503 0.136418024867
0.8 4.60766922527 0.229400992979
0.8 4.8171087355 0.284584485912
0.8 5.02654824574 0.0903945205771
0.8 5.23598775598 0.28488850755
0.8 5.44542726622 0.200471763553
0.8 5.65486677646 0.0639015302916
0.8 5.8643062867 0.176924162432
0.8 6.07374579694 0.159073554213

0.866666666667 0 0.0982395114115
0.866666666667 0.209439510239 0.0472631905871
0.866666666667 0.418879020479 0.134284568734
0.866666666667 0.628318530718 0.208428089317
0.866666666667 0.837758040957 0.213676571113
0.866666666667 1.0471975512 0.186202125311
0.866666666667 1.25663706144 0.194366782146
0.866666666667 1.46607657168 0.270919384741
0.866666666667 1.67551608191 0.256233676911
0.866666666667 1.88495559215 0.254077627941
0.866666666667 2.09439510239 0.256734547406
0.866666666667 2.30383461263 0.0322675177605
0.866666666667 2.51327412287 0.207625145682
0.866666666667 2.72271363311 0.157010133681
0.866666666667 2.93215314335 0.179885109963
0.866666666667 3.14159265359 0.349627582031
0.866666666667 3.35103216383 0.358251972365
0.866666666667 3.56047167407 0.284278954739
0.866666666667 3.76991118431 0.236465899582
0.866666666667 3.97935069455 0.221258950365
0.866666666667 4.18879020479 0.228341431919
0.866666666667 4.39822971503 0.269874205172
0.866666666667 4.60766922527 0.306470375319
0.866666666667 4.8171087355 0.183226195752
0.866666666667 5.02654824574 0.0941362845748
0.866666666667 5.23598775598 0.233927877289
0.866666666667 5.44542726622 0.184675573915
0.866666666667 5.65486677646 0.103717593718
0.866666666667 5.8643062867 0.138849099398
0.866666666667 6.07374579694 0.198928918226

0.933333333333 0 0.202036998551
0.933333333333 0.209439510239 0.191781182584
0.933333333333 0.418879020479 0.15718590527
0.933333333333 0.628318530718 0.146060485081
0.933333333333 0.837758040957 0.169086465102
0.933333333333 1.0471975512 0.217726286684
0.933333333333 1.25663706144 0.265215761547
0.933333333333 1.46607657168 0.264815822054
0.933333333333 1.67551608191 0.225099202692
0.933333333333 1.88495559215 0.191396782639
0.933333333333 2.09439510239 0.095556974762
0.933333333333 2.30383461263 0.00933024631411
0.933333333333 2.51327412287 0.0977754667996
0.933333333333 2.72271363311 0.153926406935
0.933333333333 2.93215314335 0.126410234129
0.933333333333 3.14159265359 0.170710089009
0.933333333333 3.35103216383 0.24679460473
0.933333333333 3.56047167407 0.287980413047
0.933333333333 3.76991118431 0.295955847343
0.933333333333 3.97935069455 0.288293521008
0.933333333333 4.18879020479 0.269517170421
0.933333333333 4.39822971503 0.225740950328
0.933333333333 4.60766922527 0.147603625713
0.933333333333 4.8171087355 0.0854850699632
0.933333333333 5.02654824574 0.110207348586
0.933333333333 5.23598775598 0.156976916648
0.933333333333 5.44542726622 0.155658733513
0.933333333333 5.65486677646 0.146924246111
0.933333333333 5.8643062867 0.139703213066
0.933333333333 6.07374579694 0.165226626822

