-1 0 0.100238385225
-1 0.209439510239 0.100238385225
-1 0.418879020479 0.100238385225
-1 0.628318530718 0.100238385225
-1 0.837758040957 0.100238385225
-1 1.0471975512 0.100238385225
-1 1.25663706144 0.100238385225
-1 1.46607657168 0.100238385225
-1 1.67551608191 0.100238385225
-1 1.88495559215 0.100238385225
-1 2.09439510239 0.100238385225
-1 2.30383461263 0.100238385225
-1 2.51327412287 0.100238385225
-1 2.72271363311 0.100238385225
-1 2.93215314335 0.100238385225
-1 3.14159265359 0.100238385225
-1 3.35103216383 0.100238385225
-1 3.56047167407 0.100238385225
-1 3.76991118431 0.100238385225
-1 3.97935069455 0.100238385225
-1 4.18879020479 0.100238385225
-1 4.39822971503 0.100238385225
-1 4.60766922527 0.100238385225
-1 4.8171087355 0.100238385225
-1 5.02654824574 0.100238385225
-1 5.23598775598 0.100238385225
-1 5.44542726622 0.100238385225
-1 5.65486677646 0.100238385225
-1 5.8643062867 0.100238385225
-1 6.07374579694 0.100238385225

-0.933333333333 0 0.6356968122
-0.933333333333 0.209439510239 0.619336065795
-0.933333333333 0.418879020479 0.546266644958
-0.933333333333 0.628318530718 0.432759286902
-0.933333333333 0.837758040957 0.340472521579
-0.933333333333 1.0471975512 0.312788940252
-0.933333333333 1.25663706144 0.344910633383
-0.933333333333 1.46607657168 0.34895700347
-0.933333333333 1.67551608191 0.229346726288
-0.933333333333 1.88495559215 0.0740889367304
-0.933333333333 2.09439510239 0.0347575781008
-0.933333333333 2.30383461263 0.0520419401908
-0.933333333333 2.51327412287 0.059873755709
-0.933333333333 2.72271363311 0.0838283843546
-0.933333333333 2.93215314335 0.110262361217
-0.933333333333 3.14159265359 0.131972160887
-0.933333333333 3.35103216383 0.144936167264
-0.933333333333 3.56047167407 0.144993422099
-0.933333333333 3.76991118431 0.138897274266
-0.933333333333 3.97935069455 0.142392328857
-0.933333333333 4.18879020479 0.185179323418
-0.933333333333 4.39822971503 0.296751281084
-0.933333333333 4.60766922527 0.407994147821
-0.933333333333 4.8171087355 0.325552757493
-0.933333333333 5.02654824574 0.178385543623
-0.933333333333 5.23598775598 0.41696040064
-0.933333333333 5.44542726622 0.649196976307
-0.933333333333 5.65486677646 0.471611317217
-0.933333333333 5.8643062867 0.453645844224
-0.933333333333 6.07374579694 0.597502239071

-0.866666666667 0 0.993453670583
-0.866666666667 0.209439510239 0.966882893943
-0.866666666667 0.418879020479 0.959250422335
-0.866666666667 0.628318530718 0.960120481819
-0.866666666667 0.837758040957 0.799999456543
-0.866666666667 1.0471975512 0.478091819933
-0.866666666667 1.25663706144 0.169852771218
-0.866666666667 1.46607657168 0.116072635447
-0.866666666667 1.67551608191 0.254857948435
-0.866666666667 1.88495559215 0.172064464209
-0.866666666667 2.09439510239 0.0478839225707
-0.866666666667 2.30383461263 0.0748215604509
-0.866666666667 2.51327412287 0.0770425281087
-0.866666666667 2.72271363311 0.0824206013038
-0.866666666667 2.93215314335 0.0850961010473
-0.866666666667 3.14159265359 0.121516765468
-0.866666666667 3.35103216383 0.164247183964
-0.866666666667 3.56047167407 0.187175048903
-0.866666666667 3.76991118431 0.196472563456
-0.866666666667 3.97935069455 0.21432917967
-0.866666666667 4.18879020479 0.197766462967
-0.866666666667 4.39822971503 0.0895794053543
-0.866666666667 4.60766922527 0.149124030052
-0.866666666667 4.8171087355 0.598433998074
-0.866666666667 5.02654824574 0.415024789074
-0.866666666667 5.23598775598 0.304010031465
-0.866666666667 5.44542726622 1.0756553288
-0.866666666667 5.65486677646 0.574936105356
-0.866666666667 5.8643062867 0.639283729971
-0.866666666667 6.07374579694 0.971207996872

-0.8 0 1.19721822616
-0.8 0.209439510239 1.40596047979
-0.8 0.418879020479 1.74224241431
-0.8 0.628318530718 1.74048798027
-0.8 0.837758040957 1.47063863241
-0.8 1.0471975512 1.09318038848
-0.8 1.25663706144 0.633777121173
-0.8 1.46607657168 0.203298376265
-0.8 1.67551608191 0.111797774392
-0.8 1.88495559215 0.185238942439
-0.8 2.09439510239 0.0650083440181
-0.8 2.30383461263 0.0928790078854
-0.8 2.51327412287 0.0921645147721
-0.8 2.72271363311 0.0762686847157
-0.8 2.93215314335 0.0876880394413
-0.8 3.14159265359 0.161182958835
-0.8 3.35103216383 0.194831035794
-0.8 3.56047167407 0.138444255515
-0.8 3.76991118431 0.126537813533
-0.8 3.97935069455 0.200796665616
-0.8 4.18879020479 0.334315958586
-0.8 4.39822971503 0.418233546928
-0.8 4.60766922527 0.135351593032
-0.8 4.8171087355 0.264709233111
-0.8 5.02654824574 0.70265771394
-0.8 5.23598775598 0.207098137805
-0.8 5.44542726622 1.1939616161
-0.8 5.65486677646 0.56745629194
-0.8 5.8643062867 0.853901757845
-0.8 6.07374579694 1.20207802458

-0.733333333333 0 1.11798487423
-0.733333333333 0.209439510239 1.59784025207
-0.733333333333 0.418879020479 1.82407870292
-0.733333333333 0.628318530718 1.54556142053
-0.733333333333 0.837758040957 1.29146253594
-0.733333333333 1.0471975512 1.03254817008
-0.733333333333 1.25663706144 0.687669209363
-0.733333333333 1.46607657168 0.370922908002
-0.733333333333 1.67551608191 0.106459995016
-0.733333333333 1.88495559215 0.135267060469
-0.733333333333 2.09439510239 0.0723578050456
-0.733333333333 2.30383461263 0.104003456333
-0.733333333333 2.51327412287 0.106224613847
-0.733333333333 2.72271363311 0.0751470492884
-0.733333333333 2.93215314335 0.10194790318
-0.733333333333 3.14159265359 0.178858195472
-0.733333333333 3.35103216383 0.139006387436
-0.733333333333 3.56047167407 0.0768997501755
-0.733333333333 3.76991118431 0.181734897363
-0.733333333333 3.97935069455 0.270254440572
-0.733333333333 4.18879020479 0.265484512048
-0.733333333333 4.39822971503 0.396470517729
-0.733333333333 4.60766922527 0.444675763184
-0.733333333333 4.8171087355 0.090199330044
-0.733333333333 5.02654824574 0.633628602574
-0.733333333333 5.23598775598 0.27478947663
-0.733333333333 5.44542726622 1.08283450874
-0.733333333333 5.65486677646 0.555359022666
-0.733333333333 5.8643062867 1.02939846746
-0.733333333333 6.07374579694 1.15054645858

-0.666666666667 0 0.947145964304
-0.666666666667 0.209439510239 1.60024163823
-0.666666666667 0.418879020479 1.62340861607
-0.666666666667 0.628318530718 1.40116147679
-0.666666666667 0.837758040957 1.32550933482
-0.666666666667 1.0471975512 1.14966112285
-0.666666666667 1.25663706144 0.70175483619
-0.666666666667 1.46607657168 0.336258949393
-0.666666666667 1.67551608191 0.168231858293
-0.666666666667 1.88495559215 0.0828600299931
-0.666666666667 2.09439510239 0.0693508049699
-0.666666666667 2.30383461263 0.109545466295
-0.666666666667 2.51327412287 0.11964147786
-0.666666666667 2.72271363311 0.0778682821615
-0.666666666667 2.93215314335 0.109140284065
-0.666666666667 3.14159265359 0.178228217704
-0.666666666667 3.35103216383 0.0984260369518
-0.666666666667 3.56047167407 0.165003104193
-0.666666666667 3.76991118431 0.385036946285
-0.666666666667 3.97935069455 0.478173832522
-0.666666666667 4.18879020479 0.373854218134
-0.666666666667 4.39822971503 0.218874526895
-0.666666666667 4.60766922527 0.444380328457
-0.666666666667 4.8171087355 0.220535959777
-0.666666666667 5.02654824574 0.432370779561
-0.666666666667 5.23598775598 0.405653800757
-0.666666666667 5.44542726622 0.909231603249
-0.666666666667 5.65486677646 0.561972750639
-0.666666666667 5.8643062867 1.13790038146
-0.666666666667 6.07374579694 0.935347935092

-0.6 0 0.828628552699
-0.6 0.209439510239 1.56170933593
-0.6 0.418879020479 1.54031478418
-0.6 0.628318530718 1.56171000042
-0.6 0.837758040957 1.50731135967
-0.6 1.0471975512 1.37663884986
-0.6 1.25663706144 0.939849450086
-0.6 1.46607657168 0.298995169808
-0.6 1.67551608191 0.192120305019
-0.6 1.88495559215 0.0531330339392
-0.6 2.09439510239 0.0599096895102
-0.6 2.30383461263 0.11124191153
-0.6 2.51327412287 0.132250233832
-0.6 2.72271363311 0.0815723248412
-0.6 2.93215314335 0.109959759868
-0.6 3.14159265359 0.177043873051
-0.6 3.35103216383 0.0974309107484
-0.6 3.56047167407 0.262436778149
-0.6 3.76991118431 0.446063073065
-0.6 3.97935069455 0.493889867478
-0.6 4.18879020479 0.456956244352
-0.6 4.39822971503 0.2137186849
-0.6 4.60766922527 0.248115713964
-0.6 4.8171087355 0.345530545174
-0.6 5.02654824574 0.322384832288
-0.6 5.23598775598 0.510368522648
-0.6 5.44542726622 0.754752822299
-0.6 5.65486677646 0.578569701148
-0.6 5.8643062867 1.20774345372
-0.6 6.07374579694 0.695272585134

-0.533333333333 0 0.784530499272
-0.533333333333 0.209439510239 1.50870419544
-0.533333333333 0.418879020479 1.59657253796
-0.533333333333 0.628318530718 1.82371274787
-0.533333333333 0.837758040957 1.5767124022
-0.533333333333 1.0471975512 1.40265009018
-0.533333333333 1.25663706144 1.17189880718
-0.533333333333 1.46607657168 0.386919888271
-0.533333333333 1.67551608191 0.168178570885
-0.533333333333 1.88495559215 0.0451031395224
-0.533333333333 2.09439510239 0.0480986744718
-0.533333333333 2.30383461263 0.110559405718
-0.533333333333 2.51327412287 0.143738549281
-0.533333333333 2.72271363311 0.0844976520179
-0.533333333333 2.93215314335 0.110883684506
-0.533333333333 3.14159265359 0.176770216264
-0.533333333333 3.35103216383 0.107602639415
-0.533333333333 3.56047167407 0.291579404237
-0.533333333333 3.76991118431 0.379309744685
-0.533333333333 3.97935069455 0.356302096457
-0.533333333333 4.18879020479 0.374550542139
-0.533333333333 4.39822971503 0.27781462879
-0.533333333333 4.60766922527 0.122014529855
-0.533333333333 4.8171087355 0.340028460454
-0.533333333333 5.02654824574 0.334280125792
-0.533333333333 5.23598775598 0.562455374669
-0.533333333333 5.44542726622 0.638908282194
-0.533333333333 5.65486677646 0.598048370044
-0.533333333333 5.8643062867 1.26003976325
-0.533333333333 6.07374579694 0.494395858864

-0.466666666667 0 0.794561300371
-0.466666666667 0.209439510239 1.43430386514
-0.466666666667 0.418879020479 1.71635794487
-0.466666666667 0.628318530718 2.08314662957
-0.466666666667 0.837758040957 1.57675321188
-0.466666666667 1.0471975512 1.26870813888
-0.466666666667 1.25663706144 1.23533524318
-0.466666666667 1.46607657168 0.553267266827
-0.466666666667 1.67551608191 0.131471246617
-0.466666666667 1.88495559215 0.0497657773372
-0.466666666667 2.09439510239 0.0367018568591
-0.466666666667 2.30383461263 0.108593842555
-0.466666666667 2.51327412287 0.153851244749
-0.466666666667 2.72271363311 0.0860936410293
-0.466666666667 2.93215314335 0.115634634525
-0.466666666667 3.14159265359 0.172316336345
-0.466666666667 3.35103216383 0.113805378035
-0.466666666667 3.56047167407 0.285417807717
-0.466666666667 3.76991118431 0.318942899254
-0.466666666667 3.97935069455 0.243175109577
-0.466666666667 4.18879020479 0.222222497328
-0.466666666667 4.39822971503 0.276693565056
-0.466666666667 4.60766922527 0.112535276457
-0.466666666667 4.8171087355 0.254529009209
-0.466666666667 5.02654824574 0.415031924623
-0.466666666667 5.23598775598 0.568144779326
-0.466666666667 5.44542726622 0.558993587753
-0.466666666667 5.65486677646 0.618242886252
-0.466666666667 5.8643062867 1.30081943948
-0.466666666667 6.07374579694 0.349730366846

-0.4 0 0.831267200736
-0.4 0.209439510239 1.34249342719
-0.4 0.418879020479 1.82663110192
-0.4 0.628318530718 2.29975043116
-0.4 0.837758040957 1.59320887546
-0.4 1.0471975512 1.13040493372
-0.4 1.25663706144 1.16445978124
-0.4 1.46607657168 0.710928171514
-0.4 1.67551608191 0.110378111032
-0.4 1.88495559215 0.0591194228898
-0.4 2.09439510239 0.027149621199
-0.4 2.30383461263 0.106116665353
-0.4 2.51327412287 0.162441860238
-0.4 2.72271363311 0.0864981315535
-0.4 2.93215314335 0.124402616329
-0.4 3.14159265359 0.161651906217
-0.4 3.35103216383 0.119043213919
-0.4 3.56047167407 0.286541527338
-0.4 3.76991118431 0.319981901796
-0.4 3.97935069455 0.218950518264
-0.4 4.18879020479 0.109464382868
-0.4 4.39822971503 0.20799466864
-0.4 4.60766922527 0.152039561068
-0.4 4.8171087355 0.161328047335
-0.4 5.02654824574 0.511459219576
-0.4 5.23598775598 0.542872779242
-0.4 5.44542726622 0.507299363733
-0.4 5.65486677646 0.639289949143
-0.4 5.8643062867 1.33082425249
-0.4 6.07374579694 0.258060640208

-0.333333333333 0 0.871969848007
-0.333333333333 0.209439510239 1.23923210549
-0.333333333333 0.418879020479 1.87473303397
-0.333333333333 0.628318530718 2.43180406228
-0.333333333333 0.837758040957 1.63661087205
-0.333333333333 1.0471975512 1.05984422794
-0.333333333333 1.25663706144 1.05518942058
-0.333333333333 1.46607657168 0.814751745294
-0.333333333333 1.67551608191 0.113399408752
-0.333333333333 1.88495559215 0.0684110409228
-0.333333333333 2.09439510239 0.0198867775637
-0.333333333333 2.30383461263 0.10365237104
-0.333333333333 2.51327412287 0.169454990838
-0.333333333333 2.72271363311 0.0860681436466
-0.333333333333 2.93215314335 0.13560253668
-0.333333333333 3.14159265359 0.146864643857
-0.333333333333 3.35103216383 0.129484549267
-0.333333333333 3.56047167407 0.306332847885
-0.333333333333 3.76991118431 0.359679849641
-0.333333333333 3.97935069455 0.246486046073
-0.333333333333 4.18879020479 0.0619758568077
-0.333333333333 4.39822971503 0.12364139694
-0.333333333333 4.60766922527 0.185295882466
-0.333333333333 4.8171087355 0.0958102274691
-0.333333333333 5.02654824574 0.593356092302
-0.333333333333 5.23598775598 0.501223625987
-0.333333333333 5.44542726622 0.476335245084
-0.333333333333 5.65486677646 0.661936869991
-0.333333333333 5.8643062867 1.35080513387
-0.333333333333 6.07374579694 0.207791061385

-0.266666666667 0 0.902129301262
-0.266666666667 0.209439510239 1.12999513966
-0.266666666667 0.418879020479 1.83537191046
-0.266666666667 0.628318530718 2.45391236731
-0.266666666667 0.837758040957 1.68324538546
-0.266666666667 1.0471975512 1.050210416
-0.266666666667 1.25663706144 0.96991137138
-0.266666666667 1.46607657168 0.864059108457
-0.266666666667 1.67551608191 0.13577454725
-0.266666666667 1.88495559215 0.0755876269351
-0.266666666667 2.09439510239 0.0147791687552
-0.266666666667 2.30383461263 0.101551241187
-0.266666666667 2.51327412287 0.174886265534
-0.266666666667 2.72271363311 0.0851230557083
-0.266666666667 2.93215314335 0.147396443304
-0.266666666667 3.14159265359 0.131533794616
-0.266666666667 3.35103216383 0.146807067032
-0.266666666667 3.56047167407 0.335674895798
-0.266666666667 3.76991118431 0.399971604999
-0.266666666667 3.97935069455 0.275530722573
-0.266666666667 4.18879020479 0.0553639578496
-0.266666666667 4.39822971503 0.0591799677678
-0.266666666667 4.60766922527 0.195928524657
-0.266666666667 4.8171087355 0.0623871005672
-0.266666666667 5.02654824574 0.650413256361
-0.266666666667 5.23598775598 0.453953240756
-0.266666666667 5.44542726622 0.45996407216
-0.266666666667 5.65486677646 0.686905191898
-0.266666666667 5.8643062867 1.36240647484
-0.266666666667 6.07374579694 0.184849442787

-0.2 0 0.914071946584
-0.2 0.209439510239 1.02096458062
-0.2 0.418879020479 1.71107107453
-0.2 0.628318530718 2.36559062687
-0.2 0.837758040957 1.71005480793
-0.2 1.0471975512 1.07201105709
-0.2 1.25663706144 0.925149767394
-0.2 1.46607657168 0.877921089541
-0.2 1.67551608191 0.168505534526
-0.2 1.88495559215 0.0801784292804
-0.2 2.09439510239 0.0114243062116
-0.2 2.30383461263 0.100048504035
-0.2 2.51327412287 0.178741430544
-0.2 2.72271363311 0.083875004327
-0.2 2.93215314335 0.158402293762
-0.2 3.14159265359 0.118592659563
-0.2 3.35103216383 0.168629167218
-0.2 3.56047167407 0.362825913357
-0.2 3.76991118431 0.420454666251
-0.2 3.97935069455 0.28314187852
-0.2 4.18879020479 0.0623714990438
-0.2 4.39822971503 0.022456562952
-0.2 4.60766922527 0.189096559305
-0.2 4.8171087355 0.0523789136311
-0.2 5.02654824574 0.683769400982
-0.2 5.23598775598 0.407895850972
-0.2 5.44542726622 0.45338204333
-0.2 5.65486677646 0.714734721749
-0.2 5.8643062867 1.3675210171
-0.2 6.07374579694 0.176360366492

-0.133333333333 0 0.904330937049
-0.133333333333 0.209439510239 0.918979940033
-0.133333333333 0.418879020479 1.5219417831
-0.133333333333 0.628318530718 2.18284629558
-0.133333333333 0.837758040957 1.7005206836
-0.133333333333 1.0471975512 1.10279418789
-0.133333333333 1.25663706144 0.912056119354
-0.133333333333 1.46607657168 0.876141146271
-0.133333333333 1.67551608191 0.203706518372
-0.133333333333 1.88495559215 0.0824211376321
-0.133333333333 2.09439510239 0.00934948083815
-0.133333333333 2.30383461263 0.0993091367565
-0.133333333333 2.51327412287 0.181003904083
-0.133333333333 2.72271363311 0.0824778724781
-0.133333333333 2.93215314335 0.167788652767
-0.133333333333 3.14159265359 0.109636548043
-0.133333333333 3.35103216383 0.191249322709
-0.133333333333 3.56047167407 0.381683807127
-0.133333333333 3.76991118431 0.419182613893
-0.133333333333 3.97935069455 0.26962986316
-0.133333333333 4.18879020479 0.0690739888519
-0.133333333333 4.39822971503 0.0068685802813
-0.133333333333 4.60766922527 0.174585740823
-0.133333333333 4.8171087355 0.0553036204111
-0.133333333333 5.02654824574 0.699263110556
-0.133333333333 5.23598775598 0.366813464288
-0.133333333333 5.44542726622 0.452852555476
-0.133333333333 5.65486677646 0.745786291659
-0.133333333333 5.8643062867 1.36750280978
-0.133333333333 6.07374579694 0.172735080733

-0.0666666666667 0 0.871331769156
-0.0666666666667 0.209439510239 0.831067820984
-0.0666666666667 0.418879020479 1.2940751153
-0.0666666666667 0.628318530718 1.93219203022
-0.0666666666667 0.837758040957 1.64573421887
-0.0666666666667 1.0471975512 1.13148867712
-0.0666666666667 1.25663706144 0.915474191176
-0.0666666666667 1.46607657168 0.871856295974
-0.0666666666667 1.67551608191 0.236342256305
-0.0666666666667 1.88495559215 0.082761504211
-0.0666666666667 2.09439510239 0.0081209637796
-0.0666666666667 2.30383461263 0.099460538051
-0.0666666666667 2.51327412287 0.181613612358
-0.0666666666667 2.72271363311 0.0811372932125
-0.0666666666667 2.93215314335 0.175058107644
-0.0666666666667 3.14159265359 0.105186094584
-0.0666666666667 3.35103216383 0.211346948606
-0.0666666666667 3.56047167407 0.392028771807
-0.0666666666667 3.76991118431 0.40282020547
-0.0666666666667 3.97935069455 0.243742273846
-0.0666666666667 4.18879020479 0.0719116922468
-0.0666666666667 4.39822971503 0.00316670146111
-0.0666666666667 4.60766922527 0.159810656022
-0.0666666666667 4.8171087355 0.0631152044024
-0.0666666666667 5.02654824574 0.703496298434
-0.0666666666667 5.23598775598 0.332389790281
-0.0666666666667 5.44542726622 0.455440651436
-0.0666666666667 5.65486677646 0.780270920756
-0.0666666666667 5.8643062867 1.36259848119
-0.0666666666667 6.07374579694 0.168559133517

6.12323399574e-17 0 0.813970853762
6.12323399574e-17 0.209439510239 0.763839467536
6.12323399574e-17 0.418879020479 1.05338474937
6.12323399574e-17 0.628318530718 1.64840371319
6.12323399574e-17 0.837758040957 1.5493576791
6.12323399574e-17 1.0471975512 1.15448381632
6.12323399574e-17 1.25663706144 0.923137521329
6.12323399574e-17 1.46607657168 0.871223724276
6.12323399574e-17 1.67551608191 0.26399736263
6.12323399574e-17 1.88495559215 0.0816309561314
6.12323399574e-17 2.09439510239 0.00739545529323
6.12323399574e-17 2.30383461263 0.100615111471
6.12323399574e-17 2.51327412287 0.180459324053
6.12323399574e-17 2.72271363311 0.0802441636417
6.12323399574e-17 2.93215314335 0.179729496026
6.12323399574e-17 3.14159265359 0.105306486304
6.12323399574e-17 3.35103216383 0.226130138734
6.12323399574e-17 3.56047167407 0.396760122283
6.12323399574e-17 3.76991118431 0.378749515842
6.12323399574e-17 3.97935069455 0.213346655944
6.12323399574e-17 4.18879020479 0.0717566748781
6.12323399574e-17 4.39822971503 0.00442705420286
6.12323399574e-17 4.60766922527 0.149004754067
6.12323399574e-17 4.8171087355 0.0707065110027
6.12323399574e-17 5.02654824574 0.702011687866
6.12323399574e-17 5.23598775598 0.305079734777
6.12323399574e-17 5.44542726622 0.458802477681
6.12323399574e-17 5.65486677646 0.818258440791
6.12323399574e-17 5.8643062867 1.35159851485
6.12323399574e-17 6.07374579694 0.162789576314

0.0666666666667 0 0.731224188417
0.0666666666667 0.209439510239 0.722158052639
0.0666666666667 0.418879020479 0.824540753975
0.0666666666667 0.628318530718 1.37100826746
0.0666666666667 0.837758040957 1.43188391681
0.0666666666667 1.0471975512 1.17212664808
0.0666666666667 1.25663706144 0.927668523398
0.0666666666667 1.46607657168 0.87545345809
0.0666666666667 1.67551608191 0.28599659363
0.0666666666667 1.88495559215 0.0793847748523
0.0666666666667 2.09439510239 0.00694047999616
0.0666666666667 2.30383461263 0.102885178274
0.0666666666667 2.51327412287 0.177386814945
0.0666666666667 2.72271363311 0.0805064199544
0.0666666666667 2.93215314335 0.181030023755
0.0666666666667 3.14159265359 0.110238899562
0.0666666666667 3.35103216383 0.23257289978
0.0666666666667 3.56047167407 0.398982290854
0.0666666666667 3.76991118431 0.351758717363
0.0666666666667 3.97935069455 0.183042339376
0.0666666666667 4.18879020479 0.0706306848102
0.0666666666667 4.39822971503 0.00680292037247
0.0666666666667 4.60766922527 0.144412772995
0.0666666666667 4.8171087355 0.0751398359498
0.0666666666667 5.02654824574 0.698664355988
0.0666666666667 5.23598775598 0.284743870621
0.0666666666667 5.44542726622 0.461030521172
0.0666666666667 5.65486677646 0.859648700597
0.0666666666667 5.8643062867 1.33165769039
0.0666666666667 6.07374579694 0.158668117451

0.133333333333 0 0.622913376478
0.133333333333 0.209439510239 0.706404476107
0.133333333333 0.418879020479 0.632074980896
0.133333333333 0.628318530718 1.13789952039
0.133333333333 0.837758040957 1.32765685217
0.133333333333 1.0471975512 1.18649853215
0.133333333333 1.25663706144 0.925149365514
0.133333333333 1.46607657168 0.882875078894
0.133333333333 1.67551608191 0.302500911344
0.133333333333 1.88495559215 0.0763262745649
0.133333333333 2.09439510239 0.00664507627354
0.133333333333 2.30383461263 0.106390778382
0.133333333333 2.51327412287 0.172228981174
0.133333333333 2.72271363311 0.0830484094706
0.133333333333 2.93215314335 0.177662738585
0.133333333333 3.14159265359 0.120878665167
0.133333333333 3.35103216383 0.22660568275
0.133333333333 3.56047167407 0.399542874188
0.133333333333 3.76991118431 0.323985029979
0.133333333333 3.97935069455 0.155521618779
0.133333333333 4.18879020479 0.0707310804823
0.133333333333 4.39822971503 0.00885846621625
0.133333333333 4.60766922527 0.147469836117
0.133333333333 4.8171087355 0.0747985984749
0.133333333333 5.02654824574 0.695503515535
0.133333333333 5.23598775598 0.271081567752
0.133333333333 5.44542726622 0.460546740082
0.133333333333 5.65486677646 0.904099098018
0.133333333333 5.8643062867 1.29829145931
0.133333333333 6.07374579694 0.16348383851

0.2 0 0.491833718291
0.2 0.209439510239 0.708198584189
0.2 0.418879020479 0.500502565014
0.2 0.628318530718 0.977405989898
0.2 0.837758040957 1.27165420596
0.2 1.0471975512 1.19822187658
0.2 1.25663706144 0.912210562631
0.2 1.46607657168 0.890783269826
0.2 1.67551608191 0.313657849375
0.2 1.88495559215 0.0727917151493
0.2 2.09439510239 0.00653873427622
0.2 2.30383461263 0.11126058406
0.2 2.51327412287 0.164867074262
0.2 2.72271363311 0.0894204282254
0.2 2.93215314335 0.167744992628
0.2 3.14159265359 0.138909225067
0.2 3.35103216383 0.203308096028
0.2 3.56047167407 0.394724568053
0.2 3.76991118431 0.296182169215
0.2 3.97935069455 0.13375326308
0.2 4.18879020479 0.0743240619326
0.2 4.39822971503 0.0108431419576
0.2 4.60766922527 0.159348014492
0.2 4.8171087355 0.0689061841762
0.2 5.02654824574 0.69275940722
0.2 5.23598775598 0.263898473223
0.2 5.44542726622 0.456034954623
0.2 5.65486677646 0.950901926457
0.2 5.8643062867 1.24564526707
0.2 6.07374579694 0.187981048684

0.266666666667 0 0.34733358914
0.266666666667 0.209439510239 0.705903027465
0.266666666667 0.418879020479 0.44977498259
0.266666666667 0.628318530718 0.900869215644
0.266666666667 0.837758040957 1.27854875552
0.266666666667 1.0471975512 1.20005775764
0.266666666667 1.25663706144 0.882685518995
0.266666666667 1.46607657168 0.897918314662
0.266666666667 1.67551608191 0.318578360268
0.266666666667 1.88495559215 0.0693096279089
0.266666666667 2.09439510239 0.00683689462586
0.266666666667 2.30383461263 0.117623501586
0.266666666667 2.51327412287 0.155337921631
0.266666666667 2.72271363311 0.101410777112
0.266666666667 2.93215314335 0.149120406986
0.266666666667 3.14159265359 0.166163222894
0.266666666667 3.35103216383 0.15957966632
0.266666666667 3.56047167407 0.37440138479
0.266666666667 3.76991118431 0.268633011635
0.266666666667 3.97935069455 0.122151612337
0.266666666667 4.18879020479 0.0835020579871
0.266666666667 4.39822971503 0.0142905723692
0.266666666667 4.60766922527 0.180717879946
0.266666666667 4.8171087355 0.0575563892112
0.266666666667 5.02654824574 0.688755479856
0.266666666667 5.23598775598 0.263237785149
0.266666666667 5.44542726622 0.446408430663
0.266666666667 5.65486677646 0.998802814813
0.266666666667 5.8643062867 1.16723702718
0.266666666667 6.07374579694 0.244832065926

0.333333333333 0 0.209754445335
0.333333333333 0.209439510239 0.66417573828
0.333333333333 0.418879020479 0.482128879536
0.333333333333 0.628318530718 0.897225934758
0.333333333333 0.837758040957 1.32293695598
0.333333333333 1.0471975512 1.16852434941
0.333333333333 1.25663706144 0.826727879937
0.333333333333 1.46607657168 0.908048531623
0.333333333333 1.67551608191 0.31392965193
0.333333333333 1.88495559215 0.0668624913855
0.333333333333 2.09439510239 0.00803586088432
0.333333333333 2.30383461263 0.125585299061
0.333333333333 2.51327412287 0.144005147202
0.333333333333 2.72271363311 0.120483996285
0.333333333333 2.93215314335 0.120405071632
0.333333333333 3.14159265359 0.202440508968
0.333333333333 3.35103216383 0.10073638443
0.333333333333 3.56047167407 0.323236220041
0.333333333333 3.76991118431 0.240712836764
0.333333333333 3.97935069455 0.125588403504
0.333333333333 4.18879020479 0.0992220797659
0.333333333333 4.39822971503 0.0218941848334
0.333333333333 4.60766922527 0.210620459967
0.333333333333 4.8171087355 0.0423001554541
0.333333333333 5.02654824574 0.679746461848
0.333333333333 5.23598775598 0.269384782664
0.333333333333 5.44542726622 0.430810520821
0.333333333333 5.65486677646 1.04574769458
0.333333333333 5.8643062867 1.0574676889
0.333333333333 6.07374579694 0.345228305472

0.4 0 0.113450028313
0.4 0.209439510239 0.545765486465
0.4 0.418879020479 0.560512650976
0.4 0.628318530718 0.929029516255
0.4 0.837758040957 1.33525937162
0.4 1.0471975512 1.06337757834
0.4 1.25663706144 0.739363261491
0.4 1.46607657168 0.931482081535
0.4 1.67551608191 0.292648780874
0.4 1.88495559215 0.067235374601
0.4 2.09439510239 0.011087279678
0.4 2.30383461263 0.135177535712
0.4 2.51327412287 0.131806961189
0.4 2.72271363311 0.146619116528
0.4 2.93215314335 0.0831807429361
0.4 3.14159265359 0.241083820698
0.4 3.35103216383 0.0495466032644
0.4 3.56047167407 0.230583343845
0.4 3.76991118431 0.209930608248
0.4 3.97935069455 0.145717749992
0.4 4.18879020479 0.119394783084
0.4 4.39822971503 0.0373536646304
0.4 4.60766922527 0.244453366997
0.4 4.8171087355 0.0271882611641
0.4 5.02654824574 0.659882393837
0.4 5.23598775598 0.28272620891
0.4 5.44542726622 0.408649409629
0.4 5.65486677646 1.08854311499
0.4 5.8643062867 0.91423117786
0.4 6.07374579694 0.492502141624

0.466666666667 0 0.103345929445
0.466666666667 0.209439510239 0.344528075917
0.466666666667 0.418879020479 0.59424969779
0.466666666667 0.628318530718 0.927300775401
0.466666666667 0.837758040957 1.22660078374
0.466666666667 1.0471975512 0.851753856758
0.466666666667 1.25663706144 0.644222694629
0.466666666667 1.46607657168 0.973387063708
0.466666666667 1.67551608191 0.245363533647
0.466666666667 1.88495559215 0.0732501377322
0.466666666667 2.09439510239 0.0176884845118
0.466666666667 2.30383461263 0.146252658317
0.466666666667 2.51327412287 0.120556313468
0.466666666667 2.72271363311 0.1764229976
0.466666666667 2.93215314335 0.0452003005144
0.466666666667 3.14159265359 0.263524367086
0.466666666667 3.35103216383 0.0468572148303
0.466666666667 3.56047167407 0.113212410839
0.466666666667 3.76991118431 0.173757400054
0.466666666667 3.97935069455 0.175342745286
0.466666666667 4.18879020479 0.13681070671
0.466666666667 4.39822971503 0.0645056111201
0.466666666667 4.60766922527 0.271718147124
0.466666666667 4.8171087355 0.01973188215
0.466666666667 5.02654824574 0.621764395372
0.466666666667 5.23598775598 0.303415624779
0.466666666667 5.44542726622 0.379669575687
0.466666666667 5.65486677646 1.1224189136
0.466666666667 5.8643062867 0.742816928296
0.466666666667 6.07374579694 0.672398155433

0.533333333333 0 0.217480322636
0.533333333333 0.209439510239 0.134421899865
0.533333333333 0.418879020479 0.475502000343
0.533333333333 0.628318530718 0.794073036384
0.533333333333 0.837758040957 0.938887259352
0.533333333333 1.0471975512 0.558774965758
0.533333333333 1.25663706144 0.612967702473
0.533333333333 1.46607657168 0.9962083083
0.533333333333 1.67551608191 0.17048370315
0.533333333333 1.88495559215 0.0882319612189
0.533333333333 2.09439510239 0.030706616237
0.533333333333 2.30383461263 0.158272570035
0.533333333333 2.51327412287 0.113137646694
0.533333333333 2.72271363311 0.200985775305
0.533333333333 2.93215314335 0.0223348323407
0.533333333333 3.14159265359 0.240094522149
0.533333333333 3.35103216383 0.121882668844
0.533333333333 3.56047167407 0.0347244730993
0.533333333333 3.76991118431 0.137257262743
0.533333333333 3.97935069455 0.194850919094
0.533333333333 4.18879020479 0.139932210052
0.533333333333 4.39822971503 0.104692854042
0.533333333333 4.60766922527 0.275849197007
0.533333333333 4.8171087355 0.0303373322745
0.533333333333 5.02654824574 0.558392123495
0.533333333333 5.23598775598 0.330766034028
0.533333333333 5.44542726622 0.344061527193
0.533333333333 5.65486677646 1.14050065881
0.533333333333 5.8643062867 0.560735791435
0.533333333333 6.07374579694 0.842392471028

0.6 0 0.449745928523
0.6 0.209439510239 0.0844539951482
0.6 0.418879020479 0.215495085574
0.6 0.628318530718 0.469881882345
0.6 0.837758040957 0.509480796232
0.6 1.0471975512 0.310669950066
0.6 1.25663706144 0.705187366288
0.6 1.46607657168 0.885308925194
0.6 1.67551608191 0.0986127127916
0.6 1.88495559215 0.11337260642
0.6 2.09439510239 0.0546240369435
0.6 2.30383461263 0.169893915027
0.6 2.51327412287 0.113070520783
0.6 2.72271363311 0.205666508838
0.6 2.93215314335 0.0326792210982
0.6 3.14159265359 0.153059636184
0.6 3.35103216383 0.229403697596
0.6 3.56047167407 0.0646946874096
0.6 3.76991118431 0.117451206229
0.6 3.97935069455 0.179189311164
0.6 4.18879020479 0.1204214715
0.6 4.39822971503 0.151975560202
0.6 4.60766922527 0.240792005645
0.6 4.8171087355 0.0676719459166
0.6 5.02654824574 0.467489158333
0.6 5.23598775598 0.362283159404
0.6 5.44542726622 0.302611265255
0.6 5.65486677646 1.13325505804
0.6 5.8643062867 0.401669629784
0.6 6.07374579694 0.928728913024

0.666666666667 0 0.701771751876
0.666666666667 0.209439510239 0.337783518783
0.666666666667 0.418879020479 0.0982058576603
0.666666666667 0.628318530718 0.134961299247
0.666666666667 0.837758040957 0.165565657009
0.666666666667 1.0471975512 0.289694582088
0.666666666667 1.25663706144 0.791863185035
0.666666666667 1.46607657168 0.538909351725
0.666666666667 1.67551608191 0.114264623448
0.666666666667 1.88495559215 0.14184519969
0.666666666667 2.09439510239 0.0953322577551
0.666666666667 2.30383461263 0.17822783474
0.666666666667 2.51327412287 0.122074647596
0.666666666667 2.72271363311 0.177055074023
0.666666666667 2.93215314335 0.074368597535
0.666666666667 3.14159265359 0.0445563654978
0.666666666667 3.35103216383 0.238059372698
0.666666666667 3.56047167407 0.154387675085
0.666666666667 3.76991118431 0.111625989329
0.666666666667 3.97935069455 0.116069362764
0.666666666667 4.18879020479 0.08668936666
0.666666666667 4.39822971503 0.188680196126
0.666666666667 4.60766922527 0.167460490016
0.666666666667 4.8171087355 0.127772520126
0.666666666667 5.02654824574 0.358547221589
0.666666666667 5.23598775598 0.392311417234
0.666666666667 5.44542726622 0.256882121345
0.666666666667 5.65486677646 1.08811601347
0.666666666667 5.8643062867 0.313851564806
0.666666666667 6.07374579694 0.848696976321

0.733333333333 0 0.77544776704
0.733333333333 0.209439510239 0.733019959349
0.733333333333 0.418879020479 0.448029469799
0.733333333333 0.628318530718 0.254158800281
0.733333333333 0.837758040957 0.263753800606
0.733333333333 1.0471975512 0.476697021651
0.733333333333 1.25663706144 0.577403406422
0.733333333333 1.46607657168 0.138924287237
0.733333333333 1.67551608191 0.293068913393
0.733333333333 1.88495559215 0.153950875972
0.733333333333 2.09439510239 0.156757611353
0.733333333333 2.30383461263 0.17793177137
0.733333333333 2.51327412287 0.133466046837
0.733333333333 2.72271363311 0.12214304658
0.733333333333 2.93215314335 0.099561666462
0.733333333333 3.14159265359 0.0107102527736
0.733333333333 3.35103216383 0.106409577773
0.733333333333 3.56047167407 0.136282400296
0.733333333333 3.76991118431 0.0676808946317
0.733333333333 3.97935069455 0.0341746017415
0.733333333333 4.18879020479 0.0757438286905
0.733333333333 4.39822971503 0.189446961069
0.733333333333 4.60766922527 0.0883642101067
0.733333333333 4.8171087355 0.18141420527
0.733333333333 5.02654824574 0.260045262262
0.733333333333 5.23598775598 0.410509766698
0.733333333333 5.44542726622 0.20941051554
0.733333333333 5.65486677646 0.989851519215
0.733333333333 5.8643062867 0.343714010622
0.733333333333 6.07374579694 0.578213271352

0.8 0 0.518710986291
0.8 0.209439510239 0.726906339322
0.8 0.418879020479 0.813363748626
0.8 0.628318530718 0.713786175834
0.8 0.837758040957 0.597425938224
0.8 1.0471975512 0.445572840362
0.8 1.25663706144 0.138685680421
0.8 1.46607657168 0.160337585997
0.8 1.67551608191 0.496172503199
0.8 1.88495559215 0.134096256201
0.8 2.09439510239 0.228444181255
0.8 2.30383461263 0.162061427091
0.8 2.51327412287 0.123980341521
0.8 2.72271363311 0.0824172801847
0.8 2.93215314335 0.058464560245
0.8 3.14159265359 0.0426756780456
0.8 3.35103216383 0.035732304835
0.8 3.56047167407 0.0523668960177
0.8 3.76991118431 0.0315334938531
0.8 3.97935069455 0.0418323650601
0.8 4.18879020479 0.118979297572
0.8 4.39822971503 0.137242609653
0.8 4.60766922527 0.0495024657974
0.8 4.8171087355 0.185321433702
0.8 5.02654824574 0.217297242065
0.8 5.23598775598 0.401061871915
0.8 5.44542726622 0.16386999722
0.8 5.65486677646 0.823089886887
0.8 5.8643062867 0.492442933796
0.8 6.07374579694 0.255666887206

0.866666666667 0 0.152483988009
0.866666666667 0.209439510239 0.207061657159
0.866666666667 0.418879020479 0.296830904405
0.866666666667 0.628318530718 0.32450370438
0.866666666667 0.837758040957 0.215533284626
0.866666666667 1.0471975512 0.0662926886336
0.866666666667 1.25663706144 0.146253265572
0.866666666667 1.46607657168 0.488967622146
0.866666666667 1.67551608191 0.397026418595
0.866666666667 1.88495559215 0.122030278573
0.866666666667 2.09439510239 0.265641881692
0.866666666667 2.30383461263 0.130544927233
0.866666666667 2.51327412287 0.0715117249472
0.866666666667 2.72271363311 0.0798620131931
0.866666666667 2.93215314335 0.0288277225059
0.866666666667 3.14159265359 0.014179266244
0.866666666667 3.35103216383 0.0433163623533
0.866666666667 3.56047167407 0.0768725900793
0.866666666667 3.76991118431 0.0999935950128
0.866666666667 3.97935069455 0.116260442107
0.866666666667 4.18879020479 0.104205560147
0.866666666667 4.39822971503 0.0466248830874
0.866666666667 4.60766922527 0.0568772387251
0.866666666667 4.8171087355 0.156469327714
0.866666666667 5.02654824574 0.258928615945
0.866666666667 5.23598775598 0.345145672889
0.866666666667 5.44542726622 0.125114677353
0.866666666667 5.65486677646 0.580628396517
0.866666666667 5.8643062867 0.643697499994
0.866666666667 6.07374579694 0.194630030478

0.933333333333 0 0.252767204843
0.933333333333 0.209439510239 0.159953348523
0.933333333333 0.418879020479 0.115329265829
0.933333333333 0.628318530718 0.110782691341
0.933333333333 0.837758040957 0.167810815502
0.933333333333 1.0471975512 0.28411481481
0.933333333333 1.25663706144 0.374096676107
0.933333333333 1.46607657168 0.300193423956
0.933333333333 1.67551608191 0.144524309094
0.933333333333 1.88495559215 0.160580282463
0.933333333333 2.09439510239 0.211532764839
0.933333333333 2.30383461263 0.102402296568
0.933333333333 2.51327412287 0.0274407910219
0.933333333333 2.72271363311 0.0492164053727
0.933333333333 2.93215314335 0.0664976497238
0.933333333333 3.14159265359 0.0487664899562
0.933333333333 3.35103216383 0.0260703864534
0.933333333333 3.56047167407 0.0184034625937
0.933333333333 3.76991118431 0.0194915055022
0.933333333333 3.97935069455 0.0196735031716
0.933333333333 4.18879020479 0.0255591970562
0.933333333333 4.39822971503 0.0584350858855
0.933333333333 4.60766922527 0.125889740353
0.933333333333 4.8171087355 0.217689311576
0.933333333333 5.02654824574 0.301157114943
0.933333333333 5.23598775598 0.232409905663
0.933333333333 5.44542726622 0.0989700372041
0.933333333333 5.65486677646 0.28776528137
0.933333333333 5.8643062867 0.5253844188
0.933333333333 6.07374579694 0.431497351219

