-1 0 0.106756919489
-1 0.209439510239 0.106756919489
-1 0.418879020479 0.106756919489
-1 0.628318530718 0.106756919489
-1 0.837758040957 0.106756919489
-1 1.0471975512 0.106756919489
-1 1.25663706144 0.106756919489
-1 1.46607657168 0.106756919489
-1 1.67551608191 0.106756919489
-1 1.88495559215 0.106756919489
-1 2.09439510239 0.106756919489
-1 2.30383461263 0.106756919489
-1 2.51327412287 0.106756919489
-1 2.72271363311 0.106756919489
-1 2.93215314335 0.106756919489
-1 3.14159265359 0.106756919489
-1 3.35103216383 0.106756919489
-1 3.56047167407 0.106756919489
-1 3.76991118431 0.106756919489
-1 3.97935069455 0.106756919489
-1 4.18879020479 0.106756919489
-1 4.39822971503 0.106756919489
-1 4.60766922527 0.106756919489
-1 4.8171087355 0.106756919489
-1 5.02654824574 0.106756919489
-1 5.23598775598 0.106756919489
-1 5.44542726622 0.106756919489
-1 5.65486677646 0.106756919489
-1 5.8643062867 0.106756919489
-1 6.07374579694 0.106756919489

-0.933333333333 0 0.164515795495
-0.933333333333 0.209439510239 0.0705938910636
-0.933333333333 0.418879020479 0.0681062980033
-0.933333333333 0.628318530718 0.0709244188365
-0.933333333333 0.837758040957 0.0464844192502
-0.933333333333 1.0471975512 0.0307760388445
-0.933333333333 1.25663706144 0.102324585592
-0.933333333333 1.46607657168 0.28298849563
-0.933333333333 1.67551608191 0.411614052664
-0.933333333333 1.88495559215 0.294753211663
-0.933333333333 2.09439510239 0.090311158821
-0.933333333333 2.30383461263 0.0822418003058
-0.933333333333 2.51327412287 0.183200051925
-0.933333333333 2.72271363311 0.220041856629
-0.933333333333 2.93215314335 0.19118713193
-0.933333333333 3.14159265359 0.175282539082
-0.933333333333 3.35103216383 0.234638778344
-0.933333333333 3.56047167407 0.33665409824
-0.933333333333 3.76991118431 0.414866569491
-0.933333333333 3.97935069455 0.438352400305
-0.933333333333 4.18879020479 0.403935278389
-0.933333333333 4.39822971503 0.313424080161
-0.933333333333 4.60766922527 0.183179833542
-0.933333333333 4.8171087355 0.119099949555
-0.933333333333 5.02654824574 0.23153158011
-0.933333333333 5.23598775598 0.27976928645
-0.933333333333 5.44542726622 0.142549305413
-0.933333333333 5.65486677646 0.244940431853
-0.933333333333 5.8643062867 0.46108576684
-0.933333333333 6.07374579694 0.373769510446

-0.866666666667 0 0.290416239447
-0.866666666667 0.209439510239 0.632108832809
-0.866666666667 0.418879020479 0.881037942134
-0.866666666667 0.628318530718 0.916220730962
-0.866666666667 0.837758040957 0.781525995353
-0.866666666667 1.0471975512 0.520334291509
-0.866666666667 1.25663706144 0.193487313879
-0.866666666667 1.46607657168 0.0325397512276
-0.866666666667 1.67551608191 0.246616058471
-0.866666666667 1.88495559215 0.380473170303
-0.866666666667 2.09439510239 0.149285104904
-0.866666666667 2.30383461263 0.135616805799
-0.866666666667 2.51327412287 0.182586167088
-0.866666666667 2.72271363311 0.258669866408
-0.866666666667 2.93215314335 0.324197299593
-0.866666666667 3.14159265359 0.366457088917
-0.866666666667 3.35103216383 0.456089286847
-0.866666666667 3.56047167407 0.516701388304
-0.866666666667 3.76991118431 0.552556643784
-0.866666666667 3.97935069455 0.587196313336
-0.866666666667 4.18879020479 0.594599442908
-0.866666666667 4.39822971503 0.559560830353
-0.866666666667 4.60766922527 0.583149376562
-0.866666666667 4.8171087355 0.473923434066
-0.866666666667 5.02654824574 0.198355069272
-0.866666666667 5.23598775598 0.363314696236
-0.866666666667 5.44542726622 0.216984174296
-0.866666666667 5.65486677646 0.209227387218
-0.866666666667 5.8643062867 0.448404869204
-0.866666666667 6.07374579694 0.242182227525

-0.8 0 0.71523114746
-0.8 0.209439510239 1.17625299204
-0.8 0.418879020479 1.2317132838
-0.8 0.628318530718 1.09420539672
-0.8 0.837758040957 0.967970914435
-0.8 1.0471975512 0.832117674868
-0.8 1.25663706144 0.561219821386
-0.8 1.46607657168 0.151500957946
-0.8 1.67551608191 0.0948571178132
-0.8 1.88495559215 0.362155282308
-0.8 2.09439510239 0.182573421161
-0.8 2.30383461263 0.200994060864
-0.8 2.51327412287 0.178655357019
-0.8 2.72271363311 0.37441006414
-0.8 2.93215314335 0.361895377424
-0.8 3.14159265359 0.312573211333
-0.8 3.35103216383 0.353617840782
-0.8 3.56047167407 0.385838362804
-0.8 3.76991118431 0.404779569659
-0.8 3.97935069455 0.459312617118
-0.8 4.18879020479 0.591375025604
-0.8 4.39822971503 0.63019208263
-0.8 4.60766922527 0.472609407572
-0.8 4.8171087355 0.67884146675
-0.8 5.02654824574 0.431663239839
-0.8 5.23598775598 0.381909876028
-0.8 5.44542726622 0.330692557846
-0.8 5.65486677646 0.123468105305
-0.8 5.8643062867 0.55005165686
-0.8 6.07374579694 0.387383635886

-0.733333333333 0 0.927951178017
-0.733333333333 0.209439510239 1.13619449496
-0.733333333333 0.418879020479 0.904524239982
-0.733333333333 0.628318530718 0.768215727666
-0.733333333333 0.837758040957 0.743311123079
-0.733333333333 1.0471975512 0.727839345078
-0.733333333333 1.25663706144 0.669090704762
-0.733333333333 1.46607657168 0.349025728719
-0.733333333333 1.67551608191 0.0501383601898
-0.733333333333 1.88495559215 0.317131228191
-0.733333333333 2.09439510239 0.195318693021
-0.733333333333 2.30383461263 0.265072614571
-0.733333333333 2.51327412287 0.186612111631
-0.733333333333 2.72271363311 0.461690050553
-0.733333333333 2.93215314335 0.270200469054
-0.733333333333 3.14159265359 0.221232192302
-0.733333333333 3.35103216383 0.298513595569
-0.733333333333 3.56047167407 0.322359813872
-0.733333333333 3.76991118431 0.275844882721
-0.733333333333 3.97935069455 0.234617482144
-0.733333333333 4.18879020479 0.286265548804
-0.733333333333 4.39822971503 0.560233381039
-0.733333333333 4.60766922527 0.473881678997
-0.733333333333 4.8171087355 0.497495790753
-0.733333333333 5.02654824574 0.623754436758
-0.733333333333 5.23598775598 0.402815058528
-0.733333333333 5.44542726622 0.425990504749
-0.733333333333 5.65486677646 0.0622336424156
-0.733333333333 5.8643062867 0.763572019995
-0.733333333333 6.07374579694 0.495819241297

-0.666666666667 0 0.89389930248
-0.666666666667 0.209439510239 0.770334406342
-0.666666666667 0.418879020479 0.56218282413
-0.666666666667 0.628318530718 0.674126499734
-0.666666666667 0.837758040957 0.722488840727
-0.666666666667 1.0471975512 0.625352785506
-0.666666666667 1.25663706144 0.589581879193
-0.666666666667 1.46607657168 0.47075114019
-0.666666666667 1.67551608191 0.0734451264055
-0.666666666667 1.88495559215 0.273569039399
-0.666666666667 2.09439510239 0.196702826933
-0.666666666667 2.30383461263 0.323612607755
-0.666666666667 2.51327412287 0.205516273335
-0.666666666667 2.72271363311 0.483654182689
-0.666666666667 2.93215314335 0.165189290797
-0.666666666667 3.14159265359 0.188666358789
-0.666666666667 3.35103216383 0.318125263423
-0.666666666667 3.56047167407 0.322755700017
-0.666666666667 3.76991118431 0.30671008038
-0.666666666667 3.97935069455 0.297051584977
-0.666666666667 4.18879020479 0.186602091516
-0.666666666667 4.39822971503 0.212203373966
-0.666666666667 4.60766922527 0.441511666808
-0.666666666667 4.8171087355 0.284625402172
-0.666666666667 5.02654824574 0.644153303805
-0.666666666667 5.23598775598 0.438073806218
-0.666666666667 5.44542726622 0.484217727
-0.666666666667 5.65486677646 0.0414040283706
-0.666666666667 5.8643062867 0.960744361363
-0.666666666667 6.07374579694 0.498947982202

-0.6 0 0.720171157774
-0.6 0.209439510239 0.434691100935
-0.6 0.418879020479 0.521332031034
-0.6 0.628318530718 0.92381533542
-0.6 0.837758040957 0.990661212821
-0.6 1.0471975512 0.71372655345
-0.6 1.25663706144 0.487864175227
-0.6 1.46607657168 0.487787330229
-0.6 1.67551608191 0.125598609435
-0.6 1.88495559215 0.236641973554
-0.6 2.09439510239 0.192338569434
-0.6 2.30383461263 0.375536566692
-0.6 2.51327412287 0.230711703307
-0.6 2.72271363311 0.452445025464
-0.6 2.93215314335 0.100896102648
-0.6 3.14159265359 0.200586474347
-0.6 3.35103216383 0.357048110362
-0.6 3.56047167407 0.349672491439
-0.6 3.76991118431 0.428269504948
-0.6 3.97935069455 0.526737552029
-0.6 4.18879020479 0.503837687546
-0.6 4.39822971503 0.138973597827
-0.6 4.60766922527 0.274587143502
-0.6 4.8171087355 0.155611402872
-0.6 5.02654824574 0.5800036591
-0.6 5.23598775598 0.472090676144
-0.6 5.44542726622 0.512745613859
-0.6 5.65486677646 0.0493019494819
-0.6 5.8643062867 1.07997940824
-0.6 6.07374579694 0.451076592103

-0.533333333333 0 0.524916566203
-0.533333333333 0.209439510239 0.273327602482
-0.533333333333 0.418879020479 0.69554400734
-0.533333333333 0.628318530718 1.27855179132
-0.533333333333 0.837758040957 1.35760183409
-0.533333333333 1.0471975512 0.955445732699
-0.533333333333 1.25663706144 0.465261870871
-0.533333333333 1.46607657168 0.433489616813
-0.533333333333 1.67551608191 0.179593216116
-0.533333333333 1.88495559215 0.205205362094
-0.533333333333 2.09439510239 0.185193319362
-0.533333333333 2.30383461263 0.420848077171
-0.533333333333 2.51327412287 0.257910638714
-0.533333333333 2.72271363311 0.393435276331
-0.533333333333 2.93215314335 0.0763410980644
-0.533333333333 3.14159265359 0.232810216218
-0.533333333333 3.35103216383 0.378464736776
-0.533333333333 3.56047167407 0.373807730131
-0.533333333333 3.76991118431 0.522098957709
-0.533333333333 3.97935069455 0.649198407004
-0.533333333333 4.18879020479 0.819310914295
-0.533333333333 4.39822971503 0.435126108914
-0.533333333333 4.60766922527 0.141125541321
-0.533333333333 4.8171087355 0.0836624821871
-0.533333333333 5.02654824574 0.52038800443
-0.533333333333 5.23598775598 0.49503596396
-0.533333333333 5.44542726622 0.522799784597
-0.533333333333 5.65486677646 0.0702692131789
-0.533333333333 5.8643062867 1.12623607799
-0.533333333333 6.07374579694 0.394062893702

-0.466666666667 0 0.373278451196
-0.466666666667 0.209439510239 0.26095897119
-0.466666666667 0.418879020479 0.906482523388
-0.466666666667 0.628318530718 1.53369644807
-0.466666666667 0.837758040957 1.65220562009
-0.466666666667 1.0471975512 1.23959387457
-0.466666666667 1.25663706144 0.532444430705
-0.466666666667 1.46607657168 0.357964826257
-0.466666666667 1.67551608191 0.220444850834
-0.466666666667 1.88495559215 0.177621923368
-0.466666666667 2.09439510239 0.176939990713
-0.466666666667 2.30383461263 0.459836003656
-0.466666666667 2.51327412287 0.284234686454
-0.466666666667 2.72271363311 0.327830842169
-0.466666666667 2.93215314335 0.0742749200444
-0.466666666667 3.14159265359 0.270227595544
-0.466666666667 3.35103216383 0.375671865506
-0.466666666667 3.56047167407 0.390909839606
-0.466666666667 3.76991118431 0.572775002966
-0.466666666667 3.97935069455 0.666634003219
-0.466666666667 4.18879020479 0.899461735044
-0.466666666667 4.39822971503 0.788884599692
-0.466666666667 4.60766922527 0.130611557289
-0.466666666667 4.8171087355 0.0473247446578
-0.466666666667 5.02654824574 0.498524876558
-0.466666666667 5.23598775598 0.505847901679
-0.466666666667 5.44542726622 0.522753584925
-0.466666666667 5.65486677646 0.0934781251387
-0.466666666667 5.8643062867 1.12676946766
-0.466666666667 6.07374579694 0.343129439274

-0.4 0 0.279669039784
-0.4 0.209439510239 0.328476562901
-0.4 0.418879020479 1.05675374708
-0.4 0.628318530718 1.62983939248
-0.4 0.837758040957 1.81161990364
-0.4 1.0471975512 1.48695678925
-0.4 1.25663706144 0.652237927277
-0.4 1.46607657168 0.296191275664
-0.4 1.67551608191 0.243781513345
-0.4 1.88495559215 0.1529837968
-0.4 2.09439510239 0.168689916681
-0.4 2.30383461263 0.492780956126
-0.4 2.51327412287 0.308171390407
-0.4 2.72271363311 0.268338698609
-0.4 2.93215314335 0.0803574254209
-0.4 3.14159265359 0.304577640099
-0.4 3.35103216383 0.358751918022
-0.4 3.56047167407 0.405350586862
-0.4 3.76991118431 0.605647561693
-0.4 3.97935069455 0.697758275527
-0.4 4.18879020479 0.848045971594
-0.4 4.39822971503 0.989895417646
-0.4 4.60766922527 0.201241699611
-0.4 4.8171087355 0.0424327425146
-0.4 5.02654824574 0.512197568145
-0.4 5.23598775598 0.507739163827
-0.4 5.44542726622 0.51784552523
-0.4 5.65486677646 0.113399984586
-0.4 5.8643062867 1.10639598405
-0.4 6.07374579694 0.301444558534

-0.333333333333 0 0.233593615513
-0.333333333333 0.209439510239 0.423112188442
-0.333333333333 0.418879020479 1.13165438628
-0.333333333333 0.628318530718 1.59973946513
-0.333333333333 0.837758040957 1.84801405354
-0.333333333333 1.0471975512 1.66911087909
-0.333333333333 1.25663706144 0.78530627271
-0.333333333333 1.46607657168 0.260502855731
-0.333333333333 1.67551608191 0.252130577125
-0.333333333333 1.88495559215 0.130976428618
-0.333333333333 2.09439510239 0.16128777847
-0.333333333333 2.30383461263 0.519859374573
-0.333333333333 2.51327412287 0.329221657512
-0.333333333333 2.72271363311 0.220437326088
-0.333333333333 2.93215314335 0.0869343632627
-0.333333333333 3.14159265359 0.332276141065
-0.333333333333 3.35103216383 0.339378975101
-0.333333333333 3.56047167407 0.418851645664
-0.333333333333 3.76991118431 0.631651982269
-0.333333333333 3.97935069455 0.789901902399
-0.333333333333 4.18879020479 0.825380865331
-0.333333333333 4.39822971503 1.04126659705
-0.333333333333 4.60766922527 0.285865881071
-0.333333333333 4.8171087355 0.0654558952998
-0.333333333333 5.02654824574 0.54737629368
-0.333333333333 5.23598775598 0.504921989262
-0.333333333333 5.44542726622 0.511056611733
-0.333333333333 5.65486677646 0.127966327372
-0.333333333333 5.8643062867 1.08121871223
-0.333333333333 6.07374579694 0.268807555423

-0.266666666667 0 0.218595240874
-0.266666666667 0.209439510239 0.51558164811
-0.266666666667 0.418879020479 1.15081889272
-0.266666666667 0.628318530718 1.49999693937
-0.266666666667 0.837758040957 1.7997666724
-0.266666666667 1.0471975512 1.78776766808
-0.266666666667 1.25663706144 0.907602757612
-0.266666666667 1.46607657168 0.248214207102
-0.266666666667 1.67551608191 0.250758788199
-0.266666666667 1.88495559215 0.111551874563
-0.266666666667 2.09439510239 0.155411729917
-0.266666666667 2.30383461263 0.54111913064
-0.266666666667 2.51327412287 0.347529783978
-0.266666666667 2.72271363311 0.185007722965
-0.266666666667 2.93215314335 0.0911833096262
-0.266666666667 3.14159265359 0.352995625346
-0.266666666667 3.35103216383 0.324174040407
-0.266666666667 3.56047167407 0.431788494099
-0.266666666667 3.76991118431 0.64786420594
-0.266666666667 3.97935069455 0.9094529884
-0.266666666667 4.18879020479 0.880883396411
-0.266666666667 4.39822971503 1.02640292993
-0.266666666667 4.60766922527 0.349461710006
-0.266666666667 4.8171087355 0.108437504286
-0.266666666667 5.02654824574 0.590266657858
-0.266666666667 5.23598775598 0.501082229724
-0.266666666667 5.44542726622 0.50388301731
-0.266666666667 5.65486677646 0.136883752324
-0.266666666667 5.8643062867 1.059804002
-0.266666666667 6.07374579694 0.244264411416

-0.2 0 0.22037196819
-0.2 0.209439510239 0.592163899847
-0.2 0.418879020479 1.13662055386
-0.2 0.628318530718 1.37653576479
-0.2 0.837758040957 1.70423964601
-0.2 1.0471975512 1.85401066428
-0.2 1.25663706144 1.00820300931
-0.2 1.46607657168 0.251292721443
-0.2 1.67551608191 0.244775661879
-0.2 1.88495559215 0.0947160012536
-0.2 2.09439510239 0.151612806792
-0.2 2.30383461263 0.556477240827
-0.2 2.51327412287 0.363586733831
-0.2 2.72271363311 0.160609666312
-0.2 2.93215314335 0.0926777666588
-0.2 3.14159265359 0.368236790391
-0.2 3.35103216383 0.314901365041
-0.2 3.56047167407 0.44596832713
-0.2 3.76991118431 0.652097034464
-0.2 3.97935069455 1.0045645826
-0.2 4.18879020479 0.973393944647
-0.2 4.39822971503 1.00423616117
-0.2 4.60766922527 0.386875955791
-0.2 4.8171087355 0.161441909874
-0.2 5.02654824574 0.631152091014
-0.2 5.23598775598 0.498863027342
-0.2 5.44542726622 0.496867864097
-0.2 5.65486677646 0.140590935296
-0.2 5.8643062867 1.04581774639
-0.2 6.07374579694 0.226635879923

-0.133333333333 0 0.228692957411
-0.133333333333 0.209439510239 0.647639248166
-0.133333333333 0.418879020479 1.10438984161
-0.133333333333 0.628318530718 1.2566269533
-0.133333333333 0.837758040957 1.58871274752
-0.133333333333 1.0471975512 1.87790160095
-0.133333333333 1.25663706144 1.08222839299
-0.133333333333 1.46607657168 0.262274740654
-0.133333333333 1.67551608191 0.237811152664
-0.133333333333 1.88495559215 0.0804518339714
-0.133333333333 2.09439510239 0.150344770947
-0.133333333333 2.30383461263 0.565721870945
-0.133333333333 2.51327412287 0.378017850519
-0.133333333333 2.72271363311 0.144987273902
-0.133333333333 2.93215314335 0.0918411055854
-0.133333333333 3.14159265359 0.380095914788
-0.133333333333 3.35103216383 0.31080508089
-0.133333333333 3.56047167407 0.464731143179
-0.133333333333 3.76991118431 0.649842612284
-0.133333333333 3.97935069455 1.04671876883
-0.133333333333 4.18879020479 1.04423547049
-0.133333333333 4.39822971503 0.990082027956
-0.133333333333 4.60766922527 0.404686179566
-0.133333333333 4.8171087355 0.215535260076
-0.133333333333 5.02654824574 0.66445228379
-0.133333333333 5.23598775598 0.499826906273
-0.133333333333 5.44542726622 0.489952679679
-0.133333333333 5.65486677646 0.139734350424
-0.133333333333 5.8643062867 1.04013805658
-0.133333333333 6.07374579694 0.214747619896

-0.0666666666667 0 0.236986510832
-0.0666666666667 0.209439510239 0.681148141779
-0.0666666666667 0.418879020479 1.06248512481
-0.0666666666667 0.628318530718 1.15194219729
-0.0666666666667 0.837758040957 1.46947050924
-0.0666666666667 1.0471975512 1.86501494628
-0.0666666666667 1.25663706144 1.12582284494
-0.0666666666667 1.46607657168 0.27644937821
-0.0666666666667 1.67551608191 0.231775261348
-0.0666666666667 1.88495559215 0.0687354995121
-0.0666666666667 2.09439510239 0.151993732061
-0.0666666666667 2.30383461263 0.568515326636
-0.0666666666667 2.51327412287 0.391435517325
-0.0666666666667 2.72271363311 0.135898754406
-0.0666666666667 2.93215314335 0.0892945784581
-0.0666666666667 3.14159265359 0.39045096677
-0.0666666666667 3.35103216383 0.310426690852
-0.0666666666667 3.56047167407 0.492006879932
-0.0666666666667 3.76991118431 0.654762304765
-0.0666666666667 3.97935069455 1.03732685804
-0.0666666666667 4.18879020479 1.05834816745
-0.0666666666667 4.39822971503 0.975015473443
-0.0666666666667 4.60766922527 0.409606701126
-0.0666666666667 4.8171087355 0.264124321086
-0.0666666666667 5.02654824574 0.687594698699
-0.0666666666667 5.23598775598 0.504608331919
-0.0666666666667 5.44542726622 0.482713523232
-0.0666666666667 5.65486677646 0.13495888844
-0.0666666666667 5.8643062867 1.04213733006
-0.0666666666667 6.07374579694 0.207731302849

6.12323399574e-17 0 0.241440294262
6.12323399574e-17 0.209439510239 0.693856831336
6.12323399574e-17 0.418879020479 1.01440170996
6.12323399574e-17 0.628318530718 1.06362772505
6.12323399574e-17 0.837758040957 1.35308999118
6.12323399574e-17 1.0471975512 1.81535591576
6.12323399574e-17 1.25663706144 1.1341819201
6.12323399574e-17 1.46607657168 0.292092331196
6.12323399574e-17 1.67551608191 0.227105503279
6.12323399574e-17 1.88495559215 0.0596048290736
6.12323399574e-17 2.09439510239 0.15690123434
6.12323399574e-17 2.30383461263 0.564402233531
6.12323399574e-17 2.51327412287 0.404330035494
6.12323399574e-17 2.72271363311 0.131491772963
6.12323399574e-17 2.93215314335 0.0857728124349
6.12323399574e-17 3.14159265359 0.400482978235
6.12323399574e-17 3.35103216383 0.312409653363
6.12323399574e-17 3.56047167407 0.531599748265
6.12323399574e-17 3.76991118431 0.68684871792
6.12323399574e-17 3.97935069455 0.99697902845
6.12323399574e-17 4.18879020479 1.0086512071
6.12323399574e-17 4.39822971503 0.945184601589
6.12323399574e-17 4.60766922527 0.405357436148
6.12323399574e-17 4.8171087355 0.302947854734
6.12323399574e-17 5.02654824574 0.699870811245
6.12323399574e-17 5.23598775598 0.513107646732
6.12323399574e-17 5.44542726622 0.474523550418
6.12323399574e-17 5.65486677646 0.126866950271
6.12323399574e-17 5.8643062867 1.05030911666
6.12323399574e-17 6.07374579694 0.205351779218

0.0666666666667 0 0.240251442115
0.0666666666667 0.209439510239 0.687592637092
0.0666666666667 0.418879020479 0.960543402363
0.0666666666667 0.628318530718 0.986207826823
0.0666666666667 0.837758040957 1.23769303583
0.0666666666667 1.0471975512 1.72273921145
0.0666666666667 1.25663706144 1.10198206191
0.0666666666667 1.46607657168 0.310111111362
0.0666666666667 1.67551608191 0.223118975273
0.0666666666667 1.88495559215 0.0532581379757
0.0666666666667 2.09439510239 0.165368070362
0.0666666666667 2.30383461263 0.552828941064
0.0666666666667 2.51327412287 0.416971995353
0.0666666666667 2.72271363311 0.130424624278
0.0666666666667 2.93215314335 0.0823362998076
0.0666666666667 3.14159265359 0.410278059312
0.0666666666667 3.35103216383 0.315775207197
0.0666666666667 3.56047167407 0.585910209637
0.0666666666667 3.76991118431 0.767884562853
0.0666666666667 3.97935069455 0.951571777818
0.0666666666667 4.18879020479 0.905342502172
0.0666666666667 4.39822971503 0.890995379148
0.0666666666667 4.60766922527 0.393803396336
0.0666666666667 4.8171087355 0.32946187003
0.0666666666667 5.02654824574 0.701689629761
0.0666666666667 5.23598775598 0.524647293722
0.0666666666667 5.44542726622 0.464670631225
0.0666666666667 5.65486677646 0.116060627752
0.0666666666667 5.8643062867 1.06246154114
0.0666666666667 6.07374579694 0.208295143454

0.133333333333 0 0.233176654459
0.133333333333 0.209439510239 0.664100898766
0.133333333333 0.418879020479 0.89961129863
0.133333333333 0.628318530718 0.91007522269
0.133333333333 0.837758040957 1.11399738804
0.133333333333 1.0471975512 1.57524610054
0.133333333333 1.25663706144 1.02620208904
0.133333333333 1.46607657168 0.333526752832
0.133333333333 1.67551608191 0.218350513877
0.133333333333 1.88495559215 0.0501722276059
0.133333333333 2.09439510239 0.177623609149
0.133333333333 2.30383461263 0.533185514918
0.133333333333 2.51327412287 0.429300359865
0.133333333333 2.72271363311 0.13187552084
0.133333333333 2.93215314335 0.0807066423527
0.133333333333 3.14159265359 0.41825319292
0.133333333333 3.35103216383 0.320383900739
0.133333333333 3.56047167407 0.652280459396
0.133333333333 3.76991118431 0.910873925623
0.133333333333 3.97935069455 0.919751691878
0.133333333333 4.18879020479 0.765294552621
0.133333333333 4.39822971503 0.809449173195
0.133333333333 4.60766922527 0.376917566227
0.133333333333 4.8171087355 0.342128631324
0.133333333333 5.02654824574 0.694300461381
0.133333333333 5.23598775598 0.538049820093
0.133333333333 5.44542726622 0.45244829193
0.133333333333 5.65486677646 0.103226300806
0.133333333333 5.8643062867 1.07564148578
0.133333333333 6.07374579694 0.218394065759

0.2 0 0.221386845481
0.2 0.209439510239 0.624788099546
0.2 0.418879020479 0.830023760549
0.2 0.628318530718 0.823618700472
0.2 0.837758040957 0.96740846369
0.2 1.0471975512 1.35951671866
0.2 1.25663706144 0.912208428644
0.2 1.46607657168 0.366317908964
0.2 1.67551608191 0.210993212097
0.2 1.88495559215 0.0512280176794
0.2 2.09439510239 0.193740277204
0.2 2.30383461263 0.5048845013
0.2 2.51327412287 0.440776280966
0.2 2.72271363311 0.135528929626
0.2 2.93215314335 0.0835622436197
0.2 3.14159265359 0.420306259623
0.2 3.35103216383 0.328233327221
0.2 3.56047167407 0.716238100799
0.2 3.76991118431 1.10155886974
0.2 3.97935069455 0.901626755752
0.2 4.18879020479 0.606008584424
0.2 4.39822971503 0.704290072134
0.2 4.60766922527 0.357874029108
0.2 4.8171087355 0.339860108331
0.2 5.02654824574 0.679930352614
0.2 5.23598775598 0.551619013564
0.2 5.44542726622 0.43723376052
0.2 5.65486677646 0.0892456988954
0.2 5.8643062867 1.08589074596
0.2 6.07374579694 0.238772735875

0.266666666667 0 0.207606430227
0.266666666667 0.209439510239 0.570924419348
0.266666666667 0.418879020479 0.751623996561
0.266666666667 0.628318530718 0.716696602427
0.266666666667 0.837758040957 0.783759129494
0.266666666667 1.0471975512 1.07305387153
0.266666666667 1.25663706144 0.783190271097
0.266666666667 1.46607657168 0.410409096111
0.266666666667 1.67551608191 0.199769890876
0.266666666667 1.88495559215 0.0578119270455
0.266666666667 2.09439510239 0.213466348521
0.266666666667 2.30383461263 0.467497850907
0.266666666667 2.51327412287 0.450192305595
0.266666666667 2.72271363311 0.141580543701
0.266666666667 2.93215314335 0.0945199712926
0.266666666667 3.14159265359 0.409019719245
0.266666666667 3.35103216383 0.345690327829
0.266666666667 3.56047167407 0.745619580482
0.266666666667 3.76991118431 1.27808491402
0.266666666667 3.97935069455 0.871054185281
0.266666666667 4.18879020479 0.444057925579
0.266666666667 4.39822971503 0.586129077389
0.266666666667 4.60766922527 0.340611334801
0.266666666667 4.8171087355 0.321758637901
0.266666666667 5.02654824574 0.662212660569
0.266666666667 5.23598775598 0.56302486986
0.266666666667 5.44542726622 0.418564955011
0.266666666667 5.65486677646 0.0753303581903
0.266666666667 5.8643062867 1.08790621848
0.266666666667 6.07374579694 0.273838411153

0.333333333333 0 0.196522853387
0.333333333333 0.209439510239 0.50439912867
0.333333333333 0.418879020479 0.66755137605
0.333333333333 0.628318530718 0.587307639204
0.333333333333 0.837758040957 0.562079851847
0.333333333333 1.0471975512 0.746634635224
0.333333333333 1.25663706144 0.687999900215
0.333333333333 1.46607657168 0.459521340137
0.333333333333 1.67551608191 0.185701992799
0.333333333333 1.88495559215 0.0718075546795
0.333333333333 2.09439510239 0.235941513973
0.333333333333 2.30383461263 0.42098292075
0.333333333333 2.51327412287 0.455453816726
0.333333333333 2.72271363311 0.150747140965
0.333333333333 2.93215314335 0.11730100316
0.333333333333 3.14159265359 0.374154868911
0.333333333333 3.35103216383 0.384733403129
0.333333333333 3.56047167407 0.698277117949
0.333333333333 3.76991118431 1.33030360049
0.333333333333 3.97935069455 0.781145760139
0.333333333333 4.18879020479 0.297948353024
0.333333333333 4.39822971503 0.471878134725
0.333333333333 4.60766922527 0.327748236509
0.333333333333 4.8171087355 0.287356662038
0.333333333333 5.02654824574 0.646684971054
0.333333333333 5.23598775598 0.569117287435
0.333333333333 5.44542726622 0.396226160753
0.333333333333 5.65486677646 0.0631802252349
0.333333333333 5.8643062867 1.0746895837
0.333333333333 6.07374579694 0.328916787489

0.4 0 0.195454180716
0.4 0.209439510239 0.429209399238
0.4 0.418879020479 0.585527445575
0.4 0.628318530718 0.451768008173
0.4 0.837758040957 0.335152436986
0.4 1.0471975512 0.467674984149
0.4 1.25663706144 0.691762580112
0.4 1.46607657168 0.491091923486
0.4 1.67551608191 0.175027909365
0.4 1.88495559215 0.0952898215571
0.4 2.09439510239 0.259255702116
0.4 2.30383461263 0.366042012233
0.4 2.51327412287 0.453411329527
0.4 2.72271363311 0.16417025109
0.4 2.93215314335 0.153378674615
0.4 3.14159265359 0.307003011526
0.4 3.35103216383 0.456987325259
0.4 3.56047167407 0.560042131273
0.4 3.76991118431 1.15316213132
0.4 3.97935069455 0.597761106597
0.4 4.18879020479 0.194248681443
0.4 4.39822971503 0.380353451046
0.4 4.60766922527 0.317524057061
0.4 4.8171087355 0.237744049527
0.4 5.02654824574 0.640922673512
0.4 5.23598775598 0.565735567259
0.4 5.44542726622 0.370350957986
0.4 5.65486677646 0.0551621044565
0.4 5.8643062867 1.03735581644
0.4 6.07374579694 0.409088613644

0.466666666667 0 0.215188006961
0.466666666667 0.209439510239 0.35375646467
0.466666666667 0.418879020479 0.51690841855
0.466666666667 0.628318530718 0.35292443597
0.466666666667 0.837758040957 0.18681858082
0.466666666667 1.0471975512 0.372371421759
0.466666666667 1.25663706144 0.826021628335
0.466666666667 1.46607657168 0.465493943171
0.466666666667 1.67551608191 0.182221070334
0.466666666667 1.88495559215 0.129575439884
0.466666666667 2.09439510239 0.279829638745
0.466666666667 2.30383461263 0.304676599844
0.466666666667 2.51327412287 0.439952640524
0.466666666667 2.72271363311 0.182930210186
0.466666666667 2.93215314335 0.197759149436
0.466666666667 3.14159265359 0.211395807088
0.466666666667 3.35103216383 0.551605939817
0.466666666667 3.56047167407 0.40205497611
0.466666666667 3.76991118431 0.764518639027
0.466666666667 3.97935069455 0.360028972212
0.466666666667 4.18879020479 0.1675204966
0.466666666667 4.39822971503 0.320545990994
0.466666666667 4.60766922527 0.302025075277
0.466666666667 4.8171087355 0.178147365104
0.466666666667 5.02654824574 0.653508178207
0.466666666667 5.23598775598 0.547658955534
0.466666666667 5.44542726622 0.34154692284
0.466666666667 5.65486677646 0.0544831156243
0.466666666667 5.8643062867 0.965467890206
0.466666666667 6.07374579694 0.516410987748

0.533333333333 0 0.270435334107
0.533333333333 0.209439510239 0.293678642373
0.533333333333 0.418879020479 0.471222330704
0.533333333333 0.628318530718 0.34957624318
0.533333333333 0.837758040957 0.2310302433
0.533333333333 1.0471975512 0.557688806884
0.533333333333 1.25663706144 1.00257858095
0.533333333333 1.46607657168 0.353549566671
0.533333333333 1.67551608191 0.228599483989
0.533333333333 1.88495559215 0.173143708954
0.533333333333 2.09439510239 0.291693962412
0.533333333333 2.30383461263 0.241008428049
0.533333333333 2.51327412287 0.410796463671
0.533333333333 2.72271363311 0.206674116813
0.533333333333 2.93215314335 0.234737140441
0.533333333333 3.14159265359 0.118431500518
0.533333333333 3.35103216383 0.603144719315
0.533333333333 3.56047167407 0.370022256978
0.533333333333 3.76991118431 0.392420654911
0.533333333333 3.97935069455 0.208419008518
0.533333333333 4.18879020479 0.231182215621
0.533333333333 4.39822971503 0.27637172692
0.533333333333 4.60766922527 0.270874034122
0.533333333333 4.8171087355 0.122249056553
0.533333333333 5.02654824574 0.690593632698
0.533333333333 5.23598775598 0.508971110358
0.533333333333 5.44542726622 0.311038604843
0.533333333333 5.65486677646 0.0652867021466
0.533333333333 5.8643062867 0.848639991429
0.533333333333 6.07374579694 0.644299576614

0.6 0 0.377416610121
0.6 0.209439510239 0.274671452269
0.6 0.418879020479 0.446576010084
0.6 0.628318530718 0.463515150333
0.6 0.837758040957 0.503824410283
0.6 1.0471975512 0.912247910694
0.6 1.25663706144 0.992074583115
0.6 1.46607657168 0.204575380295
0.6 1.67551608191 0.326888897886
0.6 1.88495559215 0.218200710883
0.6 2.09439510239 0.286092808371
0.6 2.30383461263 0.182391831415
0.6 2.51327412287 0.363745253978
0.6 2.72271363311 0.230950785265
0.6 2.93215314335 0.241130812993
0.6 3.14159265359 0.084080716451
0.6 3.35103216383 0.506054153063
0.6 3.56047167407 0.496335741219
0.6 3.76991118431 0.312044564385
0.6 3.97935069455 0.258990676846
0.6 4.18879020479 0.31265133352
0.6 4.39822971503 0.211444559527
0.6 4.60766922527 0.223894755348
0.6 4.8171087355 0.0967113271796
0.6 5.02654824574 0.748719793982
0.6 5.23598775598 0.444303043183
0.6 5.44542726622 0.280804444536
0.6 5.65486677646 0.0924948144061
0.6 5.8643062867 0.680748462532
0.6 6.07374579694 0.768057916891

0.666666666667 0 0.540559890202
0.666666666667 0.209439510239 0.333282258014
0.666666666667 0.418879020479 0.430719724071
0.666666666667 0.628318530718 0.599657259461
0.666666666667 0.837758040957 0.800627087847
0.666666666667 1.0471975512 1.04845554285
0.666666666667 1.25663706144 0.647041452894
0.666666666667 1.46607657168 0.186343063646
0.666666666667 1.67551608191 0.444338334106
0.666666666667 1.88495559215 0.247584551233
0.666666666667 2.09439510239 0.252909477499
0.666666666667 2.30383461263 0.140504740144
0.666666666667 2.51327412287 0.303199111352
0.666666666667 2.72271363311 0.244312152011
0.666666666667 2.93215314335 0.210520124428
0.666666666667 3.14159265359 0.135489293332
0.666666666667 3.35103216383 0.255930500669
0.666666666667 3.56047167407 0.51374938987
0.666666666667 3.76991118431 0.415519898813
0.666666666667 3.97935069455 0.349269077013
0.666666666667 4.18879020479 0.255002508771
0.666666666667 4.39822971503 0.128711113315
0.666666666667 4.60766922527 0.187297835803
0.666666666667 4.8171087355 0.139188816714
0.666666666667 5.02654824574 0.80405199951
0.666666666667 5.23598775598 0.351631179026
0.666666666667 5.44542726622 0.253638054009
0.666666666667 5.65486677646 0.141005092095
0.666666666667 5.8643062867 0.46869619386
0.666666666667 6.07374579694 0.833525365631

0.733333333333 0 0.71203338427
0.733333333333 0.209439510239 0.500049651406
0.733333333333 0.418879020479 0.44630270223
0.733333333333 0.628318530718 0.592182243577
0.733333333333 0.837758040957 0.759650197139
0.733333333333 1.0471975512 0.701010384382
0.733333333333 1.25663706144 0.271837744087
0.733333333333 1.46607657168 0.414148554781
0.733333333333 1.67551608191 0.474424186595
0.733333333333 1.88495559215 0.239847745443
0.733333333333 2.09439510239 0.187858558311
0.733333333333 2.30383461263 0.130510867054
0.733333333333 2.51327412287 0.246093202328
0.733333333333 2.72271363311 0.230360523709
0.733333333333 2.93215314335 0.193885526343
0.733333333333 3.14159265359 0.206105283563
0.733333333333 3.35103216383 0.0907420528741
0.733333333333 3.56047167407 0.233209657934
0.733333333333 3.76991118431 0.261694210185
0.733333333333 3.97935069455 0.179825222926
0.733333333333 4.18879020479 0.0810845752294
0.733333333333 4.39822971503 0.146898863066
0.733333333333 4.60766922527 0.209377337047
0.733333333333 4.8171087355 0.274100100208
0.733333333333 5.02654824574 0.803796172588
0.733333333333 5.23598775598 0.237355678403
0.733333333333 5.44542726622 0.232960665343
0.733333333333 5.65486677646 0.213417709541
0.733333333333 5.8643062867 0.24716930244
0.733333333333 6.07374579694 0.756894666686

0.8 0 0.725543665015
0.8 0.209439510239 0.703036776794
0.8 0.418879020479 0.581049768939
0.8 0.628318530718 0.528987273628
0.8 0.837758040957 0.495460486933
0.8 1.0471975512 0.3700752675
0.8 1.25663706144 0.361404503945
0.8 1.46607657168 0.601057835732
0.8 1.67551608191 0.328603000204
0.8 1.88495559215 0.197642530657
0.8 2.09439510239 0.110077034842
0.8 2.30383461263 0.160955864957
0.8 2.51327412287 0.221876694511
0.8 2.72271363311 0.182693582901
0.8 2.93215314335 0.264319363856
0.8 3.14159265359 0.251280775642
0.8 3.35103216383 0.216412845599
0.8 3.56047167407 0.165003555776
0.8 3.76991118431 0.134161987047
0.8 3.97935069455 0.130563620143
0.8 4.18879020479 0.229458451014
0.8 4.39822971503 0.370941720423
0.8 4.60766922527 0.305524564739
0.8 4.8171087355 0.449022225316
0.8 5.02654824574 0.678158482039
0.8 5.23598775598 0.123619378915
0.8 5.44542726622 0.221956519422
0.8 5.65486677646 0.304594648223
0.8 5.8643062867 0.0951240360232
0.8 6.07374579694 0.475597572746

0.866666666667 0 0.363861697359
0.866666666667 0.209439510239 0.574600443583
0.866666666667 0.418879020479 0.64202350008
0.866666666667 0.628318530718 0.600950083797
0.866666666667 0.837758040957 0.525601735256
0.866666666667 1.0471975512 0.474586057755
0.866666666667 1.25663706144 0.458720662524
0.866666666667 1.46607657168 0.331087086313
0.866666666667 1.67551608191 0.176752641453
0.866666666667 1.88495559215 0.180417898509
0.866666666667 2.09439510239 0.0703998307161
0.866666666667 2.30383461263 0.202339872857
0.866666666667 2.51327412287 0.24763904807
0.866666666667 2.72271363311 0.13331063829
0.866666666667 2.93215314335 0.302610026397
0.866666666667 3.14159265359 0.35543576321
0.866666666667 3.35103216383 0.404721156858
0.866666666667 3.56047167407 0.506798154068
0.866666666667 3.76991118431 0.580107980623
0.866666666667 3.97935069455 0.630043698184
0.866666666667 4.18879020479 0.632890166973
0.866666666667 4.39822971503 0.503412194662
0.866666666667 4.60766922527 0.366888210161
0.866666666667 4.8171087355 0.475509919904
0.866666666667 5.02654824574 0.407068132906
0.866666666667 5.23598775598 0.0542560426213
0.866666666667 5.44542726622 0.220883047357
0.866666666667 5.65486677646 0.389559510464
0.866666666667 5.8643062867 0.126561858551
0.866666666667 6.07374579694 0.117128636434

0.933333333333 0 0.0493147752207
0.933333333333 0.209439510239 0.0335194265882
0.933333333333 0.418879020479 0.0716890650596
0.933333333333 0.628318530718 0.103729791962
0.933333333333 0.837758040957 0.107666757615
0.933333333333 1.0471975512 0.10147678591
0.933333333333 1.25663706144 0.128248618345
0.933333333333 1.46607657168 0.22018201322
0.933333333333 1.67551608191 0.296912787313
0.933333333333 1.88495559215 0.203880169873
0.933333333333 2.09439510239 0.0800021342771
0.933333333333 2.30383461263 0.174061489499
0.933333333333 2.51327412287 0.265757972921
0.933333333333 2.72271363311 0.183196249166
0.933333333333 2.93215314335 0.151099678542
0.933333333333 3.14159265359 0.207126961363
0.933333333333 3.35103216383 0.251183245971
0.933333333333 3.56047167407 0.290174328014
0.933333333333 3.76991118431 0.322949470917
0.933333333333 3.97935069455 0.310352101591
0.933333333333 4.18879020479 0.245371306062
0.933333333333 4.39822971503 0.188245995554
0.933333333333 4.60766922527 0.205421658696
0.933333333333 4.8171087355 0.234003662605
0.933333333333 5.02654824574 0.154028372144
0.933333333333 5.23598775598 0.0824645916874
0.933333333333 5.44542726622 0.218499116267
0.933333333333 5.65486677646 0.397001537768
0.933333333333 5.8643062867 0.354109909595
0.933333333333 6.07374579694 0.172436107595

