-1 0 0.490817692963
-1 0.209439510239 0.490817692964
-1 0.418879020479 0.490817692964
-1 0.628318530718 0.490817692964
-1 0.837758040957 0.490817692963
-1 1.0471975512 0.490817692963
-1 1.25663706144 0.490817692963
-1 1.46607657168 0.490817692963
-1 1.67551608191 0.490817692964
-1 1.88495559215 0.490817692964
-1 2.09439510239 0.490817692964
-1 2.30383461263 0.490817692964
-1 2.51327412287 0.490817692963
-1 2.72271363311 0.490817692963
-1 2.93215314335 0.490817692963
-1 3.14159265359 0.490817692963
-1 3.35103216383 0.490817692964
-1 3.56047167407 0.490817692964
-1 3.76991118431 0.490817692964
-1 3.97935069455 0.490817692963
-1 4.18879020479 0.490817692963
-1 4.39822971503 0.490817692963
-1 4.60766922527 0.490817692963
-1 4.8171087355 0.490817692964
-1 5.02654824574 0.490817692964
-1 5.23598775598 0.490817692964
-1 5.44542726622 0.490817692964
-1 5.65486677646 0.490817692963
-1 5.8643062867 0.490817692963
-1 6.07374579694 0.490817692963

-0.933333333333 0 0.86568542721
-0.933333333333 0.209439510239 0.832695190145
-0.933333333333 0.418879020479 0.78366090627
-0.933333333333 0.628318530718 0.740675018598
-0.933333333333 0.837758040957 0.697293512031
-0.933333333333 1.0471975512 0.613140438171
-0.933333333333 1.25663706144 0.452384694965
-0.933333333333 1.46607657168 0.258759529615
-0.933333333333 1.67551608191 0.146135161291
-0.933333333333 1.88495559215 0.155545891949
-0.933333333333 2.09439510239 0.227009063952
-0.933333333333 2.30383461263 0.298161893937
-0.933333333333 2.51327412287 0.330889796243
-0.933333333333 2.72271363311 0.383731002742
-0.933333333333 2.93215314335 0.432724288044
-0.933333333333 3.14159265359 0.355013911621
-0.933333333333 3.35103216383 0.243711580922
-0.933333333333 3.56047167407 0.240098975569
-0.933333333333 3.76991118431 0.302201630746
-0.933333333333 3.97935069455 0.321828373518
-0.933333333333 4.18879020479 0.262746152057
-0.933333333333 4.39822971503 0.183483766383
-0.933333333333 4.60766922527 0.172396149037
-0.933333333333 4.8171087355 0.243986183479
-0.933333333333 5.02654824574 0.37308739744
-0.933333333333 5.23598775598 0.453874770652
-0.933333333333 5.44542726622 0.270694477241
-0.933333333333 5.65486677646 0.14219769507
-0.933333333333 5.8643062867 0.448018767982
-0.933333333333 6.07374579694 0.784045083972

-0.866666666667 0 0.645820778032
-0.866666666667 0.209439510239 0.515454092289
-0.866666666667 0.418879020479 0.386740719729
-0.866666666667 0.628318530718 0.365571927647
-0.866666666667 0.837758040957 0.448253028342
-0.866666666667 1.0471975512 0.598960224238
-0.866666666667 1.25663706144 0.688339533311
-0.866666666667 1.46607657168 0.509136639046
-0.866666666667 1.67551608191 0.205681500812
-0.866666666667 1.88495559215 0.18615559891
-0.866666666667 2.09439510239 0.220883275893
-0.866666666667 2.30383461263 0.166989897967
-0.866666666667 2.51327412287 0.265399123818
-0.866666666667 2.72271363311 0.569808927396
-0.866666666667 2.93215314335 0.629774905991
-0.866666666667 3.14159265359 0.426598825609
-0.866666666667 3.35103216383 0.553004921883
-0.866666666667 3.56047167407 0.819533256191
-0.866666666667 3.76991118431 0.930536360222
-0.866666666667 3.97935069455 0.921813461072
-0.866666666667 4.18879020479 0.837177308928
-0.866666666667 4.39822971503 0.619418312602
-0.866666666667 4.60766922527 0.331267261977
-0.866666666667 4.8171087355 0.202177469179
-0.866666666667 5.02654824574 0.285821922541
-0.866666666667 5.23598775598 0.553456423796
-0.866666666667 5.44542726622 0.264646580038
-0.866666666667 5.65486677646 0.194645095584
-0.866666666667 5.8643062867 0.839529699915
-0.866666666667 6.07374579694 0.816607947202

-0.8 0 0.548268588847
-0.8 0.209439510239 0.315000242181
-0.8 0.418879020479 0.207363757745
-0.8 0.628318530718 0.176257885439
-0.8 0.837758040957 0.168128546816
-0.8 1.0471975512 0.260910110752
-0.8 1.25663706144 0.511318517587
-0.8 1.46607657168 0.662055805023
-0.8 1.67551608191 0.346111453324
-0.8 1.88495559215 0.195035835923
-0.8 2.09439510239 0.271684242813
-0.8 2.30383461263 0.106128886764
-0.8 2.51327412287 0.287296457033
-0.8 2.72271363311 0.754277826666
-0.8 2.93215314335 0.633646747777
-0.8 3.14159265359 0.430341447117
-0.8 3.35103216383 0.608955359095
-0.8 3.56047167407 0.562179552944
-0.8 3.76991118431 0.399753885206
-0.8 3.97935069455 0.318911222639
-0.8 4.18879020479 0.344478253985
-0.8 4.39822971503 0.393740227795
-0.8 4.60766922527 0.31528479078
-0.8 4.8171087355 0.175565791638
-0.8 5.02654824574 0.206735710951
-0.8 5.23598775598 0.559239538464
-0.8 5.44542726622 0.236965411342
-0.8 5.65486677646 0.280579581001
-0.8 5.8643062867 0.7689142239
-0.8 6.07374579694 0.571109815076

-0.733333333333 0 0.525358299072
-0.733333333333 0.209439510239 0.262035822103
-0.733333333333 0.418879020479 0.210310091063
-0.733333333333 0.628318530718 0.15058072147
-0.733333333333 0.837758040957 0.117984125265
-0.733333333333 1.0471975512 0.0977492219398
-0.733333333333 1.25663706144 0.214531453792
-0.733333333333 1.46607657168 0.529370170324
-0.733333333333 1.67551608191 0.465392452128
-0.733333333333 1.88495559215 0.206287043548
-0.733333333333 2.09439510239 0.318614660476
-0.733333333333 2.30383461263 0.0877491702043
-0.733333333333 2.51327412287 0.339378030014
-0.733333333333 2.72271363311 0.859779584565
-0.733333333333 2.93215314335 0.532145724664
-0.733333333333 3.14159265359 0.377260666552
-0.733333333333 3.35103216383 0.388117486307
-0.733333333333 3.56047167407 0.239007262807
-0.733333333333 3.76991118431 0.181646744415
-0.733333333333 3.97935069455 0.144348869471
-0.733333333333 4.18879020479 0.125980629177
-0.733333333333 4.39822971503 0.123792168897
-0.733333333333 4.60766922527 0.172129392679
-0.733333333333 4.8171087355 0.198908562061
-0.733333333333 5.02654824574 0.266963769076
-0.733333333333 5.23598775598 0.573749245003
-0.733333333333 5.44542726622 0.175271318615
-0.733333333333 5.65486677646 0.329582334143
-0.733333333333 5.8643062867 0.549772920016
-0.733333333333 6.07374579694 0.602921761039

-0.666666666667 0 0.431274409865
-0.666666666667 0.209439510239 0.224908132491
-0.666666666667 0.418879020479 0.142757772709
-0.666666666667 0.628318530718 0.141967617849
-0.666666666667 0.837758040957 0.203118537034
-0.666666666667 1.0471975512 0.176096807385
-0.666666666667 1.25663706144 0.125276487781
-0.666666666667 1.46607657168 0.320586015101
-0.666666666667 1.67551608191 0.474333698119
-0.666666666667 1.88495559215 0.229028015062
-0.666666666667 2.09439510239 0.347403666809
-0.666666666667 2.30383461263 0.092542082707
-0.666666666667 2.51327412287 0.396612615301
-0.666666666667 2.72271363311 0.89904187725
-0.666666666667 2.93215314335 0.407958000844
-0.666666666667 3.14159265359 0.294613302778
-0.666666666667 3.35103216383 0.226483586749
-0.666666666667 3.56047167407 0.296897476902
-0.666666666667 3.76991118431 0.363653536339
-0.666666666667 3.97935069455 0.309009117452
-0.666666666667 4.18879020479 0.263728932807
-0.666666666667 4.39822971503 0.177323857433
-0.666666666667 4.60766922527 0.0716616770159
-0.666666666667 4.8171087355 0.229701552795
-0.666666666667 5.02654824574 0.373207459799
-0.666666666667 5.23598775598 0.655081272356
-0.666666666667 5.44542726622 0.121895741646
-0.666666666667 5.65486677646 0.348099029258
-0.666666666667 5.8643062867 0.415362360669
-0.666666666667 6.07374579694 0.693898776685

-0.6 0 0.335293122416
-0.6 0.209439510239 0.155542417134
-0.6 0.418879020479 0.0612459640634
-0.6 0.628318530718 0.149211802249
-0.6 0.837758040957 0.264183923607
-0.6 1.0471975512 0.282608185113
-0.6 1.25663706144 0.19553908844
-0.6 1.46607657168 0.20797905561
-0.6 1.67551608191 0.403034875096
-0.6 1.88495559215 0.251760309199
-0.6 2.09439510239 0.359392824897
-0.6 2.30383461263 0.108559662986
-0.6 2.51327412287 0.449999808051
-0.6 2.72271363311 0.895267622737
-0.6 2.93215314335 0.299391008764
-0.6 3.14159265359 0.213415554541
-0.6 3.35103216383 0.237475414948
-0.6 3.56047167407 0.525308604895
-0.6 3.76991118431 0.517594158279
-0.6 3.97935069455 0.390207499692
-0.6 4.18879020479 0.342043720679
-0.6 4.39822971503 0.320795512501
-0.6 4.60766922527 0.0505634273104
-0.6 4.8171087355 0.222605369416
-0.6 5.02654824574 0.433132473581
-0.6 5.23598775598 0.771650501334
-0.6 5.44542726622 0.0919245569202
-0.6 5.65486677646 0.354923782377
-0.6 5.8643062867 0.374155621349
-0.6 6.07374579694 0.695591274038

-0.533333333333 0 0.274867964424
-0.533333333333 0.209439510239 0.0920775935412
-0.533333333333 0.418879020479 0.0274946578675
-0.533333333333 0.628318530718 0.134030916533
-0.533333333333 0.837758040957 0.223991944459
-0.533333333333 1.0471975512 0.287812211644
-0.533333333333 1.25663706144 0.273480146585
-0.533333333333 1.46607657168 0.20244183825
-0.533333333333 1.67551608191 0.314590546963
-0.533333333333 1.88495559215 0.264154330056
-0.533333333333 2.09439510239 0.359704988311
-0.533333333333 2.30383461263 0.128901381237
-0.533333333333 2.51327412287 0.497187191411
-0.533333333333 2.72271363311 0.865982831149
-0.533333333333 2.93215314335 0.218270338603
-0.533333333333 3.14159265359 0.15367991814
-0.533333333333 3.35103216383 0.383825847713
-0.533333333333 3.56047167407 0.71295485578
-0.533333333333 3.76991118431 0.532384148698
-0.533333333333 3.97935069455 0.369263834776
-0.533333333333 4.18879020479 0.30269250154
-0.533333333333 4.39822971503 0.371619370591
-0.533333333333 4.60766922527 0.0818142795943
-0.533333333333 4.8171087355 0.181388087709
-0.533333333333 5.02654824574 0.43462521143
-0.533333333333 5.23598775598 0.883512864084
-0.533333333333 5.44542726622 0.0819724059862
-0.533333333333 5.65486677646 0.359935122569
-0.533333333333 5.8643062867 0.375196175336
-0.533333333333 6.07374579694 0.631724729744

-0.466666666667 0 0.243438484488
-0.466666666667 0.209439510239 0.0608041612932
-0.466666666667 0.418879020479 0.0249371407175
-0.466666666667 0.628318530718 0.0868295252913
-0.466666666667 0.837758040957 0.128370083923
-0.466666666667 1.0471975512 0.213933461386
-0.466666666667 1.25663706144 0.289876736652
-0.466666666667 1.46607657168 0.246754792094
-0.466666666667 1.67551608191 0.248421286243
-0.466666666667 1.88495559215 0.2635979864
-0.466666666667 2.09439510239 0.353174016513
-0.466666666667 2.30383461263 0.149873405181
-0.466666666667 2.51327412287 0.538160662542
-0.466666666667 2.72271363311 0.822833513604
-0.466666666667 2.93215314335 0.163594568592
-0.466666666667 3.14159265359 0.126846512006
-0.466666666667 3.35103216383 0.589300762113
-0.466666666667 3.56047167407 0.790364785116
-0.466666666667 3.76991118431 0.470303604089
-0.466666666667 3.97935069455 0.334248203803
-0.466666666667 4.18879020479 0.241991059833
-0.466666666667 4.39822971503 0.329343699945
-0.466666666667 4.60766922527 0.13023307757
-0.466666666667 4.8171087355 0.130204573221
-0.466666666667 5.02654824574 0.401389514992
-0.466666666667 5.23598775598 0.970679027991
-0.466666666667 5.44542726622 0.0849317604959
-0.466666666667 5.65486677646 0.365611789432
-0.466666666667 5.8643062867 0.384590101088
-0.466666666667 6.07374579694 0.555015576987

-0.4 0 0.228055174831
-0.4 0.209439510239 0.0557962608314
-0.4 0.418879020479 0.0279343282585
-0.4 0.628318530718 0.0362571388155
-0.4 0.837758040957 0.0523404736539
-0.4 1.0471975512 0.133765963577
-0.4 1.25663706144 0.254394690555
-0.4 1.46607657168 0.292268687271
-0.4 1.67551608191 0.214648347669
-0.4 1.88495559215 0.252973546362
-0.4 2.09439510239 0.343286052695
-0.4 2.30383461263 0.169715507147
-0.4 2.51327412287 0.5735174428
-0.4 2.72271363311 0.773606003601
-0.4 2.93215314335 0.129646997316
-0.4 3.14159265359 0.135720586406
-0.4 3.35103216383 0.788285320381
-0.4 3.56047167407 0.775442138215
-0.4 3.76991118431 0.403533101906
-0.4 3.97935069455 0.331106326565
-0.4 4.18879020479 0.221909873112
-0.4 4.39822971503 0.260955077005
-0.4 4.60766922527 0.173811429922
-0.4 4.8171087355 0.0867899278223
-0.4 5.02654824574 0.357334624865
-0.4 5.23598775598 1.029216646
-0.4 5.44542726622 0.0950249970534
-0.4 5.65486677646 0.371515862538
-0.4 5.8643062867 0.389980184883
-0.4 6.07374579694 0.492421193895

-0.333333333333 0 0.220568983429
-0.333333333333 0.209439510239 0.0626571382802
-0.333333333333 0.418879020479 0.0285676045241
-0.333333333333 0.628318530718 0.00661028799759
-0.333333333333 0.837758040957 0.0294930077828
-0.333333333333 1.0471975512 0.0922176334604
-0.333333333333 1.25663706144 0.200961414426
-0.333333333333 1.46607657168 0.318247296887
-0.333333333333 1.67551608191 0.206932547547
-0.333333333333 1.88495559215 0.237033093511
-0.333333333333 2.09439510239 0.332181199491
-0.333333333333 2.30383461263 0.187770793369
-0.333333333333 2.51327412287 0.603894173629
-0.333333333333 2.72271363311 0.72364671987
-0.333333333333 2.93215314335 0.110143852124
-0.333333333333 3.14159265359 0.174360962699
-0.333333333333 3.35103216383 0.943307362553
-0.333333333333 3.56047167407 0.712957337205
-0.333333333333 3.76991118431 0.369555942612
-0.333333333333 3.97935069455 0.366137984435
-0.333333333333 4.18879020479 0.252189828839
-0.333333333333 4.39822971503 0.214224187618
-0.333333333333 4.60766922527 0.205943548201
-0.333333333333 4.8171087355 0.0576991062562
-0.333333333333 5.02654824574 0.316593448982
-0.333333333333 5.23598775598 1.06290860007
-0.333333333333 5.44542726622 0.108458905514
-0.333333333333 5.65486677646 0.376681634456
-0.333333333333 5.8643062867 0.390074995023
-0.333333333333 6.07374579694 0.449119227264

-0.266666666667 0 0.216786788659
-0.266666666667 0.209439510239 0.0725930702278
-0.266666666667 0.418879020479 0.0282262627349
-0.266666666667 0.628318530718 0.00169696954464
-0.266666666667 0.837758040957 0.0522454613912
-0.266666666667 1.0471975512 0.0945788999734
-0.266666666667 1.25663706144 0.154565610384
-0.266666666667 1.46607657168 0.323573275774
-0.266666666667 1.67551608191 0.214343798466
-0.266666666667 1.88495559215 0.220089599943
-0.266666666667 2.09439510239 0.3209520351
-0.266666666667 2.30383461263 0.20396491507
-0.266666666667 2.51327412287 0.629851474263
-0.266666666667 2.72271363311 0.67661335858
-0.266666666667 2.93215314335 0.099881503739
-0.266666666667 3.14159265359 0.231023339648
-0.266666666667 3.35103216383 1.0435751354
-0.266666666667 3.56047167407 0.641738285739
-0.266666666667 3.76991118431 0.37424049985
-0.266666666667 3.97935069455 0.427437839117
-0.266666666667 4.18879020479 0.316320319984
-0.266666666667 4.39822971503 0.201548469612
-0.266666666667 4.60766922527 0.228187018159
-0.266666666667 4.8171087355 0.0425075578284
-0.266666666667 5.02654824574 0.28498829185
-0.266666666667 5.23598775598 1.07781677938
-0.266666666667 5.44542726622 0.122973953319
-0.266666666667 5.65486677646 0.380384693011
-0.266666666667 5.8643062867 0.38721662885
-0.266666666667 6.07374579694 0.42121874522

-0.2 0 0.214632292968
-0.2 0.209439510239 0.0828857309292
-0.2 0.418879020479 0.0291485310589
-0.2 0.628318530718 0.0131566189913
-0.2 0.837758040957 0.0977247221813
-0.2 1.0471975512 0.125457653458
-0.2 1.25663706144 0.124376469243
-0.2 1.46607657168 0.31498824582
-0.2 1.67551608191 0.22752823676
-0.2 1.88495559215 0.205148653638
-0.2 2.09439510239 0.309959919482
-0.2 2.30383461263 0.218489179826
-0.2 2.51327412287 0.651908664675
-0.2 2.72271363311 0.634879348469
-0.2 2.93215314335 0.0950979581936
-0.2 3.14159265359 0.292504055635
-0.2 3.35103216383 1.09485159689
-0.2 3.56047167407 0.584140597629
-0.2 3.76991118431 0.406571164484
-0.2 3.97935069455 0.498544036269
-0.2 4.18879020479 0.392230315618
-0.2 4.39822971503 0.214516672634
-0.2 4.60766922527 0.243835413176
-0.2 4.8171087355 0.0381668148687
-0.2 5.02654824574 0.263634064665
-0.2 5.23598775598 1.07971221352
-0.2 5.44542726622 0.137313247223
-0.2 5.65486677646 0.382221559852
-0.2 5.8643062867 0.384088971859
-0.2 6.07374579694 0.403225318378

-0.133333333333 0 0.213134329611
-0.133333333333 0.209439510239 0.0935701465277
-0.133333333333 0.418879020479 0.032465227883
-0.133333333333 0.628318530718 0.0308847961004
-0.133333333333 0.837758040957 0.145883123946
-0.133333333333 1.0471975512 0.166462213451
-0.133333333333 1.25663706144 0.108906626646
-0.133333333333 1.46607657168 0.299862781366
-0.133333333333 1.67551608191 0.240533283517
-0.133333333333 1.88495559215 0.193891621253
-0.133333333333 2.09439510239 0.299086072562
-0.133333333333 2.30383461263 0.231613781258
-0.133333333333 2.51327412287 0.670607706423
-0.133333333333 2.72271363311 0.59979728995
-0.133333333333 2.93215314335 0.0933481490818
-0.133333333333 3.14159265359 0.347549631218
-0.133333333333 3.35103216383 1.10895992934
-0.133333333333 3.56047167407 0.547927904956
-0.133333333333 3.76991118431 0.451589445799
-0.133333333333 3.97935069455 0.565733943785
-0.133333333333 4.18879020479 0.462896426737
-0.133333333333 4.39822971503 0.239565229151
-0.133333333333 4.60766922527 0.255346723678
-0.133333333333 4.8171087355 0.041424667171
-0.133333333333 5.02654824574 0.251637705645
-0.133333333333 5.23598775598 1.07318801822
-0.133333333333 5.44542726622 0.15082549611
-0.133333333333 5.65486677646 0.381993346087
-0.133333333333 5.8643062867 0.382719756437
-0.133333333333 6.07374579694 0.3907293197

-0.0666666666667 0 0.211890439723
-0.0666666666667 0.209439510239 0.105135948429
-0.0666666666667 0.418879020479 0.0387715270845
-0.0666666666667 0.628318530718 0.0477161835531
-0.0666666666667 0.837758040957 0.185021304295
-0.0666666666667 1.0471975512 0.204174449235
-0.0666666666667 1.25663706144 0.102531759159
-0.0666666666667 1.46607657168 0.283405364178
-0.0666666666667 1.67551608191 0.250567156426
-0.0666666666667 1.88495559215 0.186983092145
-0.0666666666667 2.09439510239 0.287905703759
-0.0666666666667 2.30383461263 0.243579911547
-0.0666666666667 2.51327412287 0.686570748565
-0.0666666666667 2.72271363311 0.571902666128
-0.0666666666667 2.93215314335 0.0933004275363
-0.0666666666667 3.14159265359 0.388551144399
-0.0666666666667 3.35103216383 1.09659203582
-0.0666666666667 3.56047167407 0.532140501268
-0.0666666666667 3.76991118431 0.497376425315
-0.0666666666667 3.97935069455 0.621031006184
-0.0666666666667 4.18879020479 0.519070684556
-0.0666666666667 4.39822971503 0.265977853523
-0.0666666666667 4.60766922527 0.264096598364
-0.0666666666667 4.8171087355 0.04973938346
-0.0666666666667 5.02654824574 0.24757715337
-0.0666666666667 5.23598775598 1.06156826166
-0.0666666666667 5.44542726622 0.163201890956
-0.0666666666667 5.65486677646 0.379579879682
-0.0666666666667 5.8643062867 0.384411937434
-0.0666666666667 6.07374579694 0.380817250425

6.12323399574e-17 0 0.210730005316
6.12323399574e-17 0.209439510239 0.117614271226
6.12323399574e-17 0.418879020479 0.0487608437605
6.12323399574e-17 0.628318530718 0.0599903027383
6.12323399574e-17 0.837758040957 0.210446739616
6.12323399574e-17 1.0471975512 0.231240418181
6.12323399574e-17 1.25663706144 0.099597782304
6.12323399574e-17 1.46607657168 0.268330258133
6.12323399574e-17 1.67551608191 0.257212206814
6.12323399574e-17 1.88495559215 0.184395238456
6.12323399574e-17 2.09439510239 0.275800687759
6.12323399574e-17 2.30383461263 0.254539222437
6.12323399574e-17 2.51327412287 0.70054694137
6.12323399574e-17 2.72271363311 0.551073915935
6.12323399574e-17 2.93215314335 0.0946044932561
6.12323399574e-17 3.14159265359 0.41199525318
6.12323399574e-17 3.35103216383 1.06366732928
6.12323399574e-17 3.56047167407 0.532015995786
6.12323399574e-17 3.76991118431 0.537048635766
6.12323399574e-17 3.97935069455 0.662002910397
6.12323399574e-17 4.18879020479 0.557426699896
6.12323399574e-17 4.39822971503 0.287733084757
6.12323399574e-17 4.60766922527 0.270755210889
6.12323399574e-17 4.8171087355 0.0614246615842
6.12323399574e-17 5.02654824574 0.250147163291
6.12323399574e-17 5.23598775598 1.04712283282
6.12323399574e-17 5.44542726622 0.174309058453
6.12323399574e-17 5.65486677646 0.374853578957
6.12323399574e-17 5.8643062867 0.389940120929
6.12323399574e-17 6.07374579694 0.371781876966

0.0666666666667 0 0.209499580957
0.0666666666667 0.209439510239 0.130305399432
0.0666666666667 0.418879020479 0.0634495394892
0.0666666666667 0.628318530718 0.0668282827842
0.0666666666667 0.837758040957 0.22150665526
0.0666666666667 1.0471975512 0.244734802218
0.0666666666667 1.25663706144 0.0960837714489
0.0666666666667 1.46607657168 0.255460541098
0.0666666666667 1.67551608191 0.261769827366
0.0666666666667 1.88495559215 0.185612422901
0.0666666666667 2.09439510239 0.262033416464
0.0666666666667 2.30383461263 0.264519862681
0.0666666666667 2.51327412287 0.713449610541
0.0666666666667 2.72271363311 0.536652963535
0.0666666666667 2.93215314335 0.0978466360015
0.0666666666667 3.14159265359 0.41847624267
0.0666666666667 3.35103216383 1.01029182851
0.0666666666667 3.56047167407 0.541288542662
0.0666666666667 3.76991118431 0.568080700805
0.0666666666667 3.97935069455 0.689374610774
0.0666666666667 4.18879020479 0.577243620384
0.0666666666667 4.39822971503 0.302697938907
0.0666666666667 4.60766922527 0.275557412588
0.0666666666667 4.8171087355 0.0754989696055
0.0666666666667 5.02654824574 0.258364184498
0.0666666666667 5.23598775598 1.0313452735
0.0666666666667 5.44542726622 0.184083423793
0.0666666666667 5.65486677646 0.367633770974
0.0666666666667 5.8643062867 0.399753090779
0.0666666666667 6.07374579694 0.362796057532

0.133333333333 0 0.207951979315
0.133333333333 0.209439510239 0.141664590457
0.133333333333 0.418879020479 0.0840089831282
0.133333333333 0.628318530718 0.0695361294835
0.133333333333 0.837758040957 0.219378227812
0.133333333333 1.0471975512 0.244160156361
0.133333333333 1.25663706144 0.0897430587762
0.133333333333 1.46607657168 0.24460895978
0.133333333333 1.67551608191 0.266858821317
0.133333333333 1.88495559215 0.189680987473
0.133333333333 2.09439510239 0.2458063524
0.133333333333 2.30383461263 0.273407595061
0.133333333333 2.51327412287 0.726381237491
0.133333333333 2.72271363311 0.527544581962
0.133333333333 2.93215314335 0.104549701407
0.133333333333 3.14159265359 0.41279302462
0.133333333333 3.35103216383 0.931743696389
0.133333333333 3.56047167407 0.551883308784
0.133333333333 3.76991118431 0.59049164893
0.133333333333 3.97935069455 0.703764090112
0.133333333333 4.18879020479 0.577803168044
0.133333333333 4.39822971503 0.311424524118
0.133333333333 4.60766922527 0.278352798073
0.133333333333 4.8171087355 0.0914650852903
0.133333333333 5.02654824574 0.271588484234
0.133333333333 5.23598775598 1.01518498854
0.133333333333 5.44542726622 0.192463802098
0.133333333333 5.65486677646 0.35767188841
0.133333333333 5.8643062867 0.414103658967
0.133333333333 6.07374579694 0.353745527468

0.2 0 0.205718108144
0.2 0.209439510239 0.149272263032
0.2 0.418879020479 0.111108692182
0.2 0.628318530718 0.0713229211327
0.2 0.837758040957 0.205997287947
0.2 1.0471975512 0.229732338192
0.2 1.25663706144 0.079562828342
0.2 1.46607657168 0.235763823198
0.2 1.67551608191 0.276026120405
0.2 1.88495559215 0.195131362509
0.2 2.09439510239 0.226336106944
0.2 2.30383461263 0.280936635347
0.2 2.51327412287 0.740625575921
0.2 2.72271363311 0.522349274434
0.2 2.93215314335 0.117147844837
0.2 3.14159265359 0.404046885235
0.2 3.35103216383 0.822055995151
0.2 3.56047167407 0.551677646738
0.2 3.76991118431 0.604261473099
0.2 3.97935069455 0.70297727987
0.2 4.18879020479 0.557727987232
0.2 4.39822971503 0.316314736569
0.2 4.60766922527 0.278537029648
0.2 4.8171087355 0.109113464302
0.2 5.02654824574 0.289517411023
0.2 5.23598775598 0.999177510371
0.2 5.44542726622 0.199346871279
0.2 5.65486677646 0.344658088188
0.2 5.8643062867 0.433094456028
0.2 6.07374579694 0.345232327502

0.266666666667 0 0.202325613543
0.266666666667 0.209439510239 0.150097455152
0.266666666667 0.418879020479 0.14361735219
0.266666666667 0.628318530718 0.0768337093683
0.266666666667 0.837758040957 0.183670003042
0.266666666667 1.0471975512 0.200980033
0.266666666667 1.25663706144 0.0654805560929
0.266666666667 1.46607657168 0.230964294995
0.266666666667 1.67551608191 0.292803036588
0.266666666667 1.88495559215 0.199863954868
0.266666666667 2.09439510239 0.202974051696
0.266666666667 2.30383461263 0.286690170734
0.266666666667 2.51327412287 0.757557442401
0.266666666667 2.72271363311 0.51963996341
0.266666666667 2.93215314335 0.138861382976
0.266666666667 3.14159265359 0.404778421912
0.266666666667 3.35103216383 0.68188472923
0.266666666667 3.56047167407 0.522097221271
0.266666666667 3.76991118431 0.605788972322
0.266666666667 3.97935069455 0.681320448876
0.266666666667 4.18879020479 0.516784398786
0.266666666667 4.39822971503 0.320930149499
0.266666666667 4.60766922527 0.275029616695
0.266666666667 4.8171087355 0.128396069249
0.266666666667 5.02654824574 0.312249050016
0.266666666667 5.23598775598 0.983435508585
0.266666666667 5.44542726622 0.204558962995
0.266666666667 5.65486677646 0.328243765858
0.266666666667 5.8643062867 0.456641373339
0.266666666667 6.07374579694 0.33871429963

0.333333333333 0 0.197211986302
0.333333333333 0.209439510239 0.141413322692
0.333333333333 0.418879020479 0.176818828772
0.333333333333 0.628318530718 0.0907158933701
0.333333333333 0.837758040957 0.155009132578
0.333333333333 1.0471975512 0.156710844595
0.333333333333 1.25663706144 0.050058730671
0.333333333333 1.46607657168 0.236874341753
0.333333333333 1.67551608191 0.318336752487
0.333333333333 1.88495559215 0.201192603807
0.333333333333 2.09439510239 0.175412201961
0.333333333333 2.30383461263 0.290114869865
0.333333333333 2.51327412287 0.778369803639
0.333333333333 2.72271363311 0.518557225001
0.333333333333 2.93215314335 0.173424462355
0.333333333333 3.14159265359 0.427131020033
0.333333333333 3.35103216383 0.531799345008
0.333333333333 3.56047167407 0.440390418442
0.333333333333 3.76991118431 0.584122277528
0.333333333333 3.97935069455 0.632126476217
0.333333333333 4.18879020479 0.459655665896
0.333333333333 4.39822971503 0.328639482213
0.333333333333 4.60766922527 0.266549352366
0.333333333333 4.8171087355 0.149409510721
0.333333333333 5.02654824574 0.340487215578
0.333333333333 5.23598775598 0.967459971626
0.333333333333 5.44542726622 0.207843375267
0.333333333333 5.65486677646 0.308076888511
0.333333333333 5.8643062867 0.484350126802
0.333333333333 6.07374579694 0.336742387492

0.4 0 0.189671188966
0.4 0.209439510239 0.122605899417
0.4 0.418879020479 0.201200208516
0.4 0.628318530718 0.114824083249
0.4 0.837758040957 0.123877760564
0.4 1.0471975512 0.0998013592336
0.4 1.25663706144 0.0441360876913
0.4 1.46607657168 0.265893165179
0.4 1.67551608191 0.346859552539
0.4 1.88495559215 0.19638315467
0.4 2.09439510239 0.144011416539
0.4 2.30383461263 0.29056150297
0.4 2.51327412287 0.803438498577
0.4 2.72271363311 0.519931431907
0.4 2.93215314335 0.224713451192
0.4 3.14159265359 0.473710991367
0.4 3.35103216383 0.426253048776
0.4 3.56047167407 0.295888436372
0.4 3.76991118431 0.520925850562
0.4 3.97935069455 0.553375306822
0.4 4.18879020479 0.399034605582
0.4 4.39822971503 0.339691315035
0.4 4.60766922527 0.252627578299
0.4 4.8171087355 0.172516850936
0.4 5.02654824574 0.375911709298
0.4 5.23598775598 0.949736235816
0.4 5.44542726622 0.208870807306
0.4 5.65486677646 0.283848735589
0.4 5.8643062867 0.515283796943
0.4 6.07374579694 0.343274581594

0.466666666667 0 0.178743231107
0.466666666667 0.209439510239 0.0974059917436
0.466666666667 0.418879020479 0.204167301967
0.466666666667 0.628318530718 0.145108214378
0.466666666667 0.837758040957 0.0989691719511
0.466666666667 1.0471975512 0.0495172382833
0.466666666667 1.25663706144 0.0735826125895
0.466666666667 1.46607657168 0.328840270012
0.466666666667 1.67551608191 0.360161799073
0.466666666667 1.88495559215 0.184120578743
0.466666666667 2.09439510239 0.110266250356
0.466666666667 2.30383461263 0.287373907798
0.466666666667 2.51327412287 0.831038850913
0.466666666667 2.72271363311 0.527983783556
0.466666666667 2.93215314335 0.296474998037
0.466666666667 3.14159265359 0.524200803248
0.466666666667 3.35103216383 0.447877841128
0.466666666667 3.56047167407 0.126861292663
0.466666666667 3.76991118431 0.402952772515
0.466666666667 3.97935069455 0.453569466227
0.466666666667 4.18879020479 0.352602008093
0.466666666667 4.39822971503 0.347102998793
0.466666666667 4.60766922527 0.236024189694
0.466666666667 4.8171087355 0.198578468397
0.466666666667 5.02654824574 0.421580856612
0.466666666667 5.23598775598 0.927116367479
0.466666666667 5.44542726622 0.207291850219
0.466666666667 5.65486677646 0.255352616498
0.466666666667 5.8643062867 0.547569281797
0.466666666667 6.07374579694 0.364063934272

0.533333333333 0 0.163425394319
0.533333333333 0.209439510239 0.0745603374748
0.533333333333 0.418879020479 0.177096359012
0.533333333333 0.628318530718 0.17082403641
0.533333333333 0.837758040957 0.0976828206206
0.533333333333 1.0471975512 0.0494691671587
0.533333333333 1.25663706144 0.168217868883
0.533333333333 1.46607657168 0.409805105889
0.533333333333 1.67551608191 0.328235687083
0.533333333333 1.88495559215 0.167037289922
0.533333333333 2.09439510239 0.0773295314932
0.533333333333 2.30383461263 0.280073170456
0.533333333333 2.51327412287 0.855065825018
0.533333333333 2.72271363311 0.551889714097
0.533333333333 2.93215314335 0.39233429414
0.533333333333 3.14159265359 0.530937775411
0.533333333333 3.35103216383 0.643890394384
0.533333333333 3.56047167407 0.0537148149819
0.533333333333 3.76991118431 0.254468299121
0.533333333333 3.97935069455 0.353349223597
0.533333333333 4.18879020479 0.329425801074
0.533333333333 4.39822971503 0.336093319816
0.533333333333 4.60766922527 0.226986888516
0.533333333333 4.8171087355 0.229134204101
0.533333333333 5.02654824574 0.481819364427
0.533333333333 5.23598775598 0.894115690117
0.533333333333 5.44542726622 0.202867450722
0.533333333333 5.65486677646 0.222561477273
0.533333333333 5.8643062867 0.577743721456
0.533333333333 6.07374579694 0.407074949485

0.6 0 0.144758941119
0.6 0.209439510239 0.0634872113701
0.6 0.418879020479 0.125632528081
0.6 0.628318530718 0.177146415172
0.6 0.837758040957 0.134359442048
0.6 1.0471975512 0.132650148277
0.6 1.25663706144 0.303499823563
0.6 1.46607657168 0.434805096744
0.6 1.67551608191 0.232513948908
0.6 1.88495559215 0.1538634466
0.6 2.09439510239 0.0502756568312
0.6 2.30383461263 0.26872980907
0.6 2.51327412287 0.861712215304
0.6 2.72271363311 0.604233325199
0.6 2.93215314335 0.51528858744
0.6 3.14159265359 0.455779159355
0.6 3.35103216383 0.899275599904
0.6 3.56047167407 0.218576700486
0.6 3.76991118431 0.168063096234
0.6 3.97935069455 0.28078348754
0.6 4.18879020479 0.314214997282
0.6 4.39822971503 0.298636912055
0.6 4.60766922527 0.247484683253
0.6 4.8171087355 0.26626516536
0.6 5.02654824574 0.560200581655
0.6 5.23598775598 0.842545999829
0.6 5.44542726622 0.19574325668
0.6 5.65486677646 0.185753117009
0.6 5.8643062867 0.599680014508
0.6 6.07374579694 0.482512356223

0.666666666667 0 0.133958334118
0.666666666667 0.209439510239 0.0634418251949
0.666666666667 0.418879020479 0.0728531913859
0.666666666667 0.628318530718 0.147734907009
0.666666666667 0.837758040957 0.175311549973
0.666666666667 1.0471975512 0.227148341888
0.666666666667 1.25663706144 0.338664230782
0.666666666667 1.46607657168 0.312378762631
0.666666666667 1.67551608191 0.12020120016
0.666666666667 1.88495559215 0.155779818249
0.666666666667 2.09439510239 0.0352948302137
0.666666666667 2.30383461263 0.254703850869
0.666666666667 2.51327412287 0.826788168117
0.666666666667 2.72271363311 0.688944207623
0.666666666667 2.93215314335 0.662529040448
0.666666666667 3.14159265359 0.368404006548
0.666666666667 3.35103216383 0.915550053057
0.666666666667 3.56047167407 0.555423433721
0.666666666667 3.76991118431 0.245842586935
0.666666666667 3.97935069455 0.259796639337
0.666666666667 4.18879020479 0.284314776708
0.666666666667 4.39822971503 0.272377337014
0.666666666667 4.60766922527 0.326000012676
0.666666666667 4.8171087355 0.311999873597
0.666666666667 5.02654824574 0.65305574438
0.666666666667 5.23598775598 0.7624973614
0.666666666667 5.44542726622 0.186983375591
0.666666666667 5.65486677646 0.145786436477
0.666666666667 5.8643062867 0.60291135486
0.666666666667 6.07374579694 0.600588906189

0.733333333333 0 0.172824578036
0.733333333333 0.209439510239 0.0583045143522
0.733333333333 0.418879020479 0.0456072287199
0.733333333333 0.628318530718 0.0794869631741
0.733333333333 0.837758040957 0.126233088721
0.733333333333 1.0471975512 0.163572581526
0.733333333333 1.25663706144 0.171775412528
0.733333333333 1.46607657168 0.128955796589
0.733333333333 1.67551608191 0.121518264551
0.733333333333 1.88495559215 0.168072154326
0.733333333333 2.09439510239 0.0367756894248
0.733333333333 2.30383461263 0.242050539452
0.733333333333 2.51327412287 0.720981670514
0.733333333333 2.72271363311 0.769853149481
0.733333333333 2.93215314335 0.806487707065
0.733333333333 3.14159265359 0.490408270333
0.733333333333 3.35103216383 0.606174987981
0.733333333333 3.56047167407 0.688417164592
0.733333333333 3.76991118431 0.416136180052
0.733333333333 3.97935069455 0.303585298928
0.733333333333 4.18879020479 0.297665699725
0.733333333333 4.39822971503 0.368197187145
0.733333333333 4.60766922527 0.462092766142
0.733333333333 4.8171087355 0.367251933228
0.733333333333 5.02654824574 0.735924721687
0.733333333333 5.23598775598 0.646645782373
0.733333333333 5.44542726622 0.179567098021
0.733333333333 5.65486677646 0.104851323029
0.733333333333 5.8643062867 0.570496961347
0.733333333333 6.07374579694 0.761096269854

0.8 0 0.355471677035
0.8 0.209439510239 0.0640605183342
0.8 0.418879020479 0.0518164679953
0.8 0.628318530718 0.0472678708293
0.8 0.837758040957 0.0449526287536
0.8 1.0471975512 0.0555252125175
0.8 1.25663706144 0.104016383195
0.8 1.46607657168 0.191991103485
0.8 1.67551608191 0.262895909714
0.8 1.88495559215 0.147988837755
0.8 2.09439510239 0.0547757271354
0.8 2.30383461263 0.240053464926
0.8 2.51327412287 0.54003879265
0.8 2.72271363311 0.741908434922
0.8 2.93215314335 0.860938940048
0.8 3.14159265359 0.877416463515
0.8 3.35103216383 0.54703038694
0.8 3.56047167407 0.582827721219
0.8 3.76991118431 0.547850724334
0.8 3.97935069455 0.496534226148
0.8 4.18879020479 0.543664061486
0.8 4.39822971503 0.640049630772
0.8 4.60766922527 0.559028467644
0.8 4.8171087355 0.426725084766
0.8 5.02654824574 0.747714867142
0.8 5.23598775598 0.501000427658
0.8 5.44542726622 0.180225011899
0.8 5.65486677646 0.0686684913364
0.8 5.8643062867 0.478423923502
0.8 6.07374579694 0.920981298676

0.866666666667 0 0.736737962474
0.866666666667 0.209439510239 0.275534912754
0.866666666667 0.418879020479 0.125725302012
0.866666666667 0.628318530718 0.146380621133
0.866666666667 0.837758040957 0.198940205341
0.866666666667 1.0471975512 0.27376616105
0.866666666667 1.25663706144 0.355510240766
0.866666666667 1.46607657168 0.364983672651
0.866666666667 1.67551608191 0.257094823065
0.866666666667 1.88495559215 0.0711640662968
0.866666666667 2.09439510239 0.098272902297
0.866666666667 2.30383461263 0.267631537722
0.866666666667 2.51327412287 0.363100220571
0.866666666667 2.72271363311 0.521881408798
0.866666666667 2.93215314335 0.689965991673
0.866666666667 3.14159265359 0.970049770545
0.866666666667 3.35103216383 0.936906509453
0.866666666667 3.56047167407 0.845496475224
0.866666666667 3.76991118431 0.854980092955
0.866666666667 3.97935069455 0.885440533496
0.866666666667 4.18879020479 0.872589828312
0.866666666667 4.39822971503 0.718348678908
0.866666666667 4.60766922527 0.455433594982
0.866666666667 4.8171087355 0.451120613349
0.866666666667 5.02654824574 0.608691471823
0.866666666667 5.23598775598 0.36501302397
0.866666666667 5.44542726622 0.20290276763
0.866666666667 5.65486677646 0.053183596699
0.866666666667 5.8643062867 0.306482129003
0.866666666667 6.07374579694 0.92534855706

0.933333333333 0 0.822075130324
0.933333333333 0.209439510239 0.774040794933
0.933333333333 0.418879020479 0.565706527111
0.933333333333 0.628318530718 0.419293294163
0.933333333333 0.837758040957 0.362686268762
0.933333333333 1.0471975512 0.336815393364
0.933333333333 1.25663706144 0.286687295213
0.933333333333 1.46607657168 0.197151984254
0.933333333333 1.67551608191 0.100701598068
0.933333333333 1.88495559215 0.0819761930305
0.933333333333 2.09439510239 0.214263909215
0.933333333333 2.30383461263 0.356031721845
0.933333333333 2.51327412287 0.35021363789
0.933333333333 2.72271363311 0.309967710211
0.933333333333 2.93215314335 0.331477310162
0.933333333333 3.14159265359 0.412316441936
0.933333333333 3.35103216383 0.49768546913
0.933333333333 3.56047167407 0.537663769651
0.933333333333 3.76991118431 0.528221898653
0.933333333333 3.97935069455 0.463591436531
0.933333333333 4.18879020479 0.345900995741
0.933333333333 4.39822971503 0.237260728048
0.933333333333 4.60766922527 0.241447335631
0.933333333333 4.8171087355 0.344023761267
0.933333333333 5.02654824574 0.378378195241
0.933333333333 5.23598775598 0.33523720691
0.933333333333 5.44542726622 0.276227167443
0.933333333333 5.65486677646 0.1070760906
0.933333333333 5.8643062867 0.104829303833
0.933333333333 6.07374579694 0.497023090625

