-1 0 0.573020473408
-1 0.209439510239 0.573020473408
-1 0.418879020479 0.573020473407
-1 0.628318530718 0.573020473407
-1 0.837758040957 0.573020473407
-1 1.0471975512 0.573020473407
-1 1.25663706144 0.573020473408
-1 1.46607657168 0.573020473408
-1 1.67551608191 0.573020473408
-1 1.88495559215 0.573020473408
-1 2.09439510239 0.573020473407
-1 2.30383461263 0.573020473407
-1 2.51327412287 0.573020473407
-1 2.72271363311 0.573020473407
-1 2.93215314335 0.573020473408
-1 3.14159265359 0.573020473408
-1 3.35103216383 0.573020473408
-1 3.56047167407 0.573020473407
-1 3.76991118431 0.573020473407
-1 3.97935069455 0.573020473407
-1 4.18879020479 0.573020473407
-1 4.39822971503 0.573020473408
-1 4.60766922527 0.573020473408
-1 4.8171087355 0.573020473408
-1 5.02654824574 0.573020473408
-1 5.23598775598 0.573020473407
-1 5.44542726622 0.573020473407
-1 5.65486677646 0.573020473407
-1 5.8643062867 0.573020473407
-1 6.07374579694 0.573020473408

-0.933333333333 0 0.547649469806
-0.933333333333 0.209439510239 0.68586519655
-0.933333333333 0.418879020479 0.643026364697
-0.933333333333 0.628318530718 0.572038808064
-0.933333333333 0.837758040957 0.529352150037
-0.933333333333 1.0471975512 0.498323845228
-0.933333333333 1.25663706144 0.433210797017
-0.933333333333 1.46607657168 0.296407528921
-0.933333333333 1.67551608191 0.125423927742
-0.933333333333 1.88495559215 0.0548190163535
-0.933333333333 2.09439510239 0.180890467296
-0.933333333333 2.30383461263 0.35973896666
-0.933333333333 2.51327412287 0.318533413647
-0.933333333333 2.72271363311 0.124184009277
-0.933333333333 2.93215314335 0.167653260013
-0.933333333333 3.14159265359 0.495916547524
-0.933333333333 3.35103216383 0.792383636119
-0.933333333333 3.56047167407 0.874665571148
-0.933333333333 3.76991118431 0.806485932674
-0.933333333333 3.97935069455 0.700437641609
-0.933333333333 4.18879020479 0.614048719725
-0.933333333333 4.39822971503 0.546139305685
-0.933333333333 4.60766922527 0.446023935251
-0.933333333333 4.8171087355 0.273423661432
-0.933333333333 5.02654824574 0.137140687524
-0.933333333333 5.23598775598 0.28666148391
-0.933333333333 5.44542726622 0.580257834628
-0.933333333333 5.65486677646 0.438381795497
-0.933333333333 5.8643062867 0.0990528795918
-0.933333333333 6.07374579694 0.206660563246

-0.866666666667 0 0.727042680868
-0.866666666667 0.209439510239 0.40100949298
-0.866666666667 0.418879020479 0.301678197996
-0.866666666667 0.628318530718 0.319257349049
-0.866666666667 0.837758040957 0.347012029695
-0.866666666667 1.0471975512 0.392157752772
-0.866666666667 1.25663706144 0.460430013605
-0.866666666667 1.46607657168 0.467038746833
-0.866666666667 1.67551608191 0.287135088174
-0.866666666667 1.88495559215 0.0742119251809
-0.866666666667 2.09439510239 0.1038620584
-0.866666666667 2.30383461263 0.270657169148
-0.866666666667 2.51327412287 0.145686000917
-0.866666666667 2.72271363311 0.125122697049
-0.866666666667 2.93215314335 0.763918027406
-0.866666666667 3.14159265359 1.19027209251
-0.866666666667 3.35103216383 0.96913935011
-0.866666666667 3.56047167407 0.609172356202
-0.866666666667 3.76991118431 0.42116874537
-0.866666666667 3.97935069455 0.357888494477
-0.866666666667 4.18879020479 0.310073495386
-0.866666666667 4.39822971503 0.291810192517
-0.866666666667 4.60766922527 0.401799773069
-0.866666666667 4.8171087355 0.498080009253
-0.866666666667 5.02654824574 0.343036231455
-0.866666666667 5.23598775598 0.151640988793
-0.866666666667 5.44542726622 0.379703421013
-0.866666666667 5.65486677646 0.267894222988
-0.866666666667 5.8643062867 0.198459662279
-0.866666666667 6.07374579694 0.739938894211

-0.8 0 0.307031417343
-0.8 0.209439510239 0.227470998262
-0.8 0.418879020479 0.328640966807
-0.8 0.628318530718 0.313243483236
-0.8 0.837758040957 0.281992342629
-0.8 1.0471975512 0.301919667116
-0.8 1.25663706144 0.392379524345
-0.8 1.46607657168 0.514943931561
-0.8 1.67551608191 0.410302657981
-0.8 1.88495559215 0.101902150784
-0.8 2.09439510239 0.0846154513832
-0.8 2.30383461263 0.214299270765
-0.8 2.51327412287 0.070775288672
-0.8 2.72271363311 0.37970164639
-0.8 2.93215314335 1.17962167774
-0.8 3.14159265359 1.00582473661
-0.8 3.35103216383 0.452525562469
-0.8 3.56047167407 0.262023237898
-0.8 3.76991118431 0.315729452862
-0.8 3.97935069455 0.437294067107
-0.8 4.18879020479 0.524786580716
-0.8 4.39822971503 0.408804204615
-0.8 4.60766922527 0.245611364791
-0.8 4.8171087355 0.387595549207
-0.8 5.02654824574 0.551172139323
-0.8 5.23598775598 0.336523503437
-0.8 5.44542726622 0.193172376289
-0.8 5.65486677646 0.22222674712
-0.8 5.8643062867 0.353485535348
-0.8 6.07374579694 0.696998751292

-0.733333333333 0 0.130771685441
-0.733333333333 0.209439510239 0.275082593086
-0.733333333333 0.418879020479 0.293457241655
-0.733333333333 0.628318530718 0.240481828708
-0.733333333333 0.837758040957 0.192704498898
-0.733333333333 1.0471975512 0.182413060429
-0.733333333333 1.25663706144 0.271860324485
-0.733333333333 1.46607657168 0.469356411039
-0.733333333333 1.67551608191 0.516324468833
-0.733333333333 1.88495559215 0.129859532436
-0.733333333333 2.09439510239 0.0817546687732
-0.733333333333 2.30383461263 0.177763987145
-0.733333333333 2.51327412287 0.0610353471338
-0.733333333333 2.72271363311 0.642801498044
-0.733333333333 2.93215314335 1.2000082884
-0.733333333333 3.14159265359 0.604984370457
-0.733333333333 3.35103216383 0.200158186204
-0.733333333333 3.56047167407 0.166015869987
-0.733333333333 3.76991118431 0.187988706824
-0.733333333333 3.97935069455 0.259891025735
-0.733333333333 4.18879020479 0.471838744462
-0.733333333333 4.39822971503 0.654916426835
-0.733333333333 4.60766922527 0.393516738751
-0.733333333333 4.8171087355 0.295202535596
-0.733333333333 5.02654824574 0.537402980724
-0.733333333333 5.23598775598 0.525519348441
-0.733333333333 5.44542726622 0.104057053483
-0.733333333333 5.65486677646 0.266238701833
-0.733333333333 5.8643062867 0.330871602817
-0.733333333333 6.07374579694 0.476770020527

-0.666666666667 0 0.096994868565
-0.666666666667 0.209439510239 0.221359253574
-0.666666666667 0.418879020479 0.242520333946
-0.666666666667 0.628318530718 0.329579360124
-0.666666666667 0.837758040957 0.273127801517
-0.666666666667 1.0471975512 0.153850815454
-0.666666666667 1.25663706144 0.18035680121
-0.666666666667 1.46607657168 0.3751321491
-0.666666666667 1.67551608191 0.57203818079
-0.666666666667 1.88495559215 0.169415498066
-0.666666666667 2.09439510239 0.0825955575878
-0.666666666667 2.30383461263 0.154296435381
-0.666666666667 2.51327412287 0.0854609339597
-0.666666666667 2.72271363311 0.823351743838
-0.666666666667 2.93215314335 1.03163470579
-0.666666666667 3.14159265359 0.348983135638
-0.666666666667 3.35103216383 0.131611099794
-0.666666666667 3.56047167407 0.0867756798358
-0.666666666667 3.76991118431 0.0548193749795
-0.666666666667 3.97935069455 0.044715400989
-0.666666666667 4.18879020479 0.142099931554
-0.666666666667 4.39822971503 0.538411345058
-0.666666666667 4.60766922527 0.571382446183
-0.666666666667 4.8171087355 0.3192803825
-0.666666666667 5.02654824574 0.479493076327
-0.666666666667 5.23598775598 0.594207862156
-0.666666666667 5.44542726622 0.0901255774343
-0.666666666667 5.65486677646 0.321350565122
-0.666666666667 5.8643062867 0.260273487767
-0.666666666667 6.07374579694 0.365481293713

-0.6 0 0.0903171491405
-0.6 0.209439510239 0.159233669631
-0.6 0.418879020479 0.315317774871
-0.6 0.628318530718 0.54945712914
-0.6 0.837758040957 0.465206906376
-0.6 1.0471975512 0.210820131506
-0.6 1.25663706144 0.137652148254
-0.6 1.46607657168 0.294600814549
-0.6 1.67551608191 0.575376276823
-0.6 1.88495559215 0.217227173233
-0.6 2.09439510239 0.0838058653343
-0.6 2.30383461263 0.13963733087
-0.6 2.51327412287 0.123427088916
-0.6 2.72271363311 0.917452415215
-0.6 2.93215314335 0.837503366579
-0.6 3.14159265359 0.237835238319
-0.6 3.35103216383 0.105115172898
-0.6 3.56047167407 0.0514157678434
-0.6 3.76991118431 0.0840476794462
-0.6 3.97935069455 0.0984190020624
-0.6 4.18879020479 0.0185306179056
-0.6 4.39822971503 0.261534019625
-0.6 4.60766922527 0.609596456634
-0.6 4.8171087355 0.368948816102
-0.6 5.02654824574 0.474136847173
-0.6 5.23598775598 0.576373427448
-0.6 5.44542726622 0.113892912545
-0.6 5.65486677646 0.359093435677
-0.6 5.8643062867 0.232388784539
-0.6 6.07374579694 0.34613190402

-0.533333333333 0 0.111713666474
-0.533333333333 0.209439510239 0.168620172502
-0.533333333333 0.418879020479 0.447167430444
-0.533333333333 0.628318530718 0.752921270273
-0.533333333333 0.837758040957 0.657723918044
-0.533333333333 1.0471975512 0.308519607763
-0.533333333333 1.25663706144 0.120186866566
-0.533333333333 1.46607657168 0.24495348869
-0.533333333333 1.67551608191 0.548541297996
-0.533333333333 1.88495559215 0.264584853282
-0.533333333333 2.09439510239 0.084984958483
-0.533333333333 2.30383461263 0.130952480294
-0.533333333333 2.51327412287 0.163344502852
-0.533333333333 2.72271363311 0.950274360939
-0.533333333333 2.93215314335 0.681253830414
-0.533333333333 3.14159265359 0.19871571755
-0.533333333333 3.35103216383 0.0858673408939
-0.533333333333 3.56047167407 0.0670626589192
-0.533333333333 3.76991118431 0.192711798991
-0.533333333333 3.97935069455 0.273508771774
-0.533333333333 4.18879020479 0.146369346251
-0.533333333333 4.39822971503 0.0935443055962
-0.533333333333 4.60766922527 0.542127107791
-0.533333333333 4.8171087355 0.388385691396
-0.533333333333 5.02654824574 0.511265953236
-0.533333333333 5.23598775598 0.52467087044
-0.533333333333 5.44542726622 0.153120082281
-0.533333333333 5.65486677646 0.379942464314
-0.533333333333 5.8643062867 0.25347742788
-0.533333333333 6.07374579694 0.368817358723

-0.466666666667 0 0.158315302735
-0.466666666667 0.209439510239 0.227228038422
-0.466666666667 0.418879020479 0.564801812686
-0.466666666667 0.628318530718 0.889579864001
-0.466666666667 0.837758040957 0.814681149134
-0.466666666667 1.0471975512 0.427359483747
-0.466666666667 1.25663706144 0.119673037511
-0.466666666667 1.46607657168 0.214724155645
-0.466666666667 1.67551608191 0.51347690446
-0.466666666667 1.88495559215 0.304988523887
-0.466666666667 2.09439510239 0.0863847827471
-0.466666666667 2.30383461263 0.126329668726
-0.466666666667 2.51327412287 0.199679632361
-0.466666666667 2.72271363311 0.948185838554
-0.466666666667 2.93215314335 0.571143060765
-0.466666666667 3.14159265359 0.186252846877
-0.466666666667 3.35103216383 0.0705222388506
-0.466666666667 3.56047167407 0.105692081509
-0.466666666667 3.76991118431 0.2811566434
-0.466666666667 3.97935069455 0.391416583607
-0.466666666667 4.18879020479 0.330796792704
-0.466666666667 4.39822971503 0.0917064755722
-0.466666666667 4.60766922527 0.449658280983
-0.466666666667 4.8171087355 0.378602675897
-0.466666666667 5.02654824574 0.557172576665
-0.466666666667 5.23598775598 0.470226886984
-0.466666666667 5.44542726622 0.197103659177
-0.466666666667 5.65486677646 0.390409168629
-0.466666666667 5.8643062867 0.303696746812
-0.466666666667 6.07374579694 0.408759649892

-0.4 0 0.212319692386
-0.4 0.209439510239 0.292199603945
-0.4 0.418879020479 0.646390993163
-0.4 0.628318530718 0.976619304496
-0.4 0.837758040957 0.940021170308
-0.4 1.0471975512 0.553833944145
-0.4 1.25663706144 0.138060621533
-0.4 1.46607657168 0.191972809913
-0.4 1.67551608191 0.482270019196
-0.4 1.88495559215 0.335913178676
-0.4 2.09439510239 0.0881951313346
-0.4 2.30383461263 0.12447868701
-0.4 2.51327412287 0.230447224083
-0.4 2.72271363311 0.930140219988
-0.4 2.93215314335 0.496749846306
-0.4 3.14159265359 0.182183559272
-0.4 3.35103216383 0.0591587649006
-0.4 3.56047167407 0.149721532163
-0.4 3.76991118431 0.325345881182
-0.4 3.97935069455 0.413561923017
-0.4 4.18879020479 0.446770853388
-0.4 4.39822971503 0.180998258313
-0.4 4.60766922527 0.380851199078
-0.4 4.8171087355 0.357772445485
-0.4 5.02654824574 0.5908573494
-0.4 5.23598775598 0.425853575982
-0.4 5.44542726622 0.240766295914
-0.4 5.65486677646 0.395738042607
-0.4 5.8643062867 0.364507717793
-0.4 6.07374579694 0.453927195345

-0.333333333333 0 0.258630728595
-0.333333333333 0.209439510239 0.340205328962
-0.333333333333 0.418879020479 0.694116924372
-0.333333333333 0.628318530718 1.03695305935
-0.333333333333 0.837758040957 1.04164760057
-0.333333333333 1.0471975512 0.67156593047
-0.333333333333 1.25663706144 0.172502498995
-0.333333333333 1.46607657168 0.17251050931
-0.333333333333 1.67551608191 0.458380370449
-0.333333333333 1.88495559215 0.3577202165
-0.333333333333 2.09439510239 0.0904029005247
-0.333333333333 2.30383461263 0.124532071922
-0.333333333333 2.51327412287 0.255514757747
-0.333333333333 2.72271363311 0.907437289745
-0.333333333333 2.93215314335 0.446027968597
-0.333333333333 3.14159265359 0.180463866247
-0.333333333333 3.35103216383 0.0523941479024
-0.333333333333 3.56047167407 0.193064464147
-0.333333333333 3.76991118431 0.337243947422
-0.333333333333 3.97935069455 0.375162179811
-0.333333333333 4.18879020479 0.478555547658
-0.333333333333 4.39822971503 0.282792519965
-0.333333333333 4.60766922527 0.345941110792
-0.333333333333 4.8171087355 0.339117630939
-0.333333333333 5.02654824574 0.606573982515
-0.333333333333 5.23598775598 0.394539881809
-0.333333333333 5.44542726622 0.281583293645
-0.333333333333 5.65486677646 0.398981153932
-0.333333333333 5.8643062867 0.423821844202
-0.333333333333 6.07374579694 0.497211945707

-0.266666666667 0 0.290730034767
-0.266666666667 0.209439510239 0.366398552269
-0.266666666667 0.418879020479 0.71401007806
-0.266666666667 0.628318530718 1.07817780918
-0.266666666667 0.837758040957 1.12249336026
-0.266666666667 1.0471975512 0.767531061775
-0.266666666667 1.25663706144 0.213834878787
-0.266666666667 1.46607657168 0.156825445578
-0.266666666667 1.67551608191 0.440876671386
-0.266666666667 1.88495559215 0.372097572371
-0.266666666667 2.09439510239 0.0928308893807
-0.266666666667 2.30383461263 0.125906041745
-0.266666666667 2.51327412287 0.275582338291
-0.266666666667 2.72271363311 0.885908691175
-0.266666666667 2.93215314335 0.410246523674
-0.266666666667 3.14159265359 0.179185490852
-0.266666666667 3.35103216383 0.0505209756945
-0.266666666667 3.56047167407 0.231793787438
-0.266666666667 3.76991118431 0.33152921072
-0.266666666667 3.97935069455 0.317394418215
-0.266666666667 4.18879020479 0.45863047588
-0.266666666667 4.39822971503 0.359621514738
-0.266666666667 4.60766922527 0.336008261213
-0.266666666667 4.8171087355 0.327464240646
-0.266666666667 5.02654824574 0.607256882676
-0.266666666667 5.23598775598 0.375008908493
-0.266666666667 5.44542726622 0.318263034398
-0.266666666667 5.65486677646 0.401545757511
-0.266666666667 5.8643062867 0.474974321392
-0.266666666667 6.07374579694 0.53468398565

-0.2 0 0.308657359737
-0.2 0.209439510239 0.375005920823
-0.2 0.418879020479 0.712111665354
-0.2 0.628318530718 1.09997138343
-0.2 0.837758040957 1.18290263134
-0.2 1.0471975512 0.836011233356
-0.2 1.25663706144 0.251904111401
-0.2 1.46607657168 0.146164103307
-0.2 1.67551608191 0.427690491437
-0.2 1.88495559215 0.380943872633
-0.2 2.09439510239 0.0952087542183
-0.2 2.30383461263 0.128200945317
-0.2 2.51327412287 0.291624491263
-0.2 2.72271363311 0.868127352093
-0.2 2.93215314335 0.384017134885
-0.2 3.14159265359 0.177780255756
-0.2 3.35103216383 0.0526035833141
-0.2 3.56047167407 0.261915403002
-0.2 3.76991118431 0.317078727394
-0.2 3.97935069455 0.264445970833
-0.2 4.18879020479 0.422034506821
-0.2 4.39822971503 0.405977466211
-0.2 4.60766922527 0.339215843792
-0.2 4.8171087355 0.322323758943
-0.2 5.02654824574 0.598836808688
-0.2 5.23598775598 0.364544483214
-0.2 5.44542726622 0.350189921435
-0.2 5.65486677646 0.40382066411
-0.2 5.8643062867 0.515005258359
-0.2 6.07374579694 0.564945772295

-0.133333333333 0 0.315512802966
-0.133333333333 0.209439510239 0.372694497936
-0.133333333333 0.418879020479 0.694720576316
-0.133333333333 0.628318530718 1.10262591235
-0.133333333333 0.837758040957 1.22236075119
-0.133333333333 1.0471975512 0.876541902254
-0.133333333333 1.25663706144 0.279504564249
-0.133333333333 1.46607657168 0.140883740129
-0.133333333333 1.67551608191 0.417150618757
-0.133333333333 1.88495559215 0.385795212983
-0.133333333333 2.09439510239 0.0972291005599
-0.133333333333 2.30383461263 0.131128517736
-0.133333333333 2.51327412287 0.30461635724
-0.133333333333 2.72271363311 0.854985062061
-0.133333333333 2.93215314335 0.364154821091
-0.133333333333 3.14159265359 0.1762302238
-0.133333333333 3.35103216383 0.0566216816413
-0.133333333333 3.56047167407 0.280543758563
-0.133333333333 3.76991118431 0.298249222473
-0.133333333333 3.97935069455 0.225355089608
-0.133333333333 4.18879020479 0.390556389719
-0.133333333333 4.39822971503 0.429639703582
-0.133333333333 4.60766922527 0.347324103698
-0.133333333333 4.8171087355 0.321172105884
-0.133333333333 5.02654824574 0.587203534347
-0.133333333333 5.23598775598 0.360247602319
-0.133333333333 5.44542726622 0.377172975329
-0.133333333333 5.65486677646 0.405621276516
-0.133333333333 5.8643062867 0.543337599527
-0.133333333333 6.07374579694 0.588253040368

-0.0666666666667 0 0.314964095153
-0.0666666666667 0.209439510239 0.365295890159
-0.0666666666667 0.418879020479 0.667178818796
-0.0666666666667 0.628318530718 1.08788649667
-0.0666666666667 0.837758040957 1.23873812006
-0.0666666666667 1.0471975512 0.889623700556
-0.0666666666667 1.25663706144 0.293151106765
-0.0666666666667 1.46607657168 0.14048262816
-0.0666666666667 1.67551608191 0.408372550427
-0.0666666666667 1.88495559215 0.387626454165
-0.0666666666667 2.09439510239 0.0985817002293
-0.0666666666667 2.30383461263 0.134456711165
-0.0666666666667 2.51327412287 0.31541986499
-0.0666666666667 2.72271363311 0.846646181397
-0.0666666666667 2.93215314335 0.348705715101
-0.0666666666667 3.14159265359 0.174784212285
-0.0666666666667 3.35103216383 0.0603162913072
-0.0666666666667 3.56047167407 0.286415901513
-0.0666666666667 3.76991118431 0.276992152161
-0.0666666666667 3.97935069455 0.201403506357
-0.0666666666667 4.18879020479 0.373347468935
-0.0666666666667 4.39822971503 0.439855489329
-0.0666666666667 4.60766922527 0.356205439749
-0.0666666666667 4.8171087355 0.32133899114
-0.0666666666667 5.02654824574 0.577084018991
-0.0666666666667 5.23598775598 0.359512437237
-0.0666666666667 5.44542726622 0.399320193883
-0.0666666666667 5.65486677646 0.406463186063
-0.0666666666667 5.8643062867 0.56090483553
-0.0666666666667 6.07374579694 0.605532967658

6.12323399574e-17 0 0.310072328968
6.12323399574e-17 0.209439510239 0.356636746455
6.12323399574e-17 0.418879020479 0.632246038709
6.12323399574e-17 0.628318530718 1.05596130172
6.12323399574e-17 0.837758040957 1.22693049787
6.12323399574e-17 1.0471975512 0.873487050342
6.12323399574e-17 1.25663706144 0.292255413719
6.12323399574e-17 1.46607657168 0.144134534238
6.12323399574e-17 1.67551608191 0.401175195322
6.12323399574e-17 1.88495559215 0.386843033536
6.12323399574e-17 2.09439510239 0.0989717306381
6.12323399574e-17 2.30383461263 0.137965659442
6.12323399574e-17 2.51327412287 0.324749654714
6.12323399574e-17 2.72271363311 0.84306166416
6.12323399574e-17 2.93215314335 0.336383415203
6.12323399574e-17 3.14159265359 0.173764999451
6.12323399574e-17 3.35103216383 0.0620433142976
6.12323399574e-17 3.56047167407 0.279299228749
6.12323399574e-17 3.76991118431 0.253716021289
6.12323399574e-17 3.97935069455 0.191193460875
6.12323399574e-17 4.18879020479 0.371854954749
6.12323399574e-17 4.39822971503 0.442862726189
6.12323399574e-17 4.60766922527 0.364451564804
6.12323399574e-17 4.8171087355 0.320738092324
6.12323399574e-17 5.02654824574 0.571888892829
6.12323399574e-17 5.23598775598 0.360147977771
6.12323399574e-17 5.44542726622 0.41697043145
6.12323399574e-17 5.65486677646 0.405716039396
6.12323399574e-17 5.8643062867 0.569630915174
6.12323399574e-17 6.07374579694 0.617529432775

0.0666666666667 0 0.303052946071
0.0666666666667 0.209439510239 0.348474239047
0.0666666666667 0.418879020479 0.589755574565
0.0666666666667 0.628318530718 1.0031716091
0.0666666666667 0.837758040957 1.17829914584
0.0666666666667 1.0471975512 0.823189389573
0.0666666666667 1.25663706144 0.278423137362
0.0666666666667 1.46607657168 0.151016011688
0.0666666666667 1.67551608191 0.395935599754
0.0666666666667 1.88495559215 0.383335676211
0.0666666666667 2.09439510239 0.0981309415349
0.0666666666667 2.30383461263 0.141409976101
0.0666666666667 2.51327412287 0.333169668968
0.0666666666667 2.72271363311 0.844217560134
0.0666666666667 2.93215314335 0.326322728454
0.0666666666667 3.14159265359 0.173390717164
0.0666666666667 3.35103216383 0.0613637279738
0.0666666666667 3.56047167407 0.25926484447
0.0666666666667 3.76991118431 0.227379442898
0.0666666666667 3.97935069455 0.192540675372
0.0666666666667 4.18879020479 0.383592816946
0.0666666666667 4.39822971503 0.441352217748
0.0666666666667 4.60766922527 0.372022955104
0.0666666666667 4.8171087355 0.317996716041
0.0666666666667 5.02654824574 0.573890431254
0.0666666666667 5.23598775598 0.360360385995
0.0666666666667 5.44542726622 0.430657458383
0.0666666666667 5.65486677646 0.40268359677
0.0666666666667 5.8643062867 0.572161086786
0.0666666666667 6.07374579694 0.624157301359

0.133333333333 0 0.29553816254
0.133333333333 0.209439510239 0.340884703461
0.133333333333 0.418879020479 0.537861472734
0.133333333333 0.628318530718 0.922112431007
0.133333333333 0.837758040957 1.08178763061
0.133333333333 1.0471975512 0.732492763649
0.133333333333 1.25663706144 0.25572979546
0.133333333333 1.46607657168 0.160158567294
0.133333333333 1.67551608191 0.393541484815
0.133333333333 1.88495559215 0.376534298662
0.133333333333 2.09439510239 0.0958297067731
0.133333333333 2.30383461263 0.144483800762
0.133333333333 2.51327412287 0.341087621406
0.133333333333 2.72271363311 0.850239739427
0.133333333333 2.93215314335 0.318036643597
0.133333333333 3.14159265359 0.173580181346
0.133333333333 3.35103216383 0.0594299769363
0.133333333333 3.56047167407 0.226784050734
0.133333333333 3.76991118431 0.195698304939
0.133333333333 3.97935069455 0.202446552514
0.133333333333 4.18879020479 0.403762942029
0.133333333333 4.39822971503 0.43524538228
0.133333333333 4.60766922527 0.379459022901
0.133333333333 4.8171087355 0.312402251288
0.133333333333 5.02654824574 0.584384143892
0.133333333333 5.23598775598 0.358705045333
0.133333333333 5.44542726622 0.44109431863
0.133333333333 5.65486677646 0.396645067969
0.133333333333 5.8643062867 0.571744475656
0.133333333333 6.07374579694 0.624077811875

0.2 0 0.289004771398
0.2 0.209439510239 0.332697654492
0.2 0.418879020479 0.475394663384
0.2 0.628318530718 0.80482669931
0.2 0.837758040957 0.927874273963
0.2 1.0471975512 0.599072978747
0.2 1.25663706144 0.231844126314
0.2 1.46607657168 0.169796107362
0.2 1.67551608191 0.395432038681
0.2 1.88495559215 0.365449914087
0.2 2.09439510239 0.0918957064216
0.2 2.30383461263 0.146786866822
0.2 2.51327412287 0.348723822785
0.2 2.72271363311 0.861415044965
0.2 2.93215314335 0.311529321836
0.2 3.14159265359 0.173704541595
0.2 3.35103216383 0.0591994546951
0.2 3.56047167407 0.184353350475
0.2 3.76991118431 0.156402375831
0.2 3.97935069455 0.216519758372
0.2 4.18879020479 0.425502132577
0.2 4.39822971503 0.422677873378
0.2 4.60766922527 0.387631114955
0.2 4.8171087355 0.303890997367
0.2 5.02654824574 0.603657908651
0.2 5.23598775598 0.354068307224
0.2 5.44542726622 0.449172072266
0.2 5.65486677646 0.386883565215
0.2 5.8643062867 0.572156128804
0.2 6.07374579694 0.614542078254

0.266666666667 0 0.285057501607
0.266666666667 0.209439510239 0.321776949058
0.266666666667 0.418879020479 0.404561949574
0.266666666667 0.628318530718 0.649009772276
0.266666666667 0.837758040957 0.716486721567
0.266666666667 1.0471975512 0.432984924913
0.266666666667 1.25663706144 0.218573727388
0.266666666667 1.46607657168 0.176446628955
0.266666666667 1.67551608191 0.403552338209
0.266666666667 1.88495559215 0.348744101759
0.266666666667 2.09439510239 0.0862415764549
0.266666666667 2.30383461263 0.147791884992
0.266666666667 2.51327412287 0.356030965158
0.266666666667 2.72271363311 0.878127259427
0.266666666667 2.93215314335 0.307604279468
0.266666666667 3.14159265359 0.172288322779
0.266666666667 3.35103216383 0.0651188692829
0.266666666667 3.56047167407 0.139905320656
0.266666666667 3.76991118431 0.110612596245
0.266666666667 3.97935069455 0.229174471923
0.266666666667 4.18879020479 0.439946872541
0.266666666667 4.39822971503 0.401147339543
0.266666666667 4.60766922527 0.397907585747
0.266666666667 4.8171087355 0.293164588875
0.266666666667 5.02654824574 0.63068547202
0.266666666667 5.23598775598 0.345721980709
0.266666666667 5.44542726622 0.455966234662
0.266666666667 5.65486677646 0.372724337645
0.266666666667 5.8643062867 0.577517903372
0.266666666667 6.07374579694 0.591668081618

0.333333333333 0 0.285148602447
0.333333333333 0.209439510239 0.305234664948
0.333333333333 0.418879020479 0.332726848779
0.333333333333 0.628318530718 0.466033939644
0.333333333333 0.837758040957 0.467924738361
0.333333333333 1.0471975512 0.264956324373
0.333333333333 1.25663706144 0.228672992869
0.333333333333 1.46607657168 0.174650120817
0.333333333333 1.67551608191 0.41981746809
0.333333333333 1.88495559215 0.324912198593
0.333333333333 2.09439510239 0.0789006485778
0.333333333333 2.30383461263 0.146817783491
0.333333333333 2.51327412287 0.362539512
0.333333333333 2.72271363311 0.900621837923
0.333333333333 2.93215314335 0.308503733001
0.333333333333 3.14159265359 0.166838393295
0.333333333333 3.35103216383 0.0812682243937
0.333333333333 3.56047167407 0.11053298903
0.333333333333 3.76991118431 0.068695556683
0.333333333333 3.97935069455 0.235923623718
0.333333333333 4.18879020479 0.437312718146
0.333333333333 4.39822971503 0.369409321167
0.333333333333 4.60766922527 0.412529320294
0.333333333333 4.8171087355 0.28191427503
0.333333333333 5.02654824574 0.662537408572
0.333333333333 5.23598775598 0.333489772498
0.333333333333 5.44542726622 0.462742526067
0.333333333333 5.65486677646 0.353603361059
0.333333333333 5.8643062867 0.591835228233
0.333333333333 6.07374579694 0.551481364238

0.4 0 0.289139482269
0.4 0.209439510239 0.280097717833
0.4 0.418879020479 0.271108059607
0.4 0.628318530718 0.286574940564
0.4 0.837758040957 0.230511450048
0.4 1.0471975512 0.144887601266
0.4 1.25663706144 0.265159727959
0.4 1.46607657168 0.159456931782
0.4 1.67551608191 0.444372396717
0.4 1.88495559215 0.292710093832
0.4 2.09439510239 0.070065604108
0.4 2.30383461263 0.143022971698
0.4 2.51327412287 0.36710543992
0.4 2.72271363311 0.928375790497
0.4 2.93215314335 0.319095849174
0.4 3.14159265359 0.154467808906
0.4 3.35103216383 0.106561999263
0.4 3.56047167407 0.120688198235
0.4 3.76991118431 0.0551544947196
0.4 3.97935069455 0.237746153254
0.4 4.18879020479 0.409855948342
0.4 4.39822971503 0.330981376186
0.4 4.60766922527 0.434670662744
0.4 4.8171087355 0.273020913377
0.4 5.02654824574 0.693626501226
0.4 5.23598775598 0.318065244851
0.4 5.44542726622 0.470949125244
0.4 5.65486677646 0.329190409779
0.4 5.8643062867 0.618019955519
0.4 6.07374579694 0.492194975246

0.466666666667 0 0.292248773211
0.466666666667 0.209439510239 0.245298193849
0.466666666667 0.418879020479 0.227924303874
0.466666666667 0.628318530718 0.155406423372
0.466666666667 0.837758040957 0.0719044177202
0.466666666667 1.0471975512 0.11756736952
0.466666666667 1.25663706144 0.305036617363
0.466666666667 1.46607657168 0.134023229879
0.466666666667 1.67551608191 0.471850062323
0.466666666667 1.88495559215 0.251946030548
0.466666666667 2.09439510239 0.0601237661817
0.466666666667 2.30383461263 0.135453415402
0.466666666667 2.51327412287 0.367560714606
0.466666666667 2.72271363311 0.958627722719
0.466666666667 2.93215314335 0.348709752978
0.466666666667 3.14159265359 0.134993648425
0.466666666667 3.35103216383 0.127465462922
0.466666666667 3.56047167407 0.184315593115
0.466666666667 3.76991118431 0.101076055823
0.466666666667 3.97935069455 0.243055511815
0.466666666667 4.18879020479 0.356952965861
0.466666666667 4.39822971503 0.299492542551
0.466666666667 4.60766922527 0.466905879067
0.466666666667 4.8171087355 0.270447669977
0.466666666667 5.02654824574 0.715137371644
0.466666666667 5.23598775598 0.301510666569
0.466666666667 5.44542726622 0.482176555947
0.466666666667 5.65486677646 0.299596541747
0.466666666667 5.8643062867 0.656166038608
0.466666666667 6.07374579694 0.418135678797

0.533333333333 0 0.281418644017
0.533333333333 0.209439510239 0.20492653445
0.533333333333 0.418879020479 0.197398582167
0.533333333333 0.628318530718 0.105063346696
0.533333333333 0.837758040957 0.0396505110524
0.533333333333 1.0471975512 0.17488009119
0.533333333333 1.25663706144 0.296971282312
0.533333333333 1.46607657168 0.119884780173
0.533333333333 1.67551608191 0.486102436066
0.533333333333 1.88495559215 0.204610434914
0.533333333333 2.09439510239 0.0496925452503
0.533333333333 2.30383461263 0.123229134828
0.533333333333 2.51327412287 0.360362208434
0.533333333333 2.72271363311 0.983385036396
0.533333333333 2.93215314335 0.412711634412
0.533333333333 3.14159265359 0.119370457987
0.533333333333 3.35103216383 0.116930088625
0.533333333333 3.56047167407 0.268649720507
0.533333333333 3.76991118431 0.209623072136
0.533333333333 3.97935069455 0.258794842141
0.533333333333 4.18879020479 0.292592554436
0.533333333333 4.39822971503 0.30277575709
0.533333333333 4.60766922527 0.50602683521
0.533333333333 4.8171087355 0.278378905568
0.533333333333 5.02654824574 0.715361722667
0.533333333333 5.23598775598 0.287921366603
0.533333333333 5.44542726622 0.49805392879
0.533333333333 5.65486677646 0.265706227439
0.533333333333 5.8643062867 0.700966635564
0.533333333333 6.07374579694 0.345057988398

0.6 0 0.236686376318
0.6 0.209439510239 0.168493824391
0.6 0.418879020479 0.158386093031
0.6 0.628318530718 0.112743366215
0.6 0.837758040957 0.0979011139605
0.6 1.0471975512 0.224886753358
0.6 1.25663706144 0.207832153295
0.6 1.46607657168 0.154271763285
0.6 1.67551608191 0.45863823142
0.6 1.88495559215 0.155872861584
0.6 2.09439510239 0.0396954126223
0.6 2.30383461263 0.106063288801
0.6 2.51327412287 0.340595851162
0.6 2.72271363311 0.984482643559
0.6 2.93215314335 0.529214905451
0.6 3.14159265359 0.144477672924
0.6 3.35103216383 0.0629766628997
0.6 3.56047167407 0.279132299585
0.6 3.76991118431 0.309967787858
0.6 3.97935069455 0.274193875086
0.6 4.18879020479 0.255084300763
0.6 4.39822971503 0.374247781041
0.6 4.60766922527 0.533879687113
0.6 4.8171087355 0.299237240343
0.6 5.02654824574 0.682109249214
0.6 5.23598775598 0.284116999135
0.6 5.44542726622 0.520036842806
0.6 5.65486677646 0.22969086575
0.6 5.8643062867 0.738573888897
0.6 6.07374579694 0.304524809405

0.666666666667 0 0.150253890738
0.666666666667 0.209439510239 0.13884815188
0.666666666667 0.418879020479 0.101961631203
0.666666666667 0.628318530718 0.0988888501347
0.666666666667 0.837758040957 0.119776979836
0.666666666667 1.0471975512 0.166023475991
0.666666666667 1.25663706144 0.104920381273
0.666666666667 1.46607657168 0.249269842265
0.666666666667 1.67551608191 0.363080321755
0.666666666667 1.88495559215 0.113605228
0.666666666667 2.09439510239 0.0316045527049
0.666666666667 2.30383461263 0.0855490230157
0.666666666667 2.51327412287 0.303266114496
0.666666666667 2.72271363311 0.928935441822
0.666666666667 2.93215314335 0.698520025368
0.666666666667 3.14159265359 0.280395931837
0.666666666667 3.35103216383 0.0403978388135
0.666666666667 3.56047167407 0.159116884617
0.666666666667 3.76991118431 0.291137965198
0.666666666667 3.97935069455 0.274738153134
0.666666666667 4.18879020479 0.305256959796
0.666666666667 4.39822971503 0.511886275593
0.666666666667 4.60766922527 0.513326121341
0.666666666667 4.8171087355 0.331217632798
0.666666666667 5.02654824574 0.608632981254
0.666666666667 5.23598775598 0.299950385183
0.666666666667 5.44542726622 0.549016417848
0.666666666667 5.65486677646 0.195786064328
0.666666666667 5.8643062867 0.744154200357
0.666666666667 6.07374579694 0.340124250493

0.733333333333 0 0.0737629141776
0.733333333333 0.209439510239 0.0930773288823
0.733333333333 0.418879020479 0.0604122600262
0.733333333333 0.628318530718 0.0408910065358
0.733333333333 0.837758040957 0.0518495768446
0.733333333333 1.0471975512 0.0672139167325
0.733333333333 1.25663706144 0.131402638096
0.733333333333 1.46607657168 0.32810810724
0.733333333333 1.67551608191 0.211205232262
0.733333333333 1.88495559215 0.0841539720949
0.733333333333 2.09439510239 0.0281201372905
0.733333333333 2.30383461263 0.0680637556642
0.733333333333 2.51327412287 0.247567227343
0.733333333333 2.72271363311 0.776070056756
0.733333333333 2.93215314335 0.853809636658
0.733333333333 3.14159265359 0.578229525479
0.733333333333 3.35103216383 0.234960159392
0.733333333333 3.56047167407 0.0937757355592
0.733333333333 3.76991118431 0.208102643982
0.733333333333 3.97935069455 0.312559553152
0.733333333333 4.18879020479 0.464924128843
0.733333333333 4.39822971503 0.612350884253
0.733333333333 4.60766922527 0.415550977119
0.733333333333 4.8171087355 0.367866014457
0.733333333333 5.02654824574 0.503921229145
0.733333333333 5.23598775598 0.347304918976
0.733333333333 5.44542726622 0.584638354667
0.733333333333 5.65486677646 0.171463566892
0.733333333333 5.8643062867 0.683288743367
0.733333333333 6.07374579694 0.479546280044

0.8 0 0.156891804345
0.8 0.209439510239 0.0318790873635
0.8 0.418879020479 0.052358800522
0.8 0.628318530718 0.0461888475585
0.8 0.837758040957 0.0615191119601
0.8 1.0471975512 0.131286064297
0.8 1.25663706144 0.25939441414
0.8 1.46607657168 0.268701991478
0.8 1.67551608191 0.0761923337501
0.8 1.88495559215 0.0639390880651
0.8 2.09439510239 0.0348070099481
0.8 2.30383461263 0.0700086779747
0.8 2.51327412287 0.185499056443
0.8 2.72271363311 0.520185453289
0.8 2.93215314335 0.833261572284
0.8 3.14159265359 0.905578228305
0.8 3.35103216383 0.705924371933
0.8 3.56047167407 0.40962034524
0.8 3.76991118431 0.358938355079
0.8 3.97935069455 0.470660265516
0.8 4.18879020479 0.58449381495
0.8 4.39822971503 0.513380160726
0.8 4.60766922527 0.298558899089
0.8 4.8171087355 0.399818815123
0.8 5.02654824574 0.404879428917
0.8 5.23598775598 0.435954814003
0.8 5.44542726622 0.624131965989
0.8 5.65486677646 0.169225907563
0.8 5.8643062867 0.524233840389
0.8 6.07374579694 0.663916495366

0.866666666667 0 0.480907962097
0.866666666667 0.209439510239 0.1699589017
0.866666666667 0.418879020479 0.0887334980965
0.866666666667 0.628318530718 0.116985812517
0.866666666667 0.837758040957 0.172314765637
0.866666666667 1.0471975512 0.23307720658
0.866666666667 1.25663706144 0.237427798804
0.866666666667 1.46607657168 0.124700582991
0.866666666667 1.67551608191 0.0304596187279
0.866666666667 1.88495559215 0.0390178098797
0.866666666667 2.09439510239 0.0647617679323
0.866666666667 2.30383461263 0.120985441814
0.866666666667 2.51327412287 0.153253923443
0.866666666667 2.72271363311 0.254526726077
0.866666666667 2.93215314335 0.531953569956
0.866666666667 3.14159265359 0.874756213859
0.866666666667 3.35103216383 1.00542022886
0.866666666667 3.56047167407 0.875131262897
0.866666666667 3.76991118431 0.706741306329
0.866666666667 3.97935069455 0.601691786629
0.866666666667 4.18879020479 0.488806433396
0.866666666667 4.39822971503 0.346564550116
0.866666666667 4.60766922527 0.326672271069
0.866666666667 4.8171087355 0.410953965614
0.866666666667 5.02654824574 0.378368411959
0.866666666667 5.23598775598 0.562905135493
0.866666666667 5.44542726622 0.660135033088
0.866666666667 5.65486677646 0.209464132295
0.866666666667 5.8643062867 0.277107522631
0.866666666667 6.07374579694 0.668297239221

0.933333333333 0 0.466930096596
0.933333333333 0.209439510239 0.488011035913
0.933333333333 0.418879020479 0.402065862768
0.933333333333 0.628318530718 0.32609760941
0.933333333333 0.837758040957 0.279837919549
0.933333333333 1.0471975512 0.233064932507
0.933333333333 1.25663706144 0.159241684006
0.933333333333 1.46607657168 0.068041166292
0.933333333333 1.67551608191 0.00775581156942
0.933333333333 1.88495559215 0.0372263303022
0.933333333333 2.09439510239 0.156248419059
0.933333333333 2.30383461263 0.249616730043
0.933333333333 2.51327412287 0.225121509463
0.933333333333 2.72271363311 0.154751118659
0.933333333333 2.93215314335 0.182268358143
0.933333333333 3.14159265359 0.36206732506
0.933333333333 3.35103216383 0.580835220947
0.933333333333 3.56047167407 0.69387670217
0.933333333333 3.76991118431 0.676983239748
0.933333333333 3.97935069455 0.591274602154
0.933333333333 4.18879020479 0.502204337671
0.933333333333 4.39822971503 0.447403782763
0.933333333333 4.60766922527 0.418555663142
0.933333333333 4.8171087355 0.404164053307
0.933333333333 5.02654824574 0.489965037182
0.933333333333 5.23598775598 0.687529598798
0.933333333333 5.44542726622 0.6750429607
0.933333333333 5.65486677646 0.325113608117
0.933333333333 5.8643062867 0.0971259253706
0.933333333333 6.07374579694 0.254220807076

