-1 0 0.912742528236
-1 0.209439510239 0.912742528235
-1 0.418879020479 0.912742528234
-1 0.628318530718 0.912742528233
-1 0.837758040957 0.912742528233
-1 1.0471975512 0.912742528234
-1 1.25663706144 0.912742528236
-1 1.46607657168 0.912742528236
-1 1.67551608191 0.912742528236
-1 1.88495559215 0.912742528235
-1 2.09439510239 0.912742528233
-1 2.30383461263 0.912742528233
-1 2.51327412287 0.912742528234
-1 2.72271363311 0.912742528235
-1 2.93215314335 0.912742528236
-1 3.14159265359 0.912742528236
-1 3.35103216383 0.912742528235
-1 3.56047167407 0.912742528234
-1 3.76991118431 0.912742528233
-1 3.97935069455 0.912742528233
-1 4.18879020479 0.912742528234
-1 4.39822971503 0.912742528236
-1 4.60766922527 0.912742528236
-1 4.8171087355 0.912742528236
-1 5.02654824574 0.912742528235
-1 5.23598775598 0.912742528233
-1 5.44542726622 0.912742528233
-1 5.65486677646 0.912742528234
-1 5.8643062867 0.912742528235
-1 6.07374579694 0.912742528236

-0.933333333333 0 2.8877398912
-0.933333333333 0.209439510239 2.52238864039
-0.933333333333 0.418879020479 2.55711355699
-0.933333333333 0.628318530718 2.43815859161
-0.933333333333 0.837758040957 1.98674175776
-0.933333333333 1.0471975512 1.41690705477
-0.933333333333 1.25663706144 1.03291170034
-0.933333333333 1.46607657168 0.980207010122
-0.933333333333 1.67551608191 0.979929280572
-0.933333333333 1.88495559215 0.585459058761
-0.933333333333 2.09439510239 0.14450069895
-0.933333333333 2.30383461263 0.273062901849
-0.933333333333 2.51327412287 0.412974062815
-0.933333333333 2.72271363311 0.481200245134
-0.933333333333 2.93215314335 1.14467412209
-0.933333333333 3.14159265359 1.8705833421
-0.933333333333 3.35103216383 1.94184698962
-0.933333333333 3.56047167407 1.53272477887
-0.933333333333 3.76991118431 1.10915053953
-0.933333333333 3.97935069455 0.835345606407
-0.933333333333 4.18879020479 0.652854241449
-0.933333333333 4.39822971503 0.496639242099
-0.933333333333 4.60766922527 0.363151462345
-0.933333333333 4.8171087355 0.400582242934
-0.933333333333 5.02654824574 0.998460727903
-0.933333333333 5.23598775598 1.75231095858
-0.933333333333 5.44542726622 1.37488409198
-0.933333333333 5.65486677646 1.14968633866
-0.933333333333 5.8643062867 2.53962903492
-0.933333333333 6.07374579694 3.37259648785

-0.866666666667 0 4.85606002303
-0.866666666667 0.209439510239 7.07430683896
-0.866666666667 0.418879020479 7.40020510362
-0.866666666667 0.628318530718 6.60158145409
-0.866666666667 0.837758040957 5.17804115934
-0.866666666667 1.0471975512 3.46875283998
-0.866666666667 1.25663706144 1.97476895809
-0.866666666667 1.46607657168 0.950893979019
-0.866666666667 1.67551608191 0.636710787769
-0.866666666667 1.88495559215 0.659436029341
-0.866666666667 2.09439510239 0.161688727059
-0.866666666667 2.30383461263 0.188197019295
-0.866666666667 2.51327412287 0.279790502296
-0.866666666667 2.72271363311 0.88983474798
-0.866666666667 2.93215314335 2.21156561393
-0.866666666667 3.14159265359 1.86564081192
-0.866666666667 3.35103216383 0.668521118387
-0.866666666667 3.56047167407 0.219970455124
-0.866666666667 3.76991118431 0.330329473625
-0.866666666667 3.97935069455 0.507425879861
-0.866666666667 4.18879020479 0.492537156209
-0.866666666667 4.39822971503 0.207806446922
-0.866666666667 4.60766922527 0.136488116309
-0.866666666667 4.8171087355 0.555611753931
-0.866666666667 5.02654824574 0.566992021802
-0.866666666667 5.23598775598 1.23224002914
-0.866666666667 5.44542726622 1.50944101028
-0.866666666667 5.65486677646 1.82725881224
-0.866666666667 5.8643062867 3.82065974127
-0.866666666667 6.07374579694 3.6104552287

-0.8 0 8.05416692574
-0.8 0.209439510239 9.21368354693
-0.8 0.418879020479 9.58740314118
-0.8 0.628318530718 9.79876101623
-0.8 0.837758040957 8.3073696765
-0.8 1.0471975512 5.38884414634
-0.8 1.25663706144 2.7038972978
-0.8 1.46607657168 1.30327533389
-0.8 1.67551608191 0.586409932762
-0.8 1.88495559215 0.524194372116
-0.8 2.09439510239 0.195505423978
-0.8 2.30383461263 0.164689526579
-0.8 2.51327412287 0.286100311668
-0.8 2.72271363311 1.38000633631
-0.8 2.93215314335 2.27077483792
-0.8 3.14159265359 0.832827442117
-0.8 3.35103216383 0.0898197277282
-0.8 3.56047167407 0.280109049144
-0.8 3.76991118431 0.44740754438
-0.8 3.97935069455 0.564273298103
-0.8 4.18879020479 0.728750256712
-0.8 4.39822971503 0.557049235065
-0.8 4.60766922527 0.0274020163246
-0.8 4.8171087355 0.661155178541
-0.8 5.02654824574 0.82631551886
-0.8 5.23598775598 0.868820847583
-0.8 5.44542726622 1.80535881943
-0.8 5.65486677646 2.02491900317
-0.8 5.8643062867 3.81218310619
-0.8 6.07374579694 4.38734256306

-0.733333333333 0 7.98999388182
-0.733333333333 0.209439510239 8.63197178493
-0.733333333333 0.418879020479 11.43520718
-0.733333333333 0.628318530718 12.7376612198
-0.733333333333 0.837758040957 11.6275892486
-0.733333333333 1.0471975512 8.05754000392
-0.733333333333 1.25663706144 3.68487242174
-0.733333333333 1.46607657168 1.39711352335
-0.733333333333 1.67551608191 0.681541962938
-0.733333333333 1.88495559215 0.397300365394
-0.733333333333 2.09439510239 0.213115789054
-0.733333333333 2.30383461263 0.155013621141
-0.733333333333 2.51327412287 0.357191093651
-0.733333333333 2.72271363311 1.69616439349
-0.733333333333 2.93215314335 1.90137294539
-0.733333333333 3.14159265359 0.320213163343
-0.733333333333 3.35103216383 0.195337079597
-0.733333333333 3.56047167407 0.32705399481
-0.733333333333 3.76991118431 0.196318066753
-0.733333333333 3.97935069455 0.154960413609
-0.733333333333 4.18879020479 0.346865206332
-0.733333333333 4.39822971503 0.503753810531
-0.733333333333 4.60766922527 0.103343703721
-0.733333333333 4.8171087355 0.624264148687
-0.733333333333 5.02654824574 1.06804171169
-0.733333333333 5.23598775598 0.785136404405
-0.733333333333 5.44542726622 2.04218487665
-0.733333333333 5.65486677646 1.91602016692
-0.733333333333 5.8643062867 3.663494322
-0.733333333333 6.07374579694 5.03914574173

-0.666666666667 0 6.2243522152
-0.666666666667 0.209439510239 8.20347387168
-0.666666666667 0.418879020479 11.6567676501
-0.666666666667 0.628318530718 12.9968583287
-0.666666666667 0.837758040957 13.4665958144
-0.666666666667 1.0471975512 10.5861319429
-0.666666666667 1.25663706144 5.02518754576
-0.666666666667 1.46607657168 1.48010111713
-0.666666666667 1.67551608191 0.729512400461
-0.666666666667 1.88495559215 0.327685571788
-0.666666666667 2.09439510239 0.215248637936
-0.666666666667 2.30383461263 0.147973377505
-0.666666666667 2.51327412287 0.456747032331
-0.666666666667 2.72271363311 1.85245671382
-0.666666666667 2.93215314335 1.51940768425
-0.666666666667 3.14159265359 0.190640395479
-0.666666666667 3.35103216383 0.329210937864
-0.666666666667 3.56047167407 0.250225132581
-0.666666666667 3.76991118431 0.0611706963418
-0.666666666667 3.97935069455 0.0598437985783
-0.666666666667 4.18879020479 0.245492474516
-0.666666666667 4.39822971503 0.405271993626
-0.666666666667 4.60766922527 0.140863736714
-0.666666666667 4.8171087355 0.693676457846
-0.666666666667 5.02654824574 1.157574764
-0.666666666667 5.23598775598 0.861296863123
-0.666666666667 5.44542726622 2.15835527087
-0.666666666667 5.65486677646 1.87538502091
-0.666666666667 5.8643062867 3.57251714163
-0.666666666667 6.07374579694 4.84811065121

-0.6 0 4.91607851407
-0.6 0.209439510239 7.70635366232
-0.6 0.418879020479 9.36189610294
-0.6 0.628318530718 11.5810820452
-0.6 0.837758040957 14.4094346623
-0.6 1.0471975512 12.9539517642
-0.6 1.25663706144 6.53288921407
-0.6 1.46607657168 1.64950057652
-0.6 1.67551608191 0.720501622869
-0.6 1.88495559215 0.303511031572
-0.6 2.09439510239 0.206863698634
-0.6 2.30383461263 0.141538709809
-0.6 2.51327412287 0.564822790018
-0.6 2.72271363311 1.90815822164
-0.6 2.93215314335 1.22476570567
-0.6 3.14159265359 0.19945138864
-0.6 3.35103216383 0.378131046974
-0.6 3.56047167407 0.155433551682
-0.6 3.76991118431 0.0448265256764
-0.6 3.97935069455 0.147568329943
-0.6 4.18879020479 0.390112531103
-0.6 4.39822971503 0.528027575477
-0.6 4.60766922527 0.178275799639
-0.6 4.8171087355 0.813079863657
-0.6 5.02654824574 1.19778990383
-0.6 5.23598775598 1.00402750877
-0.6 5.44542726622 2.20547144516
-0.6 5.65486677646 1.97723256842
-0.6 5.8643062867 3.50449923493
-0.6 6.07374579694 4.23358924898

-0.533333333333 0 4.42586796247
-0.533333333333 0.209439510239 6.30452933208
-0.533333333333 0.418879020479 6.42174350397
-0.533333333333 0.628318530718 10.2911415111
-0.533333333333 0.837758040957 14.9238717592
-0.533333333333 1.0471975512 15.0758379445
-0.533333333333 1.25663706144 8.17080168348
-0.533333333333 1.46607657168 1.89046923047
-0.533333333333 1.67551608191 0.689432238737
-0.533333333333 1.88495559215 0.303198334265
-0.533333333333 2.09439510239 0.192588477162
-0.533333333333 2.30383461263 0.135940734284
-0.533333333333 2.51327412287 0.669819517751
-0.533333333333 2.72271363311 1.91020037087
-0.533333333333 2.93215314335 1.00822555298
-0.533333333333 3.14159265359 0.249808382399
-0.533333333333 3.35103216383 0.351705549027
-0.533333333333 3.56047167407 0.0696077016573
-0.533333333333 3.76991118431 0.0841766681396
-0.533333333333 3.97935069455 0.268018232638
-0.533333333333 4.18879020479 0.559976375662
-0.533333333333 4.39822971503 0.739640630789
-0.533333333333 4.60766922527 0.273129493049
-0.533333333333 4.8171087355 0.891458931684
-0.533333333333 5.02654824574 1.24916036419
-0.533333333333 5.23598775598 1.16679739978
-0.533333333333 5.44542726622 2.22940037494
-0.533333333333 5.65486677646 2.16483695226
-0.533333333333 5.8643062867 3.46248206528
-0.533333333333 6.07374579694 3.6484787403

-0.466666666667 0 4.27103239291
-0.466666666667 0.209439510239 4.41673167835
-0.466666666667 0.418879020479 4.53136653453
-0.466666666667 0.628318530718 9.86576252305
-0.466666666667 0.837758040957 15.0853776865
-0.466666666667 1.0471975512 16.5157278448
-0.466666666667 1.25663706144 9.85502439577
-0.466666666667 1.46607657168 2.16960310088
-0.466666666667 1.67551608191 0.656928933604
-0.466666666667 1.88495559215 0.310956679578
-0.466666666667 2.09439510239 0.175919260453
-0.466666666667 2.30383461263 0.131647530107
-0.466666666667 2.51327412287 0.764976195027
-0.466666666667 2.72271363311 1.88717272972
-0.466666666667 2.93215314335 0.846010396187
-0.466666666667 3.14159265359 0.306087976638
-0.466666666667 3.35103216383 0.279830911363
-0.466666666667 3.56047167407 0.0239748792534
-0.466666666667 3.76991118431 0.165946647843
-0.466666666667 3.97935069455 0.397146815818
-0.466666666667 4.18879020479 0.703378844643
-0.466666666667 4.39822971503 0.922645149347
-0.466666666667 4.60766922527 0.411597705876
-0.466666666667 4.8171087355 0.918067330296
-0.466666666667 5.02654824574 1.31485226313
-0.466666666667 5.23598775598 1.3288113681
-0.466666666667 5.44542726622 2.25062520415
-0.466666666667 5.65486677646 2.37896721732
-0.466666666667 5.8643062867 3.45018007594
-0.466666666667 6.07374579694 3.27003583381

-0.4 0 4.10110858065
-0.4 0.209439510239 2.88207273219
-0.4 0.418879020479 3.88596344481
-0.4 0.628318530718 10.1997510452
-0.4 0.837758040957 15.1145261351
-0.4 1.0471975512 17.1632819622
-0.4 1.25663706144 11.40622194
-0.4 1.46607657168 2.46119746834
-0.4 1.67551608191 0.62919742426
-0.4 1.88495559215 0.318461283614
-0.4 2.09439510239 0.159205732464
-0.4 2.30383461263 0.128848453219
-0.4 2.51327412287 0.846532415367
-0.4 2.72271363311 1.85485930759
-0.4 2.93215314335 0.722138196805
-0.4 3.14159265359 0.352039187929
-0.4 3.35103216383 0.195698754038
-0.4 3.56047167407 0.030101634706
-0.4 3.76991118431 0.266112945028
-0.4 3.97935069455 0.519055396704
-0.4 4.18879020479 0.829044329141
-0.4 4.39822971503 1.04917559148
-0.4 4.60766922527 0.557535755412
-0.4 4.8171087355 0.920459277519
-0.4 5.02654824574 1.3802961736
-0.4 5.23598775598 1.48135244139
-0.4 5.44542726622 2.27455603018
-0.4 5.65486677646 2.58456796512
-0.4 5.8643062867 3.45903045521
-0.4 6.07374579694 3.09397122111

-0.333333333333 0 3.82591632271
-0.333333333333 0.209439510239 1.99551934001
-0.333333333333 0.418879020479 3.89125054046
-0.333333333333 0.628318530718 10.5557404353
-0.333333333333 0.837758040957 14.9928393403
-0.333333333333 1.0471975512 17.2832754771
-0.333333333333 1.25663706144 12.6674486875
-0.333333333333 1.46607657168 2.74423722179
-0.333333333333 1.67551608191 0.606744171233
-0.333333333333 1.88495559215 0.322576106028
-0.333333333333 2.09439510239 0.143838579913
-0.333333333333 2.30383461263 0.12742553271
-0.333333333333 2.51327412287 0.912609264736
-0.333333333333 2.72271363311 1.82176390982
-0.333333333333 2.93215314335 0.627941875423
-0.333333333333 3.14159265359 0.38255766753
-0.333333333333 3.35103216383 0.123715293068
-0.333333333333 3.56047167407 0.0735905584617
-0.333333333333 3.76991118431 0.355590686186
-0.333333333333 3.97935069455 0.609419725317
-0.333333333333 4.18879020479 0.928127186706
-0.333333333333 4.39822971503 1.12974828325
-0.333333333333 4.60766922527 0.686549808841
-0.333333333333 4.8171087355 0.922319235767
-0.333333333333 5.02654824574 1.43345450616
-0.333333333333 5.23598775598 1.62122304819
-0.333333333333 5.44542726622 2.30050796282
-0.333333333333 5.65486677646 2.76565425219
-0.333333333333 5.8643062867 3.47736643457
-0.333333333333 6.07374579694 3.054326164

-0.266666666667 0 3.4844414782
-0.266666666667 0.209439510239 1.60245191593
-0.266666666667 0.418879020479 3.96768778835
-0.266666666667 0.628318530718 10.1148758484
-0.266666666667 0.837758040957 14.486954243
-0.266666666667 1.0471975512 17.1463604532
-0.266666666667 1.25663706144 13.5772036595
-0.266666666667 1.46607657168 2.99667776227
-0.266666666667 1.67551608191 0.58891480413
-0.266666666667 1.88495559215 0.322893536323
-0.266666666667 2.09439510239 0.130485129522
-0.266666666667 2.30383461263 0.127062109614
-0.266666666667 2.51327412287 0.962465894236
-0.266666666667 2.72271363311 1.79252870937
-0.266666666667 2.93215314335 0.558166364271
-0.266666666667 3.14159265359 0.399473588263
-0.266666666667 3.35103216383 0.0739636617101
-0.266666666667 3.56047167407 0.133046660998
-0.266666666667 3.76991118431 0.419913333035
-0.266666666667 3.97935069455 0.659435529534
-0.266666666667 4.18879020479 0.986524804292
-0.266666666667 4.39822971503 1.17643902051
-0.266666666667 4.60766922527 0.789909734148
-0.266666666667 4.8171087355 0.93371973686
-0.266666666667 5.02654824574 1.46880690461
-0.266666666667 5.23598775598 1.7476873332
-0.266666666667 5.44542726622 2.32613351139
-0.266666666667 5.65486677646 2.91708126565
-0.266666666667 5.8643062867 3.49671492311
-0.266666666667 6.07374579694 3.08727733467

-0.2 0 3.14175591183
-0.2 0.209439510239 1.47549486673
-0.2 0.418879020479 3.86674550398
-0.2 0.628318530718 8.79931745744
-0.2 0.837758040957 13.5527729411
-0.2 1.0471975512 16.9092799666
-0.2 1.25663706144 14.1530466824
-0.2 1.46607657168 3.19732359022
-0.2 1.67551608191 0.575333061741
-0.2 1.88495559215 0.320084792904
-0.2 2.09439510239 0.119314134147
-0.2 2.30383461263 0.12736734583
-0.2 2.51327412287 0.995994041876
-0.2 2.72271363311 1.76969379353
-0.2 2.93215314335 0.508777445165
-0.2 3.14159265359 0.407402860868
-0.2 3.35103216383 0.045467736955
-0.2 3.56047167407 0.192748437143
-0.2 3.76991118431 0.461095445122
-0.2 3.97935069455 0.678018498392
-0.2 4.18879020479 1.00394014398
-0.2 4.39822971503 1.19688669773
-0.2 4.60766922527 0.868137884202
-0.2 4.8171087355 0.955705156867
-0.2 5.02654824574 1.48546319113
-0.2 5.23598775598 1.86101725531
-0.2 5.44542726622 2.34915721666
-0.2 5.65486677646 3.0389415522
-0.2 5.8643062867 3.51291679099
-0.2 6.07374579694 3.14999422522

-0.133333333333 0 2.84588525798
-0.133333333333 0.209439510239 1.46228358
-0.133333333333 0.418879020479 3.60251051956
-0.133333333333 0.628318530718 7.21733181465
-0.133333333333 0.837758040957 12.4433506423
-0.133333333333 1.0471975512 16.6549745066
-0.133333333333 1.25663706144 14.4445820732
-0.133333333333 1.46607657168 3.33027595961
-0.133333333333 1.67551608191 0.566076922568
-0.133333333333 1.88495559215 0.31502268393
-0.133333333333 2.09439510239 0.110180836071
-0.133333333333 2.30383461263 0.127979877617
-0.133333333333 2.51327412287 1.01338397274
-0.133333333333 2.72271363311 1.75451180199
-0.133333333333 2.93215314335 0.476506207129
-0.133333333333 3.14159265359 0.410882566273
-0.133333333333 3.35103216383 0.0324052571917
-0.133333333333 3.56047167407 0.244430730997
-0.133333333333 3.76991118431 0.488843474512
-0.133333333333 3.97935069455 0.679820704086
-0.133333333333 4.18879020479 0.991395843063
-0.133333333333 4.39822971503 1.19780123193
-0.133333333333 4.60766922527 0.92511138398
-0.133333333333 4.8171087355 0.986025280376
-0.133333333333 5.02654824574 1.48461659435
-0.133333333333 5.23598775598 1.96178378845
-0.133333333333 5.44542726622 2.36789510628
-0.133333333333 5.65486677646 3.1334239649
-0.133333333333 5.8643062867 3.52502959271
-0.133333333333 6.07374579694 3.21920156423

-0.0666666666667 0 2.62123135161
-0.0666666666667 0.209439510239 1.48588505397
-0.0666666666667 0.418879020479 3.27959893406
-0.0666666666667 0.628318530718 5.86176551144
-0.0666666666667 0.837758040957 11.434255086
-0.0666666666667 1.0471975512 16.4254019024
-0.0666666666667 1.25663706144 14.4988619239
-0.0666666666667 1.46607657168 3.38767575954
-0.0666666666667 1.67551608191 0.561461617602
-0.0666666666667 1.88495559215 0.308403700252
-0.0666666666667 2.09439510239 0.102762089137
-0.0666666666667 2.30383461263 0.128644722171
-0.0666666666667 2.51327412287 1.01492458238
-0.0666666666667 2.72271363311 1.74728703563
-0.0666666666667 2.93215314335 0.459165919578
-0.0666666666667 3.14159265359 0.412913624556
-0.0666666666667 3.35103216383 0.028709503791
-0.0666666666667 3.56047167407 0.284141684915
-0.0666666666667 3.76991118431 0.512179298246
-0.0666666666667 3.97935069455 0.676019281363
-0.0666666666667 4.18879020479 0.961888672415
-0.0666666666667 4.39822971503 1.18621899854
-0.0666666666667 4.60766922527 0.964946963585
-0.0666666666667 4.8171087355 1.02245202336
-0.0666666666667 5.02654824574 1.46786198331
-0.0666666666667 5.23598775598 2.05049534809
-0.0666666666667 5.44542726622 2.38130074898
-0.0666666666667 5.65486677646 3.20318697892
-0.0666666666667 5.8643062867 3.53390547919
-0.0666666666667 6.07374579694 3.28453301552

6.12323399574e-17 0 2.47590067572
6.12323399574e-17 0.209439510239 1.51430212742
6.12323399574e-17 0.418879020479 2.9834970761
6.12323399574e-17 0.628318530718 4.85527705777
6.12323399574e-17 0.837758040957 10.6256262123
6.12323399574e-17 1.0471975512 16.2219134572
6.12323399574e-17 1.25663706144 14.3470231302
6.12323399574e-17 1.46607657168 3.37031678234
6.12323399574e-17 1.67551608191 0.561805554472
6.12323399574e-17 1.88495559215 0.300638522766
6.12323399574e-17 2.09439510239 0.0966414603392
6.12323399574e-17 2.30383461263 0.129266683227
6.12323399574e-17 2.51327412287 1.00091462205
6.12323399574e-17 2.72271363311 1.74747947941
6.12323399574e-17 2.93215314335 0.456120274203
6.12323399574e-17 3.14159265359 0.414358540259
6.12323399574e-17 3.35103216383 0.030415104594
6.12323399574e-17 3.56047167407 0.308543763188
6.12323399574e-17 3.76991118431 0.534922929292
6.12323399574e-17 3.97935069455 0.671438403308
6.12323399574e-17 4.18879020479 0.925071950173
6.12323399574e-17 4.39822971503 1.16867489939
6.12323399574e-17 4.60766922527 0.990855407915
6.12323399574e-17 4.8171087355 1.06402654869
6.12323399574e-17 5.02654824574 1.43642535093
6.12323399574e-17 5.23598775598 2.12739747123
6.12323399574e-17 5.44542726622 2.38886408987
6.12323399574e-17 5.65486677646 3.25054985114
6.12323399574e-17 5.8643062867 3.54110342231
6.12323399574e-17 6.07374579694 3.34246415431

0.0666666666667 0 2.4105424103
0.0666666666667 0.209439510239 1.53676098211
0.0666666666667 0.418879020479 2.75521300387
0.0666666666667 0.628318530718 4.13422679824
0.0666666666667 0.837758040957 9.95600097718
0.0666666666667 1.0471975512 15.9899660939
0.0666666666667 1.25663706144 14.0061320951
0.0666666666667 1.46607657168 3.28682046227
0.0666666666667 1.67551608191 0.567317614723
0.0666666666667 1.88495559215 0.291880032521
0.0666666666667 2.09439510239 0.0913494150222
0.0666666666667 2.30383461263 0.129945526257
0.0666666666667 2.51327412287 0.971674644486
0.0666666666667 2.72271363311 1.75368475046
0.0666666666667 2.93215314335 0.468680419489
0.0666666666667 3.14159265359 0.413666755694
0.0666666666667 3.35103216383 0.0367349996556
0.0666666666667 3.56047167407 0.312555244272
0.0666666666667 3.76991118431 0.553884748617
0.0666666666667 3.97935069455 0.665129292203
0.0666666666667 4.18879020479 0.886449728833
0.0666666666667 4.39822971503 1.15041562141
0.0666666666667 4.60766922527 1.004935201
0.0666666666667 4.8171087355 1.11121905643
0.0666666666667 5.02654824574 1.39100145682
0.0666666666667 5.23598775598 2.19234210932
0.0666666666667 5.44542726622 2.39048818832
0.0666666666667 5.65486677646 3.27709243523
0.0666666666667 5.8643062867 3.54822644885
0.0666666666667 6.07374579694 3.39204950117

0.133333333333 0 2.42455499028
0.133333333333 0.209439510239 1.55060176775
0.133333333333 0.418879020479 2.60521296153
0.133333333333 0.628318530718 3.59950594965
0.133333333333 0.837758040957 9.26237326392
0.133333333333 1.0471975512 15.5984021414
0.133333333333 1.25663706144 13.4887823041
0.133333333333 1.46607657168 3.15177145024
0.133333333333 1.67551608191 0.578108381398
0.133333333333 1.88495559215 0.282147276492
0.133333333333 2.09439510239 0.0863667722824
0.133333333333 2.30383461263 0.130994749339
0.133333333333 2.51327412287 0.927657058585
0.133333333333 2.72271363311 1.7635541336
0.133333333333 2.93215314335 0.500356703087
0.133333333333 3.14159265359 0.406738392546
0.133333333333 3.35103216383 0.0506287622024
0.133333333333 3.56047167407 0.289407570032
0.133333333333 3.76991118431 0.558499710847
0.133333333333 3.97935069455 0.651830584148
0.133333333333 4.18879020479 0.848641110881
0.133333333333 4.39822971503 1.13526670814
0.133333333333 4.60766922527 1.00836604988
0.133333333333 4.8171087355 1.16562080626
0.133333333333 5.02654824574 1.3319478317
0.133333333333 5.23598775598 2.24468488651
0.133333333333 5.44542726622 2.38639090099
0.133333333333 5.65486677646 3.2834464908
0.133333333333 5.8643062867 3.55660415336
0.133333333333 6.07374579694 3.43215533704

0.2 0 2.51936224832
0.2 0.209439510239 1.55559867358
0.2 0.418879020479 2.53148335946
0.2 0.628318530718 3.17481070743
0.2 0.837758040957 8.33262177348
0.2 1.0471975512 14.842128878
0.2 1.25663706144 12.8122024033
0.2 1.46607657168 2.98305810526
0.2 1.67551608191 0.594221535085
0.2 1.88495559215 0.271570250545
0.2 2.09439510239 0.0811028882993
0.2 2.30383461263 0.132940611551
0.2 2.51327412287 0.869663261995
0.2 2.72271363311 1.77372370612
0.2 2.93215314335 0.556820606752
0.2 3.14159265359 0.38727188575
0.2 3.35103216383 0.0786500198515
0.2 3.56047167407 0.234550195419
0.2 3.76991118431 0.532559624857
0.2 3.97935069455 0.623753147897
0.2 4.18879020479 0.813347638509
0.2 4.39822971503 1.1257874139
0.2 4.60766922527 1.00190774733
0.2 4.8171087355 1.22935031938
0.2 5.02654824574 1.25970964608
0.2 5.23598775598 2.28319621341
0.2 5.44542726622 2.37703983544
0.2 5.65486677646 3.26916663807
0.2 5.8643062867 3.56722146905
0.2 6.07374579694 3.45959744061

0.266666666667 0 2.69917294973
0.266666666667 0.209439510239 1.55305304877
0.266666666667 0.418879020479 2.53003177808
0.266666666667 0.628318530718 2.83047633103
0.266666666667 0.837758040957 7.04380073088
0.266666666667 1.0471975512 13.5579170085
0.266666666667 1.25663706144 11.9941304563
0.266666666667 1.46607657168 2.7990018071
0.266666666667 1.67551608191 0.615448161451
0.266666666667 1.88495559215 0.260809466746
0.266666666667 2.09439510239 0.0748711891537
0.266666666667 2.30383461263 0.136490227771
0.266666666667 2.51327412287 0.799179351213
0.266666666667 2.72271363311 1.77986830914
0.266666666667 2.93215314335 0.645220207789
0.266666666667 3.14159265359 0.348703244032
0.266666666667 3.35103216383 0.128586901185
0.266666666667 3.56047167407 0.154722283269
0.266666666667 3.76991118431 0.461023489305
0.266666666667 3.97935069455 0.574116193238
0.266666666667 4.18879020479 0.783922739443
0.266666666667 4.39822971503 1.12312406208
0.266666666667 4.60766922527 0.986943021809
0.266666666667 4.8171087355 1.30400872932
0.266666666667 5.02654824574 1.17543865647
0.266666666667 5.23598775598 2.30599260443
0.266666666667 5.44542726622 2.36311764664
0.266666666667 5.65486677646 3.23263100282
0.266666666667 5.8643062867 3.58080462455
0.266666666667 6.07374579694 3.46772837982

0.333333333333 0 2.9688713492
0.333333333333 0.209439510239 1.54868043132
0.333333333333 0.418879020479 2.59488073053
0.333333333333 0.628318530718 2.59802865597
0.333333333333 0.837758040957 5.59041345984
0.333333333333 1.0471975512 11.8808923042
0.333333333333 1.25663706144 11.0266104107
0.333333333333 1.46607657168 2.61642703457
0.333333333333 1.67551608191 0.640620919535
0.333333333333 1.88495559215 0.251645225236
0.333333333333 2.09439510239 0.0669161990882
0.333333333333 2.30383461263 0.142441287868
0.333333333333 2.51327412287 0.718838523676
0.333333333333 2.72271363311 1.77709209862
0.333333333333 2.93215314335 0.772221073548
0.333333333333 3.14159265359 0.289653678
0.333333333333 3.35103216383 0.20244906329
0.333333333333 3.56047167407 0.0799308773796
0.333333333333 3.76991118431 0.345673575031
0.333333333333 3.97935069455 0.505134005841
0.333333333333 4.18879020479 0.768516939466
0.333333333333 4.39822971503 1.12603710957
0.333333333333 4.60766922527 0.967527083631
0.333333333333 4.8171087355 1.38875452578
0.333333333333 5.02654824574 1.08181407675
0.333333333333 5.23598775598 2.31052618255
0.333333333333 5.44542726622 2.34550700948
0.333333333333 5.65486677646 3.17096082647
0.333333333333 5.8643062867 3.59795960644
0.333333333333 6.07374579694 3.44530602459

0.4 0 3.3273770772
0.4 0.209439510239 1.55961053863
0.4 0.418879020479 2.70456707416
0.4 0.628318530718 2.56960872705
0.4 0.837758040957 4.46304405281
0.4 1.0471975512 10.2821365729
0.4 1.25663706144 9.85739516141
0.4 1.46607657168 2.45007804538
0.4 1.67551608191 0.666486332033
0.4 1.88495559215 0.247459489306
0.4 2.09439510239 0.056622418354
0.4 2.30383461263 0.151481966939
0.4 2.51327412287 0.632985731873
0.4 2.72271363311 1.7610174672
0.4 2.93215314335 0.940041528743
0.4 3.14159265359 0.224572925723
0.4 3.35103216383 0.284065887702
0.4 3.56047167407 0.0663547311938
0.4 3.76991118431 0.227672676113
0.4 3.97935069455 0.441220114516
0.4 4.18879020479 0.782074002594
0.4 4.39822971503 1.12901648532
0.4 4.60766922527 0.953829684252
0.4 4.8171087355 1.47690520718
0.4 5.02654824574 0.984056434024
0.4 5.23598775598 2.29371081893
0.4 5.44542726622 2.32527678647
0.4 5.65486677646 3.07998602744
0.4 5.8643062867 3.61915862126
0.4 6.07374579694 3.37601104902

0.466666666667 0 3.75390637103
0.466666666667 0.209439510239 1.62664529783
0.466666666667 0.418879020479 2.79863517905
0.466666666667 0.628318530718 2.85645637991
0.466666666667 0.837758040957 4.08575731728
0.466666666667 1.0471975512 9.09514063577
0.466666666667 1.25663706144 8.45845769847
0.466666666667 1.46607657168 2.30644889095
0.466666666667 1.67551608191 0.687933503498
0.466666666667 1.88495559215 0.252672918634
0.466666666667 2.09439510239 0.0441933448828
0.466666666667 2.30383461263 0.163780187315
0.466666666667 2.51327412287 0.548221639878
0.466666666667 2.72271363311 1.73010187032
0.466666666667 2.93215314335 1.14051154735
0.466666666667 3.14159265359 0.197157084377
0.466666666667 3.35103216383 0.330624350714
0.466666666667 3.56047167407 0.167935986645
0.466666666667 3.76991118431 0.196772558669
0.466666666667 3.97935069455 0.438410464073
0.466666666667 4.18879020479 0.842028951152
0.466666666667 4.39822971503 1.12097697849
0.466666666667 4.60766922527 0.966285205062
0.466666666667 4.8171087355 1.55084142777
0.466666666667 5.02654824574 0.891029323674
0.466666666667 5.23598775598 2.25234068824
0.466666666667 5.44542726622 2.30364169652
0.466666666667 5.65486677646 2.9543334911
0.466666666667 5.8643062867 3.64412431862
0.466666666667 6.07374579694 3.24000074932

0.533333333333 0 4.18565692574
0.533333333333 0.209439510239 1.83243526715
0.533333333333 0.418879020479 2.77612365804
0.533333333333 0.628318530718 3.43193250842
0.533333333333 0.837758040957 4.51734357767
0.533333333333 1.0471975512 8.13501159287
0.533333333333 1.25663706144 6.95933543763
0.533333333333 1.46607657168 2.15288072354
0.533333333333 1.67551608191 0.704667464816
0.533333333333 1.88495559215 0.269198697029
0.533333333333 2.09439510239 0.0323669604415
0.533333333333 2.30383461263 0.17818475441
0.533333333333 2.51327412287 0.473554997287
0.533333333333 2.72271363311 1.68962808991
0.533333333333 2.93215314335 1.35035490835
0.533333333333 3.14159265359 0.282464362857
0.533333333333 3.35103216383 0.299760430899
0.533333333333 3.56047167407 0.368142356148
0.533333333333 3.76991118431 0.344825337313
0.533333333333 3.97935069455 0.563677859834
0.533333333333 4.18879020479 0.949827631797
0.533333333333 4.39822971503 1.09001844121
0.533333333333 4.60766922527 1.03632967885
0.533333333333 4.8171087355 1.57713776015
0.533333333333 5.02654824574 0.816021070215
0.533333333333 5.23598775598 2.18407860667
0.533333333333 5.44542726622 2.28184548888
0.533333333333 5.65486677646 2.78780215462
0.533333333333 5.8643062867 3.66969783154
0.533333333333 6.07374579694 3.02066746513

0.6 0 4.4897768958
0.6 0.209439510239 2.31123929904
0.6 0.418879020479 2.57492347686
0.6 0.628318530718 3.87996909791
0.6 0.837758040957 5.14240099729
0.6 1.0471975512 7.00684238659
0.6 1.25663706144 5.56322535571
0.6 1.46607657168 1.8860112833
0.6 1.67551608191 0.73964623069
0.6 1.88495559215 0.287886102516
0.6 2.09439510239 0.0299889595134
0.6 2.30383461263 0.190774452832
0.6 2.51327412287 0.419269596734
0.6 2.72271363311 1.65640099006
0.6 2.93215314335 1.53807657538
0.6 3.14159265359 0.54679917274
0.6 3.35103216383 0.244367422638
0.6 3.56047167407 0.534126002758
0.6 3.76991118431 0.642080907739
0.6 3.97935069455 0.813284608585
0.6 4.18879020479 1.05911158639
0.6 4.39822971503 1.0449629914
0.6 4.60766922527 1.19210181732
0.6 4.8171087355 1.50954558912
0.6 5.02654824574 0.775925669731
0.6 5.23598775598 2.08947933986
0.6 5.44542726622 2.2608792335
0.6 5.65486677646 2.57433992621
0.6 5.8643062867 3.684620645
0.6 6.07374579694 2.72190582329

0.666666666667 0 4.44240216277
0.666666666667 0.209439510239 3.16591250429
0.666666666667 0.418879020479 2.34659081064
0.666666666667 0.628318530718 3.62659097356
0.666666666667 0.837758040957 4.92851652206
0.666666666667 1.0471975512 5.58699916176
0.666666666667 1.25663706144 4.15404381274
0.666666666667 1.46607657168 1.47304123768
0.666666666667 1.67551608191 0.846000365552
0.666666666667 1.88495559215 0.279267686775
0.666666666667 2.09439510239 0.0573877443031
0.666666666667 2.30383461263 0.192677951671
0.666666666667 2.51327412287 0.392895756958
0.666666666667 2.72271363311 1.65723125796
0.666666666667 2.93215314335 1.69960287872
0.666666666667 3.14159265359 0.943557615219
0.666666666667 3.35103216383 0.375268922341
0.666666666667 3.56047167407 0.5448521636
0.666666666667 3.76991118431 0.856230076751
0.666666666667 3.97935069455 1.01718844741
0.666666666667 4.18879020479 1.08319324688
0.666666666667 4.39822971503 1.05182679422
0.666666666667 4.60766922527 1.40934994794
0.666666666667 4.8171087355 1.31426361376
0.666666666667 5.02654824574 0.78551419484
0.666666666667 5.23598775598 1.97573916831
0.666666666667 5.44542726622 2.24086223269
0.666666666667 5.65486677646 2.31020692199
0.666666666667 5.8643062867 3.65919191171
0.666666666667 6.07374579694 2.40033586492

0.733333333333 0 3.77157373941
0.733333333333 0.209439510239 4.12430598877
0.733333333333 0.418879020479 2.61917270311
0.733333333333 0.628318530718 2.82036981872
0.733333333333 0.837758040957 3.65211558724
0.733333333333 1.0471975512 3.76254449326
0.733333333333 1.25663706144 2.50638483082
0.733333333333 1.46607657168 1.26940257061
0.733333333333 1.67551608191 0.99182641298
0.733333333333 1.88495559215 0.216588317749
0.733333333333 2.09439510239 0.146756287815
0.733333333333 2.30383461263 0.169017869956
0.733333333333 2.51327412287 0.391528418319
0.733333333333 2.72271363311 1.69949385877
0.733333333333 2.93215314335 1.91767114546
0.733333333333 3.14159265359 1.26462243487
0.733333333333 3.35103216383 0.80253428452
0.733333333333 3.56047167407 0.574267615083
0.733333333333 3.76991118431 0.814388719909
0.733333333333 3.97935069455 0.990500174348
0.733333333333 4.18879020479 1.04404705109
0.733333333333 4.39822971503 1.20945056178
0.733333333333 4.60766922527 1.53787495987
0.733333333333 4.8171087355 1.02400107153
0.733333333333 5.02654824574 0.841484432517
0.733333333333 5.23598775598 1.86296006002
0.733333333333 5.44542726622 2.21972253411
0.733333333333 5.65486677646 1.99837762589
0.733333333333 5.8643062867 3.52871929458
0.733333333333 6.07374579694 2.20017035167

0.8 0 2.46287674281
0.8 0.209439510239 4.13762225277
0.8 0.418879020479 3.6508853285
0.8 0.628318530718 2.75687364654
0.8 0.837758040957 2.49181474458
0.8 1.0471975512 2.22031098375
0.8 1.25663706144 1.75348071469
0.8 1.46607657168 1.53719702048
0.8 1.67551608191 0.838549607535
0.8 1.88495559215 0.206222197822
0.8 2.09439510239 0.307958411237
0.8 2.30383461263 0.109573799244
0.8 2.51327412287 0.399962634799
0.8 2.72271363311 1.68977200838
0.8 2.93215314335 2.306859007
0.8 3.14159265359 1.51030139141
0.8 3.35103216383 1.18377436798
0.8 3.56047167407 0.885638721382
0.8 3.76991118431 0.837894758651
0.8 3.97935069455 0.967244137929
0.8 4.18879020479 1.16148143557
0.8 4.39822971503 1.42628371706
0.8 4.60766922527 1.37376134201
0.8 4.8171087355 0.780090664786
0.8 5.02654824574 0.901539600485
0.8 5.23598775598 1.79265997632
0.8 5.44542726622 2.19027427772
0.8 5.65486677646 1.65699885417
0.8 5.8643062867 3.17565974364
0.8 6.07374579694 2.31433515306

0.866666666667 0 1.53485866056
0.866666666667 0.209439510239 2.2415112898
0.866666666667 0.418879020479 3.26643795737
0.866666666667 0.628318530718 3.29527639185
0.866666666667 0.837758040957 2.86284195986
0.866666666667 1.0471975512 2.40023520075
0.866666666667 1.25663706144 1.90454156041
0.866666666667 1.46607657168 1.11926885707
0.866666666667 1.67551608191 0.364879571967
0.866666666667 1.88495559215 0.547370216567
0.866666666667 2.09439510239 0.421282941147
0.866666666667 2.30383461263 0.0580738482016
0.866666666667 2.51327412287 0.429840015531
0.866666666667 2.72271363311 1.40913585316
0.866666666667 2.93215314335 2.49783725745
0.866666666667 3.14159265359 2.19226802138
0.866666666667 3.35103216383 1.5908334427
0.866666666667 3.56047167407 1.30706076508
0.866666666667 3.76991118431 1.20808629731
0.866666666667 3.97935069455 1.26002963963
0.866666666667 4.18879020479 1.37725917804
0.866666666667 4.39822971503 1.36865708041
0.866666666667 4.60766922527 1.05656003533
0.866666666667 4.8171087355 0.711806749369
0.866666666667 5.02654824574 0.924145536899
0.866666666667 5.23598775598 1.8306412526
0.866666666667 5.44542726622 2.13282995927
0.866666666667 5.65486677646 1.33481051995
0.866666666667 5.8643062867 2.44024892144
0.866666666667 6.07374579694 2.67390861541

0.933333333333 0 2.19404576743
0.933333333333 0.209439510239 1.42781777264
0.933333333333 0.418879020479 0.974992352315
0.933333333333 0.628318530718 0.909123870776
0.933333333333 0.837758040957 0.862727068975
0.933333333333 1.0471975512 0.692479858245
0.933333333333 1.25663706144 0.532631789706
0.933333333333 1.46607657168 0.63792912847
0.933333333333 1.67551608191 0.952705334616
0.933333333333 1.88495559215 0.871252786368
0.933333333333 2.09439510239 0.278622891967
0.933333333333 2.30383461263 0.18943046991
0.933333333333 2.51327412287 0.598001853915
0.933333333333 2.72271363311 0.947380588675
0.933333333333 2.93215314335 1.49926459087
0.933333333333 3.14159265359 2.06550956022
0.933333333333 3.35103216383 2.21561475406
0.933333333333 3.56047167407 2.0729484003
0.933333333333 3.76991118431 1.87738873208
0.933333333333 3.97935069455 1.69551719104
0.933333333333 4.18879020479 1.47834819461
0.933333333333 4.39822971503 1.16242701856
0.933333333333 4.60766922527 0.798211504533
0.933333333333 4.8171087355 0.666941184005
0.933333333333 5.02654824574 1.14949298898
0.933333333333 5.23598775598 2.00806385948
0.933333333333 5.44542726622 1.98924371155
0.933333333333 5.65486677646 1.13684717114
0.933333333333 5.8643062867 1.30348075784
0.933333333333 6.07374579694 2.25453736666

