-1 0 0.695991227837
-1 0.209439510239 0.695991227836
-1 0.418879020479 0.695991227836
-1 0.628318530718 0.695991227836
-1 0.837758040957 0.695991227837
-1 1.0471975512 0.695991227837
-1 1.25663706144 0.695991227837
-1 1.46607657168 0.695991227837
-1 1.67551608191 0.695991227837
-1 1.88495559215 0.695991227836
-1 2.09439510239 0.695991227836
-1 2.30383461263 0.695991227837
-1 2.51327412287 0.695991227837
-1 2.72271363311 0.695991227837
-1 2.93215314335 0.695991227837
-1 3.14159265359 0.695991227837
-1 3.35103216383 0.695991227836
-1 3.56047167407 0.695991227836
-1 3.76991118431 0.695991227836
-1 3.97935069455 0.695991227837
-1 4.18879020479 0.695991227837
-1 4.39822971503 0.695991227837
-1 4.60766922527 0.695991227837
-1 4.8171087355 0.695991227837
-1 5.02654824574 0.695991227836
-1 5.23598775598 0.695991227836
-1 5.44542726622 0.695991227837
-1 5.65486677646 0.695991227837
-1 5.8643062867 0.695991227837
-1 6.07374579694 0.695991227837

-0.933333333333 0 1.4052158095
-0.933333333333 0.209439510239 1.4153617002
-0.933333333333 0.418879020479 1.41448817484
-0.933333333333 0.628318530718 1.45419061658
-0.933333333333 0.837758040957 1.52135297029
-0.933333333333 1.0471975512 1.51668265872
-0.933333333333 1.25663706144 1.32051711534
-0.933333333333 1.46607657168 0.969698211474
-0.933333333333 1.67551608191 0.727192047755
-0.933333333333 1.88495559215 0.722226487385
-0.933333333333 2.09439510239 0.683583424442
-0.933333333333 2.30383461263 0.444447250094
-0.933333333333 2.51327412287 0.19604940435
-0.933333333333 2.72271363311 0.0679885998876
-0.933333333333 2.93215314335 0.0489662249316
-0.933333333333 3.14159265359 0.130964733698
-0.933333333333 3.35103216383 0.23619134581
-0.933333333333 3.56047167407 0.284335397978
-0.933333333333 3.76991118431 0.281392277978
-0.933333333333 3.97935069455 0.259706716713
-0.933333333333 4.18879020479 0.229275302033
-0.933333333333 4.39822971503 0.196718792096
-0.933333333333 4.60766922527 0.207661482229
-0.933333333333 4.8171087355 0.340628005783
-0.933333333333 5.02654824574 0.598656528862
-0.933333333333 5.23598775598 0.797303291708
-0.933333333333 5.44542726622 0.741782619851
-0.933333333333 5.65486677646 0.715281797389
-0.933333333333 5.8643062867 0.992227991006
-0.933333333333 6.07374579694 1.29226582556

-0.866666666667 0 1.2272234728
-0.866666666667 0.209439510239 0.805888460291
-0.866666666667 0.418879020479 0.602265314636
-0.866666666667 0.628318530718 0.6582511597
-0.866666666667 0.837758040957 0.863880286661
-0.866666666667 1.0471975512 1.31488475515
-0.866666666667 1.25663706144 1.95817294043
-0.866666666667 1.46607657168 2.14500070773
-0.866666666667 1.67551608191 1.35856268579
-0.866666666667 1.88495559215 0.623722322307
-0.866666666667 2.09439510239 0.593988311896
-0.866666666667 2.30383461263 0.362241271335
-0.866666666667 2.51327412287 0.0591007129903
-0.866666666667 2.72271363311 0.0732099177098
-0.866666666667 2.93215314335 0.191783004935
-0.866666666667 3.14159265359 0.341929877544
-0.866666666667 3.35103216383 0.324899751763
-0.866666666667 3.56047167407 0.242815011855
-0.866666666667 3.76991118431 0.22532990117
-0.866666666667 3.97935069455 0.262777685996
-0.866666666667 4.18879020479 0.314935926158
-0.866666666667 4.39822971503 0.332732041412
-0.866666666667 4.60766922527 0.327603841569
-0.866666666667 4.8171087355 0.46237391431
-0.866666666667 5.02654824574 0.66614064031
-0.866666666667 5.23598775598 0.640866583715
-0.866666666667 5.44542726622 0.530592023192
-0.866666666667 5.65486677646 0.845233756488
-0.866666666667 5.8643062867 1.33302210382
-0.866666666667 6.07374579694 1.42486913501

-0.8 0 0.495060338697
-0.8 0.209439510239 0.504475858099
-0.8 0.418879020479 0.968605047458
-0.8 0.628318530718 0.950841300741
-0.8 0.837758040957 0.652960772769
-0.8 1.0471975512 0.476438386775
-0.8 1.25663706144 0.9279553294
-0.8 1.46607657168 2.08310418081
-0.8 1.67551608191 2.30757773184
-0.8 1.88495559215 0.968937660593
-0.8 2.09439510239 0.469949162895
-0.8 2.30383461263 0.307849573701
-0.8 2.51327412287 0.029493925969
-0.8 2.72271363311 0.143032741936
-0.8 2.93215314335 0.287780619071
-0.8 3.14159265359 0.367662032497
-0.8 3.35103216383 0.216596815125
-0.8 3.56047167407 0.157541761126
-0.8 3.76991118431 0.184017795617
-0.8 3.97935069455 0.246059679281
-0.8 4.18879020479 0.351071141762
-0.8 4.39822971503 0.478558417616
-0.8 4.60766922527 0.538832064899
-0.8 4.8171087355 0.611401068238
-0.8 5.02654824574 0.739824549597
-0.8 5.23598775598 0.556889034512
-0.8 5.44542726622 0.484651553276
-0.8 5.65486677646 1.03337910367
-0.8 5.8643062867 1.39157650937
-0.8 6.07374579694 1.10129416056

-0.733333333333 0 0.528362822712
-0.733333333333 0.209439510239 1.76912739231
-0.733333333333 0.418879020479 1.83950288457
-0.733333333333 0.628318530718 1.24413637572
-0.733333333333 0.837758040957 0.832199310065
-0.733333333333 1.0471975512 0.465831023926
-0.733333333333 1.25663706144 0.284200663825
-0.733333333333 1.46607657168 1.18762948818
-0.733333333333 1.67551608191 2.54186995589
-0.733333333333 1.88495559215 1.54326081856
-0.733333333333 2.09439510239 0.399533671894
-0.733333333333 2.30383461263 0.273789461939
-0.733333333333 2.51327412287 0.0421396681242
-0.733333333333 2.72271363311 0.188361830759
-0.733333333333 2.93215314335 0.35057017469
-0.733333333333 3.14159265359 0.29874955625
-0.733333333333 3.35103216383 0.110427923213
-0.733333333333 3.56047167407 0.0879944578419
-0.733333333333 3.76991118431 0.102890685683
-0.733333333333 3.97935069455 0.170061886136
-0.733333333333 4.18879020479 0.31174793939
-0.733333333333 4.39822971503 0.474427265764
-0.733333333333 4.60766922527 0.631527163962
-0.733333333333 4.8171087355 0.819861431156
-0.733333333333 5.02654824574 0.78604740465
-0.733333333333 5.23598775598 0.511246472736
-0.733333333333 5.44542726622 0.561022493261
-0.733333333333 5.65486677646 1.08346487509
-0.733333333333 5.8643062867 1.1984545337
-0.733333333333 6.07374579694 0.568549763651

-0.666666666667 0 1.43587960277
-0.666666666667 0.209439510239 2.34897150823
-0.666666666667 0.418879020479 1.29054022024
-0.666666666667 0.628318530718 0.89972477805
-0.666666666667 0.837758040957 0.729100670797
-0.666666666667 1.0471975512 0.513879545329
-0.666666666667 1.25663706144 0.223826649455
-0.666666666667 1.46607657168 0.498138501708
-0.666666666667 1.67551608191 2.19820521261
-0.666666666667 1.88495559215 2.05843355889
-0.666666666667 2.09439510239 0.396240125045
-0.666666666667 2.30383461263 0.256432822811
-0.666666666667 2.51327412287 0.0697397811406
-0.666666666667 2.72271363311 0.211916403181
-0.666666666667 2.93215314335 0.383526547891
-0.666666666667 3.14159265359 0.18763513908
-0.666666666667 3.35103216383 0.0442962036669
-0.666666666667 3.56047167407 0.0370430766472
-0.666666666667 3.76991118431 0.0676961907904
-0.666666666667 3.97935069455 0.151063146647
-0.666666666667 4.18879020479 0.340474046862
-0.666666666667 4.39822971503 0.568464734356
-0.666666666667 4.60766922527 0.591408081832
-0.666666666667 4.8171087355 0.916522560039
-0.666666666667 5.02654824574 0.866028026314
-0.666666666667 5.23598775598 0.488511093276
-0.666666666667 5.44542726622 0.643484987804
-0.666666666667 5.65486677646 1.00779472183
-0.666666666667 5.8643062867 0.920321777633
-0.666666666667 6.07374579694 0.331402241566

-0.6 0 2.11498226739
-0.6 0.209439510239 1.57528985447
-0.6 0.418879020479 0.855026206725
-0.6 0.628318530718 1.18574160579
-0.6 0.837758040957 0.887191203915
-0.6 1.0471975512 0.525184138395
-0.6 1.25663706144 0.297199645292
-0.6 1.46607657168 0.211057613908
-0.6 1.67551608191 1.69264031049
-0.6 1.88495559215 2.38400712581
-0.6 2.09439510239 0.443061945965
-0.6 2.30383461263 0.252076542231
-0.6 2.51327412287 0.100610766485
-0.6 2.72271363311 0.225144825581
-0.6 2.93215314335 0.379449781315
-0.6 3.14159265359 0.0907757039315
-0.6 3.35103216383 0.0180138751745
-0.6 3.56047167407 0.0369682674791
-0.6 3.76991118431 0.119985079769
-0.6 3.97935069455 0.190857276365
-0.6 4.18879020479 0.352907771961
-0.6 4.39822971503 0.740110276178
-0.6 4.60766922527 0.631170682574
-0.6 4.8171087355 0.863192163161
-0.6 5.02654824574 0.958349011919
-0.6 5.23598775598 0.489993147465
-0.6 5.44542726622 0.691860486262
-0.6 5.65486677646 0.896389239669
-0.6 5.8643062867 0.693028508363
-0.6 6.07374579694 0.481402807372

-0.533333333333 0 2.05711650423
-0.533333333333 0.209439510239 0.71093318737
-0.533333333333 0.418879020479 1.46073119944
-0.533333333333 0.628318530718 1.96512881235
-0.533333333333 0.837758040957 1.22974206304
-0.533333333333 1.0471975512 0.586197572027
-0.533333333333 1.25663706144 0.332832939684
-0.533333333333 1.46607657168 0.160254880887
-0.533333333333 1.67551608191 1.25637392109
-0.533333333333 1.88495559215 2.52149691514
-0.533333333333 2.09439510239 0.518100690631
-0.533333333333 2.30383461263 0.256988219543
-0.533333333333 2.51327412287 0.129742911746
-0.533333333333 2.72271363311 0.234164673941
-0.533333333333 2.93215314335 0.345443727483
-0.533333333333 3.14159265359 0.0334906312901
-0.533333333333 3.35103216383 0.015375419395
-0.533333333333 3.56047167407 0.078177739781
-0.533333333333 3.76991118431 0.211580975544
-0.533333333333 3.97935069455 0.259247127613
-0.533333333333 4.18879020479 0.309223014899
-0.533333333333 4.39822971503 0.806349881808
-0.533333333333 4.60766922527 0.781158123892
-0.533333333333 4.8171087355 0.746705477065
-0.533333333333 5.02654824574 1.02605665694
-0.533333333333 5.23598775598 0.514035976963
-0.533333333333 5.44542726622 0.709380931564
-0.533333333333 5.65486677646 0.804561696575
-0.533333333333 5.8643062867 0.555664518749
-0.533333333333 6.07374579694 0.794405756564

-0.466666666667 0 1.55361856772
-0.466666666667 0.209439510239 0.537341184636
-0.466666666667 0.418879020479 2.44720674773
-0.466666666667 0.628318530718 2.43289546337
-0.466666666667 0.837758040957 1.4132936328
-0.466666666667 1.0471975512 0.660998115484
-0.466666666667 1.25663706144 0.334497838019
-0.466666666667 1.46607657168 0.185604737631
-0.466666666667 1.67551608191 0.952025752312
-0.466666666667 1.88495559215 2.52834205827
-0.466666666667 2.09439510239 0.604010190816
-0.466666666667 2.30383461263 0.267751183884
-0.466666666667 2.51327412287 0.154976524609
-0.466666666667 2.72271363311 0.241056912274
-0.466666666667 2.93215314335 0.297030221458
-0.466666666667 3.14159265359 0.0106595338264
-0.466666666667 3.35103216383 0.0221914801625
-0.466666666667 3.56047167407 0.126709880473
-0.466666666667 3.76991118431 0.290811264232
-0.466666666667 3.97935069455 0.340947137115
-0.466666666667 4.18879020479 0.265717055667
-0.466666666667 4.39822971503 0.725765032834
-0.466666666667 4.60766922527 0.939247187497
-0.466666666667 4.8171087355 0.641155255688
-0.466666666667 5.02654824574 1.05378718643
-0.466666666667 5.23598775598 0.55486667648
-0.466666666667 5.44542726622 0.708226299561
-0.466666666667 5.65486677646 0.748178226094
-0.466666666667 5.8643062867 0.491351797819
-0.466666666667 6.07374579694 1.07026510848

-0.4 0 1.01181347179
-0.4 0.209439510239 0.916754436202
-0.4 0.418879020479 2.99515322578
-0.4 0.628318530718 2.31271095073
-0.4 0.837758040957 1.36672058715
-0.4 1.0471975512 0.704089652758
-0.4 1.25663706144 0.327430413387
-0.4 1.46607657168 0.214737086829
-0.4 1.67551608191 0.76320617029
-0.4 1.88495559215 2.4653253672
-0.4 2.09439510239 0.689677864696
-0.4 2.30383461263 0.281463692281
-0.4 2.51327412287 0.175366428309
-0.4 2.72271363311 0.246407977485
-0.4 2.93215314335 0.248269706779
-0.4 3.14159265359 0.00734188153245
-0.4 3.35103216383 0.0299915925536
-0.4 3.56047167407 0.15962144889
-0.4 3.76991118431 0.342005839782
-0.4 3.97935069455 0.423207187673
-0.4 4.18879020479 0.268109268046
-0.4 4.39822971503 0.573795886283
-0.4 4.60766922527 1.0297915839
-0.4 4.8171087355 0.574633125778
-0.4 5.02654824574 1.04473934231
-0.4 5.23598775598 0.605540530423
-0.4 5.44542726622 0.698318168254
-0.4 5.65486677646 0.723667301138
-0.4 5.8643062867 0.471335037906
-0.4 6.07374579694 1.23059466691

-0.333333333333 0 0.632261219895
-0.333333333333 0.209439510239 1.41747161436
-0.333333333333 0.418879020479 2.91736282213
-0.333333333333 0.628318530718 1.86224691023
-0.333333333333 0.837758040957 1.22681754868
-0.333333333333 1.0471975512 0.717011870668
-0.333333333333 1.25663706144 0.322815529555
-0.333333333333 1.46607657168 0.230360466187
-0.333333333333 1.67551608191 0.652798200688
-0.333333333333 1.88495559215 2.3765150685
-0.333333333333 2.09439510239 0.769122695134
-0.333333333333 2.30383461263 0.295792061325
-0.333333333333 2.51327412287 0.190491734117
-0.333333333333 2.72271363311 0.250644250478
-0.333333333333 2.93215314335 0.207506505892
-0.333333333333 3.14159265359 0.0113817121653
-0.333333333333 3.35103216383 0.0349851090751
-0.333333333333 3.56047167407 0.173720787803
-0.333333333333 3.76991118431 0.373414175371
-0.333333333333 3.97935069455 0.492583438532
-0.333333333333 4.18879020479 0.309953957455
-0.333333333333 4.39822971503 0.430759116108
-0.333333333333 4.60766922527 1.04236810532
-0.333333333333 4.8171087355 0.54556236202
-0.333333333333 5.02654824574 1.00956788668
-0.333333333333 5.23598775598 0.659785514519
-0.333333333333 5.44542726622 0.685798530216
-0.333333333333 5.65486677646 0.721634993157
-0.333333333333 5.8643062867 0.473106703897
-0.333333333333 6.07374579694 1.28151247074

-0.266666666667 0 0.438056936955
-0.266666666667 0.209439510239 1.76168987865
-0.266666666667 0.418879020479 2.45453639719
-0.266666666667 0.628318530718 1.39488414243
-0.266666666667 0.837758040957 1.11484459466
-0.266666666667 1.0471975512 0.719469553767
-0.266666666667 1.25663706144 0.32297652286
-0.266666666667 1.46607657168 0.234868642014
-0.266666666667 1.67551608191 0.588550261743
-0.266666666667 1.88495559215 2.28793578758
-0.266666666667 2.09439510239 0.839807783566
-0.266666666667 2.30383461263 0.308935057065
-0.266666666667 2.51327412287 0.200168546692
-0.266666666667 2.72271363311 0.254440153282
-0.266666666667 2.93215314335 0.177763876155
-0.266666666667 3.14159265359 0.0162595321139
-0.266666666667 3.35103216383 0.0364708205497
-0.266666666667 3.56047167407 0.175957805749
-0.266666666667 3.76991118431 0.396226660289
-0.266666666667 3.97935069455 0.538515593759
-0.266666666667 4.18879020479 0.359828007982
-0.266666666667 4.39822971503 0.333820205142
-0.266666666667 4.60766922527 1.00019970601
-0.266666666667 4.8171087355 0.541557988016
-0.266666666667 5.02654824574 0.959216144365
-0.266666666667 5.23598775598 0.712657539762
-0.266666666667 5.44542726622 0.673892827324
-0.266666666667 5.65486677646 0.732917837061
-0.266666666667 5.8643062867 0.482852647776
-0.266666666667 6.07374579694 1.26030749775

-0.2 0 0.375845397422
-0.2 0.209439510239 1.88690379852
-0.2 0.418879020479 1.89258024946
-0.2 0.628318530718 1.04895478549
-0.2 0.837758040957 1.06110666206
-0.2 1.0471975512 0.722764741328
-0.2 1.25663706144 0.32717032753
-0.2 1.46607657168 0.233713634897
-0.2 1.67551608191 0.549226446821
-0.2 1.88495559215 2.21261301668
-0.2 2.09439510239 0.901153386497
-0.2 2.30383461263 0.319548082538
-0.2 2.51327412287 0.204332135139
-0.2 2.72271363311 0.258719672017
-0.2 2.93215314335 0.158790547818
-0.2 3.14159265359 0.0196620702363
-0.2 3.35103216383 0.0352980551467
-0.2 3.56047167407 0.173116993428
-0.2 3.76991118431 0.412905418101
-0.2 3.97935069455 0.553218236277
-0.2 4.18879020479 0.392482325899
-0.2 4.39822971503 0.28374501946
-0.2 4.60766922527 0.930862582734
-0.2 4.8171087355 0.55033359429
-0.2 5.02654824574 0.902142366972
-0.2 5.23598775598 0.760583006238
-0.2 5.44542726622 0.663964477568
-0.2 5.65486677646 0.750511843424
-0.2 5.8643062867 0.493016654772
-0.2 6.07374579694 1.20392092145

-0.133333333333 0 0.382716968007
-0.133333333333 0.209439510239 1.8442124768
-0.133333333333 0.418879020479 1.40001915217
-0.133333333333 0.628318530718 0.819096929125
-0.133333333333 0.837758040957 1.03639864259
-0.133333333333 1.0471975512 0.725933291634
-0.133333333333 1.25663706144 0.333915907702
-0.133333333333 1.46607657168 0.230619264378
-0.133333333333 1.67551608191 0.522740701871
-0.133333333333 1.88495559215 2.15602561651
-0.133333333333 2.09439510239 0.953435298512
-0.133333333333 2.30383461263 0.326658730535
-0.133333333333 2.51327412287 0.202991084563
-0.133333333333 2.72271363311 0.264551582677
-0.133333333333 2.93215314335 0.148931448652
-0.133333333333 3.14159265359 0.0214307780933
-0.133333333333 3.35103216383 0.0326852189054
-0.133333333333 3.56047167407 0.167300608603
-0.133333333333 3.76991118431 0.416552776461
-0.133333333333 3.97935069455 0.531842669525
-0.133333333333 4.18879020479 0.398765573117
-0.133333333333 4.39822971503 0.266636325861
-0.133333333333 4.60766922527 0.854289473513
-0.133333333333 4.8171087355 0.563707807156
-0.133333333333 5.02654824574 0.843936177568
-0.133333333333 5.23598775598 0.801165470905
-0.133333333333 5.44542726622 0.656306733284
-0.133333333333 5.65486677646 0.769742451358
-0.133333333333 5.8643062867 0.499650699693
-0.133333333333 6.07374579694 1.13803444779

-0.0666666666667 0 0.413162767401
-0.0666666666667 0.209439510239 1.70816782644
-0.0666666666667 0.418879020479 1.03418028701
-0.0666666666667 0.628318530718 0.652405551355
-0.0666666666667 0.837758040957 0.998811918422
-0.0666666666667 1.0471975512 0.722115765733
-0.0666666666667 1.25663706144 0.342030205352
-0.0666666666667 1.46607657168 0.227332940907
-0.0666666666667 1.67551608191 0.502639380263
-0.0666666666667 1.88495559215 2.12014643558
-0.0666666666667 2.09439510239 0.997040034975
-0.0666666666667 2.30383461263 0.329592232221
-0.0666666666667 2.51327412287 0.196216916073
-0.0666666666667 2.72271363311 0.273054510822
-0.0666666666667 2.93215314335 0.146276371904
-0.0666666666667 3.14159265359 0.0221948901629
-0.0666666666667 3.35103216383 0.0296617860748
-0.0666666666667 3.56047167407 0.156344935633
-0.0666666666667 3.76991118431 0.396128074642
-0.0666666666667 3.97935069455 0.474306281143
-0.0666666666667 4.18879020479 0.382041979184
-0.0666666666667 4.39822971503 0.268705977971
-0.0666666666667 4.60766922527 0.781163381204
-0.0666666666667 4.8171087355 0.577821938488
-0.0666666666667 5.02654824574 0.787849561196
-0.0666666666667 5.23598775598 0.832940839162
-0.0666666666667 5.44542726622 0.650665023274
-0.0666666666667 5.65486677646 0.787837635012
-0.0666666666667 5.8643062867 0.500696380243
-0.0666666666667 6.07374579694 1.07688406832

6.12323399574e-17 0 0.442883661482
6.12323399574e-17 0.209439510239 1.53652626563
6.12323399574e-17 0.418879020479 0.793406677125
6.12323399574e-17 0.628318530718 0.509088681533
6.12323399574e-17 0.837758040957 0.92083798141
6.12323399574e-17 1.0471975512 0.705403874642
6.12323399574e-17 1.25663706144 0.35116014525
6.12323399574e-17 1.46607657168 0.224410026699
6.12323399574e-17 1.67551608191 0.485283968128
6.12323399574e-17 1.88495559215 2.10595747748
6.12323399574e-17 2.09439510239 1.03199751682
6.12323399574e-17 2.30383461263 0.327916127534
6.12323399574e-17 2.51327412287 0.184157392973
6.12323399574e-17 2.72271363311 0.285329523716
6.12323399574e-17 2.93215314335 0.149166524291
6.12323399574e-17 3.14159265359 0.0227910369387
6.12323399574e-17 3.35103216383 0.0271281510284
6.12323399574e-17 3.56047167407 0.1366915446
6.12323399574e-17 3.76991118431 0.34279084307
6.12323399574e-17 3.97935069455 0.387023074352
6.12323399574e-17 4.18879020479 0.352001582033
6.12323399574e-17 4.39822971503 0.281302199091
6.12323399574e-17 4.60766922527 0.715124602203
6.12323399574e-17 4.8171087355 0.591958993929
6.12323399574e-17 5.02654824574 0.735535142291
6.12323399574e-17 5.23598775598 0.855158816033
6.12323399574e-17 5.44542726622 0.646564179323
6.12323399574e-17 5.65486677646 0.803393964262
6.12323399574e-17 5.8643062867 0.495124468643
6.12323399574e-17 6.07374579694 1.02646014399

0.0666666666667 0 0.463719283294
0.0666666666667 0.209439510239 1.36263887858
0.0666666666667 0.418879020479 0.656369995965
0.0666666666667 0.628318530718 0.379367111978
0.0666666666667 0.837758040957 0.798370569186
0.0666666666667 1.0471975512 0.67556919421
0.0666666666667 1.25663706144 0.361814377187
0.0666666666667 1.46607657168 0.2219151908
0.0666666666667 1.67551608191 0.468143274346
0.0666666666667 1.88495559215 2.11475226902
0.0666666666667 2.09439510239 1.05772696483
0.0666666666667 2.30383461263 0.321409757109
0.0666666666667 2.51327412287 0.167074392506
0.0666666666667 2.72271363311 0.302393516961
0.0666666666667 2.93215314335 0.156296413395
0.0666666666667 3.14159265359 0.0242229400429
0.0666666666667 3.35103216383 0.0263113449768
0.0666666666667 3.56047167407 0.107174152555
0.0666666666667 3.76991118431 0.255976866647
0.0666666666667 3.97935069455 0.283935711084
0.0666666666667 4.18879020479 0.320620703847
0.0666666666667 4.39822971503 0.300427465365
0.0666666666667 4.60766922527 0.655636304925
0.0666666666667 4.8171087355 0.607135405465
0.0666666666667 5.02654824574 0.687736267417
0.0666666666667 5.23598775598 0.867617828219
0.0666666666667 5.44542726622 0.643507704277
0.0666666666667 5.65486677646 0.815910056923
0.0666666666667 5.8643062867 0.482635141061
0.0666666666667 6.07374579694 0.987630772919

0.133333333333 0 0.477283569553
0.133333333333 0.209439510239 1.20103832299
0.133333333333 0.418879020479 0.599184044463
0.133333333333 0.628318530718 0.277365038113
0.133333333333 0.837758040957 0.650987952059
0.133333333333 1.0471975512 0.640855509885
0.133333333333 1.25663706144 0.374698852763
0.133333333333 1.46607657168 0.219865295761
0.133333333333 1.67551608191 0.449082724721
0.133333333333 1.88495559215 2.14844787552
0.133333333333 2.09439510239 1.07298019566
0.133333333333 2.30383461263 0.310061034641
0.133333333333 2.51327412287 0.145413674252
0.133333333333 2.72271363311 0.325063434228
0.133333333333 2.93215314335 0.166620164986
0.133333333333 3.14159265359 0.0279278581232
0.133333333333 3.35103216383 0.0292816389172
0.133333333333 3.56047167407 0.0731530028783
0.133333333333 3.76991118431 0.149418464281
0.133333333333 3.97935069455 0.187181540985
0.133333333333 4.18879020479 0.30054199965
0.133333333333 4.39822971503 0.324247203609
0.133333333333 4.60766922527 0.600545536289
0.133333333333 4.8171087355 0.624780560453
0.133333333333 5.02654824574 0.644871222166
0.133333333333 5.23598775598 0.870555489339
0.133333333333 5.44542726622 0.641097342083
0.133333333333 5.65486677646 0.825426921222
0.133333333333 5.8643062867 0.46369495799
0.133333333333 6.07374579694 0.958131864376

0.2 0 0.489906810263
0.2 0.209439510239 1.05618155614
0.2 0.418879020479 0.598267580605
0.2 0.628318530718 0.22767305149
0.2 0.837758040957 0.517612616393
0.2 1.0471975512 0.617634606103
0.2 1.25663706144 0.389194801582
0.2 1.46607657168 0.218421373192
0.2 1.67551608191 0.426665923573
0.2 1.88495559215 2.20885993914
0.2 2.09439510239 1.07602978974
0.2 2.30383461263 0.294092563031
0.2 2.51327412287 0.119919551363
0.2 2.72271363311 0.353722164289
0.2 2.93215314335 0.179223034525
0.2 3.14159265359 0.036185925367
0.2 3.35103216383 0.039075771152
0.2 3.56047167407 0.0500726605213
0.2 3.76991118431 0.0558298156427
0.2 3.97935069455 0.126692679375
0.2 4.18879020479 0.30406270861
0.2 4.39822971503 0.350009770341
0.2 4.60766922527 0.548443458476
0.2 4.8171087355 0.64540790064
0.2 5.02654824574 0.607517822991
0.2 5.23598775598 0.864586409255
0.2 5.44542726622 0.639102869731
0.2 5.65486677646 0.832262966583
0.2 5.8643062867 0.439793550638
0.2 6.07374579694 0.933424230413

0.266666666667 0 0.5089062231
0.266666666667 0.209439510239 0.930840573365
0.266666666667 0.418879020479 0.628420791614
0.266666666667 0.628318530718 0.249491645039
0.266666666667 0.837758040957 0.444542409709
0.266666666667 1.0471975512 0.623015183464
0.266666666667 1.25663706144 0.401420243827
0.266666666667 1.46607657168 0.217669168442
0.266666666667 1.67551608191 0.401810017363
0.266666666667 1.88495559215 2.29560104537
0.266666666667 2.09439510239 1.06522738229
0.266666666667 2.30383461263 0.274019293435
0.266666666667 2.51327412287 0.0918172186253
0.266666666667 2.72271363311 0.387874424254
0.266666666667 2.93215314335 0.193316326174
0.266666666667 3.14159265359 0.0524884150402
0.266666666667 3.35103216383 0.0588440666376
0.266666666667 3.56047167407 0.0633512685925
0.266666666667 3.76991118431 0.0250149842046
0.266666666667 3.97935069455 0.135718449616
0.266666666667 4.18879020479 0.340023085211
0.266666666667 4.39822971503 0.370986940357
0.266666666667 4.60766922527 0.501251058882
0.266666666667 4.8171087355 0.667112803055
0.266666666667 5.02654824574 0.576798177022
0.266666666667 5.23598775598 0.850671737479
0.266666666667 5.44542726622 0.63750089801
0.266666666667 5.65486677646 0.836814206337
0.266666666667 5.8643062867 0.413871072326
0.266666666667 6.07374579694 0.906784642098

0.333333333333 0 0.539288225187
0.333333333333 0.209439510239 0.832656968453
0.333333333333 0.418879020479 0.663742002234
0.333333333333 0.628318530718 0.339912556193
0.333333333333 0.837758040957 0.461009633674
0.333333333333 1.0471975512 0.658236749218
0.333333333333 1.25663706144 0.403780944149
0.333333333333 1.46607657168 0.216554736186
0.333333333333 1.67551608191 0.38126984295
0.333333333333 1.88495559215 2.40210624196
0.333333333333 2.09439510239 1.04013685061
0.333333333333 2.30383461263 0.250740919096
0.333333333333 2.51327412287 0.0630993519971
0.333333333333 2.72271363311 0.425377073626
0.333333333333 2.93215314335 0.208574820964
0.333333333333 3.14159265359 0.0814950971041
0.333333333333 3.35103216383 0.0896263628129
0.333333333333 3.56047167407 0.138578455781
0.333333333333 3.76991118431 0.106430273012
0.333333333333 3.97935069455 0.237320163637
0.333333333333 4.18879020479 0.405996294843
0.333333333333 4.39822971503 0.374983612
0.333333333333 4.60766922527 0.467080420617
0.333333333333 4.8171087355 0.683961236946
0.333333333333 5.02654824574 0.554604515776
0.333333333333 5.23598775598 0.830101929938
0.333333333333 5.44542726622 0.63649095173
0.333333333333 5.65486677646 0.839388835443
0.333333333333 5.8643062867 0.390875820155
0.333333333333 6.07374579694 0.869172575371

0.4 0 0.580043748059
0.4 0.209439510239 0.775879838251
0.4 0.418879020479 0.686975501561
0.4 0.628318530718 0.464780620294
0.4 0.837758040957 0.549319978448
0.4 1.0471975512 0.693979993716
0.4 1.25663706144 0.389185913597
0.4 1.46607657168 0.210733619017
0.4 1.67551608191 0.382564680454
0.4 1.88495559215 2.50961430251
0.4 2.09439510239 1.00347954294
0.4 2.30383461263 0.225676657954
0.4 2.51327412287 0.0369741003998
0.4 2.72271363311 0.461233778662
0.4 2.93215314335 0.226122934043
0.4 3.14159265359 0.127856115682
0.4 3.35103216383 0.127596084531
0.4 3.56047167407 0.277251430834
0.4 3.76991118431 0.310542427743
0.4 3.97935069455 0.41894526683
0.4 4.18879020479 0.476400930985
0.4 4.39822971503 0.348220547046
0.4 4.60766922527 0.461964571496
0.4 4.8171087355 0.68492626404
0.4 5.02654824574 0.543498514152
0.4 5.23598775598 0.804475297198
0.4 5.44542726622 0.63649093719
0.4 5.65486677646 0.840045444902
0.4 5.8643062867 0.37834225106
0.4 6.07374579694 0.809655730059

0.466666666667 0 0.620149707944
0.466666666667 0.209439510239 0.772601389711
0.466666666667 0.418879020479 0.706849268726
0.466666666667 0.628318530718 0.575282289399
0.466666666667 0.837758040957 0.642549549223
0.466666666667 1.0471975512 0.685356597647
0.466666666667 1.25663706144 0.360717899658
0.466666666667 1.46607657168 0.191525943305
0.466666666667 1.67551608191 0.436393135957
0.466666666667 1.88495559215 2.58051044668
0.466666666667 2.09439510239 0.963967857857
0.466666666667 2.30383461263 0.200963482333
0.466666666667 2.51327412287 0.0185543192476
0.466666666667 2.72271363311 0.485962740893
0.466666666667 2.93215314335 0.250369907174
0.466666666667 3.14159265359 0.192949387893
0.466666666667 3.35103216383 0.16442802378
0.466666666667 3.56047167407 0.427783644791
0.466666666667 3.76991118431 0.563314391014
0.466666666667 3.97935069455 0.604843288346
0.466666666667 4.18879020479 0.497317346812
0.466666666667 4.39822971503 0.289624414355
0.466666666667 4.60766922527 0.506066397208
0.466666666667 4.8171087355 0.655002867574
0.466666666667 5.02654824574 0.545973132008
0.466666666667 5.23598775598 0.775664117283
0.466666666667 5.44542726622 0.638104727279
0.466666666667 5.65486677646 0.838413076509
0.466666666667 5.8643062867 0.386693882073
0.466666666667 6.07374579694 0.717591649828

0.533333333333 0 0.636743654179
0.533333333333 0.209439510239 0.809848452745
0.533333333333 0.418879020479 0.764977128166
0.533333333333 0.628318530718 0.657204879779
0.533333333333 0.837758040957 0.684769271387
0.533333333333 1.0471975512 0.62391398015
0.533333333333 1.25663706144 0.336330715114
0.533333333333 1.46607657168 0.155372406825
0.533333333333 1.67551608191 0.574647535324
0.533333333333 1.88495559215 2.55658318803
0.533333333333 2.09439510239 0.93936425954
0.533333333333 2.30383461263 0.179781323978
0.533333333333 2.51327412287 0.0158537835663
0.533333333333 2.72271363311 0.48403911363
0.533333333333 2.93215314335 0.290862672304
0.533333333333 3.14159265359 0.269562051295
0.533333333333 3.35103216383 0.196720104443
0.533333333333 3.56047167407 0.489954258469
0.533333333333 3.76991118431 0.703589771861
0.533333333333 3.97935069455 0.662527271647
0.533333333333 4.18879020479 0.413478976963
0.533333333333 4.39822971503 0.234811020693
0.533333333333 4.60766922527 0.607084939335
0.533333333333 4.8171087355 0.581142226198
0.533333333333 5.02654824574 0.562676943262
0.533333333333 5.23598775598 0.745782842313
0.533333333333 5.44542726622 0.642046918724
0.533333333333 5.65486677646 0.833481563168
0.533333333333 5.8643062867 0.428621763098
0.533333333333 6.07374579694 0.588257257449

0.6 0 0.601350014267
0.6 0.209439510239 0.824855174792
0.6 0.418879020479 0.88703967061
0.6 0.628318530718 0.762822957995
0.6 0.837758040957 0.706221212934
0.6 1.0471975512 0.564579880843
0.6 1.25663706144 0.320701811449
0.6 1.46607657168 0.139018465237
0.6 1.67551608191 0.786080966745
0.6 1.88495559215 2.37570567406
0.6 2.09439510239 0.956885394915
0.6 2.30383461263 0.166988804903
0.6 2.51327412287 0.040943341178
0.6 2.72271363311 0.434458747074
0.6 2.93215314335 0.359863514622
0.6 3.14159265359 0.338613151646
0.6 3.35103216383 0.242203676444
0.6 3.56047167407 0.401152781071
0.6 3.76991118431 0.589661749134
0.6 3.97935069455 0.497745896053
0.6 4.18879020479 0.246951988988
0.6 4.39822971503 0.267177479396
0.6 4.60766922527 0.729210827346
0.6 4.8171087355 0.465366024575
0.6 5.02654824574 0.58940992213
0.6 5.23598775598 0.71721633961
0.6 5.44542726622 0.648997598086
0.6 5.65486677646 0.823384473156
0.6 5.8643062867 0.516328915867
0.6 6.07374579694 0.433615258234

0.666666666667 0 0.499609537153
0.666666666667 0.209439510239 0.723527500116
0.666666666667 0.418879020479 0.962844646775
0.666666666667 0.628318530718 0.9066086297
0.666666666667 0.837758040957 0.761866180951
0.666666666667 1.0471975512 0.534248435004
0.666666666667 1.25663706144 0.273188776538
0.666666666667 1.46607657168 0.259502673491
0.666666666667 1.67551608191 0.948869474551
0.666666666667 1.88495559215 2.02704675226
0.666666666667 2.09439510239 1.04270521625
0.666666666667 2.30383461263 0.170515999466
0.666666666667 2.51327412287 0.110134411808
0.666666666667 2.72271363311 0.319459169022
0.666666666667 2.93215314335 0.456065077255
0.666666666667 3.14159265359 0.379574590749
0.666666666667 3.35103216383 0.329612119531
0.666666666667 3.56047167407 0.268733472809
0.666666666667 3.76991118431 0.309118737851
0.666666666667 3.97935069455 0.232069347858
0.666666666667 4.18879020479 0.170940472767
0.666666666667 4.39822971503 0.456756112137
0.666666666667 4.60766922527 0.773952707656
0.666666666667 4.8171087355 0.342140864663
0.666666666667 5.02654824574 0.613684855665
0.666666666667 5.23598775598 0.692805367377
0.666666666667 5.44542726622 0.659346759052
0.666666666667 5.65486677646 0.805273350582
0.666666666667 5.8643062867 0.654769747557
0.666666666667 6.07374579694 0.297562272545

0.733333333333 0 0.360295743464
0.733333333333 0.209439510239 0.499703612887
0.733333333333 0.418879020479 0.760209231836
0.733333333333 0.628318530718 0.844215894795
0.733333333333 0.837758040957 0.689815294039
0.733333333333 1.0471975512 0.41320494226
0.733333333333 1.25663706144 0.300644593888
0.733333333333 1.46607657168 0.623513510733
0.733333333333 1.67551608191 0.84651217561
0.733333333333 1.88495559215 1.63451516102
0.733333333333 2.09439510239 1.18400540315
0.733333333333 2.30383461263 0.204055893118
0.733333333333 2.51327412287 0.238799040731
0.733333333333 2.72271363311 0.153446794301
0.733333333333 2.93215314335 0.532700349109
0.733333333333 3.14159265359 0.404579959613
0.733333333333 3.35103216383 0.4278169728
0.733333333333 3.56047167407 0.307820525285
0.733333333333 3.76991118431 0.225041610512
0.733333333333 3.97935069455 0.218082680035
0.733333333333 4.18879020479 0.376103972195
0.733333333333 4.39822971503 0.695650333605
0.733333333333 4.60766922527 0.639694610949
0.733333333333 4.8171087355 0.280350831266
0.733333333333 5.02654824574 0.614123270094
0.733333333333 5.23598775598 0.676239764156
0.733333333333 5.44542726622 0.672771570483
0.733333333333 5.65486677646 0.775563982036
0.733333333333 5.8643062867 0.828808901683
0.733333333333 6.07374579694 0.265871061086

0.8 0 0.284039687383
0.8 0.209439510239 0.35617085402
0.8 0.418879020479 0.428630815799
0.8 0.628318530718 0.484192300484
0.8 0.837758040957 0.440971460533
0.8 1.0471975512 0.458130553708
0.8 1.25663706144 0.80099342046
0.8 1.46607657168 0.979578845007
0.8 1.67551608191 0.448045419542
0.8 1.88495559215 1.41816528345
0.8 2.09439510239 1.25924886431
0.8 2.30383461263 0.28850192516
0.8 2.51327412287 0.420564167964
0.8 2.72271363311 0.0307280985771
0.8 2.93215314335 0.493930990576
0.8 3.14159265359 0.470071816557
0.8 3.35103216383 0.448634259574
0.8 3.56047167407 0.461006860133
0.8 3.76991118431 0.450339211882
0.8 3.97935069455 0.511150536307
0.8 4.18879020479 0.648699149842
0.8 4.39822971503 0.668781764322
0.8 4.60766922527 0.395180581624
0.8 4.8171087355 0.328647514737
0.8 5.02654824574 0.570541627291
0.8 5.23598775598 0.672311345148
0.8 5.44542726622 0.687588597451
0.8 5.65486677646 0.731269311866
0.8 5.8643062867 0.984453589838
0.8 6.07374579694 0.439109996831

0.866666666667 0 0.446631082066
0.866666666667 0.209439510239 0.455668183526
0.866666666667 0.418879020479 0.578039087058
0.866666666667 0.628318530718 0.703962308491
0.866666666667 0.837758040957 0.897320606089
0.866666666667 1.0471975512 1.18695782583
0.866666666667 1.25663706144 1.27436764426
0.866666666667 1.46607657168 0.612020942644
0.866666666667 1.67551608191 0.251071486479
0.866666666667 1.88495559215 1.33152305068
0.866666666667 2.09439510239 1.06463052289
0.866666666667 2.30383461263 0.435201833807
0.866666666667 2.51327412287 0.593477640043
0.866666666667 2.72271363311 0.0963122562089
0.866666666667 2.93215314335 0.289707786969
0.866666666667 3.14159265359 0.545355349498
0.866666666667 3.35103216383 0.489897632733
0.866666666667 3.56047167407 0.468591015691
0.866666666667 3.76991118431 0.501709197805
0.866666666667 3.97935069455 0.534682326625
0.866666666667 4.18879020479 0.512318898514
0.866666666667 4.39822971503 0.402409067675
0.866666666667 4.60766922527 0.32318237974
0.866666666667 4.8171087355 0.402313664572
0.866666666667 5.02654824574 0.497244813778
0.866666666667 5.23598775598 0.685370410903
0.866666666667 5.44542726622 0.699873192977
0.866666666667 5.65486677646 0.67421954488
0.866666666667 5.8643062867 1.01551501436
0.866666666667 6.07374579694 0.807106995071

0.933333333333 0 0.864229407054
0.933333333333 0.209439510239 0.67735258117
0.933333333333 0.418879020479 0.636288906263
0.933333333333 0.628318530718 0.701641278018
0.933333333333 0.837758040957 0.736581979503
0.933333333333 1.0471975512 0.613912337768
0.933333333333 1.25663706144 0.340666554169
0.933333333333 1.46607657168 0.23452507155
0.933333333333 1.67551608191 0.60591453054
0.933333333333 1.88495559215 0.938536647758
0.933333333333 2.09439510239 0.697033867649
0.933333333333 2.30383461263 0.597674586461
0.933333333333 2.51327412287 0.678529212186
0.933333333333 2.72271363311 0.358483142392
0.933333333333 2.93215314335 0.131398535373
0.933333333333 3.14159265359 0.27628694523
0.933333333333 3.35103216383 0.458713666173
0.933333333333 3.56047167407 0.512144704167
0.933333333333 3.76991118431 0.495131226506
0.933333333333 3.97935069455 0.459327767032
0.933333333333 4.18879020479 0.41664908487
0.933333333333 4.39822971503 0.371954559851
0.933333333333 4.60766922527 0.33574336782
0.933333333333 4.8171087355 0.349456606593
0.933333333333 5.02654824574 0.499813727532
0.933333333333 5.23598775598 0.711261549557
0.933333333333 5.44542726622 0.702651580427
0.933333333333 5.65486677646 0.623414459825
0.933333333333 5.8643062867 0.81117970316
0.933333333333 6.07374579694 0.986221314102

